3.750000000000000000e+02 1.413849999999999909e+03 1.416599999999999909e+03 1.417849999999999909e+03 1.418349999999999909e+03 1.415400000000000091e+03 1.420049999999999955e+03 1.417599999999999909e+03 1.425250000000000000e+03 1.423099999999999909e+03 1.422950000000000045e+03 1.424250000000000000e+03 1.200000000000000000e+01
3.860000000000000000e+02 1.426349999999999909e+03 1.429150000000000091e+03 1.437700000000000045e+03 1.437150000000000091e+03 1.431650000000000091e+03 1.430750000000000000e+03 1.433599999999999909e+03 1.433400000000000091e+03 1.414799999999999955e+03 1.428200000000000045e+03 1.428200000000000045e+03 1.200000000000000000e+01
3.870000000000000000e+02 1.429150000000000091e+03 1.437700000000000045e+03 1.437150000000000091e+03 1.431650000000000091e+03 1.430750000000000000e+03 1.433599999999999909e+03 1.433400000000000091e+03 1.414799999999999955e+03 1.428200000000000045e+03 1.428200000000000045e+03 1.430049999999999955e+03 1.200000000000000000e+01
3.880000000000000000e+02 1.437700000000000045e+03 1.437150000000000091e+03 1.431650000000000091e+03 1.430750000000000000e+03 1.433599999999999909e+03 1.433400000000000091e+03 1.414799999999999955e+03 1.428200000000000045e+03 1.428200000000000045e+03 1.430049999999999955e+03 1.430400000000000091e+03 1.200000000000000000e+01
3.890000000000000000e+02 1.437150000000000091e+03 1.431650000000000091e+03 1.430750000000000000e+03 1.433599999999999909e+03 1.433400000000000091e+03 1.414799999999999955e+03 1.428200000000000045e+03 1.428200000000000045e+03 1.430049999999999955e+03 1.430400000000000091e+03 1.432450000000000045e+03 1.200000000000000000e+01
3.900000000000000000e+02 1.431650000000000091e+03 1.430750000000000000e+03 1.433599999999999909e+03 1.433400000000000091e+03 1.414799999999999955e+03 1.428200000000000045e+03 1.428200000000000045e+03 1.430049999999999955e+03 1.430400000000000091e+03 1.432450000000000045e+03 1.434400000000000091e+03 1.200000000000000000e+01
3.910000000000000000e+02 1.430750000000000000e+03 1.433599999999999909e+03 1.433400000000000091e+03 1.414799999999999955e+03 1.428200000000000045e+03 1.428200000000000045e+03 1.430049999999999955e+03 1.430400000000000091e+03 1.432450000000000045e+03 1.434400000000000091e+03 1.432500000000000000e+03 1.200000000000000000e+01
5.360000000000000000e+02 1.485750000000000000e+03 1.485000000000000000e+03 1.488200000000000045e+03 1.494250000000000000e+03 1.495299999999999955e+03 1.495400000000000091e+03 1.501700000000000045e+03 1.506950000000000045e+03 1.502099999999999909e+03 1.507950000000000045e+03 1.512849999999999909e+03 1.200000000000000000e+01
5.400000000000000000e+02 1.495299999999999955e+03 1.495400000000000091e+03 1.501700000000000045e+03 1.506950000000000045e+03 1.502099999999999909e+03 1.507950000000000045e+03 1.512849999999999909e+03 1.509950000000000045e+03 1.508200000000000045e+03 1.516400000000000091e+03 1.509500000000000000e+03 1.200000000000000000e+01
5.410000000000000000e+02 1.495400000000000091e+03 1.501700000000000045e+03 1.506950000000000045e+03 1.502099999999999909e+03 1.507950000000000045e+03 1.512849999999999909e+03 1.509950000000000045e+03 1.508200000000000045e+03 1.516400000000000091e+03 1.509500000000000000e+03 1.518700000000000045e+03 1.200000000000000000e+01
5.430000000000000000e+02 1.506950000000000045e+03 1.502099999999999909e+03 1.507950000000000045e+03 1.512849999999999909e+03 1.509950000000000045e+03 1.508200000000000045e+03 1.516400000000000091e+03 1.509500000000000000e+03 1.518700000000000045e+03 1.515700000000000045e+03 1.522450000000000045e+03 1.200000000000000000e+01
5.440000000000000000e+02 1.502099999999999909e+03 1.507950000000000045e+03 1.512849999999999909e+03 1.509950000000000045e+03 1.508200000000000045e+03 1.516400000000000091e+03 1.509500000000000000e+03 1.518700000000000045e+03 1.515700000000000045e+03 1.522450000000000045e+03 1.523150000000000091e+03 1.200000000000000000e+01
5.450000000000000000e+02 1.507950000000000045e+03 1.512849999999999909e+03 1.509950000000000045e+03 1.508200000000000045e+03 1.516400000000000091e+03 1.509500000000000000e+03 1.518700000000000045e+03 1.515700000000000045e+03 1.522450000000000045e+03 1.523150000000000091e+03 1.523250000000000000e+03 1.200000000000000000e+01
5.460000000000000000e+02 1.512849999999999909e+03 1.509950000000000045e+03 1.508200000000000045e+03 1.516400000000000091e+03 1.509500000000000000e+03 1.518700000000000045e+03 1.515700000000000045e+03 1.522450000000000045e+03 1.523150000000000091e+03 1.523250000000000000e+03 1.508000000000000000e+03 1.200000000000000000e+01
9.720000000000000000e+02 1.817599999999999909e+03 1.788750000000000000e+03 1.787599999999999909e+03 1.788099999999999909e+03 1.798799999999999955e+03 1.794799999999999955e+03 1.790000000000000000e+03 1.818400000000000091e+03 1.826049999999999955e+03 1.835150000000000091e+03 1.833250000000000000e+03 1.200000000000000000e+01
9.730000000000000000e+02 1.788750000000000000e+03 1.787599999999999909e+03 1.788099999999999909e+03 1.798799999999999955e+03 1.794799999999999955e+03 1.790000000000000000e+03 1.818400000000000091e+03 1.826049999999999955e+03 1.835150000000000091e+03 1.833250000000000000e+03 1.833200000000000045e+03 1.200000000000000000e+01
9.740000000000000000e+02 1.787599999999999909e+03 1.788099999999999909e+03 1.798799999999999955e+03 1.794799999999999955e+03 1.790000000000000000e+03 1.818400000000000091e+03 1.826049999999999955e+03 1.835150000000000091e+03 1.833250000000000000e+03 1.833200000000000045e+03 1.824799999999999955e+03 1.200000000000000000e+01
9.750000000000000000e+02 1.788099999999999909e+03 1.798799999999999955e+03 1.794799999999999955e+03 1.790000000000000000e+03 1.818400000000000091e+03 1.826049999999999955e+03 1.835150000000000091e+03 1.833250000000000000e+03 1.833200000000000045e+03 1.824799999999999955e+03 1.818000000000000000e+03 1.200000000000000000e+01
9.760000000000000000e+02 1.798799999999999955e+03 1.794799999999999955e+03 1.790000000000000000e+03 1.818400000000000091e+03 1.826049999999999955e+03 1.835150000000000091e+03 1.833250000000000000e+03 1.833200000000000045e+03 1.824799999999999955e+03 1.818000000000000000e+03 1.828450000000000045e+03 1.200000000000000000e+01
9.770000000000000000e+02 1.794799999999999955e+03 1.790000000000000000e+03 1.818400000000000091e+03 1.826049999999999955e+03 1.835150000000000091e+03 1.833250000000000000e+03 1.833200000000000045e+03 1.824799999999999955e+03 1.818000000000000000e+03 1.828450000000000045e+03 1.825049999999999955e+03 1.200000000000000000e+01
9.780000000000000000e+02 1.790000000000000000e+03 1.818400000000000091e+03 1.826049999999999955e+03 1.835150000000000091e+03 1.833250000000000000e+03 1.833200000000000045e+03 1.824799999999999955e+03 1.818000000000000000e+03 1.828450000000000045e+03 1.825049999999999955e+03 1.822799999999999955e+03 1.200000000000000000e+01
9.790000000000000000e+02 1.818400000000000091e+03 1.826049999999999955e+03 1.835150000000000091e+03 1.833250000000000000e+03 1.833200000000000045e+03 1.824799999999999955e+03 1.818000000000000000e+03 1.828450000000000045e+03 1.825049999999999955e+03 1.822799999999999955e+03 1.821549999999999955e+03 1.200000000000000000e+01
9.800000000000000000e+02 1.826049999999999955e+03 1.835150000000000091e+03 1.833250000000000000e+03 1.833200000000000045e+03 1.824799999999999955e+03 1.818000000000000000e+03 1.828450000000000045e+03 1.825049999999999955e+03 1.822799999999999955e+03 1.821549999999999955e+03 1.819000000000000000e+03 1.200000000000000000e+01
9.810000000000000000e+02 1.835150000000000091e+03 1.833250000000000000e+03 1.833200000000000045e+03 1.824799999999999955e+03 1.818000000000000000e+03 1.828450000000000045e+03 1.825049999999999955e+03 1.822799999999999955e+03 1.821549999999999955e+03 1.819000000000000000e+03 1.826950000000000045e+03 1.200000000000000000e+01
1.028000000000000000e+03 1.855349999999999909e+03 1.850099999999999909e+03 1.848250000000000000e+03 1.843950000000000045e+03 1.834599999999999909e+03 1.804750000000000000e+03 1.814450000000000045e+03 1.826750000000000000e+03 1.824000000000000000e+03 1.810500000000000000e+03 1.823599999999999909e+03 1.200000000000000000e+01
1.029000000000000000e+03 1.850099999999999909e+03 1.848250000000000000e+03 1.843950000000000045e+03 1.834599999999999909e+03 1.804750000000000000e+03 1.814450000000000045e+03 1.826750000000000000e+03 1.824000000000000000e+03 1.810500000000000000e+03 1.823599999999999909e+03 1.839200000000000045e+03 1.200000000000000000e+01
1.030000000000000000e+03 1.848250000000000000e+03 1.843950000000000045e+03 1.834599999999999909e+03 1.804750000000000000e+03 1.814450000000000045e+03 1.826750000000000000e+03 1.824000000000000000e+03 1.810500000000000000e+03 1.823599999999999909e+03 1.839200000000000045e+03 1.834200000000000045e+03 1.200000000000000000e+01
1.031000000000000000e+03 1.843950000000000045e+03 1.834599999999999909e+03 1.804750000000000000e+03 1.814450000000000045e+03 1.826750000000000000e+03 1.824000000000000000e+03 1.810500000000000000e+03 1.823599999999999909e+03 1.839200000000000045e+03 1.834200000000000045e+03 1.843500000000000000e+03 1.200000000000000000e+01
1.032000000000000000e+03 1.834599999999999909e+03 1.804750000000000000e+03 1.814450000000000045e+03 1.826750000000000000e+03 1.824000000000000000e+03 1.810500000000000000e+03 1.823599999999999909e+03 1.839200000000000045e+03 1.834200000000000045e+03 1.843500000000000000e+03 1.830950000000000045e+03 1.200000000000000000e+01
1.033000000000000000e+03 1.804750000000000000e+03 1.814450000000000045e+03 1.826750000000000000e+03 1.824000000000000000e+03 1.810500000000000000e+03 1.823599999999999909e+03 1.839200000000000045e+03 1.834200000000000045e+03 1.843500000000000000e+03 1.830950000000000045e+03 1.833099999999999909e+03 1.200000000000000000e+01
1.034000000000000000e+03 1.814450000000000045e+03 1.826750000000000000e+03 1.824000000000000000e+03 1.810500000000000000e+03 1.823599999999999909e+03 1.839200000000000045e+03 1.834200000000000045e+03 1.843500000000000000e+03 1.830950000000000045e+03 1.833099999999999909e+03 1.820500000000000000e+03 1.200000000000000000e+01
1.035000000000000000e+03 1.826750000000000000e+03 1.824000000000000000e+03 1.810500000000000000e+03 1.823599999999999909e+03 1.839200000000000045e+03 1.834200000000000045e+03 1.843500000000000000e+03 1.830950000000000045e+03 1.833099999999999909e+03 1.820500000000000000e+03 1.821750000000000000e+03 1.200000000000000000e+01
1.036000000000000000e+03 1.824000000000000000e+03 1.810500000000000000e+03 1.823599999999999909e+03 1.839200000000000045e+03 1.834200000000000045e+03 1.843500000000000000e+03 1.830950000000000045e+03 1.833099999999999909e+03 1.820500000000000000e+03 1.821750000000000000e+03 1.820150000000000091e+03 1.200000000000000000e+01
1.319000000000000000e+03 1.757000000000000000e+03 1.738049999999999955e+03 1.717349999999999909e+03 1.719950000000000045e+03 1.725400000000000091e+03 1.721200000000000045e+03 1.730400000000000091e+03 1.717349999999999909e+03 1.721849999999999909e+03 1.721099999999999909e+03 1.720150000000000091e+03 1.200000000000000000e+01
1.405000000000000000e+03 1.736799999999999955e+03 1.738750000000000000e+03 1.736000000000000000e+03 1.716750000000000000e+03 1.708349999999999909e+03 1.706500000000000000e+03 1.714000000000000000e+03 1.706900000000000091e+03 1.715150000000000091e+03 1.711450000000000045e+03 1.712200000000000045e+03 1.200000000000000000e+01
1.406000000000000000e+03 1.738750000000000000e+03 1.736000000000000000e+03 1.716750000000000000e+03 1.708349999999999909e+03 1.706500000000000000e+03 1.714000000000000000e+03 1.706900000000000091e+03 1.715150000000000091e+03 1.711450000000000045e+03 1.712200000000000045e+03 1.708250000000000000e+03 1.200000000000000000e+01
1.407000000000000000e+03 1.736000000000000000e+03 1.716750000000000000e+03 1.708349999999999909e+03 1.706500000000000000e+03 1.714000000000000000e+03 1.706900000000000091e+03 1.715150000000000091e+03 1.711450000000000045e+03 1.712200000000000045e+03 1.708250000000000000e+03 1.709500000000000000e+03 1.200000000000000000e+01
1.408000000000000000e+03 1.716750000000000000e+03 1.708349999999999909e+03 1.706500000000000000e+03 1.714000000000000000e+03 1.706900000000000091e+03 1.715150000000000091e+03 1.711450000000000045e+03 1.712200000000000045e+03 1.708250000000000000e+03 1.709500000000000000e+03 1.689650000000000091e+03 1.200000000000000000e+01
1.646000000000000000e+03 1.732009999999999991e+03 1.715509999999999991e+03 1.719349999999999909e+03 1.720569999999999936e+03 1.719940000000000055e+03 1.721160000000000082e+03 1.726450000000000045e+03 1.716200000000000045e+03 1.722599999999999909e+03 1.748160000000000082e+03 1.745029999999999973e+03 1.200000000000000000e+01
1.668000000000000000e+03 1.728710000000000036e+03 1.733190000000000055e+03 1.730650000000000091e+03 1.719900000000000091e+03 1.713099999999999909e+03 1.717099999999999909e+03 1.721410000000000082e+03 1.725390000000000100e+03 1.727039999999999964e+03 1.728789999999999964e+03 1.719299999999999955e+03 1.200000000000000000e+01
1.670000000000000000e+03 1.730650000000000091e+03 1.719900000000000091e+03 1.713099999999999909e+03 1.717099999999999909e+03 1.721410000000000082e+03 1.725390000000000100e+03 1.727039999999999964e+03 1.728789999999999964e+03 1.719299999999999955e+03 1.723769999999999982e+03 1.721750000000000000e+03 1.200000000000000000e+01
1.671000000000000000e+03 1.719900000000000091e+03 1.713099999999999909e+03 1.717099999999999909e+03 1.721410000000000082e+03 1.725390000000000100e+03 1.727039999999999964e+03 1.728789999999999964e+03 1.719299999999999955e+03 1.723769999999999982e+03 1.721750000000000000e+03 1.717420000000000073e+03 1.200000000000000000e+01
1.916000000000000000e+03 1.653009999999999991e+03 1.643880000000000109e+03 1.643400000000000091e+03 1.659430000000000064e+03 1.659700000000000045e+03 1.654519999999999982e+03 1.658309999999999945e+03 1.657049999999999955e+03 1.656369999999999891e+03 1.658160000000000082e+03 1.659099999999999909e+03 1.200000000000000000e+01
1.917000000000000000e+03 1.643880000000000109e+03 1.643400000000000091e+03 1.659430000000000064e+03 1.659700000000000045e+03 1.654519999999999982e+03 1.658309999999999945e+03 1.657049999999999955e+03 1.656369999999999891e+03 1.658160000000000082e+03 1.659099999999999909e+03 1.657630000000000109e+03 1.200000000000000000e+01
1.920000000000000000e+03 1.659700000000000045e+03 1.654519999999999982e+03 1.658309999999999945e+03 1.657049999999999955e+03 1.656369999999999891e+03 1.658160000000000082e+03 1.659099999999999909e+03 1.657630000000000109e+03 1.658960000000000036e+03 1.655829999999999927e+03 1.669630000000000109e+03 1.200000000000000000e+01
1.921000000000000000e+03 1.654519999999999982e+03 1.658309999999999945e+03 1.657049999999999955e+03 1.656369999999999891e+03 1.658160000000000082e+03 1.659099999999999909e+03 1.657630000000000109e+03 1.658960000000000036e+03 1.655829999999999927e+03 1.669630000000000109e+03 1.676450000000000045e+03 1.200000000000000000e+01
1.923000000000000000e+03 1.657049999999999955e+03 1.656369999999999891e+03 1.658160000000000082e+03 1.659099999999999909e+03 1.657630000000000109e+03 1.658960000000000036e+03 1.655829999999999927e+03 1.669630000000000109e+03 1.676450000000000045e+03 1.674700000000000045e+03 1.675450000000000045e+03 1.200000000000000000e+01
2.184000000000000000e+03 1.594650000000000091e+03 1.594420000000000073e+03 1.590829999999999927e+03 1.589269999999999982e+03 1.602670000000000073e+03 1.610880000000000109e+03 1.609599999999999909e+03 1.609420000000000073e+03 1.609029999999999973e+03 1.613220000000000027e+03 1.619630000000000109e+03 1.200000000000000000e+01
2.185000000000000000e+03 1.594420000000000073e+03 1.590829999999999927e+03 1.589269999999999982e+03 1.602670000000000073e+03 1.610880000000000109e+03 1.609599999999999909e+03 1.609420000000000073e+03 1.609029999999999973e+03 1.613220000000000027e+03 1.619630000000000109e+03 1.618829999999999927e+03 1.200000000000000000e+01
2.186000000000000000e+03 1.590829999999999927e+03 1.589269999999999982e+03 1.602670000000000073e+03 1.610880000000000109e+03 1.609599999999999909e+03 1.609420000000000073e+03 1.609029999999999973e+03 1.613220000000000027e+03 1.619630000000000109e+03 1.618829999999999927e+03 1.617349999999999909e+03 1.200000000000000000e+01
2.309000000000000000e+03 1.566299999999999955e+03 1.574200000000000045e+03 1.577029999999999973e+03 1.576500000000000000e+03 1.577039999999999964e+03 1.576150000000000091e+03 1.576299999999999955e+03 1.570690000000000055e+03 1.569319999999999936e+03 1.566680000000000064e+03 1.557299999999999955e+03 1.200000000000000000e+01
2.310000000000000000e+03 1.574200000000000045e+03 1.577029999999999973e+03 1.576500000000000000e+03 1.577039999999999964e+03 1.576150000000000091e+03 1.576299999999999955e+03 1.570690000000000055e+03 1.569319999999999936e+03 1.566680000000000064e+03 1.557299999999999955e+03 1.567869999999999891e+03 1.200000000000000000e+01
2.333000000000000000e+03 1.587950000000000045e+03 1.594549999999999955e+03 1.593140000000000100e+03 1.595490000000000009e+03 1.585130000000000109e+03 1.588420000000000073e+03 1.582099999999999909e+03 1.582059999999999945e+03 1.578569999999999936e+03 1.577660000000000082e+03 1.575119999999999891e+03 1.200000000000000000e+01
2.410000000000000000e+03 1.586079999999999927e+03 1.588000000000000000e+03 1.590759999999999991e+03 1.589880000000000109e+03 1.593759999999999991e+03 1.598779999999999973e+03 1.604549999999999955e+03 1.602660000000000082e+03 1.605880000000000109e+03 1.606700000000000045e+03 1.608710000000000036e+03 1.200000000000000000e+01
2.411000000000000000e+03 1.588000000000000000e+03 1.590759999999999991e+03 1.589880000000000109e+03 1.593759999999999991e+03 1.598779999999999973e+03 1.604549999999999955e+03 1.602660000000000082e+03 1.605880000000000109e+03 1.606700000000000045e+03 1.608710000000000036e+03 1.607339999999999918e+03 1.200000000000000000e+01
2.412000000000000000e+03 1.590759999999999991e+03 1.589880000000000109e+03 1.593759999999999991e+03 1.598779999999999973e+03 1.604549999999999955e+03 1.602660000000000082e+03 1.605880000000000109e+03 1.606700000000000045e+03 1.608710000000000036e+03 1.607339999999999918e+03 1.611809999999999945e+03 1.200000000000000000e+01
2.413000000000000000e+03 1.589880000000000109e+03 1.593759999999999991e+03 1.598779999999999973e+03 1.604549999999999955e+03 1.602660000000000082e+03 1.605880000000000109e+03 1.606700000000000045e+03 1.608710000000000036e+03 1.607339999999999918e+03 1.611809999999999945e+03 1.611130000000000109e+03 1.200000000000000000e+01
2.416000000000000000e+03 1.604549999999999955e+03 1.602660000000000082e+03 1.605880000000000109e+03 1.606700000000000045e+03 1.608710000000000036e+03 1.607339999999999918e+03 1.611809999999999945e+03 1.611130000000000109e+03 1.610509999999999991e+03 1.610700000000000045e+03 1.613430000000000064e+03 1.200000000000000000e+01
2.417000000000000000e+03 1.602660000000000082e+03 1.605880000000000109e+03 1.606700000000000045e+03 1.608710000000000036e+03 1.607339999999999918e+03 1.611809999999999945e+03 1.611130000000000109e+03 1.610509999999999991e+03 1.610700000000000045e+03 1.613430000000000064e+03 1.611119999999999891e+03 1.200000000000000000e+01
2.418000000000000000e+03 1.605880000000000109e+03 1.606700000000000045e+03 1.608710000000000036e+03 1.607339999999999918e+03 1.611809999999999945e+03 1.611130000000000109e+03 1.610509999999999991e+03 1.610700000000000045e+03 1.613430000000000064e+03 1.611119999999999891e+03 1.610089999999999918e+03 1.200000000000000000e+01
2.419000000000000000e+03 1.606700000000000045e+03 1.608710000000000036e+03 1.607339999999999918e+03 1.611809999999999945e+03 1.611130000000000109e+03 1.610509999999999991e+03 1.610700000000000045e+03 1.613430000000000064e+03 1.611119999999999891e+03 1.610089999999999918e+03 1.611559999999999945e+03 1.200000000000000000e+01
2.420000000000000000e+03 1.608710000000000036e+03 1.607339999999999918e+03 1.611809999999999945e+03 1.611130000000000109e+03 1.610509999999999991e+03 1.610700000000000045e+03 1.613430000000000064e+03 1.611119999999999891e+03 1.610089999999999918e+03 1.611559999999999945e+03 1.611180000000000064e+03 1.200000000000000000e+01
2.421000000000000000e+03 1.607339999999999918e+03 1.611809999999999945e+03 1.611130000000000109e+03 1.610509999999999991e+03 1.610700000000000045e+03 1.613430000000000064e+03 1.611119999999999891e+03 1.610089999999999918e+03 1.611559999999999945e+03 1.611180000000000064e+03 1.610089999999999918e+03 1.200000000000000000e+01
2.688000000000000000e+03 1.768900000000000091e+03 1.771059999999999945e+03 1.773619999999999891e+03 1.774710000000000036e+03 1.774670000000000073e+03 1.778460000000000036e+03 1.778190000000000055e+03 1.773650000000000091e+03 1.774069999999999936e+03 1.765200000000000045e+03 1.764039999999999964e+03 1.200000000000000000e+01
2.689000000000000000e+03 1.771059999999999945e+03 1.773619999999999891e+03 1.774710000000000036e+03 1.774670000000000073e+03 1.778460000000000036e+03 1.778190000000000055e+03 1.773650000000000091e+03 1.774069999999999936e+03 1.765200000000000045e+03 1.764039999999999964e+03 1.764630000000000109e+03 1.200000000000000000e+01
2.706000000000000000e+03 1.763920000000000073e+03 1.769150000000000091e+03 1.769200000000000045e+03 1.767650000000000091e+03 1.766880000000000109e+03 1.770049999999999955e+03 1.769650000000000091e+03 1.767349999999999909e+03 1.765990000000000009e+03 1.753849999999999909e+03 1.752950000000000045e+03 1.200000000000000000e+01
2.858000000000000000e+03 1.711549999999999955e+03 1.714000000000000000e+03 1.715599999999999909e+03 1.712480000000000018e+03 1.713029999999999973e+03 1.709630000000000109e+03 1.713690000000000055e+03 1.714950000000000045e+03 1.713599999999999909e+03 1.721920000000000073e+03 1.722329999999999927e+03 1.200000000000000000e+01
2.860000000000000000e+03 1.715599999999999909e+03 1.712480000000000018e+03 1.713029999999999973e+03 1.709630000000000109e+03 1.713690000000000055e+03 1.714950000000000045e+03 1.713599999999999909e+03 1.721920000000000073e+03 1.722329999999999927e+03 1.723460000000000036e+03 1.731059999999999945e+03 1.200000000000000000e+01
2.863000000000000000e+03 1.709630000000000109e+03 1.713690000000000055e+03 1.714950000000000045e+03 1.713599999999999909e+03 1.721920000000000073e+03 1.722329999999999927e+03 1.723460000000000036e+03 1.731059999999999945e+03 1.734220000000000027e+03 1.731500000000000000e+03 1.733640000000000100e+03 1.200000000000000000e+01
2.872000000000000000e+03 1.731500000000000000e+03 1.733640000000000100e+03 1.732839999999999918e+03 1.733680000000000064e+03 1.732210000000000036e+03 1.725390000000000100e+03 1.726700000000000045e+03 1.727200000000000045e+03 1.723680000000000064e+03 1.726359999999999900e+03 1.722890000000000100e+03 1.200000000000000000e+01
2.873000000000000000e+03 1.733640000000000100e+03 1.732839999999999918e+03 1.733680000000000064e+03 1.732210000000000036e+03 1.725390000000000100e+03 1.726700000000000045e+03 1.727200000000000045e+03 1.723680000000000064e+03 1.726359999999999900e+03 1.722890000000000100e+03 1.729000000000000000e+03 1.200000000000000000e+01
3.078000000000000000e+03 1.659450000000000045e+03 1.661589999999999918e+03 1.674960000000000036e+03 1.678049999999999955e+03 1.675000000000000000e+03 1.673049999999999955e+03 1.672559999999999945e+03 1.669190000000000055e+03 1.657920000000000073e+03 1.659910000000000082e+03 1.662589999999999918e+03 1.200000000000000000e+01
3.079000000000000000e+03 1.661589999999999918e+03 1.674960000000000036e+03 1.678049999999999955e+03 1.675000000000000000e+03 1.673049999999999955e+03 1.672559999999999945e+03 1.669190000000000055e+03 1.657920000000000073e+03 1.659910000000000082e+03 1.662589999999999918e+03 1.665509999999999991e+03 1.200000000000000000e+01
3.080000000000000000e+03 1.674960000000000036e+03 1.678049999999999955e+03 1.675000000000000000e+03 1.673049999999999955e+03 1.672559999999999945e+03 1.669190000000000055e+03 1.657920000000000073e+03 1.659910000000000082e+03 1.662589999999999918e+03 1.665509999999999991e+03 1.667680000000000064e+03 1.200000000000000000e+01
3.081000000000000000e+03 1.678049999999999955e+03 1.675000000000000000e+03 1.673049999999999955e+03 1.672559999999999945e+03 1.669190000000000055e+03 1.657920000000000073e+03 1.659910000000000082e+03 1.662589999999999918e+03 1.665509999999999991e+03 1.667680000000000064e+03 1.668059999999999945e+03 1.200000000000000000e+01
3.082000000000000000e+03 1.675000000000000000e+03 1.673049999999999955e+03 1.672559999999999945e+03 1.669190000000000055e+03 1.657920000000000073e+03 1.659910000000000082e+03 1.662589999999999918e+03 1.665509999999999991e+03 1.667680000000000064e+03 1.668059999999999945e+03 1.666500000000000000e+03 1.200000000000000000e+01
3.150000000000000000e+03 1.653630000000000109e+03 1.654710000000000036e+03 1.655099999999999909e+03 1.655339999999999918e+03 1.659549999999999955e+03 1.662500000000000000e+03 1.660599999999999909e+03 1.663200000000000045e+03 1.662700000000000045e+03 1.663549999999999955e+03 1.664200000000000045e+03 1.200000000000000000e+01
3.161000000000000000e+03 1.667660000000000082e+03 1.666059999999999945e+03 1.677210000000000036e+03 1.678970000000000027e+03 1.677000000000000000e+03 1.679500000000000000e+03 1.678400000000000091e+03 1.674710000000000036e+03 1.662500000000000000e+03 1.661450000000000045e+03 1.663250000000000000e+03 1.200000000000000000e+01
3.162000000000000000e+03 1.666059999999999945e+03 1.677210000000000036e+03 1.678970000000000027e+03 1.677000000000000000e+03 1.679500000000000000e+03 1.678400000000000091e+03 1.674710000000000036e+03 1.662500000000000000e+03 1.661450000000000045e+03 1.663250000000000000e+03 1.662299999999999955e+03 1.200000000000000000e+01
3.163000000000000000e+03 1.677210000000000036e+03 1.678970000000000027e+03 1.677000000000000000e+03 1.679500000000000000e+03 1.678400000000000091e+03 1.674710000000000036e+03 1.662500000000000000e+03 1.661450000000000045e+03 1.663250000000000000e+03 1.662299999999999955e+03 1.663700000000000045e+03 1.200000000000000000e+01
3.394000000000000000e+03 1.602069999999999936e+03 1.598319999999999936e+03 1.598750000000000000e+03 1.598349999999999909e+03 1.600180000000000064e+03 1.598289999999999964e+03 1.595579999999999927e+03 1.593049999999999955e+03 1.604250000000000000e+03 1.606519999999999982e+03 1.604960000000000036e+03 1.200000000000000000e+01
3.395000000000000000e+03 1.598319999999999936e+03 1.598750000000000000e+03 1.598349999999999909e+03 1.600180000000000064e+03 1.598289999999999964e+03 1.595579999999999927e+03 1.593049999999999955e+03 1.604250000000000000e+03 1.606519999999999982e+03 1.604960000000000036e+03 1.605730000000000018e+03 1.200000000000000000e+01
3.396000000000000000e+03 1.598750000000000000e+03 1.598349999999999909e+03 1.600180000000000064e+03 1.598289999999999964e+03 1.595579999999999927e+03 1.593049999999999955e+03 1.604250000000000000e+03 1.606519999999999982e+03 1.604960000000000036e+03 1.605730000000000018e+03 1.604569999999999936e+03 1.200000000000000000e+01
3.397000000000000000e+03 1.598349999999999909e+03 1.600180000000000064e+03 1.598289999999999964e+03 1.595579999999999927e+03 1.593049999999999955e+03 1.604250000000000000e+03 1.606519999999999982e+03 1.604960000000000036e+03 1.605730000000000018e+03 1.604569999999999936e+03 1.602230000000000018e+03 1.200000000000000000e+01
3.398000000000000000e+03 1.600180000000000064e+03 1.598289999999999964e+03 1.595579999999999927e+03 1.593049999999999955e+03 1.604250000000000000e+03 1.606519999999999982e+03 1.604960000000000036e+03 1.605730000000000018e+03 1.604569999999999936e+03 1.602230000000000018e+03 1.596660000000000082e+03 1.200000000000000000e+01
3.402000000000000000e+03 1.604250000000000000e+03 1.606519999999999982e+03 1.604960000000000036e+03 1.605730000000000018e+03 1.604569999999999936e+03 1.602230000000000018e+03 1.596660000000000082e+03 1.595250000000000000e+03 1.596720000000000027e+03 1.599279999999999973e+03 1.598910000000000082e+03 1.200000000000000000e+01
3.706000000000000000e+03 1.385920000000000073e+03 1.383509999999999991e+03 1.385769999999999982e+03 1.379390000000000100e+03 1.389069999999999936e+03 1.388059999999999945e+03 1.390410000000000082e+03 1.389960000000000036e+03 1.389369999999999891e+03 1.386119999999999891e+03 1.386180000000000064e+03 1.200000000000000000e+01
3.707000000000000000e+03 1.383509999999999991e+03 1.385769999999999982e+03 1.379390000000000100e+03 1.389069999999999936e+03 1.388059999999999945e+03 1.390410000000000082e+03 1.389960000000000036e+03 1.389369999999999891e+03 1.386119999999999891e+03 1.386180000000000064e+03 1.383039999999999964e+03 1.200000000000000000e+01
3.708000000000000000e+03 1.385769999999999982e+03 1.379390000000000100e+03 1.389069999999999936e+03 1.388059999999999945e+03 1.390410000000000082e+03 1.389960000000000036e+03 1.389369999999999891e+03 1.386119999999999891e+03 1.386180000000000064e+03 1.383039999999999964e+03 1.385049999999999955e+03 1.200000000000000000e+01
3.890000000000000000e+03 1.325599999999999909e+03 1.326029999999999973e+03 1.336250000000000000e+03 1.333849999999999909e+03 1.333349999999999909e+03 1.313299999999999955e+03 1.310569999999999936e+03 1.324720000000000027e+03 1.327779999999999973e+03 1.320430000000000064e+03 1.324250000000000000e+03 1.200000000000000000e+01
4.048000000000000000e+03 1.383170000000000073e+03 1.393109999999999900e+03 1.386920000000000073e+03 1.371359999999999900e+03 1.367230000000000018e+03 1.371890000000000100e+03 1.370589999999999918e+03 1.368740000000000009e+03 1.385049999999999955e+03 1.388130000000000109e+03 1.391630000000000109e+03 1.200000000000000000e+01
4.172000000000000000e+03 1.316359999999999900e+03 1.315829999999999927e+03 1.318740000000000009e+03 1.315920000000000073e+03 1.312529999999999973e+03 1.307990000000000009e+03 1.310170000000000073e+03 1.313559999999999945e+03 1.313720000000000027e+03 1.311829999999999927e+03 1.322670000000000073e+03 1.200000000000000000e+01
4.665000000000000000e+03 1.242420000000000073e+03 1.251710000000000036e+03 1.240859999999999900e+03 1.243819999999999936e+03 1.244682999999999993e+03 1.245884999999999991e+03 1.244750000000000000e+03 1.247327999999999975e+03 1.259335000000000036e+03 1.257509999999999991e+03 1.256843000000000075e+03 1.200000000000000000e+01
4.666000000000000000e+03 1.251710000000000036e+03 1.240859999999999900e+03 1.243819999999999936e+03 1.244682999999999993e+03 1.245884999999999991e+03 1.244750000000000000e+03 1.247327999999999975e+03 1.259335000000000036e+03 1.257509999999999991e+03 1.256843000000000075e+03 1.258720000000000027e+03 1.200000000000000000e+01
4.667000000000000000e+03 1.240859999999999900e+03 1.243819999999999936e+03 1.244682999999999993e+03 1.245884999999999991e+03 1.244750000000000000e+03 1.247327999999999975e+03 1.259335000000000036e+03 1.257509999999999991e+03 1.256843000000000075e+03 1.258720000000000027e+03 1.254184999999999945e+03 1.200000000000000000e+01
4.668000000000000000e+03 1.243819999999999936e+03 1.244682999999999993e+03 1.245884999999999991e+03 1.244750000000000000e+03 1.247327999999999975e+03 1.259335000000000036e+03 1.257509999999999991e+03 1.256843000000000075e+03 1.258720000000000027e+03 1.254184999999999945e+03 1.248909000000000106e+03 1.200000000000000000e+01
4.669000000000000000e+03 1.244682999999999993e+03 1.245884999999999991e+03 1.244750000000000000e+03 1.247327999999999975e+03 1.259335000000000036e+03 1.257509999999999991e+03 1.256843000000000075e+03 1.258720000000000027e+03 1.254184999999999945e+03 1.248909000000000106e+03 1.251054000000000087e+03 1.200000000000000000e+01
4.670000000000000000e+03 1.245884999999999991e+03 1.244750000000000000e+03 1.247327999999999975e+03 1.259335000000000036e+03 1.257509999999999991e+03 1.256843000000000075e+03 1.258720000000000027e+03 1.254184999999999945e+03 1.248909000000000106e+03 1.251054000000000087e+03 1.254575000000000045e+03 1.200000000000000000e+01
4.671000000000000000e+03 1.244750000000000000e+03 1.247327999999999975e+03 1.259335000000000036e+03 1.257509999999999991e+03 1.256843000000000075e+03 1.258720000000000027e+03 1.254184999999999945e+03 1.248909000000000106e+03 1.251054000000000087e+03 1.254575000000000045e+03 1.255301999999999907e+03 1.200000000000000000e+01
4.981000000000000000e+03 1.301731999999999971e+03 1.299961000000000013e+03 1.303188000000000102e+03 1.303596999999999980e+03 1.302673999999999978e+03 1.302239000000000033e+03 1.303095000000000027e+03 1.300050999999999931e+03 1.298170000000000073e+03 1.301464999999999918e+03 1.295413000000000011e+03 1.200000000000000000e+01
4.984000000000000000e+03 1.303596999999999980e+03 1.302673999999999978e+03 1.302239000000000033e+03 1.303095000000000027e+03 1.300050999999999931e+03 1.298170000000000073e+03 1.301464999999999918e+03 1.295413000000000011e+03 1.294814000000000078e+03 1.298343000000000075e+03 1.285672000000000025e+03 1.200000000000000000e+01
4.990000000000000000e+03 1.301464999999999918e+03 1.295413000000000011e+03 1.294814000000000078e+03 1.298343000000000075e+03 1.285672000000000025e+03 1.288237000000000080e+03 1.288699000000000069e+03 1.287044000000000096e+03 1.289530999999999949e+03 1.287394999999999982e+03 1.286923000000000002e+03 1.200000000000000000e+01
4.991000000000000000e+03 1.295413000000000011e+03 1.294814000000000078e+03 1.298343000000000075e+03 1.285672000000000025e+03 1.288237000000000080e+03 1.288699000000000069e+03 1.287044000000000096e+03 1.289530999999999949e+03 1.287394999999999982e+03 1.286923000000000002e+03 1.290454999999999927e+03 1.200000000000000000e+01
4.992000000000000000e+03 1.294814000000000078e+03 1.298343000000000075e+03 1.285672000000000025e+03 1.288237000000000080e+03 1.288699000000000069e+03 1.287044000000000096e+03 1.289530999999999949e+03 1.287394999999999982e+03 1.286923000000000002e+03 1.290454999999999927e+03 1.289182999999999993e+03 1.200000000000000000e+01
4.993000000000000000e+03 1.298343000000000075e+03 1.285672000000000025e+03 1.288237000000000080e+03 1.288699000000000069e+03 1.287044000000000096e+03 1.289530999999999949e+03 1.287394999999999982e+03 1.286923000000000002e+03 1.290454999999999927e+03 1.289182999999999993e+03 1.281387999999999920e+03 1.200000000000000000e+01
5.089000000000000000e+03 1.296961000000000013e+03 1.292935999999999922e+03 1.293964999999999918e+03 1.296798999999999978e+03 1.296214999999999918e+03 1.293432000000000016e+03 1.292856999999999971e+03 1.295592000000000098e+03 1.301479000000000042e+03 1.307244999999999891e+03 1.305410000000000082e+03 1.200000000000000000e+01
5.120000000000000000e+03 1.293471999999999980e+03 1.290953999999999951e+03 1.288278999999999996e+03 1.294730999999999995e+03 1.293951000000000022e+03 1.293797000000000025e+03 1.295525000000000091e+03 1.294029999999999973e+03 1.289028999999999996e+03 1.287701000000000022e+03 1.291819999999999936e+03 1.200000000000000000e+01
5.121000000000000000e+03 1.290953999999999951e+03 1.288278999999999996e+03 1.294730999999999995e+03 1.293951000000000022e+03 1.293797000000000025e+03 1.295525000000000091e+03 1.294029999999999973e+03 1.289028999999999996e+03 1.287701000000000022e+03 1.291819999999999936e+03 1.291039999999999964e+03 1.200000000000000000e+01
5.499000000000000000e+03 1.303619999999999891e+03 1.304512999999999920e+03 1.299230000000000018e+03 1.301960000000000036e+03 1.302318999999999960e+03 1.297569999999999936e+03 1.298339999999999918e+03 1.298071999999999889e+03 1.298134000000000015e+03 1.299663000000000011e+03 1.300833000000000084e+03 1.200000000000000000e+01
5.500000000000000000e+03 1.304512999999999920e+03 1.299230000000000018e+03 1.301960000000000036e+03 1.302318999999999960e+03 1.297569999999999936e+03 1.298339999999999918e+03 1.298071999999999889e+03 1.298134000000000015e+03 1.299663000000000011e+03 1.300833000000000084e+03 1.298219000000000051e+03 1.200000000000000000e+01
5.501000000000000000e+03 1.299230000000000018e+03 1.301960000000000036e+03 1.302318999999999960e+03 1.297569999999999936e+03 1.298339999999999918e+03 1.298071999999999889e+03 1.298134000000000015e+03 1.299663000000000011e+03 1.300833000000000084e+03 1.298219000000000051e+03 1.295744999999999891e+03 1.200000000000000000e+01
5.503000000000000000e+03 1.302318999999999960e+03 1.297569999999999936e+03 1.298339999999999918e+03 1.298071999999999889e+03 1.298134000000000015e+03 1.299663000000000011e+03 1.300833000000000084e+03 1.298219000000000051e+03 1.295744999999999891e+03 1.295511999999999944e+03 1.295949000000000069e+03 1.200000000000000000e+01
5.504000000000000000e+03 1.297569999999999936e+03 1.298339999999999918e+03 1.298071999999999889e+03 1.298134000000000015e+03 1.299663000000000011e+03 1.300833000000000084e+03 1.298219000000000051e+03 1.295744999999999891e+03 1.295511999999999944e+03 1.295949000000000069e+03 1.294626999999999953e+03 1.200000000000000000e+01
5.506000000000000000e+03 1.298071999999999889e+03 1.298134000000000015e+03 1.299663000000000011e+03 1.300833000000000084e+03 1.298219000000000051e+03 1.295744999999999891e+03 1.295511999999999944e+03 1.295949000000000069e+03 1.294626999999999953e+03 1.294190000000000055e+03 1.295289999999999964e+03 1.200000000000000000e+01
5.509000000000000000e+03 1.300833000000000084e+03 1.298219000000000051e+03 1.295744999999999891e+03 1.295511999999999944e+03 1.295949000000000069e+03 1.294626999999999953e+03 1.294190000000000055e+03 1.295289999999999964e+03 1.293015000000000100e+03 1.291630000000000109e+03 1.289871000000000095e+03 1.200000000000000000e+01
6.018000000000000000e+03 1.211394999999999982e+03 1.197724999999999909e+03 1.196672000000000025e+03 1.197204999999999927e+03 1.198585000000000036e+03 1.195625000000000000e+03 1.198035000000000082e+03 1.194704999999999927e+03 1.189261999999999944e+03 1.193634999999999991e+03 1.198714999999999918e+03 1.200000000000000000e+01
6.019000000000000000e+03 1.197724999999999909e+03 1.196672000000000025e+03 1.197204999999999927e+03 1.198585000000000036e+03 1.195625000000000000e+03 1.198035000000000082e+03 1.194704999999999927e+03 1.189261999999999944e+03 1.193634999999999991e+03 1.198714999999999918e+03 1.197788999999999987e+03 1.200000000000000000e+01
6.020000000000000000e+03 1.196672000000000025e+03 1.197204999999999927e+03 1.198585000000000036e+03 1.195625000000000000e+03 1.198035000000000082e+03 1.194704999999999927e+03 1.189261999999999944e+03 1.193634999999999991e+03 1.198714999999999918e+03 1.197788999999999987e+03 1.202709000000000060e+03 1.200000000000000000e+01
6.021000000000000000e+03 1.197204999999999927e+03 1.198585000000000036e+03 1.195625000000000000e+03 1.198035000000000082e+03 1.194704999999999927e+03 1.189261999999999944e+03 1.193634999999999991e+03 1.198714999999999918e+03 1.197788999999999987e+03 1.202709000000000060e+03 1.194894000000000005e+03 1.200000000000000000e+01
6.022000000000000000e+03 1.198585000000000036e+03 1.195625000000000000e+03 1.198035000000000082e+03 1.194704999999999927e+03 1.189261999999999944e+03 1.193634999999999991e+03 1.198714999999999918e+03 1.197788999999999987e+03 1.202709000000000060e+03 1.194894000000000005e+03 1.198171000000000049e+03 1.200000000000000000e+01
6.023000000000000000e+03 1.195625000000000000e+03 1.198035000000000082e+03 1.194704999999999927e+03 1.189261999999999944e+03 1.193634999999999991e+03 1.198714999999999918e+03 1.197788999999999987e+03 1.202709000000000060e+03 1.194894000000000005e+03 1.198171000000000049e+03 1.199088999999999942e+03 1.200000000000000000e+01
6.524000000000000000e+03 1.203046000000000049e+03 1.204375999999999976e+03 1.197434999999999945e+03 1.194490000000000009e+03 1.195809999999999945e+03 1.195065000000000055e+03 1.196895999999999958e+03 1.195576000000000022e+03 1.199935999999999922e+03 1.202244999999999891e+03 1.202130000000000109e+03 1.200000000000000000e+01
6.802000000000000000e+03 1.178059999999999945e+03 1.178454999999999927e+03 1.178630000000000109e+03 1.177720000000000027e+03 1.176609999999999900e+03 1.173079999999999927e+03 1.173460000000000036e+03 1.175326999999999998e+03 1.176089999999999918e+03 1.177859999999999900e+03 1.174809999999999945e+03 1.200000000000000000e+01
6.803000000000000000e+03 1.178454999999999927e+03 1.178630000000000109e+03 1.177720000000000027e+03 1.176609999999999900e+03 1.173079999999999927e+03 1.173460000000000036e+03 1.175326999999999998e+03 1.176089999999999918e+03 1.177859999999999900e+03 1.174809999999999945e+03 1.173410000000000082e+03 1.200000000000000000e+01
6.804000000000000000e+03 1.178630000000000109e+03 1.177720000000000027e+03 1.176609999999999900e+03 1.173079999999999927e+03 1.173460000000000036e+03 1.175326999999999998e+03 1.176089999999999918e+03 1.177859999999999900e+03 1.174809999999999945e+03 1.173410000000000082e+03 1.173109999999999900e+03 1.200000000000000000e+01
6.814000000000000000e+03 1.173109999999999900e+03 1.173106999999999971e+03 1.174779999999999973e+03 1.174410000000000082e+03 1.177890000000000100e+03 1.171700000000000045e+03 1.174539999999999964e+03 1.175321999999999889e+03 1.185400000000000091e+03 1.182509999999999991e+03 1.178380000000000109e+03 1.200000000000000000e+01
6.815000000000000000e+03 1.173106999999999971e+03 1.174779999999999973e+03 1.174410000000000082e+03 1.177890000000000100e+03 1.171700000000000045e+03 1.174539999999999964e+03 1.175321999999999889e+03 1.185400000000000091e+03 1.182509999999999991e+03 1.178380000000000109e+03 1.182299999999999955e+03 1.200000000000000000e+01
6.816000000000000000e+03 1.174779999999999973e+03 1.174410000000000082e+03 1.177890000000000100e+03 1.171700000000000045e+03 1.174539999999999964e+03 1.175321999999999889e+03 1.185400000000000091e+03 1.182509999999999991e+03 1.178380000000000109e+03 1.182299999999999955e+03 1.178529999999999973e+03 1.200000000000000000e+01
7.092000000000000000e+03 1.133660000000000082e+03 1.132440000000000055e+03 1.127710000000000036e+03 1.133529999999999973e+03 1.134740000000000009e+03 1.138579999999999927e+03 1.142240000000000009e+03 1.142029999999999973e+03 1.145700000000000045e+03 1.140960000000000036e+03 1.140025000000000091e+03 1.200000000000000000e+01
7.098000000000000000e+03 1.142240000000000009e+03 1.142029999999999973e+03 1.145700000000000045e+03 1.140960000000000036e+03 1.140025000000000091e+03 1.136980000000000018e+03 1.138019999999999982e+03 1.140769999999999982e+03 1.136940000000000055e+03 1.134920000000000073e+03 1.133791999999999916e+03 1.200000000000000000e+01
7.214000000000000000e+03 1.129400000000000091e+03 1.133940000000000055e+03 1.131714999999999918e+03 1.132420000000000073e+03 1.131369999999999891e+03 1.126829999999999927e+03 1.130259999999999991e+03 1.130579999999999927e+03 1.127240000000000009e+03 1.127119999999999891e+03 1.125700000000000045e+03 1.200000000000000000e+01
7.215000000000000000e+03 1.133940000000000055e+03 1.131714999999999918e+03 1.132420000000000073e+03 1.131369999999999891e+03 1.126829999999999927e+03 1.130259999999999991e+03 1.130579999999999927e+03 1.127240000000000009e+03 1.127119999999999891e+03 1.125700000000000045e+03 1.125240000000000009e+03 1.200000000000000000e+01
7.216000000000000000e+03 1.131714999999999918e+03 1.132420000000000073e+03 1.131369999999999891e+03 1.126829999999999927e+03 1.130259999999999991e+03 1.130579999999999927e+03 1.127240000000000009e+03 1.127119999999999891e+03 1.125700000000000045e+03 1.125240000000000009e+03 1.116759999999999991e+03 1.200000000000000000e+01
7.234000000000000000e+03 1.113454999999999927e+03 1.112440000000000055e+03 1.112349999999999909e+03 1.107250000000000000e+03 1.131880000000000109e+03 1.136039999999999964e+03 1.138743999999999915e+03 1.137119999999999891e+03 1.135900000000000091e+03 1.135700000000000045e+03 1.134950000000000045e+03 1.200000000000000000e+01
7.235000000000000000e+03 1.112440000000000055e+03 1.112349999999999909e+03 1.107250000000000000e+03 1.131880000000000109e+03 1.136039999999999964e+03 1.138743999999999915e+03 1.137119999999999891e+03 1.135900000000000091e+03 1.135700000000000045e+03 1.134950000000000045e+03 1.134549999999999955e+03 1.200000000000000000e+01
7.236000000000000000e+03 1.112349999999999909e+03 1.107250000000000000e+03 1.131880000000000109e+03 1.136039999999999964e+03 1.138743999999999915e+03 1.137119999999999891e+03 1.135900000000000091e+03 1.135700000000000045e+03 1.134950000000000045e+03 1.134549999999999955e+03 1.135484999999999900e+03 1.200000000000000000e+01
7.319000000000000000e+03 1.166940000000000055e+03 1.166069999999999936e+03 1.166980000000000018e+03 1.164750000000000000e+03 1.167279999999999973e+03 1.165724999999999909e+03 1.165500000000000000e+03 1.168359999999999900e+03 1.174119999999999891e+03 1.177039999999999964e+03 1.163069999999999936e+03 1.200000000000000000e+01
7.553000000000000000e+03 1.065262999999999920e+03 1.065643000000000029e+03 1.072823000000000093e+03 1.076202999999999975e+03 1.072268000000000029e+03 1.066932999999999993e+03 1.066292999999999893e+03 1.066863000000000056e+03 1.060202999999999975e+03 1.052823000000000093e+03 1.050988000000000056e+03 1.200000000000000000e+01
7.668000000000000000e+03 1.077863000000000056e+03 1.078143000000000029e+03 1.078192999999999984e+03 1.080492999999999938e+03 1.083323000000000093e+03 1.093752999999999929e+03 1.090012999999999920e+03 1.088002999999999929e+03 1.091063000000000102e+03 1.090222999999999956e+03 1.091103000000000065e+03 1.200000000000000000e+01
7.669000000000000000e+03 1.078143000000000029e+03 1.078192999999999984e+03 1.080492999999999938e+03 1.083323000000000093e+03 1.093752999999999929e+03 1.090012999999999920e+03 1.088002999999999929e+03 1.091063000000000102e+03 1.090222999999999956e+03 1.091103000000000065e+03 1.089782999999999902e+03 1.200000000000000000e+01
7.670000000000000000e+03 1.078192999999999984e+03 1.080492999999999938e+03 1.083323000000000093e+03 1.093752999999999929e+03 1.090012999999999920e+03 1.088002999999999929e+03 1.091063000000000102e+03 1.090222999999999956e+03 1.091103000000000065e+03 1.089782999999999902e+03 1.088740000000000009e+03 1.200000000000000000e+01
7.671000000000000000e+03 1.080492999999999938e+03 1.083323000000000093e+03 1.093752999999999929e+03 1.090012999999999920e+03 1.088002999999999929e+03 1.091063000000000102e+03 1.090222999999999956e+03 1.091103000000000065e+03 1.089782999999999902e+03 1.088740000000000009e+03 1.085653000000000020e+03 1.200000000000000000e+01
7.672000000000000000e+03 1.083323000000000093e+03 1.093752999999999929e+03 1.090012999999999920e+03 1.088002999999999929e+03 1.091063000000000102e+03 1.090222999999999956e+03 1.091103000000000065e+03 1.089782999999999902e+03 1.088740000000000009e+03 1.085653000000000020e+03 1.088663000000000011e+03 1.200000000000000000e+01
7.675000000000000000e+03 1.088002999999999929e+03 1.091063000000000102e+03 1.090222999999999956e+03 1.091103000000000065e+03 1.089782999999999902e+03 1.088740000000000009e+03 1.085653000000000020e+03 1.088663000000000011e+03 1.088823000000000093e+03 1.086022999999999911e+03 1.089272999999999911e+03 1.200000000000000000e+01
7.676000000000000000e+03 1.091063000000000102e+03 1.090222999999999956e+03 1.091103000000000065e+03 1.089782999999999902e+03 1.088740000000000009e+03 1.085653000000000020e+03 1.088663000000000011e+03 1.088823000000000093e+03 1.086022999999999911e+03 1.089272999999999911e+03 1.087073000000000093e+03 1.200000000000000000e+01
7.678000000000000000e+03 1.091103000000000065e+03 1.089782999999999902e+03 1.088740000000000009e+03 1.085653000000000020e+03 1.088663000000000011e+03 1.088823000000000093e+03 1.086022999999999911e+03 1.089272999999999911e+03 1.087073000000000093e+03 1.091432999999999993e+03 1.091063000000000102e+03 1.200000000000000000e+01
7.944000000000000000e+03 1.252212999999999965e+03 1.245942999999999984e+03 1.245262999999999920e+03 1.245272999999999911e+03 1.244583000000000084e+03 1.243442999999999984e+03 1.243772999999999911e+03 1.247843000000000075e+03 1.251803000000000111e+03 1.254962999999999965e+03 1.246873000000000047e+03 1.200000000000000000e+01
8.058000000000000000e+03 1.233522999999999911e+03 1.236292999999999893e+03 1.235073000000000093e+03 1.235153000000000020e+03 1.239452999999999975e+03 1.232012999999999920e+03 1.232329999999999927e+03 1.229573000000000093e+03 1.233288999999999987e+03 1.241873000000000047e+03 1.243532999999999902e+03 1.200000000000000000e+01
8.064000000000000000e+03 1.232329999999999927e+03 1.229573000000000093e+03 1.233288999999999987e+03 1.241873000000000047e+03 1.243532999999999902e+03 1.253163000000000011e+03 1.250019999999999982e+03 1.250492999999999938e+03 1.250603000000000065e+03 1.248192999999999984e+03 1.250762999999999920e+03 1.200000000000000000e+01
8.065000000000000000e+03 1.229573000000000093e+03 1.233288999999999987e+03 1.241873000000000047e+03 1.243532999999999902e+03 1.253163000000000011e+03 1.250019999999999982e+03 1.250492999999999938e+03 1.250603000000000065e+03 1.248192999999999984e+03 1.250762999999999920e+03 1.252512999999999920e+03 1.200000000000000000e+01
8.067000000000000000e+03 1.241873000000000047e+03 1.243532999999999902e+03 1.253163000000000011e+03 1.250019999999999982e+03 1.250492999999999938e+03 1.250603000000000065e+03 1.248192999999999984e+03 1.250762999999999920e+03 1.252512999999999920e+03 1.244039999999999964e+03 1.244823000000000093e+03 1.200000000000000000e+01
8.068000000000000000e+03 1.243532999999999902e+03 1.253163000000000011e+03 1.250019999999999982e+03 1.250492999999999938e+03 1.250603000000000065e+03 1.248192999999999984e+03 1.250762999999999920e+03 1.252512999999999920e+03 1.244039999999999964e+03 1.244823000000000093e+03 1.247452999999999975e+03 1.200000000000000000e+01
8.069000000000000000e+03 1.253163000000000011e+03 1.250019999999999982e+03 1.250492999999999938e+03 1.250603000000000065e+03 1.248192999999999984e+03 1.250762999999999920e+03 1.252512999999999920e+03 1.244039999999999964e+03 1.244823000000000093e+03 1.247452999999999975e+03 1.257863000000000056e+03 1.200000000000000000e+01
8.070000000000000000e+03 1.250019999999999982e+03 1.250492999999999938e+03 1.250603000000000065e+03 1.248192999999999984e+03 1.250762999999999920e+03 1.252512999999999920e+03 1.244039999999999964e+03 1.244823000000000093e+03 1.247452999999999975e+03 1.257863000000000056e+03 1.268792999999999893e+03 1.200000000000000000e+01
8.072000000000000000e+03 1.250603000000000065e+03 1.248192999999999984e+03 1.250762999999999920e+03 1.252512999999999920e+03 1.244039999999999964e+03 1.244823000000000093e+03 1.247452999999999975e+03 1.257863000000000056e+03 1.268792999999999893e+03 1.251952999999999975e+03 1.247880000000000109e+03 1.200000000000000000e+01
8.073000000000000000e+03 1.248192999999999984e+03 1.250762999999999920e+03 1.252512999999999920e+03 1.244039999999999964e+03 1.244823000000000093e+03 1.247452999999999975e+03 1.257863000000000056e+03 1.268792999999999893e+03 1.251952999999999975e+03 1.247880000000000109e+03 1.246643000000000029e+03 1.200000000000000000e+01
8.153000000000000000e+03 1.265492999999999938e+03 1.263803000000000111e+03 1.260962999999999965e+03 1.263823000000000093e+03 1.265532999999999902e+03 1.263452999999999975e+03 1.260232999999999947e+03 1.265663000000000011e+03 1.266303000000000111e+03 1.270452999999999975e+03 1.271863000000000056e+03 1.200000000000000000e+01
8.154000000000000000e+03 1.263803000000000111e+03 1.260962999999999965e+03 1.263823000000000093e+03 1.265532999999999902e+03 1.263452999999999975e+03 1.260232999999999947e+03 1.265663000000000011e+03 1.266303000000000111e+03 1.270452999999999975e+03 1.271863000000000056e+03 1.275883000000000038e+03 1.200000000000000000e+01
8.155000000000000000e+03 1.260962999999999965e+03 1.263823000000000093e+03 1.265532999999999902e+03 1.263452999999999975e+03 1.260232999999999947e+03 1.265663000000000011e+03 1.266303000000000111e+03 1.270452999999999975e+03 1.271863000000000056e+03 1.275883000000000038e+03 1.272762999999999920e+03 1.200000000000000000e+01
8.156000000000000000e+03 1.263823000000000093e+03 1.265532999999999902e+03 1.263452999999999975e+03 1.260232999999999947e+03 1.265663000000000011e+03 1.266303000000000111e+03 1.270452999999999975e+03 1.271863000000000056e+03 1.275883000000000038e+03 1.272762999999999920e+03 1.277192999999999984e+03 1.200000000000000000e+01
8.157000000000000000e+03 1.265532999999999902e+03 1.263452999999999975e+03 1.260232999999999947e+03 1.265663000000000011e+03 1.266303000000000111e+03 1.270452999999999975e+03 1.271863000000000056e+03 1.275883000000000038e+03 1.272762999999999920e+03 1.277192999999999984e+03 1.278282999999999902e+03 1.200000000000000000e+01
8.177000000000000000e+03 1.271053000000000111e+03 1.272952999999999975e+03 1.273542999999999893e+03 1.277653000000000020e+03 1.281532999999999902e+03 1.286563000000000102e+03 1.275432999999999993e+03 1.273663000000000011e+03 1.276163000000000011e+03 1.278633000000000038e+03 1.270403000000000020e+03 1.200000000000000000e+01
8.434000000000000000e+03 1.342232999999999947e+03 1.346153000000000020e+03 1.337103000000000065e+03 1.325442999999999984e+03 1.322222999999999956e+03 1.332952999999999975e+03 1.334692999999999984e+03 1.332343000000000075e+03 1.329643000000000029e+03 1.332883000000000038e+03 1.329462999999999965e+03 1.200000000000000000e+01
8.437000000000000000e+03 1.325442999999999984e+03 1.322222999999999956e+03 1.332952999999999975e+03 1.334692999999999984e+03 1.332343000000000075e+03 1.329643000000000029e+03 1.332883000000000038e+03 1.329462999999999965e+03 1.330482999999999947e+03 1.337143000000000029e+03 1.332313000000000102e+03 1.200000000000000000e+01
8.438000000000000000e+03 1.322222999999999956e+03 1.332952999999999975e+03 1.334692999999999984e+03 1.332343000000000075e+03 1.329643000000000029e+03 1.332883000000000038e+03 1.329462999999999965e+03 1.330482999999999947e+03 1.337143000000000029e+03 1.332313000000000102e+03 1.327512999999999920e+03 1.200000000000000000e+01
8.439000000000000000e+03 1.332952999999999975e+03 1.334692999999999984e+03 1.332343000000000075e+03 1.329643000000000029e+03 1.332883000000000038e+03 1.329462999999999965e+03 1.330482999999999947e+03 1.337143000000000029e+03 1.332313000000000102e+03 1.327512999999999920e+03 1.328413000000000011e+03 1.200000000000000000e+01
8.440000000000000000e+03 1.334692999999999984e+03 1.332343000000000075e+03 1.329643000000000029e+03 1.332883000000000038e+03 1.329462999999999965e+03 1.330482999999999947e+03 1.337143000000000029e+03 1.332313000000000102e+03 1.327512999999999920e+03 1.328413000000000011e+03 1.329083000000000084e+03 1.200000000000000000e+01
8.535000000000000000e+03 1.339653000000000020e+03 1.335972999999999956e+03 1.334143000000000029e+03 1.337883000000000038e+03 1.331421000000000049e+03 1.335663000000000011e+03 1.335702999999999975e+03 1.335063000000000102e+03 1.335573000000000093e+03 1.333682999999999993e+03 1.334442999999999984e+03 1.200000000000000000e+01
8.536000000000000000e+03 1.335972999999999956e+03 1.334143000000000029e+03 1.337883000000000038e+03 1.331421000000000049e+03 1.335663000000000011e+03 1.335702999999999975e+03 1.335063000000000102e+03 1.335573000000000093e+03 1.333682999999999993e+03 1.334442999999999984e+03 1.333323000000000093e+03 1.200000000000000000e+01
8.537000000000000000e+03 1.334143000000000029e+03 1.337883000000000038e+03 1.331421000000000049e+03 1.335663000000000011e+03 1.335702999999999975e+03 1.335063000000000102e+03 1.335573000000000093e+03 1.333682999999999993e+03 1.334442999999999984e+03 1.333323000000000093e+03 1.339833000000000084e+03 1.200000000000000000e+01
8.539000000000000000e+03 1.331421000000000049e+03 1.335663000000000011e+03 1.335702999999999975e+03 1.335063000000000102e+03 1.335573000000000093e+03 1.333682999999999993e+03 1.334442999999999984e+03 1.333323000000000093e+03 1.339833000000000084e+03 1.340442999999999984e+03 1.345792999999999893e+03 1.200000000000000000e+01
8.544000000000000000e+03 1.333682999999999993e+03 1.334442999999999984e+03 1.333323000000000093e+03 1.339833000000000084e+03 1.340442999999999984e+03 1.345792999999999893e+03 1.352472999999999956e+03 1.352303000000000111e+03 1.356252999999999929e+03 1.344843000000000075e+03 1.346002999999999929e+03 1.200000000000000000e+01
8.547000000000000000e+03 1.339833000000000084e+03 1.340442999999999984e+03 1.345792999999999893e+03 1.352472999999999956e+03 1.352303000000000111e+03 1.356252999999999929e+03 1.344843000000000075e+03 1.346002999999999929e+03 1.345730000000000018e+03 1.342431000000000040e+03 1.344996000000000095e+03 1.200000000000000000e+01
8.548000000000000000e+03 1.340442999999999984e+03 1.345792999999999893e+03 1.352472999999999956e+03 1.352303000000000111e+03 1.356252999999999929e+03 1.344843000000000075e+03 1.346002999999999929e+03 1.345730000000000018e+03 1.342431000000000040e+03 1.344996000000000095e+03 1.346351000000000113e+03 1.200000000000000000e+01
8.549000000000000000e+03 1.345792999999999893e+03 1.352472999999999956e+03 1.352303000000000111e+03 1.356252999999999929e+03 1.344843000000000075e+03 1.346002999999999929e+03 1.345730000000000018e+03 1.342431000000000040e+03 1.344996000000000095e+03 1.346351000000000113e+03 1.345452999999999975e+03 1.200000000000000000e+01
8.550000000000000000e+03 1.352472999999999956e+03 1.352303000000000111e+03 1.356252999999999929e+03 1.344843000000000075e+03 1.346002999999999929e+03 1.345730000000000018e+03 1.342431000000000040e+03 1.344996000000000095e+03 1.346351000000000113e+03 1.345452999999999975e+03 1.338262999999999920e+03 1.200000000000000000e+01
8.551000000000000000e+03 1.352303000000000111e+03 1.356252999999999929e+03 1.344843000000000075e+03 1.346002999999999929e+03 1.345730000000000018e+03 1.342431000000000040e+03 1.344996000000000095e+03 1.346351000000000113e+03 1.345452999999999975e+03 1.338262999999999920e+03 1.336633000000000038e+03 1.200000000000000000e+01
9.276000000000000000e+03 1.197512999999999920e+03 1.201113000000000056e+03 1.197992999999999938e+03 1.203942999999999984e+03 1.210423000000000002e+03 1.210363000000000056e+03 1.209492999999999938e+03 1.208752999999999929e+03 1.210833000000000084e+03 1.205712999999999965e+03 1.204553000000000111e+03 1.200000000000000000e+01
9.277000000000000000e+03 1.201113000000000056e+03 1.197992999999999938e+03 1.203942999999999984e+03 1.210423000000000002e+03 1.210363000000000056e+03 1.209492999999999938e+03 1.208752999999999929e+03 1.210833000000000084e+03 1.205712999999999965e+03 1.204553000000000111e+03 1.209702999999999975e+03 1.200000000000000000e+01
9.278000000000000000e+03 1.197992999999999938e+03 1.203942999999999984e+03 1.210423000000000002e+03 1.210363000000000056e+03 1.209492999999999938e+03 1.208752999999999929e+03 1.210833000000000084e+03 1.205712999999999965e+03 1.204553000000000111e+03 1.209702999999999975e+03 1.212843000000000075e+03 1.200000000000000000e+01
9.340000000000000000e+03 1.223843000000000075e+03 1.228573000000000093e+03 1.226692999999999984e+03 1.225472999999999956e+03 1.226053000000000111e+03 1.219903000000000020e+03 1.230903000000000020e+03 1.232813000000000102e+03 1.236153000000000020e+03 1.234742999999999938e+03 1.237393000000000029e+03 1.200000000000000000e+01
9.342000000000000000e+03 1.226692999999999984e+03 1.225472999999999956e+03 1.226053000000000111e+03 1.219903000000000020e+03 1.230903000000000020e+03 1.232813000000000102e+03 1.236153000000000020e+03 1.234742999999999938e+03 1.237393000000000029e+03 1.236472999999999956e+03 1.238742999999999938e+03 1.200000000000000000e+01
9.411000000000000000e+03 1.233732999999999947e+03 1.234173000000000002e+03 1.233292999999999893e+03 1.230583000000000084e+03 1.227813000000000102e+03 1.228972999999999956e+03 1.227133000000000038e+03 1.234423000000000002e+03 1.233522999999999911e+03 1.233502999999999929e+03 1.233093000000000075e+03 1.200000000000000000e+01
9.412000000000000000e+03 1.234173000000000002e+03 1.233292999999999893e+03 1.230583000000000084e+03 1.227813000000000102e+03 1.228972999999999956e+03 1.227133000000000038e+03 1.234423000000000002e+03 1.233522999999999911e+03 1.233502999999999929e+03 1.233093000000000075e+03 1.233262999999999920e+03 1.200000000000000000e+01
9.413000000000000000e+03 1.233292999999999893e+03 1.230583000000000084e+03 1.227813000000000102e+03 1.228972999999999956e+03 1.227133000000000038e+03 1.234423000000000002e+03 1.233522999999999911e+03 1.233502999999999929e+03 1.233093000000000075e+03 1.233262999999999920e+03 1.226032999999999902e+03 1.200000000000000000e+01
9.416000000000000000e+03 1.228972999999999956e+03 1.227133000000000038e+03 1.234423000000000002e+03 1.233522999999999911e+03 1.233502999999999929e+03 1.233093000000000075e+03 1.233262999999999920e+03 1.226032999999999902e+03 1.225182999999999993e+03 1.226143000000000029e+03 1.225472999999999956e+03 1.200000000000000000e+01
9.529000000000000000e+03 1.250613000000000056e+03 1.247742999999999938e+03 1.247462999999999965e+03 1.243432999999999993e+03 1.242232999999999947e+03 1.242083000000000084e+03 1.242893000000000029e+03 1.241173000000000002e+03 1.249752999999999929e+03 1.248962999999999965e+03 1.248573000000000093e+03 1.200000000000000000e+01
9.530000000000000000e+03 1.247742999999999938e+03 1.247462999999999965e+03 1.243432999999999993e+03 1.242232999999999947e+03 1.242083000000000084e+03 1.242893000000000029e+03 1.241173000000000002e+03 1.249752999999999929e+03 1.248962999999999965e+03 1.248573000000000093e+03 1.248512999999999920e+03 1.200000000000000000e+01
9.531000000000000000e+03 1.247462999999999965e+03 1.243432999999999993e+03 1.242232999999999947e+03 1.242083000000000084e+03 1.242893000000000029e+03 1.241173000000000002e+03 1.249752999999999929e+03 1.248962999999999965e+03 1.248573000000000093e+03 1.248512999999999920e+03 1.245962999999999965e+03 1.200000000000000000e+01
9.532000000000000000e+03 1.243432999999999993e+03 1.242232999999999947e+03 1.242083000000000084e+03 1.242893000000000029e+03 1.241173000000000002e+03 1.249752999999999929e+03 1.248962999999999965e+03 1.248573000000000093e+03 1.248512999999999920e+03 1.245962999999999965e+03 1.246553000000000111e+03 1.200000000000000000e+01
9.626000000000000000e+03 1.269952999999999975e+03 1.274772999999999911e+03 1.275393000000000029e+03 1.276282999999999902e+03 1.273482999999999947e+03 1.270022999999999911e+03 1.266242999999999938e+03 1.264573000000000093e+03 1.263323000000000093e+03 1.262173000000000002e+03 1.263843000000000075e+03 1.200000000000000000e+01
1.015600000000000000e+04 1.332393000000000029e+03 1.331583000000000084e+03 1.321462999999999965e+03 1.322442999999999984e+03 1.319992999999999938e+03 1.322083000000000084e+03 1.322893000000000029e+03 1.324603000000000065e+03 1.324762999999999920e+03 1.329442999999999984e+03 1.331633000000000038e+03 1.200000000000000000e+01
1.015700000000000000e+04 1.331583000000000084e+03 1.321462999999999965e+03 1.322442999999999984e+03 1.319992999999999938e+03 1.322083000000000084e+03 1.322893000000000029e+03 1.324603000000000065e+03 1.324762999999999920e+03 1.329442999999999984e+03 1.331633000000000038e+03 1.329492999999999938e+03 1.200000000000000000e+01
1.015900000000000000e+04 1.322442999999999984e+03 1.319992999999999938e+03 1.322083000000000084e+03 1.322893000000000029e+03 1.324603000000000065e+03 1.324762999999999920e+03 1.329442999999999984e+03 1.331633000000000038e+03 1.329492999999999938e+03 1.327553000000000111e+03 1.326393000000000029e+03 1.200000000000000000e+01
1.016100000000000000e+04 1.322083000000000084e+03 1.322893000000000029e+03 1.324603000000000065e+03 1.324762999999999920e+03 1.329442999999999984e+03 1.331633000000000038e+03 1.329492999999999938e+03 1.327553000000000111e+03 1.326393000000000029e+03 1.322353000000000065e+03 1.320532999999999902e+03 1.200000000000000000e+01
1.016200000000000000e+04 1.322893000000000029e+03 1.324603000000000065e+03 1.324762999999999920e+03 1.329442999999999984e+03 1.331633000000000038e+03 1.329492999999999938e+03 1.327553000000000111e+03 1.326393000000000029e+03 1.322353000000000065e+03 1.320532999999999902e+03 1.317173000000000002e+03 1.200000000000000000e+01
1.017600000000000000e+04 1.306593000000000075e+03 1.307492999999999938e+03 1.308692999999999984e+03 1.307163000000000011e+03 1.308653000000000020e+03 1.308403000000000020e+03 1.306522999999999911e+03 1.310482999999999947e+03 1.310103000000000065e+03 1.312393000000000029e+03 1.314163000000000011e+03 1.200000000000000000e+01
1.027800000000000000e+04 1.281089999999999918e+03 1.277619999999999891e+03 1.283940000000000055e+03 1.284490000000000009e+03 1.287559999999999945e+03 1.289359999999999900e+03 1.289250000000000000e+03 1.283160000000000082e+03 1.281130000000000109e+03 1.282920000000000073e+03 1.280269999999999982e+03 1.200000000000000000e+01
1.027900000000000000e+04 1.277619999999999891e+03 1.283940000000000055e+03 1.284490000000000009e+03 1.287559999999999945e+03 1.289359999999999900e+03 1.289250000000000000e+03 1.283160000000000082e+03 1.281130000000000109e+03 1.282920000000000073e+03 1.280269999999999982e+03 1.280109999999999900e+03 1.200000000000000000e+01
1.028000000000000000e+04 1.283940000000000055e+03 1.284490000000000009e+03 1.287559999999999945e+03 1.289359999999999900e+03 1.289250000000000000e+03 1.283160000000000082e+03 1.281130000000000109e+03 1.282920000000000073e+03 1.280269999999999982e+03 1.280109999999999900e+03 1.275880000000000109e+03 1.200000000000000000e+01
1.028100000000000000e+04 1.284490000000000009e+03 1.287559999999999945e+03 1.289359999999999900e+03 1.289250000000000000e+03 1.283160000000000082e+03 1.281130000000000109e+03 1.282920000000000073e+03 1.280269999999999982e+03 1.280109999999999900e+03 1.275880000000000109e+03 1.276329999999999927e+03 1.200000000000000000e+01
1.029200000000000000e+04 1.275220000000000027e+03 1.272960000000000036e+03 1.280829999999999927e+03 1.281930000000000064e+03 1.282839999999999918e+03 1.282839999999999918e+03 1.277890000000000100e+03 1.277259999999999991e+03 1.276279999999999973e+03 1.276470000000000027e+03 1.275819999999999936e+03 1.200000000000000000e+01
1.029400000000000000e+04 1.280829999999999927e+03 1.281930000000000064e+03 1.282839999999999918e+03 1.282839999999999918e+03 1.277890000000000100e+03 1.277259999999999991e+03 1.276279999999999973e+03 1.276470000000000027e+03 1.275819999999999936e+03 1.272880000000000109e+03 1.271759999999999991e+03 1.200000000000000000e+01
1.029700000000000000e+04 1.282839999999999918e+03 1.277890000000000100e+03 1.277259999999999991e+03 1.276279999999999973e+03 1.276470000000000027e+03 1.275819999999999936e+03 1.272880000000000109e+03 1.271759999999999991e+03 1.272250000000000000e+03 1.278089999999999918e+03 1.277359999999999900e+03 1.200000000000000000e+01
1.045800000000000000e+04 1.283710000000000036e+03 1.281650000000000091e+03 1.277680000000000064e+03 1.271519999999999982e+03 1.274700000000000045e+03 1.276220000000000027e+03 1.275170000000000073e+03 1.276559999999999945e+03 1.272819999999999936e+03 1.283599999999999909e+03 1.279880000000000109e+03 1.200000000000000000e+01
1.072600000000000000e+04 1.334890000000000100e+03 1.339559999999999945e+03 1.340640000000000100e+03 1.343299999999999955e+03 1.343180000000000064e+03 1.334009999999999991e+03 1.327720000000000027e+03 1.324400000000000091e+03 1.329190000000000055e+03 1.329680000000000064e+03 1.328599999999999909e+03 1.200000000000000000e+01
1.080800000000000000e+04 1.329150000000000091e+03 1.330150000000000091e+03 1.328779999999999973e+03 1.333730000000000018e+03 1.339720000000000027e+03 1.340130000000000109e+03 1.336309999999999945e+03 1.332410000000000082e+03 1.332930000000000064e+03 1.335720000000000027e+03 1.333039999999999964e+03 1.200000000000000000e+01
1.080900000000000000e+04 1.330150000000000091e+03 1.328779999999999973e+03 1.333730000000000018e+03 1.339720000000000027e+03 1.340130000000000109e+03 1.336309999999999945e+03 1.332410000000000082e+03 1.332930000000000064e+03 1.335720000000000027e+03 1.333039999999999964e+03 1.333690000000000055e+03 1.200000000000000000e+01
1.081000000000000000e+04 1.328779999999999973e+03 1.333730000000000018e+03 1.339720000000000027e+03 1.340130000000000109e+03 1.336309999999999945e+03 1.332410000000000082e+03 1.332930000000000064e+03 1.335720000000000027e+03 1.333039999999999964e+03 1.333690000000000055e+03 1.328039999999999964e+03 1.200000000000000000e+01
1.081100000000000000e+04 1.333730000000000018e+03 1.339720000000000027e+03 1.340130000000000109e+03 1.336309999999999945e+03 1.332410000000000082e+03 1.332930000000000064e+03 1.335720000000000027e+03 1.333039999999999964e+03 1.333690000000000055e+03 1.328039999999999964e+03 1.315500000000000000e+03 1.200000000000000000e+01
1.081200000000000000e+04 1.339720000000000027e+03 1.340130000000000109e+03 1.336309999999999945e+03 1.332410000000000082e+03 1.332930000000000064e+03 1.335720000000000027e+03 1.333039999999999964e+03 1.333690000000000055e+03 1.328039999999999964e+03 1.315500000000000000e+03 1.318289999999999964e+03 1.200000000000000000e+01
1.081600000000000000e+04 1.332930000000000064e+03 1.335720000000000027e+03 1.333039999999999964e+03 1.333690000000000055e+03 1.328039999999999964e+03 1.315500000000000000e+03 1.318289999999999964e+03 1.317589999999999918e+03 1.317930000000000064e+03 1.321089999999999918e+03 1.317589999999999918e+03 1.200000000000000000e+01
1.096300000000000000e+04 1.337170000000000073e+03 1.338440000000000055e+03 1.333900000000000091e+03 1.332539999999999964e+03 1.332500000000000000e+03 1.335130000000000109e+03 1.342009999999999991e+03 1.347130000000000109e+03 1.336309999999999945e+03 1.333240000000000009e+03 1.330619999999999891e+03 1.200000000000000000e+01
1.096400000000000000e+04 1.338440000000000055e+03 1.333900000000000091e+03 1.332539999999999964e+03 1.332500000000000000e+03 1.335130000000000109e+03 1.342009999999999991e+03 1.347130000000000109e+03 1.336309999999999945e+03 1.333240000000000009e+03 1.330619999999999891e+03 1.328490000000000009e+03 1.200000000000000000e+01
1.096500000000000000e+04 1.333900000000000091e+03 1.332539999999999964e+03 1.332500000000000000e+03 1.335130000000000109e+03 1.342009999999999991e+03 1.347130000000000109e+03 1.336309999999999945e+03 1.333240000000000009e+03 1.330619999999999891e+03 1.328490000000000009e+03 1.326119999999999891e+03 1.200000000000000000e+01
1.096600000000000000e+04 1.332539999999999964e+03 1.332500000000000000e+03 1.335130000000000109e+03 1.342009999999999991e+03 1.347130000000000109e+03 1.336309999999999945e+03 1.333240000000000009e+03 1.330619999999999891e+03 1.328490000000000009e+03 1.326119999999999891e+03 1.325460000000000036e+03 1.200000000000000000e+01
1.096900000000000000e+04 1.342009999999999991e+03 1.347130000000000109e+03 1.336309999999999945e+03 1.333240000000000009e+03 1.330619999999999891e+03 1.328490000000000009e+03 1.326119999999999891e+03 1.325460000000000036e+03 1.324880000000000109e+03 1.326369999999999891e+03 1.330670000000000073e+03 1.200000000000000000e+01
1.097000000000000000e+04 1.347130000000000109e+03 1.336309999999999945e+03 1.333240000000000009e+03 1.330619999999999891e+03 1.328490000000000009e+03 1.326119999999999891e+03 1.325460000000000036e+03 1.324880000000000109e+03 1.326369999999999891e+03 1.330670000000000073e+03 1.327849999999999909e+03 1.200000000000000000e+01
1.097300000000000000e+04 1.330619999999999891e+03 1.328490000000000009e+03 1.326119999999999891e+03 1.325460000000000036e+03 1.324880000000000109e+03 1.326369999999999891e+03 1.330670000000000073e+03 1.327849999999999909e+03 1.324029999999999973e+03 1.328349999999999909e+03 1.331359999999999900e+03 1.200000000000000000e+01
1.122400000000000000e+04 1.292990000000000009e+03 1.291500000000000000e+03 1.293640000000000100e+03 1.296750000000000000e+03 1.293490000000000009e+03 1.291809999999999945e+03 1.291309999999999945e+03 1.291640000000000100e+03 1.292710000000000036e+03 1.293349999999999909e+03 1.298430000000000064e+03 1.200000000000000000e+01
1.123700000000000000e+04 1.296660000000000082e+03 1.296890000000000100e+03 1.298160000000000082e+03 1.297539999999999964e+03 1.295950000000000045e+03 1.296200000000000045e+03 1.297230000000000018e+03 1.298150000000000091e+03 1.301390000000000100e+03 1.297519999999999982e+03 1.296710000000000036e+03 1.200000000000000000e+01
1.123800000000000000e+04 1.296890000000000100e+03 1.298160000000000082e+03 1.297539999999999964e+03 1.295950000000000045e+03 1.296200000000000045e+03 1.297230000000000018e+03 1.298150000000000091e+03 1.301390000000000100e+03 1.297519999999999982e+03 1.296710000000000036e+03 1.296920000000000073e+03 1.200000000000000000e+01
1.123900000000000000e+04 1.298160000000000082e+03 1.297539999999999964e+03 1.295950000000000045e+03 1.296200000000000045e+03 1.297230000000000018e+03 1.298150000000000091e+03 1.301390000000000100e+03 1.297519999999999982e+03 1.296710000000000036e+03 1.296920000000000073e+03 1.296829999999999927e+03 1.200000000000000000e+01
1.124400000000000000e+04 1.298150000000000091e+03 1.301390000000000100e+03 1.297519999999999982e+03 1.296710000000000036e+03 1.296920000000000073e+03 1.296829999999999927e+03 1.298210000000000036e+03 1.298170000000000073e+03 1.298069999999999936e+03 1.298599999999999909e+03 1.299160000000000082e+03 1.200000000000000000e+01
1.161600000000000000e+04 1.200359999999999900e+03 1.201250000000000000e+03 1.199769999999999982e+03 1.199740000000000009e+03 1.195720000000000027e+03 1.194509999999999991e+03 1.193220000000000027e+03 1.191029999999999973e+03 1.192210000000000036e+03 1.193269999999999982e+03 1.194700000000000045e+03 1.200000000000000000e+01
1.161700000000000000e+04 1.201250000000000000e+03 1.199769999999999982e+03 1.199740000000000009e+03 1.195720000000000027e+03 1.194509999999999991e+03 1.193220000000000027e+03 1.191029999999999973e+03 1.192210000000000036e+03 1.193269999999999982e+03 1.194700000000000045e+03 1.195980000000000018e+03 1.200000000000000000e+01
1.161800000000000000e+04 1.199769999999999982e+03 1.199740000000000009e+03 1.195720000000000027e+03 1.194509999999999991e+03 1.193220000000000027e+03 1.191029999999999973e+03 1.192210000000000036e+03 1.193269999999999982e+03 1.194700000000000045e+03 1.195980000000000018e+03 1.195359999999999900e+03 1.200000000000000000e+01
1.161900000000000000e+04 1.199740000000000009e+03 1.195720000000000027e+03 1.194509999999999991e+03 1.193220000000000027e+03 1.191029999999999973e+03 1.192210000000000036e+03 1.193269999999999982e+03 1.194700000000000045e+03 1.195980000000000018e+03 1.195359999999999900e+03 1.196480000000000018e+03 1.200000000000000000e+01
1.164600000000000000e+04 1.196259999999999991e+03 1.195569999999999936e+03 1.194210000000000036e+03 1.193910000000000082e+03 1.194849999999999909e+03 1.188789999999999964e+03 1.195490000000000009e+03 1.198369999999999891e+03 1.196809999999999945e+03 1.193619999999999891e+03 1.195470000000000027e+03 1.200000000000000000e+01
1.164700000000000000e+04 1.195569999999999936e+03 1.194210000000000036e+03 1.193910000000000082e+03 1.194849999999999909e+03 1.188789999999999964e+03 1.195490000000000009e+03 1.198369999999999891e+03 1.196809999999999945e+03 1.193619999999999891e+03 1.195470000000000027e+03 1.194359999999999900e+03 1.200000000000000000e+01
1.164800000000000000e+04 1.194210000000000036e+03 1.193910000000000082e+03 1.194849999999999909e+03 1.188789999999999964e+03 1.195490000000000009e+03 1.198369999999999891e+03 1.196809999999999945e+03 1.193619999999999891e+03 1.195470000000000027e+03 1.194359999999999900e+03 1.204000000000000000e+03 1.200000000000000000e+01
1.169500000000000000e+04 1.207069999999999936e+03 1.209319999999999936e+03 1.209259999999999991e+03 1.208670000000000073e+03 1.195819999999999936e+03 1.197210000000000036e+03 1.199099999999999909e+03 1.196640000000000100e+03 1.196900000000000091e+03 1.199230000000000018e+03 1.197970000000000027e+03 1.200000000000000000e+01
1.169600000000000000e+04 1.209319999999999936e+03 1.209259999999999991e+03 1.208670000000000073e+03 1.195819999999999936e+03 1.197210000000000036e+03 1.199099999999999909e+03 1.196640000000000100e+03 1.196900000000000091e+03 1.199230000000000018e+03 1.197970000000000027e+03 1.201000000000000000e+03 1.200000000000000000e+01
1.174800000000000000e+04 1.198569999999999936e+03 1.196849999999999909e+03 1.198559999999999945e+03 1.196599999999999909e+03 1.199200000000000045e+03 1.203319999999999936e+03 1.198190000000000055e+03 1.199720000000000027e+03 1.198880000000000109e+03 1.198309999999999945e+03 1.199089999999999918e+03 1.200000000000000000e+01
1.188000000000000000e+04 1.232019999999999982e+03 1.232750000000000000e+03 1.233130000000000109e+03 1.231650000000000091e+03 1.231529999999999973e+03 1.228690000000000055e+03 1.230039999999999964e+03 1.231359999999999900e+03 1.230490000000000009e+03 1.230009999999999991e+03 1.233910000000000082e+03 1.200000000000000000e+01
1.199000000000000000e+04 1.225619999999999891e+03 1.226049999999999955e+03 1.225220000000000027e+03 1.225839999999999918e+03 1.224029999999999973e+03 1.224210000000000036e+03 1.224380000000000109e+03 1.222740000000000009e+03 1.220160000000000082e+03 1.220569999999999936e+03 1.221960000000000036e+03 1.200000000000000000e+01
1.199100000000000000e+04 1.226049999999999955e+03 1.225220000000000027e+03 1.225839999999999918e+03 1.224029999999999973e+03 1.224210000000000036e+03 1.224380000000000109e+03 1.222740000000000009e+03 1.220160000000000082e+03 1.220569999999999936e+03 1.221960000000000036e+03 1.223349999999999909e+03 1.200000000000000000e+01
1.199200000000000000e+04 1.225220000000000027e+03 1.225839999999999918e+03 1.224029999999999973e+03 1.224210000000000036e+03 1.224380000000000109e+03 1.222740000000000009e+03 1.220160000000000082e+03 1.220569999999999936e+03 1.221960000000000036e+03 1.223349999999999909e+03 1.226769999999999982e+03 1.200000000000000000e+01
1.199300000000000000e+04 1.225839999999999918e+03 1.224029999999999973e+03 1.224210000000000036e+03 1.224380000000000109e+03 1.222740000000000009e+03 1.220160000000000082e+03 1.220569999999999936e+03 1.221960000000000036e+03 1.223349999999999909e+03 1.226769999999999982e+03 1.231619999999999891e+03 1.200000000000000000e+01
1.199400000000000000e+04 1.224029999999999973e+03 1.224210000000000036e+03 1.224380000000000109e+03 1.222740000000000009e+03 1.220160000000000082e+03 1.220569999999999936e+03 1.221960000000000036e+03 1.223349999999999909e+03 1.226769999999999982e+03 1.231619999999999891e+03 1.232009999999999991e+03 1.200000000000000000e+01
1.227100000000000000e+04 1.313539999999999964e+03 1.312369999999999891e+03 1.306329999999999927e+03 1.303869999999999891e+03 1.303960000000000036e+03 1.305900000000000091e+03 1.309069999999999936e+03 1.310779999999999973e+03 1.309950000000000045e+03 1.309740000000000009e+03 1.309559999999999945e+03 1.200000000000000000e+01
1.227200000000000000e+04 1.312369999999999891e+03 1.306329999999999927e+03 1.303869999999999891e+03 1.303960000000000036e+03 1.305900000000000091e+03 1.309069999999999936e+03 1.310779999999999973e+03 1.309950000000000045e+03 1.309740000000000009e+03 1.309559999999999945e+03 1.309190000000000055e+03 1.200000000000000000e+01
1.227300000000000000e+04 1.306329999999999927e+03 1.303869999999999891e+03 1.303960000000000036e+03 1.305900000000000091e+03 1.309069999999999936e+03 1.310779999999999973e+03 1.309950000000000045e+03 1.309740000000000009e+03 1.309559999999999945e+03 1.309190000000000055e+03 1.314680000000000064e+03 1.200000000000000000e+01
1.227400000000000000e+04 1.303869999999999891e+03 1.303960000000000036e+03 1.305900000000000091e+03 1.309069999999999936e+03 1.310779999999999973e+03 1.309950000000000045e+03 1.309740000000000009e+03 1.309559999999999945e+03 1.309190000000000055e+03 1.314680000000000064e+03 1.314900000000000091e+03 1.200000000000000000e+01
1.227600000000000000e+04 1.305900000000000091e+03 1.309069999999999936e+03 1.310779999999999973e+03 1.309950000000000045e+03 1.309740000000000009e+03 1.309559999999999945e+03 1.309190000000000055e+03 1.314680000000000064e+03 1.314900000000000091e+03 1.313950000000000045e+03 1.313789999999999964e+03 1.200000000000000000e+01
1.227700000000000000e+04 1.309069999999999936e+03 1.310779999999999973e+03 1.309950000000000045e+03 1.309740000000000009e+03 1.309559999999999945e+03 1.309190000000000055e+03 1.314680000000000064e+03 1.314900000000000091e+03 1.313950000000000045e+03 1.313789999999999964e+03 1.310809999999999945e+03 1.200000000000000000e+01
