1.510000000000000000e+02 1.354700000000000045e+03 1.350900000000000091e+03 1.350549999999999955e+03 1.348500000000000000e+03 1.354500000000000000e+03 1.348950000000000045e+03 1.348599999999999909e+03 1.346650000000000091e+03 1.347099999999999909e+03 1.347549999999999955e+03 1.346200000000000045e+03 3.000000000000000000e+00
1.520000000000000000e+02 1.350900000000000091e+03 1.350549999999999955e+03 1.348500000000000000e+03 1.354500000000000000e+03 1.348950000000000045e+03 1.348599999999999909e+03 1.346650000000000091e+03 1.347099999999999909e+03 1.347549999999999955e+03 1.346200000000000045e+03 1.348549999999999955e+03 3.000000000000000000e+00
1.530000000000000000e+02 1.350549999999999955e+03 1.348500000000000000e+03 1.354500000000000000e+03 1.348950000000000045e+03 1.348599999999999909e+03 1.346650000000000091e+03 1.347099999999999909e+03 1.347549999999999955e+03 1.346200000000000045e+03 1.348549999999999955e+03 1.351750000000000000e+03 3.000000000000000000e+00
1.540000000000000000e+02 1.348500000000000000e+03 1.354500000000000000e+03 1.348950000000000045e+03 1.348599999999999909e+03 1.346650000000000091e+03 1.347099999999999909e+03 1.347549999999999955e+03 1.346200000000000045e+03 1.348549999999999955e+03 1.351750000000000000e+03 1.351049999999999955e+03 3.000000000000000000e+00
1.550000000000000000e+02 1.354500000000000000e+03 1.348950000000000045e+03 1.348599999999999909e+03 1.346650000000000091e+03 1.347099999999999909e+03 1.347549999999999955e+03 1.346200000000000045e+03 1.348549999999999955e+03 1.351750000000000000e+03 1.351049999999999955e+03 1.351950000000000045e+03 3.000000000000000000e+00
1.560000000000000000e+02 1.348950000000000045e+03 1.348599999999999909e+03 1.346650000000000091e+03 1.347099999999999909e+03 1.347549999999999955e+03 1.346200000000000045e+03 1.348549999999999955e+03 1.351750000000000000e+03 1.351049999999999955e+03 1.351950000000000045e+03 1.351150000000000091e+03 3.000000000000000000e+00
1.570000000000000000e+02 1.348599999999999909e+03 1.346650000000000091e+03 1.347099999999999909e+03 1.347549999999999955e+03 1.346200000000000045e+03 1.348549999999999955e+03 1.351750000000000000e+03 1.351049999999999955e+03 1.351950000000000045e+03 1.351150000000000091e+03 1.361799999999999955e+03 3.000000000000000000e+00
3.330000000000000000e+02 1.415450000000000045e+03 1.420299999999999955e+03 1.417950000000000045e+03 1.419250000000000000e+03 1.427349999999999909e+03 1.427049999999999955e+03 1.428349999999999909e+03 1.429900000000000091e+03 1.426950000000000045e+03 1.426150000000000091e+03 1.430599999999999909e+03 3.000000000000000000e+00
3.340000000000000000e+02 1.420299999999999955e+03 1.417950000000000045e+03 1.419250000000000000e+03 1.427349999999999909e+03 1.427049999999999955e+03 1.428349999999999909e+03 1.429900000000000091e+03 1.426950000000000045e+03 1.426150000000000091e+03 1.430599999999999909e+03 1.427900000000000091e+03 3.000000000000000000e+00
3.350000000000000000e+02 1.417950000000000045e+03 1.419250000000000000e+03 1.427349999999999909e+03 1.427049999999999955e+03 1.428349999999999909e+03 1.429900000000000091e+03 1.426950000000000045e+03 1.426150000000000091e+03 1.430599999999999909e+03 1.427900000000000091e+03 1.423849999999999909e+03 3.000000000000000000e+00
3.360000000000000000e+02 1.419250000000000000e+03 1.427349999999999909e+03 1.427049999999999955e+03 1.428349999999999909e+03 1.429900000000000091e+03 1.426950000000000045e+03 1.426150000000000091e+03 1.430599999999999909e+03 1.427900000000000091e+03 1.423849999999999909e+03 1.425700000000000045e+03 3.000000000000000000e+00
3.380000000000000000e+02 1.427049999999999955e+03 1.428349999999999909e+03 1.429900000000000091e+03 1.426950000000000045e+03 1.426150000000000091e+03 1.430599999999999909e+03 1.427900000000000091e+03 1.423849999999999909e+03 1.425700000000000045e+03 1.425950000000000045e+03 1.428099999999999909e+03 3.000000000000000000e+00
5.710000000000000000e+02 1.489599999999999909e+03 1.490849999999999909e+03 1.490700000000000045e+03 1.498799999999999955e+03 1.493049999999999955e+03 1.490200000000000045e+03 1.491450000000000045e+03 1.493799999999999955e+03 1.492750000000000000e+03 1.479799999999999955e+03 1.481349999999999909e+03 3.000000000000000000e+00
5.720000000000000000e+02 1.490849999999999909e+03 1.490700000000000045e+03 1.498799999999999955e+03 1.493049999999999955e+03 1.490200000000000045e+03 1.491450000000000045e+03 1.493799999999999955e+03 1.492750000000000000e+03 1.479799999999999955e+03 1.481349999999999909e+03 1.486299999999999955e+03 3.000000000000000000e+00
5.730000000000000000e+02 1.490700000000000045e+03 1.498799999999999955e+03 1.493049999999999955e+03 1.490200000000000045e+03 1.491450000000000045e+03 1.493799999999999955e+03 1.492750000000000000e+03 1.479799999999999955e+03 1.481349999999999909e+03 1.486299999999999955e+03 1.489799999999999955e+03 3.000000000000000000e+00
1.013000000000000000e+03 1.843049999999999955e+03 1.812150000000000091e+03 1.814900000000000091e+03 1.816450000000000045e+03 1.837549999999999955e+03 1.835049999999999955e+03 1.832000000000000000e+03 1.855099999999999909e+03 1.852099999999999909e+03 1.869450000000000045e+03 1.857000000000000000e+03 3.000000000000000000e+00
1.015000000000000000e+03 1.814900000000000091e+03 1.816450000000000045e+03 1.837549999999999955e+03 1.835049999999999955e+03 1.832000000000000000e+03 1.855099999999999909e+03 1.852099999999999909e+03 1.869450000000000045e+03 1.857000000000000000e+03 1.869900000000000091e+03 1.873099999999999909e+03 3.000000000000000000e+00
1.020000000000000000e+03 1.855099999999999909e+03 1.852099999999999909e+03 1.869450000000000045e+03 1.857000000000000000e+03 1.869900000000000091e+03 1.873099999999999909e+03 1.858599999999999909e+03 1.860400000000000091e+03 1.855349999999999909e+03 1.850099999999999909e+03 1.848250000000000000e+03 3.000000000000000000e+00
1.021000000000000000e+03 1.852099999999999909e+03 1.869450000000000045e+03 1.857000000000000000e+03 1.869900000000000091e+03 1.873099999999999909e+03 1.858599999999999909e+03 1.860400000000000091e+03 1.855349999999999909e+03 1.850099999999999909e+03 1.848250000000000000e+03 1.843950000000000045e+03 3.000000000000000000e+00
1.143000000000000000e+03 1.653750000000000000e+03 1.656900000000000091e+03 1.652750000000000000e+03 1.646299999999999955e+03 1.634049999999999955e+03 1.632000000000000000e+03 1.652400000000000091e+03 1.650400000000000091e+03 1.663200000000000045e+03 1.659650000000000091e+03 1.672950000000000045e+03 3.000000000000000000e+00
1.144000000000000000e+03 1.656900000000000091e+03 1.652750000000000000e+03 1.646299999999999955e+03 1.634049999999999955e+03 1.632000000000000000e+03 1.652400000000000091e+03 1.650400000000000091e+03 1.663200000000000045e+03 1.659650000000000091e+03 1.672950000000000045e+03 1.675299999999999955e+03 3.000000000000000000e+00
1.370000000000000000e+03 1.716799999999999955e+03 1.704700000000000045e+03 1.742250000000000000e+03 1.745000000000000000e+03 1.747500000000000000e+03 1.747299999999999955e+03 1.743700000000000045e+03 1.750299999999999955e+03 1.743799999999999955e+03 1.743799999999999955e+03 1.744349999999999909e+03 3.000000000000000000e+00
1.472000000000000000e+03 1.610809999999999945e+03 1.608750000000000000e+03 1.604970000000000027e+03 1.606000000000000000e+03 1.606660000000000082e+03 1.593579999999999927e+03 1.597029999999999973e+03 1.597829999999999927e+03 1.596809999999999945e+03 1.593589999999999918e+03 1.592750000000000000e+03 3.000000000000000000e+00
1.473000000000000000e+03 1.608750000000000000e+03 1.604970000000000027e+03 1.606000000000000000e+03 1.606660000000000082e+03 1.593579999999999927e+03 1.597029999999999973e+03 1.597829999999999927e+03 1.596809999999999945e+03 1.593589999999999918e+03 1.592750000000000000e+03 1.587680000000000064e+03 3.000000000000000000e+00
1.685000000000000000e+03 1.716390000000000100e+03 1.719700000000000045e+03 1.724640000000000100e+03 1.726289999999999964e+03 1.725660000000000082e+03 1.734740000000000009e+03 1.727440000000000055e+03 1.727599999999999909e+03 1.721670000000000073e+03 1.720380000000000109e+03 1.718750000000000000e+03 3.000000000000000000e+00
1.709000000000000000e+03 1.734150000000000091e+03 1.733950000000000045e+03 1.734359999999999900e+03 1.741869999999999891e+03 1.737309999999999945e+03 1.747619999999999891e+03 1.755130000000000109e+03 1.759750000000000000e+03 1.754630000000000109e+03 1.756910000000000082e+03 1.754220000000000027e+03 3.000000000000000000e+00
1.873000000000000000e+03 1.661250000000000000e+03 1.657970000000000027e+03 1.655519999999999982e+03 1.658720000000000027e+03 1.654180000000000064e+03 1.660849999999999909e+03 1.663250000000000000e+03 1.661890000000000100e+03 1.664089999999999918e+03 1.661319999999999936e+03 1.669329999999999927e+03 3.000000000000000000e+00
1.931000000000000000e+03 1.676450000000000045e+03 1.674700000000000045e+03 1.675450000000000045e+03 1.675690000000000055e+03 1.671539999999999964e+03 1.666339999999999918e+03 1.653130000000000109e+03 1.657759999999999991e+03 1.651750000000000000e+03 1.647740000000000009e+03 1.650049999999999955e+03 3.000000000000000000e+00
1.932000000000000000e+03 1.674700000000000045e+03 1.675450000000000045e+03 1.675690000000000055e+03 1.671539999999999964e+03 1.666339999999999918e+03 1.653130000000000109e+03 1.657759999999999991e+03 1.651750000000000000e+03 1.647740000000000009e+03 1.650049999999999955e+03 1.653170000000000073e+03 3.000000000000000000e+00
1.933000000000000000e+03 1.675450000000000045e+03 1.675690000000000055e+03 1.671539999999999964e+03 1.666339999999999918e+03 1.653130000000000109e+03 1.657759999999999991e+03 1.651750000000000000e+03 1.647740000000000009e+03 1.650049999999999955e+03 1.653170000000000073e+03 1.651500000000000000e+03 3.000000000000000000e+00
1.934000000000000000e+03 1.675690000000000055e+03 1.671539999999999964e+03 1.666339999999999918e+03 1.653130000000000109e+03 1.657759999999999991e+03 1.651750000000000000e+03 1.647740000000000009e+03 1.650049999999999955e+03 1.653170000000000073e+03 1.651500000000000000e+03 1.652599999999999909e+03 3.000000000000000000e+00
1.935000000000000000e+03 1.671539999999999964e+03 1.666339999999999918e+03 1.653130000000000109e+03 1.657759999999999991e+03 1.651750000000000000e+03 1.647740000000000009e+03 1.650049999999999955e+03 1.653170000000000073e+03 1.651500000000000000e+03 1.652599999999999909e+03 1.649809999999999945e+03 3.000000000000000000e+00
1.936000000000000000e+03 1.666339999999999918e+03 1.653130000000000109e+03 1.657759999999999991e+03 1.651750000000000000e+03 1.647740000000000009e+03 1.650049999999999955e+03 1.653170000000000073e+03 1.651500000000000000e+03 1.652599999999999909e+03 1.649809999999999945e+03 1.648470000000000027e+03 3.000000000000000000e+00
1.938000000000000000e+03 1.657759999999999991e+03 1.651750000000000000e+03 1.647740000000000009e+03 1.650049999999999955e+03 1.653170000000000073e+03 1.651500000000000000e+03 1.652599999999999909e+03 1.649809999999999945e+03 1.648470000000000027e+03 1.652690000000000055e+03 1.639329999999999927e+03 3.000000000000000000e+00
2.092000000000000000e+03 1.588500000000000000e+03 1.588900000000000091e+03 1.592200000000000045e+03 1.591269999999999982e+03 1.589869999999999891e+03 1.577509999999999991e+03 1.580029999999999973e+03 1.577059999999999945e+03 1.567750000000000000e+03 1.559539999999999964e+03 1.559750000000000000e+03 3.000000000000000000e+00
2.093000000000000000e+03 1.588900000000000091e+03 1.592200000000000045e+03 1.591269999999999982e+03 1.589869999999999891e+03 1.577509999999999991e+03 1.580029999999999973e+03 1.577059999999999945e+03 1.567750000000000000e+03 1.559539999999999964e+03 1.559750000000000000e+03 1.555240000000000009e+03 3.000000000000000000e+00
2.101000000000000000e+03 1.559539999999999964e+03 1.559750000000000000e+03 1.555240000000000009e+03 1.553269999999999982e+03 1.547940000000000055e+03 1.561500000000000000e+03 1.561380000000000109e+03 1.557470000000000027e+03 1.559920000000000073e+03 1.568910000000000082e+03 1.553009999999999991e+03 3.000000000000000000e+00
2.102000000000000000e+03 1.559750000000000000e+03 1.555240000000000009e+03 1.553269999999999982e+03 1.547940000000000055e+03 1.561500000000000000e+03 1.561380000000000109e+03 1.557470000000000027e+03 1.559920000000000073e+03 1.568910000000000082e+03 1.553009999999999991e+03 1.557750000000000000e+03 3.000000000000000000e+00
2.103000000000000000e+03 1.555240000000000009e+03 1.553269999999999982e+03 1.547940000000000055e+03 1.561500000000000000e+03 1.561380000000000109e+03 1.557470000000000027e+03 1.559920000000000073e+03 1.568910000000000082e+03 1.553009999999999991e+03 1.557750000000000000e+03 1.556319999999999936e+03 3.000000000000000000e+00
2.104000000000000000e+03 1.553269999999999982e+03 1.547940000000000055e+03 1.561500000000000000e+03 1.561380000000000109e+03 1.557470000000000027e+03 1.559920000000000073e+03 1.568910000000000082e+03 1.553009999999999991e+03 1.557750000000000000e+03 1.556319999999999936e+03 1.554279999999999973e+03 3.000000000000000000e+00
2.105000000000000000e+03 1.547940000000000055e+03 1.561500000000000000e+03 1.561380000000000109e+03 1.557470000000000027e+03 1.559920000000000073e+03 1.568910000000000082e+03 1.553009999999999991e+03 1.557750000000000000e+03 1.556319999999999936e+03 1.554279999999999973e+03 1.559950000000000045e+03 3.000000000000000000e+00
2.267000000000000000e+03 1.601220000000000027e+03 1.596819999999999936e+03 1.590039999999999964e+03 1.592460000000000036e+03 1.592789999999999964e+03 1.592039999999999964e+03 1.597730000000000018e+03 1.595950000000000045e+03 1.596730000000000018e+03 1.604400000000000091e+03 1.608829999999999927e+03 3.000000000000000000e+00
2.268000000000000000e+03 1.596819999999999936e+03 1.590039999999999964e+03 1.592460000000000036e+03 1.592789999999999964e+03 1.592039999999999964e+03 1.597730000000000018e+03 1.595950000000000045e+03 1.596730000000000018e+03 1.604400000000000091e+03 1.608829999999999927e+03 1.619220000000000027e+03 3.000000000000000000e+00
2.284000000000000000e+03 1.615819999999999936e+03 1.614750000000000000e+03 1.618099999999999909e+03 1.614950000000000045e+03 1.617380000000000109e+03 1.604559999999999945e+03 1.608680000000000064e+03 1.604200000000000045e+03 1.605089999999999918e+03 1.602599999999999909e+03 1.593289999999999964e+03 3.000000000000000000e+00
2.292000000000000000e+03 1.605089999999999918e+03 1.602599999999999909e+03 1.593289999999999964e+03 1.587440000000000055e+03 1.578670000000000073e+03 1.583119999999999891e+03 1.582869999999999891e+03 1.582819999999999936e+03 1.582380000000000109e+03 1.586569999999999936e+03 1.591750000000000000e+03 3.000000000000000000e+00
2.293000000000000000e+03 1.602599999999999909e+03 1.593289999999999964e+03 1.587440000000000055e+03 1.578670000000000073e+03 1.583119999999999891e+03 1.582869999999999891e+03 1.582819999999999936e+03 1.582380000000000109e+03 1.586569999999999936e+03 1.591750000000000000e+03 1.587049999999999955e+03 3.000000000000000000e+00
2.346000000000000000e+03 1.576500000000000000e+03 1.577619999999999891e+03 1.582269999999999982e+03 1.583059999999999945e+03 1.578799999999999955e+03 1.581400000000000091e+03 1.582359999999999900e+03 1.582250000000000000e+03 1.580190000000000055e+03 1.576420000000000073e+03 1.583630000000000109e+03 3.000000000000000000e+00
2.347000000000000000e+03 1.577619999999999891e+03 1.582269999999999982e+03 1.583059999999999945e+03 1.578799999999999955e+03 1.581400000000000091e+03 1.582359999999999900e+03 1.582250000000000000e+03 1.580190000000000055e+03 1.576420000000000073e+03 1.583630000000000109e+03 1.584029999999999973e+03 3.000000000000000000e+00
2.348000000000000000e+03 1.582269999999999982e+03 1.583059999999999945e+03 1.578799999999999955e+03 1.581400000000000091e+03 1.582359999999999900e+03 1.582250000000000000e+03 1.580190000000000055e+03 1.576420000000000073e+03 1.583630000000000109e+03 1.584029999999999973e+03 1.579930000000000064e+03 3.000000000000000000e+00
2.349000000000000000e+03 1.583059999999999945e+03 1.578799999999999955e+03 1.581400000000000091e+03 1.582359999999999900e+03 1.582250000000000000e+03 1.580190000000000055e+03 1.576420000000000073e+03 1.583630000000000109e+03 1.584029999999999973e+03 1.579930000000000064e+03 1.578289999999999964e+03 3.000000000000000000e+00
2.350000000000000000e+03 1.578799999999999955e+03 1.581400000000000091e+03 1.582359999999999900e+03 1.582250000000000000e+03 1.580190000000000055e+03 1.576420000000000073e+03 1.583630000000000109e+03 1.584029999999999973e+03 1.579930000000000064e+03 1.578289999999999964e+03 1.571700000000000045e+03 3.000000000000000000e+00
2.354000000000000000e+03 1.580190000000000055e+03 1.576420000000000073e+03 1.583630000000000109e+03 1.584029999999999973e+03 1.579930000000000064e+03 1.578289999999999964e+03 1.571700000000000045e+03 1.572569999999999936e+03 1.576549999999999955e+03 1.576500000000000000e+03 1.577430000000000064e+03 3.000000000000000000e+00
3.041000000000000000e+03 1.676430000000000064e+03 1.681279999999999973e+03 1.681519999999999982e+03 1.692519999999999982e+03 1.686690000000000055e+03 1.686529999999999973e+03 1.686420000000000073e+03 1.687650000000000091e+03 1.681650000000000091e+03 1.679750000000000000e+03 1.673349999999999909e+03 3.000000000000000000e+00
3.042000000000000000e+03 1.681279999999999973e+03 1.681519999999999982e+03 1.692519999999999982e+03 1.686690000000000055e+03 1.686529999999999973e+03 1.686420000000000073e+03 1.687650000000000091e+03 1.681650000000000091e+03 1.679750000000000000e+03 1.673349999999999909e+03 1.663670000000000073e+03 3.000000000000000000e+00
3.179000000000000000e+03 1.670279999999999973e+03 1.664750000000000000e+03 1.666720000000000027e+03 1.674700000000000045e+03 1.674099999999999909e+03 1.673579999999999927e+03 1.676440000000000055e+03 1.677880000000000109e+03 1.673700000000000045e+03 1.671299999999999955e+03 1.672660000000000082e+03 3.000000000000000000e+00
3.182000000000000000e+03 1.674700000000000045e+03 1.674099999999999909e+03 1.673579999999999927e+03 1.676440000000000055e+03 1.677880000000000109e+03 1.673700000000000045e+03 1.671299999999999955e+03 1.672660000000000082e+03 1.673359999999999900e+03 1.672890000000000100e+03 1.668309999999999945e+03 3.000000000000000000e+00
3.183000000000000000e+03 1.674099999999999909e+03 1.673579999999999927e+03 1.676440000000000055e+03 1.677880000000000109e+03 1.673700000000000045e+03 1.671299999999999955e+03 1.672660000000000082e+03 1.673359999999999900e+03 1.672890000000000100e+03 1.668309999999999945e+03 1.675200000000000045e+03 3.000000000000000000e+00
3.184000000000000000e+03 1.673579999999999927e+03 1.676440000000000055e+03 1.677880000000000109e+03 1.673700000000000045e+03 1.671299999999999955e+03 1.672660000000000082e+03 1.673359999999999900e+03 1.672890000000000100e+03 1.668309999999999945e+03 1.675200000000000045e+03 1.676650000000000091e+03 3.000000000000000000e+00
3.185000000000000000e+03 1.676440000000000055e+03 1.677880000000000109e+03 1.673700000000000045e+03 1.671299999999999955e+03 1.672660000000000082e+03 1.673359999999999900e+03 1.672890000000000100e+03 1.668309999999999945e+03 1.675200000000000045e+03 1.676650000000000091e+03 1.677359999999999900e+03 3.000000000000000000e+00
3.292000000000000000e+03 1.581099999999999909e+03 1.569480000000000018e+03 1.584349999999999909e+03 1.573750000000000000e+03 1.576049999999999955e+03 1.578750000000000000e+03 1.578319999999999936e+03 1.577230000000000018e+03 1.574640000000000100e+03 1.573029999999999973e+03 1.573450000000000045e+03 3.000000000000000000e+00
3.348000000000000000e+03 1.586349999999999909e+03 1.590539999999999964e+03 1.590599999999999909e+03 1.592019999999999982e+03 1.594140000000000100e+03 1.592569999999999936e+03 1.595750000000000000e+03 1.591970000000000027e+03 1.591710000000000036e+03 1.597660000000000082e+03 1.598809999999999945e+03 3.000000000000000000e+00
3.349000000000000000e+03 1.590539999999999964e+03 1.590599999999999909e+03 1.592019999999999982e+03 1.594140000000000100e+03 1.592569999999999936e+03 1.595750000000000000e+03 1.591970000000000027e+03 1.591710000000000036e+03 1.597660000000000082e+03 1.598809999999999945e+03 1.602359999999999900e+03 3.000000000000000000e+00
3.350000000000000000e+03 1.590599999999999909e+03 1.592019999999999982e+03 1.594140000000000100e+03 1.592569999999999936e+03 1.595750000000000000e+03 1.591970000000000027e+03 1.591710000000000036e+03 1.597660000000000082e+03 1.598809999999999945e+03 1.602359999999999900e+03 1.603779999999999973e+03 3.000000000000000000e+00
3.351000000000000000e+03 1.592019999999999982e+03 1.594140000000000100e+03 1.592569999999999936e+03 1.595750000000000000e+03 1.591970000000000027e+03 1.591710000000000036e+03 1.597660000000000082e+03 1.598809999999999945e+03 1.602359999999999900e+03 1.603779999999999973e+03 1.605079999999999927e+03 3.000000000000000000e+00
3.352000000000000000e+03 1.594140000000000100e+03 1.592569999999999936e+03 1.595750000000000000e+03 1.591970000000000027e+03 1.591710000000000036e+03 1.597660000000000082e+03 1.598809999999999945e+03 1.602359999999999900e+03 1.603779999999999973e+03 1.605079999999999927e+03 1.605849999999999909e+03 3.000000000000000000e+00
3.509000000000000000e+03 1.414349999999999909e+03 1.407009999999999991e+03 1.411450000000000045e+03 1.412839999999999918e+03 1.423900000000000091e+03 1.428730000000000018e+03 1.421400000000000091e+03 1.428970000000000027e+03 1.427329999999999927e+03 1.431390000000000100e+03 1.435039999999999964e+03 3.000000000000000000e+00
3.510000000000000000e+03 1.407009999999999991e+03 1.411450000000000045e+03 1.412839999999999918e+03 1.423900000000000091e+03 1.428730000000000018e+03 1.421400000000000091e+03 1.428970000000000027e+03 1.427329999999999927e+03 1.431390000000000100e+03 1.435039999999999964e+03 1.443380000000000109e+03 3.000000000000000000e+00
3.647000000000000000e+03 1.386509999999999991e+03 1.389650000000000091e+03 1.387950000000000045e+03 1.386490000000000009e+03 1.387819999999999936e+03 1.392059999999999945e+03 1.393170000000000073e+03 1.394220000000000027e+03 1.394380000000000109e+03 1.391119999999999891e+03 1.389369999999999891e+03 3.000000000000000000e+00
3.648000000000000000e+03 1.389650000000000091e+03 1.387950000000000045e+03 1.386490000000000009e+03 1.387819999999999936e+03 1.392059999999999945e+03 1.393170000000000073e+03 1.394220000000000027e+03 1.394380000000000109e+03 1.391119999999999891e+03 1.389369999999999891e+03 1.381200000000000045e+03 3.000000000000000000e+00
3.649000000000000000e+03 1.387950000000000045e+03 1.386490000000000009e+03 1.387819999999999936e+03 1.392059999999999945e+03 1.393170000000000073e+03 1.394220000000000027e+03 1.394380000000000109e+03 1.391119999999999891e+03 1.389369999999999891e+03 1.381200000000000045e+03 1.383670000000000073e+03 3.000000000000000000e+00
3.650000000000000000e+03 1.386490000000000009e+03 1.387819999999999936e+03 1.392059999999999945e+03 1.393170000000000073e+03 1.394220000000000027e+03 1.394380000000000109e+03 1.391119999999999891e+03 1.389369999999999891e+03 1.381200000000000045e+03 1.383670000000000073e+03 1.383619999999999891e+03 3.000000000000000000e+00
3.651000000000000000e+03 1.387819999999999936e+03 1.392059999999999945e+03 1.393170000000000073e+03 1.394220000000000027e+03 1.394380000000000109e+03 1.391119999999999891e+03 1.389369999999999891e+03 1.381200000000000045e+03 1.383670000000000073e+03 1.383619999999999891e+03 1.380920000000000073e+03 3.000000000000000000e+00
3.652000000000000000e+03 1.392059999999999945e+03 1.393170000000000073e+03 1.394220000000000027e+03 1.394380000000000109e+03 1.391119999999999891e+03 1.389369999999999891e+03 1.381200000000000045e+03 1.383670000000000073e+03 1.383619999999999891e+03 1.380920000000000073e+03 1.386039999999999964e+03 3.000000000000000000e+00
3.653000000000000000e+03 1.393170000000000073e+03 1.394220000000000027e+03 1.394380000000000109e+03 1.391119999999999891e+03 1.389369999999999891e+03 1.381200000000000045e+03 1.383670000000000073e+03 1.383619999999999891e+03 1.380920000000000073e+03 1.386039999999999964e+03 1.383259999999999991e+03 3.000000000000000000e+00
3.654000000000000000e+03 1.394220000000000027e+03 1.394380000000000109e+03 1.391119999999999891e+03 1.389369999999999891e+03 1.381200000000000045e+03 1.383670000000000073e+03 1.383619999999999891e+03 1.380920000000000073e+03 1.386039999999999964e+03 1.383259999999999991e+03 1.385519999999999982e+03 3.000000000000000000e+00
3.655000000000000000e+03 1.394380000000000109e+03 1.391119999999999891e+03 1.389369999999999891e+03 1.381200000000000045e+03 1.383670000000000073e+03 1.383619999999999891e+03 1.380920000000000073e+03 1.386039999999999964e+03 1.383259999999999991e+03 1.385519999999999982e+03 1.385869999999999891e+03 3.000000000000000000e+00
3.669000000000000000e+03 1.402529999999999973e+03 1.406339999999999918e+03 1.413619999999999891e+03 1.415220000000000027e+03 1.413960000000000036e+03 1.420529999999999973e+03 1.418049999999999955e+03 1.410079999999999927e+03 1.396619999999999891e+03 1.393970000000000027e+03 1.387640000000000100e+03 3.000000000000000000e+00
3.670000000000000000e+03 1.406339999999999918e+03 1.413619999999999891e+03 1.415220000000000027e+03 1.413960000000000036e+03 1.420529999999999973e+03 1.418049999999999955e+03 1.410079999999999927e+03 1.396619999999999891e+03 1.393970000000000027e+03 1.387640000000000100e+03 1.394519999999999982e+03 3.000000000000000000e+00
3.948000000000000000e+03 1.331650000000000091e+03 1.328640000000000100e+03 1.322039999999999964e+03 1.321329999999999927e+03 1.322890000000000100e+03 1.320730000000000018e+03 1.323700000000000045e+03 1.326380000000000109e+03 1.333150000000000091e+03 1.335779999999999973e+03 1.341640000000000100e+03 3.000000000000000000e+00
4.132000000000000000e+03 1.327500000000000000e+03 1.323390000000000100e+03 1.321220000000000027e+03 1.335569999999999936e+03 1.333940000000000055e+03 1.332269999999999982e+03 1.332450000000000045e+03 1.332539999999999964e+03 1.331710000000000036e+03 1.323869999999999891e+03 1.323589999999999918e+03 3.000000000000000000e+00
4.133000000000000000e+03 1.323390000000000100e+03 1.321220000000000027e+03 1.335569999999999936e+03 1.333940000000000055e+03 1.332269999999999982e+03 1.332450000000000045e+03 1.332539999999999964e+03 1.331710000000000036e+03 1.323869999999999891e+03 1.323589999999999918e+03 1.323599999999999909e+03 3.000000000000000000e+00
4.134000000000000000e+03 1.321220000000000027e+03 1.335569999999999936e+03 1.333940000000000055e+03 1.332269999999999982e+03 1.332450000000000045e+03 1.332539999999999964e+03 1.331710000000000036e+03 1.323869999999999891e+03 1.323589999999999918e+03 1.323599999999999909e+03 1.324849999999999909e+03 3.000000000000000000e+00
4.135000000000000000e+03 1.335569999999999936e+03 1.333940000000000055e+03 1.332269999999999982e+03 1.332450000000000045e+03 1.332539999999999964e+03 1.331710000000000036e+03 1.323869999999999891e+03 1.323589999999999918e+03 1.323599999999999909e+03 1.324849999999999909e+03 1.324470000000000027e+03 3.000000000000000000e+00
4.560000000000000000e+03 1.231849999999999909e+03 1.228380000000000109e+03 1.226609999999999900e+03 1.226960000000000036e+03 1.222559999999999945e+03 1.221930000000000064e+03 1.225680000000000064e+03 1.226829999999999927e+03 1.225490000000000009e+03 1.226420000000000073e+03 1.226829999999999927e+03 3.000000000000000000e+00
4.561000000000000000e+03 1.228380000000000109e+03 1.226609999999999900e+03 1.226960000000000036e+03 1.222559999999999945e+03 1.221930000000000064e+03 1.225680000000000064e+03 1.226829999999999927e+03 1.225490000000000009e+03 1.226420000000000073e+03 1.226829999999999927e+03 1.227579999999999927e+03 3.000000000000000000e+00
4.657000000000000000e+03 1.263700000000000045e+03 1.263269999999999982e+03 1.253980000000000018e+03 1.241329999999999927e+03 1.243829999999999927e+03 1.243470000000000027e+03 1.243250000000000000e+03 1.242559999999999945e+03 1.242420000000000073e+03 1.251710000000000036e+03 1.240859999999999900e+03 3.000000000000000000e+00
4.948000000000000000e+03 1.311260999999999967e+03 1.309256000000000085e+03 1.308390000000000100e+03 1.309367999999999938e+03 1.311775000000000091e+03 1.309738000000000056e+03 1.302818999999999960e+03 1.305540999999999940e+03 1.311571999999999889e+03 1.314401000000000067e+03 1.316112000000000080e+03 3.000000000000000000e+00
5.028000000000000000e+03 1.296205999999999904e+03 1.295006000000000085e+03 1.294612000000000080e+03 1.287678000000000111e+03 1.295637999999999920e+03 1.296654999999999973e+03 1.295643000000000029e+03 1.294188000000000102e+03 1.293619999999999891e+03 1.291188000000000102e+03 1.293508000000000038e+03 3.000000000000000000e+00
5.029000000000000000e+03 1.295006000000000085e+03 1.294612000000000080e+03 1.287678000000000111e+03 1.295637999999999920e+03 1.296654999999999973e+03 1.295643000000000029e+03 1.294188000000000102e+03 1.293619999999999891e+03 1.291188000000000102e+03 1.293508000000000038e+03 1.293270999999999958e+03 3.000000000000000000e+00
5.030000000000000000e+03 1.294612000000000080e+03 1.287678000000000111e+03 1.295637999999999920e+03 1.296654999999999973e+03 1.295643000000000029e+03 1.294188000000000102e+03 1.293619999999999891e+03 1.291188000000000102e+03 1.293508000000000038e+03 1.293270999999999958e+03 1.291250000000000000e+03 3.000000000000000000e+00
5.031000000000000000e+03 1.287678000000000111e+03 1.295637999999999920e+03 1.296654999999999973e+03 1.295643000000000029e+03 1.294188000000000102e+03 1.293619999999999891e+03 1.291188000000000102e+03 1.293508000000000038e+03 1.293270999999999958e+03 1.291250000000000000e+03 1.290683999999999969e+03 3.000000000000000000e+00
5.032000000000000000e+03 1.295637999999999920e+03 1.296654999999999973e+03 1.295643000000000029e+03 1.294188000000000102e+03 1.293619999999999891e+03 1.291188000000000102e+03 1.293508000000000038e+03 1.293270999999999958e+03 1.291250000000000000e+03 1.290683999999999969e+03 1.288565000000000055e+03 3.000000000000000000e+00
5.034000000000000000e+03 1.295643000000000029e+03 1.294188000000000102e+03 1.293619999999999891e+03 1.291188000000000102e+03 1.293508000000000038e+03 1.293270999999999958e+03 1.291250000000000000e+03 1.290683999999999969e+03 1.288565000000000055e+03 1.282760999999999967e+03 1.280435999999999922e+03 3.000000000000000000e+00
5.205000000000000000e+03 1.254529999999999973e+03 1.253548000000000002e+03 1.251998000000000047e+03 1.252234999999999900e+03 1.254268000000000029e+03 1.253817999999999984e+03 1.261160000000000082e+03 1.260337999999999965e+03 1.259617999999999938e+03 1.260548000000000002e+03 1.261593000000000075e+03 3.000000000000000000e+00
5.212000000000000000e+03 1.260337999999999965e+03 1.259617999999999938e+03 1.260548000000000002e+03 1.261593000000000075e+03 1.262229000000000042e+03 1.263276000000000067e+03 1.260703999999999951e+03 1.260888999999999896e+03 1.261434999999999945e+03 1.260392000000000053e+03 1.261630000000000109e+03 3.000000000000000000e+00
5.554000000000000000e+03 1.289325000000000045e+03 1.290484999999999900e+03 1.288009000000000015e+03 1.285531999999999925e+03 1.286974999999999909e+03 1.287346999999999980e+03 1.286800999999999931e+03 1.285788999999999987e+03 1.286878999999999905e+03 1.289469000000000051e+03 1.286746000000000095e+03 3.000000000000000000e+00
5.555000000000000000e+03 1.290484999999999900e+03 1.288009000000000015e+03 1.285531999999999925e+03 1.286974999999999909e+03 1.287346999999999980e+03 1.286800999999999931e+03 1.285788999999999987e+03 1.286878999999999905e+03 1.289469000000000051e+03 1.286746000000000095e+03 1.286863000000000056e+03 3.000000000000000000e+00
5.556000000000000000e+03 1.288009000000000015e+03 1.285531999999999925e+03 1.286974999999999909e+03 1.287346999999999980e+03 1.286800999999999931e+03 1.285788999999999987e+03 1.286878999999999905e+03 1.289469000000000051e+03 1.286746000000000095e+03 1.286863000000000056e+03 1.286084000000000060e+03 3.000000000000000000e+00
5.557000000000000000e+03 1.285531999999999925e+03 1.286974999999999909e+03 1.287346999999999980e+03 1.286800999999999931e+03 1.285788999999999987e+03 1.286878999999999905e+03 1.289469000000000051e+03 1.286746000000000095e+03 1.286863000000000056e+03 1.286084000000000060e+03 1.281436999999999898e+03 3.000000000000000000e+00
5.558000000000000000e+03 1.286974999999999909e+03 1.287346999999999980e+03 1.286800999999999931e+03 1.285788999999999987e+03 1.286878999999999905e+03 1.289469000000000051e+03 1.286746000000000095e+03 1.286863000000000056e+03 1.286084000000000060e+03 1.281436999999999898e+03 1.276157999999999902e+03 3.000000000000000000e+00
5.559000000000000000e+03 1.287346999999999980e+03 1.286800999999999931e+03 1.285788999999999987e+03 1.286878999999999905e+03 1.289469000000000051e+03 1.286746000000000095e+03 1.286863000000000056e+03 1.286084000000000060e+03 1.281436999999999898e+03 1.276157999999999902e+03 1.268026000000000067e+03 3.000000000000000000e+00
5.877000000000000000e+03 1.162276000000000067e+03 1.159282999999999902e+03 1.161688000000000102e+03 1.159808999999999969e+03 1.164663999999999987e+03 1.163554000000000087e+03 1.162181000000000040e+03 1.161549999999999955e+03 1.156535000000000082e+03 1.154554000000000087e+03 1.150338999999999942e+03 3.000000000000000000e+00
5.878000000000000000e+03 1.159282999999999902e+03 1.161688000000000102e+03 1.159808999999999969e+03 1.164663999999999987e+03 1.163554000000000087e+03 1.162181000000000040e+03 1.161549999999999955e+03 1.156535000000000082e+03 1.154554000000000087e+03 1.150338999999999942e+03 1.188219000000000051e+03 3.000000000000000000e+00
6.309000000000000000e+03 1.218888999999999896e+03 1.214516000000000076e+03 1.209671000000000049e+03 1.209157999999999902e+03 1.209796000000000049e+03 1.209776000000000067e+03 1.206465999999999894e+03 1.208546000000000049e+03 1.213364000000000033e+03 1.212652000000000044e+03 1.220098999999999933e+03 3.000000000000000000e+00
6.322000000000000000e+03 1.214931000000000040e+03 1.207645999999999958e+03 1.206512999999999920e+03 1.204594000000000051e+03 1.209929000000000087e+03 1.208476000000000113e+03 1.205905999999999949e+03 1.204510999999999967e+03 1.203116999999999962e+03 1.206310999999999922e+03 1.208064000000000078e+03 3.000000000000000000e+00
6.327000000000000000e+03 1.208476000000000113e+03 1.205905999999999949e+03 1.204510999999999967e+03 1.203116999999999962e+03 1.206310999999999922e+03 1.208064000000000078e+03 1.202128999999999905e+03 1.205163999999999987e+03 1.200965999999999894e+03 1.200022999999999911e+03 1.203648999999999887e+03 3.000000000000000000e+00
6.328000000000000000e+03 1.205905999999999949e+03 1.204510999999999967e+03 1.203116999999999962e+03 1.206310999999999922e+03 1.208064000000000078e+03 1.202128999999999905e+03 1.205163999999999987e+03 1.200965999999999894e+03 1.200022999999999911e+03 1.203648999999999887e+03 1.203816000000000031e+03 3.000000000000000000e+00
6.329000000000000000e+03 1.204510999999999967e+03 1.203116999999999962e+03 1.206310999999999922e+03 1.208064000000000078e+03 1.202128999999999905e+03 1.205163999999999987e+03 1.200965999999999894e+03 1.200022999999999911e+03 1.203648999999999887e+03 1.203816000000000031e+03 1.199681000000000040e+03 3.000000000000000000e+00
6.330000000000000000e+03 1.203116999999999962e+03 1.206310999999999922e+03 1.208064000000000078e+03 1.202128999999999905e+03 1.205163999999999987e+03 1.200965999999999894e+03 1.200022999999999911e+03 1.203648999999999887e+03 1.203816000000000031e+03 1.199681000000000040e+03 1.202064000000000078e+03 3.000000000000000000e+00
6.331000000000000000e+03 1.206310999999999922e+03 1.208064000000000078e+03 1.202128999999999905e+03 1.205163999999999987e+03 1.200965999999999894e+03 1.200022999999999911e+03 1.203648999999999887e+03 1.203816000000000031e+03 1.199681000000000040e+03 1.202064000000000078e+03 1.198951000000000022e+03 3.000000000000000000e+00
6.585000000000000000e+03 1.182631000000000085e+03 1.186191000000000031e+03 1.188961000000000013e+03 1.188290999999999940e+03 1.187431000000000040e+03 1.186471000000000004e+03 1.188881000000000085e+03 1.197760999999999967e+03 1.193830999999999904e+03 1.192820999999999913e+03 1.193911000000000058e+03 3.000000000000000000e+00
6.762000000000000000e+03 1.181859999999999900e+03 1.180819999999999936e+03 1.178609999999999900e+03 1.178880000000000109e+03 1.188210000000000036e+03 1.186267000000000053e+03 1.185279999999999973e+03 1.186329999999999927e+03 1.183279999999999973e+03 1.182940000000000055e+03 1.181309999999999945e+03 3.000000000000000000e+00
6.763000000000000000e+03 1.180819999999999936e+03 1.178609999999999900e+03 1.178880000000000109e+03 1.188210000000000036e+03 1.186267000000000053e+03 1.185279999999999973e+03 1.186329999999999927e+03 1.183279999999999973e+03 1.182940000000000055e+03 1.181309999999999945e+03 1.181893000000000029e+03 3.000000000000000000e+00
7.175000000000000000e+03 1.129839999999999918e+03 1.129009999999999991e+03 1.133390000000000100e+03 1.140029999999999973e+03 1.137839999999999918e+03 1.139083000000000084e+03 1.137859999999999900e+03 1.137680000000000064e+03 1.138640000000000100e+03 1.133200000000000045e+03 1.133160000000000082e+03 3.000000000000000000e+00
7.176000000000000000e+03 1.129009999999999991e+03 1.133390000000000100e+03 1.140029999999999973e+03 1.137839999999999918e+03 1.139083000000000084e+03 1.137859999999999900e+03 1.137680000000000064e+03 1.138640000000000100e+03 1.133200000000000045e+03 1.133160000000000082e+03 1.133255000000000109e+03 3.000000000000000000e+00
7.515000000000000000e+03 1.071188000000000102e+03 1.068913000000000011e+03 1.072182999999999993e+03 1.074492999999999938e+03 1.069432999999999993e+03 1.074083000000000084e+03 1.074593000000000075e+03 1.076522999999999911e+03 1.077063000000000102e+03 1.075413000000000011e+03 1.082222999999999956e+03 3.000000000000000000e+00
7.516000000000000000e+03 1.068913000000000011e+03 1.072182999999999993e+03 1.074492999999999938e+03 1.069432999999999993e+03 1.074083000000000084e+03 1.074593000000000075e+03 1.076522999999999911e+03 1.077063000000000102e+03 1.075413000000000011e+03 1.082222999999999956e+03 1.077182999999999993e+03 3.000000000000000000e+00
7.517000000000000000e+03 1.072182999999999993e+03 1.074492999999999938e+03 1.069432999999999993e+03 1.074083000000000084e+03 1.074593000000000075e+03 1.076522999999999911e+03 1.077063000000000102e+03 1.075413000000000011e+03 1.082222999999999956e+03 1.077182999999999993e+03 1.072413000000000011e+03 3.000000000000000000e+00
7.532000000000000000e+03 1.072103000000000065e+03 1.071292999999999893e+03 1.067472999999999956e+03 1.068803000000000111e+03 1.068232999999999947e+03 1.064692999999999984e+03 1.075133000000000038e+03 1.077123000000000047e+03 1.074573000000000093e+03 1.075303000000000111e+03 1.067952999999999975e+03 3.000000000000000000e+00
7.533000000000000000e+03 1.071292999999999893e+03 1.067472999999999956e+03 1.068803000000000111e+03 1.068232999999999947e+03 1.064692999999999984e+03 1.075133000000000038e+03 1.077123000000000047e+03 1.074573000000000093e+03 1.075303000000000111e+03 1.067952999999999975e+03 1.072603000000000065e+03 3.000000000000000000e+00
7.534000000000000000e+03 1.067472999999999956e+03 1.068803000000000111e+03 1.068232999999999947e+03 1.064692999999999984e+03 1.075133000000000038e+03 1.077123000000000047e+03 1.074573000000000093e+03 1.075303000000000111e+03 1.067952999999999975e+03 1.072603000000000065e+03 1.063952999999999975e+03 3.000000000000000000e+00
7.535000000000000000e+03 1.068803000000000111e+03 1.068232999999999947e+03 1.064692999999999984e+03 1.075133000000000038e+03 1.077123000000000047e+03 1.074573000000000093e+03 1.075303000000000111e+03 1.067952999999999975e+03 1.072603000000000065e+03 1.063952999999999975e+03 1.059962999999999965e+03 3.000000000000000000e+00
7.583000000000000000e+03 1.074883000000000038e+03 1.071423000000000002e+03 1.070932999999999993e+03 1.069383000000000038e+03 1.070053000000000111e+03 1.072752999999999929e+03 1.073712999999999965e+03 1.073452999999999975e+03 1.072512999999999920e+03 1.076250000000000000e+03 1.072833000000000084e+03 3.000000000000000000e+00
7.584000000000000000e+03 1.071423000000000002e+03 1.070932999999999993e+03 1.069383000000000038e+03 1.070053000000000111e+03 1.072752999999999929e+03 1.073712999999999965e+03 1.073452999999999975e+03 1.072512999999999920e+03 1.076250000000000000e+03 1.072833000000000084e+03 1.073262999999999920e+03 3.000000000000000000e+00
7.585000000000000000e+03 1.070932999999999993e+03 1.069383000000000038e+03 1.070053000000000111e+03 1.072752999999999929e+03 1.073712999999999965e+03 1.073452999999999975e+03 1.072512999999999920e+03 1.076250000000000000e+03 1.072833000000000084e+03 1.073262999999999920e+03 1.072532999999999902e+03 3.000000000000000000e+00
7.594000000000000000e+03 1.073262999999999920e+03 1.072532999999999902e+03 1.071093000000000075e+03 1.069593000000000075e+03 1.068992999999999938e+03 1.071913000000000011e+03 1.073053000000000111e+03 1.071173000000000002e+03 1.070163000000000011e+03 1.069032999999999902e+03 1.068893000000000029e+03 3.000000000000000000e+00
7.595000000000000000e+03 1.072532999999999902e+03 1.071093000000000075e+03 1.069593000000000075e+03 1.068992999999999938e+03 1.071913000000000011e+03 1.073053000000000111e+03 1.071173000000000002e+03 1.070163000000000011e+03 1.069032999999999902e+03 1.068893000000000029e+03 1.070383000000000038e+03 3.000000000000000000e+00
7.596000000000000000e+03 1.071093000000000075e+03 1.069593000000000075e+03 1.068992999999999938e+03 1.071913000000000011e+03 1.073053000000000111e+03 1.071173000000000002e+03 1.070163000000000011e+03 1.069032999999999902e+03 1.068893000000000029e+03 1.070383000000000038e+03 1.070313000000000102e+03 3.000000000000000000e+00
7.597000000000000000e+03 1.069593000000000075e+03 1.068992999999999938e+03 1.071913000000000011e+03 1.073053000000000111e+03 1.071173000000000002e+03 1.070163000000000011e+03 1.069032999999999902e+03 1.068893000000000029e+03 1.070383000000000038e+03 1.070313000000000102e+03 1.070252999999999929e+03 3.000000000000000000e+00
7.865000000000000000e+03 1.231972999999999956e+03 1.228173000000000002e+03 1.226883000000000038e+03 1.230833000000000084e+03 1.231962999999999965e+03 1.240252999999999929e+03 1.239782999999999902e+03 1.238813000000000102e+03 1.239042999999999893e+03 1.241663000000000011e+03 1.241673000000000002e+03 3.000000000000000000e+00
8.002000000000000000e+03 1.222032999999999902e+03 1.216913000000000011e+03 1.215093000000000075e+03 1.218932999999999993e+03 1.225442999999999984e+03 1.232603000000000065e+03 1.234442999999999984e+03 1.228262999999999920e+03 1.231123000000000047e+03 1.231222999999999956e+03 1.229363000000000056e+03 3.000000000000000000e+00
8.003000000000000000e+03 1.216913000000000011e+03 1.215093000000000075e+03 1.218932999999999993e+03 1.225442999999999984e+03 1.232603000000000065e+03 1.234442999999999984e+03 1.228262999999999920e+03 1.231123000000000047e+03 1.231222999999999956e+03 1.229363000000000056e+03 1.226633000000000038e+03 3.000000000000000000e+00
8.004000000000000000e+03 1.215093000000000075e+03 1.218932999999999993e+03 1.225442999999999984e+03 1.232603000000000065e+03 1.234442999999999984e+03 1.228262999999999920e+03 1.231123000000000047e+03 1.231222999999999956e+03 1.229363000000000056e+03 1.226633000000000038e+03 1.218903000000000020e+03 3.000000000000000000e+00
8.190000000000000000e+03 1.278772999999999911e+03 1.279903000000000020e+03 1.275782999999999902e+03 1.270914999999999964e+03 1.271762999999999920e+03 1.272403000000000020e+03 1.258472999999999956e+03 1.259722999999999956e+03 1.257663000000000011e+03 1.255083000000000084e+03 1.245083000000000084e+03 3.000000000000000000e+00
8.495000000000000000e+03 1.339002999999999929e+03 1.338682999999999993e+03 1.341532999999999902e+03 1.342942999999999984e+03 1.334772999999999911e+03 1.334373000000000047e+03 1.338192999999999984e+03 1.337222999999999956e+03 1.331032999999999902e+03 1.345482999999999947e+03 1.346603000000000065e+03 3.000000000000000000e+00
8.741000000000000000e+03 1.334702999999999975e+03 1.334952999999999975e+03 1.338623000000000047e+03 1.338563000000000102e+03 1.338722999999999956e+03 1.334252999999999929e+03 1.338782999999999902e+03 1.340032999999999902e+03 1.337752999999999929e+03 1.337413000000000011e+03 1.335353000000000065e+03 3.000000000000000000e+00
8.742000000000000000e+03 1.334952999999999975e+03 1.338623000000000047e+03 1.338563000000000102e+03 1.338722999999999956e+03 1.334252999999999929e+03 1.338782999999999902e+03 1.340032999999999902e+03 1.337752999999999929e+03 1.337413000000000011e+03 1.335353000000000065e+03 1.334903000000000020e+03 3.000000000000000000e+00
8.743000000000000000e+03 1.338623000000000047e+03 1.338563000000000102e+03 1.338722999999999956e+03 1.334252999999999929e+03 1.338782999999999902e+03 1.340032999999999902e+03 1.337752999999999929e+03 1.337413000000000011e+03 1.335353000000000065e+03 1.334903000000000020e+03 1.333083000000000084e+03 3.000000000000000000e+00
8.744000000000000000e+03 1.338563000000000102e+03 1.338722999999999956e+03 1.334252999999999929e+03 1.338782999999999902e+03 1.340032999999999902e+03 1.337752999999999929e+03 1.337413000000000011e+03 1.335353000000000065e+03 1.334903000000000020e+03 1.333083000000000084e+03 1.327022999999999911e+03 3.000000000000000000e+00
8.745000000000000000e+03 1.338722999999999956e+03 1.334252999999999929e+03 1.338782999999999902e+03 1.340032999999999902e+03 1.337752999999999929e+03 1.337413000000000011e+03 1.335353000000000065e+03 1.334903000000000020e+03 1.333083000000000084e+03 1.327022999999999911e+03 1.326923000000000002e+03 3.000000000000000000e+00
8.746000000000000000e+03 1.334252999999999929e+03 1.338782999999999902e+03 1.340032999999999902e+03 1.337752999999999929e+03 1.337413000000000011e+03 1.335353000000000065e+03 1.334903000000000020e+03 1.333083000000000084e+03 1.327022999999999911e+03 1.326923000000000002e+03 1.326232999999999947e+03 3.000000000000000000e+00
8.747000000000000000e+03 1.338782999999999902e+03 1.340032999999999902e+03 1.337752999999999929e+03 1.337413000000000011e+03 1.335353000000000065e+03 1.334903000000000020e+03 1.333083000000000084e+03 1.327022999999999911e+03 1.326923000000000002e+03 1.326232999999999947e+03 1.325472999999999956e+03 3.000000000000000000e+00
9.134000000000000000e+03 1.137512999999999920e+03 1.143373000000000047e+03 1.141423000000000002e+03 1.137303000000000111e+03 1.138863000000000056e+03 1.141722999999999956e+03 1.142722999999999956e+03 1.140853000000000065e+03 1.138992999999999938e+03 1.138383000000000038e+03 1.141553000000000111e+03 3.000000000000000000e+00
1.023900000000000000e+04 1.289053000000000111e+03 1.290262999999999920e+03 1.288282999999999902e+03 1.290042999999999893e+03 1.287343000000000075e+03 1.289853000000000065e+03 1.290982999999999947e+03 1.286042999999999893e+03 1.291512999999999920e+03 1.293383000000000038e+03 1.294762999999999920e+03 3.000000000000000000e+00
1.025600000000000000e+04 1.294359999999999900e+03 1.300279999999999973e+03 1.300990000000000009e+03 1.303299999999999955e+03 1.302309999999999945e+03 1.301910000000000082e+03 1.303579999999999927e+03 1.305400000000000091e+03 1.303380000000000109e+03 1.294569999999999936e+03 1.293680000000000064e+03 3.000000000000000000e+00
1.025700000000000000e+04 1.300279999999999973e+03 1.300990000000000009e+03 1.303299999999999955e+03 1.302309999999999945e+03 1.301910000000000082e+03 1.303579999999999927e+03 1.305400000000000091e+03 1.303380000000000109e+03 1.294569999999999936e+03 1.293680000000000064e+03 1.292589999999999918e+03 3.000000000000000000e+00
1.025800000000000000e+04 1.300990000000000009e+03 1.303299999999999955e+03 1.302309999999999945e+03 1.301910000000000082e+03 1.303579999999999927e+03 1.305400000000000091e+03 1.303380000000000109e+03 1.294569999999999936e+03 1.293680000000000064e+03 1.292589999999999918e+03 1.289250000000000000e+03 3.000000000000000000e+00
1.033700000000000000e+04 1.274519999999999982e+03 1.277299999999999955e+03 1.279849999999999909e+03 1.275869999999999891e+03 1.276299999999999955e+03 1.276960000000000036e+03 1.276150000000000091e+03 1.277200000000000045e+03 1.276900000000000091e+03 1.275119999999999891e+03 1.276960000000000036e+03 3.000000000000000000e+00
1.087900000000000000e+04 1.318589999999999918e+03 1.325519999999999982e+03 1.326680000000000064e+03 1.326309999999999945e+03 1.326690000000000055e+03 1.328789999999999964e+03 1.324349999999999909e+03 1.323680000000000064e+03 1.324670000000000073e+03 1.324740000000000009e+03 1.326730000000000018e+03 3.000000000000000000e+00
1.100400000000000000e+04 1.349490000000000009e+03 1.346829999999999927e+03 1.343250000000000000e+03 1.338059999999999945e+03 1.334869999999999891e+03 1.337789999999999964e+03 1.340430000000000064e+03 1.341119999999999891e+03 1.338619999999999891e+03 1.346519999999999982e+03 1.345069999999999936e+03 3.000000000000000000e+00
1.100500000000000000e+04 1.346829999999999927e+03 1.343250000000000000e+03 1.338059999999999945e+03 1.334869999999999891e+03 1.337789999999999964e+03 1.340430000000000064e+03 1.341119999999999891e+03 1.338619999999999891e+03 1.346519999999999982e+03 1.345069999999999936e+03 1.343940000000000055e+03 3.000000000000000000e+00
1.100600000000000000e+04 1.343250000000000000e+03 1.338059999999999945e+03 1.334869999999999891e+03 1.337789999999999964e+03 1.340430000000000064e+03 1.341119999999999891e+03 1.338619999999999891e+03 1.346519999999999982e+03 1.345069999999999936e+03 1.343940000000000055e+03 1.345930000000000064e+03 3.000000000000000000e+00
1.100700000000000000e+04 1.338059999999999945e+03 1.334869999999999891e+03 1.337789999999999964e+03 1.340430000000000064e+03 1.341119999999999891e+03 1.338619999999999891e+03 1.346519999999999982e+03 1.345069999999999936e+03 1.343940000000000055e+03 1.345930000000000064e+03 1.345119999999999891e+03 3.000000000000000000e+00
1.100800000000000000e+04 1.334869999999999891e+03 1.337789999999999964e+03 1.340430000000000064e+03 1.341119999999999891e+03 1.338619999999999891e+03 1.346519999999999982e+03 1.345069999999999936e+03 1.343940000000000055e+03 1.345930000000000064e+03 1.345119999999999891e+03 1.345589999999999918e+03 3.000000000000000000e+00
1.119500000000000000e+04 1.298920000000000073e+03 1.298880000000000109e+03 1.297319999999999936e+03 1.297950000000000045e+03 1.298019999999999982e+03 1.300079999999999927e+03 1.297869999999999891e+03 1.304000000000000000e+03 1.297720000000000027e+03 1.302059999999999945e+03 1.298640000000000100e+03 3.000000000000000000e+00
1.119700000000000000e+04 1.297319999999999936e+03 1.297950000000000045e+03 1.298019999999999982e+03 1.300079999999999927e+03 1.297869999999999891e+03 1.304000000000000000e+03 1.297720000000000027e+03 1.302059999999999945e+03 1.298640000000000100e+03 1.301930000000000064e+03 1.298660000000000082e+03 3.000000000000000000e+00
1.119800000000000000e+04 1.297950000000000045e+03 1.298019999999999982e+03 1.300079999999999927e+03 1.297869999999999891e+03 1.304000000000000000e+03 1.297720000000000027e+03 1.302059999999999945e+03 1.298640000000000100e+03 1.301930000000000064e+03 1.298660000000000082e+03 1.298910000000000082e+03 3.000000000000000000e+00
1.119900000000000000e+04 1.298019999999999982e+03 1.300079999999999927e+03 1.297869999999999891e+03 1.304000000000000000e+03 1.297720000000000027e+03 1.302059999999999945e+03 1.298640000000000100e+03 1.301930000000000064e+03 1.298660000000000082e+03 1.298910000000000082e+03 1.300529999999999973e+03 3.000000000000000000e+00
1.120000000000000000e+04 1.300079999999999927e+03 1.297869999999999891e+03 1.304000000000000000e+03 1.297720000000000027e+03 1.302059999999999945e+03 1.298640000000000100e+03 1.301930000000000064e+03 1.298660000000000082e+03 1.298910000000000082e+03 1.300529999999999973e+03 1.302000000000000000e+03 3.000000000000000000e+00
1.120200000000000000e+04 1.304000000000000000e+03 1.297720000000000027e+03 1.302059999999999945e+03 1.298640000000000100e+03 1.301930000000000064e+03 1.298660000000000082e+03 1.298910000000000082e+03 1.300529999999999973e+03 1.302000000000000000e+03 1.301549999999999955e+03 1.303180000000000064e+03 3.000000000000000000e+00
1.120400000000000000e+04 1.302059999999999945e+03 1.298640000000000100e+03 1.301930000000000064e+03 1.298660000000000082e+03 1.298910000000000082e+03 1.300529999999999973e+03 1.302000000000000000e+03 1.301549999999999955e+03 1.303180000000000064e+03 1.303160000000000082e+03 1.304609999999999900e+03 3.000000000000000000e+00
1.120500000000000000e+04 1.298640000000000100e+03 1.301930000000000064e+03 1.298660000000000082e+03 1.298910000000000082e+03 1.300529999999999973e+03 1.302000000000000000e+03 1.301549999999999955e+03 1.303180000000000064e+03 1.303160000000000082e+03 1.304609999999999900e+03 1.299670000000000073e+03 3.000000000000000000e+00
1.126000000000000000e+04 1.298579999999999927e+03 1.296880000000000109e+03 1.297680000000000064e+03 1.295630000000000109e+03 1.296549999999999955e+03 1.295549999999999955e+03 1.295089999999999918e+03 1.294910000000000082e+03 1.294339999999999918e+03 1.296589999999999918e+03 1.298150000000000091e+03 3.000000000000000000e+00
1.126100000000000000e+04 1.296880000000000109e+03 1.297680000000000064e+03 1.295630000000000109e+03 1.296549999999999955e+03 1.295549999999999955e+03 1.295089999999999918e+03 1.294910000000000082e+03 1.294339999999999918e+03 1.296589999999999918e+03 1.298150000000000091e+03 1.299460000000000036e+03 3.000000000000000000e+00
1.126200000000000000e+04 1.297680000000000064e+03 1.295630000000000109e+03 1.296549999999999955e+03 1.295549999999999955e+03 1.295089999999999918e+03 1.294910000000000082e+03 1.294339999999999918e+03 1.296589999999999918e+03 1.298150000000000091e+03 1.299460000000000036e+03 1.298950000000000045e+03 3.000000000000000000e+00
1.126300000000000000e+04 1.295630000000000109e+03 1.296549999999999955e+03 1.295549999999999955e+03 1.295089999999999918e+03 1.294910000000000082e+03 1.294339999999999918e+03 1.296589999999999918e+03 1.298150000000000091e+03 1.299460000000000036e+03 1.298950000000000045e+03 1.299329999999999927e+03 3.000000000000000000e+00
1.126400000000000000e+04 1.296549999999999955e+03 1.295549999999999955e+03 1.295089999999999918e+03 1.294910000000000082e+03 1.294339999999999918e+03 1.296589999999999918e+03 1.298150000000000091e+03 1.299460000000000036e+03 1.298950000000000045e+03 1.299329999999999927e+03 1.302970000000000027e+03 3.000000000000000000e+00
1.137900000000000000e+04 1.258049999999999955e+03 1.258900000000000091e+03 1.252509999999999991e+03 1.254089999999999918e+03 1.254369999999999891e+03 1.255930000000000064e+03 1.253329999999999927e+03 1.251069999999999936e+03 1.250930000000000064e+03 1.251970000000000027e+03 1.245059999999999945e+03 3.000000000000000000e+00
1.138200000000000000e+04 1.254089999999999918e+03 1.254369999999999891e+03 1.255930000000000064e+03 1.253329999999999927e+03 1.251069999999999936e+03 1.250930000000000064e+03 1.251970000000000027e+03 1.245059999999999945e+03 1.242180000000000064e+03 1.241359999999999900e+03 1.244509999999999991e+03 3.000000000000000000e+00
1.138300000000000000e+04 1.254369999999999891e+03 1.255930000000000064e+03 1.253329999999999927e+03 1.251069999999999936e+03 1.250930000000000064e+03 1.251970000000000027e+03 1.245059999999999945e+03 1.242180000000000064e+03 1.241359999999999900e+03 1.244509999999999991e+03 1.245170000000000073e+03 3.000000000000000000e+00
1.167500000000000000e+04 1.199349999999999909e+03 1.202420000000000073e+03 1.200930000000000064e+03 1.198859999999999900e+03 1.198259999999999991e+03 1.198839999999999918e+03 1.201019999999999982e+03 1.198289999999999964e+03 1.198039999999999964e+03 1.199000000000000000e+03 1.201940000000000055e+03 3.000000000000000000e+00
1.170800000000000000e+04 1.198210000000000036e+03 1.198559999999999945e+03 1.199750000000000000e+03 1.200740000000000009e+03 1.200930000000000064e+03 1.201059999999999945e+03 1.200019999999999982e+03 1.201950000000000045e+03 1.199670000000000073e+03 1.195710000000000036e+03 1.196000000000000000e+03 3.000000000000000000e+00
1.170900000000000000e+04 1.198559999999999945e+03 1.199750000000000000e+03 1.200740000000000009e+03 1.200930000000000064e+03 1.201059999999999945e+03 1.200019999999999982e+03 1.201950000000000045e+03 1.199670000000000073e+03 1.195710000000000036e+03 1.196000000000000000e+03 1.194220000000000027e+03 3.000000000000000000e+00
1.175600000000000000e+04 1.198880000000000109e+03 1.198309999999999945e+03 1.199089999999999918e+03 1.204289999999999964e+03 1.201289999999999964e+03 1.202750000000000000e+03 1.202160000000000082e+03 1.196809999999999945e+03 1.194440000000000055e+03 1.186019999999999982e+03 1.186380000000000109e+03 3.000000000000000000e+00
1.175700000000000000e+04 1.198309999999999945e+03 1.199089999999999918e+03 1.204289999999999964e+03 1.201289999999999964e+03 1.202750000000000000e+03 1.202160000000000082e+03 1.196809999999999945e+03 1.194440000000000055e+03 1.186019999999999982e+03 1.186380000000000109e+03 1.187960000000000036e+03 3.000000000000000000e+00
1.175800000000000000e+04 1.199089999999999918e+03 1.204289999999999964e+03 1.201289999999999964e+03 1.202750000000000000e+03 1.202160000000000082e+03 1.196809999999999945e+03 1.194440000000000055e+03 1.186019999999999982e+03 1.186380000000000109e+03 1.187960000000000036e+03 1.189740000000000009e+03 3.000000000000000000e+00
1.175900000000000000e+04 1.204289999999999964e+03 1.201289999999999964e+03 1.202750000000000000e+03 1.202160000000000082e+03 1.196809999999999945e+03 1.194440000000000055e+03 1.186019999999999982e+03 1.186380000000000109e+03 1.187960000000000036e+03 1.189740000000000009e+03 1.191279999999999973e+03 3.000000000000000000e+00
1.189400000000000000e+04 1.226869999999999891e+03 1.228880000000000109e+03 1.233470000000000027e+03 1.228559999999999945e+03 1.228529999999999973e+03 1.226359999999999900e+03 1.226440000000000055e+03 1.224539999999999964e+03 1.222779999999999973e+03 1.222130000000000109e+03 1.223119999999999891e+03 3.000000000000000000e+00
1.189600000000000000e+04 1.233470000000000027e+03 1.228559999999999945e+03 1.228529999999999973e+03 1.226359999999999900e+03 1.226440000000000055e+03 1.224539999999999964e+03 1.222779999999999973e+03 1.222130000000000109e+03 1.223119999999999891e+03 1.223369999999999891e+03 1.221180000000000064e+03 3.000000000000000000e+00
1.189800000000000000e+04 1.228529999999999973e+03 1.226359999999999900e+03 1.226440000000000055e+03 1.224539999999999964e+03 1.222779999999999973e+03 1.222130000000000109e+03 1.223119999999999891e+03 1.223369999999999891e+03 1.221180000000000064e+03 1.220000000000000000e+03 1.220160000000000082e+03 3.000000000000000000e+00
1.189900000000000000e+04 1.226359999999999900e+03 1.226440000000000055e+03 1.224539999999999964e+03 1.222779999999999973e+03 1.222130000000000109e+03 1.223119999999999891e+03 1.223369999999999891e+03 1.221180000000000064e+03 1.220000000000000000e+03 1.220160000000000082e+03 1.212019999999999982e+03 3.000000000000000000e+00
1.194800000000000000e+04 1.222089999999999918e+03 1.222589999999999918e+03 1.222079999999999927e+03 1.226740000000000009e+03 1.221940000000000055e+03 1.221519999999999982e+03 1.221380000000000109e+03 1.221210000000000036e+03 1.224789999999999964e+03 1.226210000000000036e+03 1.227559999999999945e+03 3.000000000000000000e+00
1.194900000000000000e+04 1.222589999999999918e+03 1.222079999999999927e+03 1.226740000000000009e+03 1.221940000000000055e+03 1.221519999999999982e+03 1.221380000000000109e+03 1.221210000000000036e+03 1.224789999999999964e+03 1.226210000000000036e+03 1.227559999999999945e+03 1.225819999999999936e+03 3.000000000000000000e+00
1.195000000000000000e+04 1.222079999999999927e+03 1.226740000000000009e+03 1.221940000000000055e+03 1.221519999999999982e+03 1.221380000000000109e+03 1.221210000000000036e+03 1.224789999999999964e+03 1.226210000000000036e+03 1.227559999999999945e+03 1.225819999999999936e+03 1.225890000000000100e+03 3.000000000000000000e+00
1.195100000000000000e+04 1.226740000000000009e+03 1.221940000000000055e+03 1.221519999999999982e+03 1.221380000000000109e+03 1.221210000000000036e+03 1.224789999999999964e+03 1.226210000000000036e+03 1.227559999999999945e+03 1.225819999999999936e+03 1.225890000000000100e+03 1.227190000000000055e+03 3.000000000000000000e+00
1.195200000000000000e+04 1.221940000000000055e+03 1.221519999999999982e+03 1.221380000000000109e+03 1.221210000000000036e+03 1.224789999999999964e+03 1.226210000000000036e+03 1.227559999999999945e+03 1.225819999999999936e+03 1.225890000000000100e+03 1.227190000000000055e+03 1.227569999999999936e+03 3.000000000000000000e+00
1.195300000000000000e+04 1.221519999999999982e+03 1.221380000000000109e+03 1.221210000000000036e+03 1.224789999999999964e+03 1.226210000000000036e+03 1.227559999999999945e+03 1.225819999999999936e+03 1.225890000000000100e+03 1.227190000000000055e+03 1.227569999999999936e+03 1.227720000000000027e+03 3.000000000000000000e+00
1.241700000000000000e+04 1.303920000000000073e+03 1.304480000000000018e+03 1.307750000000000000e+03 1.308630000000000109e+03 1.308539999999999964e+03 1.309099999999999909e+03 1.306109999999999900e+03 1.304490000000000009e+03 1.297109999999999900e+03 1.294630000000000109e+03 1.295720000000000027e+03 3.000000000000000000e+00
1.252400000000000000e+04 1.291490000000000009e+03 1.293789999999999964e+03 1.296289999999999964e+03 1.297230000000000018e+03 1.303240000000000009e+03 1.297769999999999982e+03 1.297490000000000009e+03 1.299079999999999927e+03 1.299130000000000109e+03 1.301309999999999945e+03 1.304690000000000055e+03 3.000000000000000000e+00
1.253000000000000000e+04 1.297490000000000009e+03 1.299079999999999927e+03 1.299130000000000109e+03 1.301309999999999945e+03 1.304690000000000055e+03 1.304200000000000045e+03 1.303900000000000091e+03 1.303529999999999973e+03 1.302400000000000091e+03 1.304269999999999982e+03 1.302440000000000055e+03 3.000000000000000000e+00
1.253200000000000000e+04 1.299130000000000109e+03 1.301309999999999945e+03 1.304690000000000055e+03 1.304200000000000045e+03 1.303900000000000091e+03 1.303529999999999973e+03 1.302400000000000091e+03 1.304269999999999982e+03 1.302440000000000055e+03 1.309910000000000082e+03 1.307940000000000055e+03 3.000000000000000000e+00
1.254700000000000000e+04 1.292789999999999964e+03 1.292259999999999991e+03 1.293289999999999964e+03 1.292799999999999955e+03 1.293539999999999964e+03 1.291740000000000009e+03 1.291940000000000055e+03 1.290460000000000036e+03 1.290230000000000018e+03 1.289210000000000036e+03 1.286380000000000109e+03 3.000000000000000000e+00
