5.500000000000000000e+02 1.509500000000000000e+03 1.518700000000000045e+03 1.515700000000000045e+03 1.522450000000000045e+03 1.523150000000000091e+03 1.523250000000000000e+03 1.508000000000000000e+03 1.501049999999999955e+03 1.500500000000000000e+03 1.503950000000000045e+03 1.497000000000000000e+03 9.000000000000000000e+00
5.510000000000000000e+02 1.518700000000000045e+03 1.515700000000000045e+03 1.522450000000000045e+03 1.523150000000000091e+03 1.523250000000000000e+03 1.508000000000000000e+03 1.501049999999999955e+03 1.500500000000000000e+03 1.503950000000000045e+03 1.497000000000000000e+03 1.485099999999999909e+03 9.000000000000000000e+00
9.570000000000000000e+02 1.758549999999999955e+03 1.762150000000000091e+03 1.736849999999999909e+03 1.709599999999999909e+03 1.727049999999999955e+03 1.758900000000000091e+03 1.772599999999999909e+03 1.762099999999999909e+03 1.775250000000000000e+03 1.788000000000000000e+03 1.781099999999999909e+03 9.000000000000000000e+00
9.590000000000000000e+02 1.736849999999999909e+03 1.709599999999999909e+03 1.727049999999999955e+03 1.758900000000000091e+03 1.772599999999999909e+03 1.762099999999999909e+03 1.775250000000000000e+03 1.788000000000000000e+03 1.781099999999999909e+03 1.802500000000000000e+03 1.827599999999999909e+03 9.000000000000000000e+00
9.830000000000000000e+02 1.833200000000000045e+03 1.824799999999999955e+03 1.818000000000000000e+03 1.828450000000000045e+03 1.825049999999999955e+03 1.822799999999999955e+03 1.821549999999999955e+03 1.819000000000000000e+03 1.826950000000000045e+03 1.829150000000000091e+03 1.825000000000000000e+03 9.000000000000000000e+00
1.043000000000000000e+03 1.833099999999999909e+03 1.820500000000000000e+03 1.821750000000000000e+03 1.820150000000000091e+03 1.813000000000000000e+03 1.809000000000000000e+03 1.809750000000000000e+03 1.786849999999999909e+03 1.780549999999999955e+03 1.789400000000000091e+03 1.775450000000000045e+03 9.000000000000000000e+00
1.322000000000000000e+03 1.719950000000000045e+03 1.725400000000000091e+03 1.721200000000000045e+03 1.730400000000000091e+03 1.717349999999999909e+03 1.721849999999999909e+03 1.721099999999999909e+03 1.720150000000000091e+03 1.721200000000000045e+03 1.706299999999999955e+03 1.699500000000000000e+03 9.000000000000000000e+00
1.323000000000000000e+03 1.725400000000000091e+03 1.721200000000000045e+03 1.730400000000000091e+03 1.717349999999999909e+03 1.721849999999999909e+03 1.721099999999999909e+03 1.720150000000000091e+03 1.721200000000000045e+03 1.706299999999999955e+03 1.699500000000000000e+03 1.669799999999999955e+03 9.000000000000000000e+00
1.673000000000000000e+03 1.717099999999999909e+03 1.721410000000000082e+03 1.725390000000000100e+03 1.727039999999999964e+03 1.728789999999999964e+03 1.719299999999999955e+03 1.723769999999999982e+03 1.721750000000000000e+03 1.717420000000000073e+03 1.716069999999999936e+03 1.720200000000000045e+03 9.000000000000000000e+00
1.674000000000000000e+03 1.721410000000000082e+03 1.725390000000000100e+03 1.727039999999999964e+03 1.728789999999999964e+03 1.719299999999999955e+03 1.723769999999999982e+03 1.721750000000000000e+03 1.717420000000000073e+03 1.716069999999999936e+03 1.720200000000000045e+03 1.723470000000000027e+03 9.000000000000000000e+00
1.675000000000000000e+03 1.725390000000000100e+03 1.727039999999999964e+03 1.728789999999999964e+03 1.719299999999999955e+03 1.723769999999999982e+03 1.721750000000000000e+03 1.717420000000000073e+03 1.716069999999999936e+03 1.720200000000000045e+03 1.723470000000000027e+03 1.716390000000000100e+03 9.000000000000000000e+00
1.676000000000000000e+03 1.727039999999999964e+03 1.728789999999999964e+03 1.719299999999999955e+03 1.723769999999999982e+03 1.721750000000000000e+03 1.717420000000000073e+03 1.716069999999999936e+03 1.720200000000000045e+03 1.723470000000000027e+03 1.716390000000000100e+03 1.719700000000000045e+03 9.000000000000000000e+00
1.677000000000000000e+03 1.728789999999999964e+03 1.719299999999999955e+03 1.723769999999999982e+03 1.721750000000000000e+03 1.717420000000000073e+03 1.716069999999999936e+03 1.720200000000000045e+03 1.723470000000000027e+03 1.716390000000000100e+03 1.719700000000000045e+03 1.724640000000000100e+03 9.000000000000000000e+00
1.678000000000000000e+03 1.719299999999999955e+03 1.723769999999999982e+03 1.721750000000000000e+03 1.717420000000000073e+03 1.716069999999999936e+03 1.720200000000000045e+03 1.723470000000000027e+03 1.716390000000000100e+03 1.719700000000000045e+03 1.724640000000000100e+03 1.726289999999999964e+03 9.000000000000000000e+00
1.679000000000000000e+03 1.723769999999999982e+03 1.721750000000000000e+03 1.717420000000000073e+03 1.716069999999999936e+03 1.720200000000000045e+03 1.723470000000000027e+03 1.716390000000000100e+03 1.719700000000000045e+03 1.724640000000000100e+03 1.726289999999999964e+03 1.725660000000000082e+03 9.000000000000000000e+00
1.680000000000000000e+03 1.721750000000000000e+03 1.717420000000000073e+03 1.716069999999999936e+03 1.720200000000000045e+03 1.723470000000000027e+03 1.716390000000000100e+03 1.719700000000000045e+03 1.724640000000000100e+03 1.726289999999999964e+03 1.725660000000000082e+03 1.734740000000000009e+03 9.000000000000000000e+00
1.681000000000000000e+03 1.717420000000000073e+03 1.716069999999999936e+03 1.720200000000000045e+03 1.723470000000000027e+03 1.716390000000000100e+03 1.719700000000000045e+03 1.724640000000000100e+03 1.726289999999999964e+03 1.725660000000000082e+03 1.734740000000000009e+03 1.727440000000000055e+03 9.000000000000000000e+00
1.682000000000000000e+03 1.716069999999999936e+03 1.720200000000000045e+03 1.723470000000000027e+03 1.716390000000000100e+03 1.719700000000000045e+03 1.724640000000000100e+03 1.726289999999999964e+03 1.725660000000000082e+03 1.734740000000000009e+03 1.727440000000000055e+03 1.727599999999999909e+03 9.000000000000000000e+00
1.683000000000000000e+03 1.720200000000000045e+03 1.723470000000000027e+03 1.716390000000000100e+03 1.719700000000000045e+03 1.724640000000000100e+03 1.726289999999999964e+03 1.725660000000000082e+03 1.734740000000000009e+03 1.727440000000000055e+03 1.727599999999999909e+03 1.721670000000000073e+03 9.000000000000000000e+00
1.926000000000000000e+03 1.659099999999999909e+03 1.657630000000000109e+03 1.658960000000000036e+03 1.655829999999999927e+03 1.669630000000000109e+03 1.676450000000000045e+03 1.674700000000000045e+03 1.675450000000000045e+03 1.675690000000000055e+03 1.671539999999999964e+03 1.666339999999999918e+03 9.000000000000000000e+00
1.927000000000000000e+03 1.657630000000000109e+03 1.658960000000000036e+03 1.655829999999999927e+03 1.669630000000000109e+03 1.676450000000000045e+03 1.674700000000000045e+03 1.675450000000000045e+03 1.675690000000000055e+03 1.671539999999999964e+03 1.666339999999999918e+03 1.653130000000000109e+03 9.000000000000000000e+00
1.928000000000000000e+03 1.658960000000000036e+03 1.655829999999999927e+03 1.669630000000000109e+03 1.676450000000000045e+03 1.674700000000000045e+03 1.675450000000000045e+03 1.675690000000000055e+03 1.671539999999999964e+03 1.666339999999999918e+03 1.653130000000000109e+03 1.657759999999999991e+03 9.000000000000000000e+00
1.981000000000000000e+03 1.642279999999999973e+03 1.641440000000000055e+03 1.637029999999999973e+03 1.638329999999999927e+03 1.641660000000000082e+03 1.643269999999999982e+03 1.644069999999999936e+03 1.647720000000000027e+03 1.647920000000000073e+03 1.650750000000000000e+03 1.659230000000000018e+03 9.000000000000000000e+00
1.982000000000000000e+03 1.641440000000000055e+03 1.637029999999999973e+03 1.638329999999999927e+03 1.641660000000000082e+03 1.643269999999999982e+03 1.644069999999999936e+03 1.647720000000000027e+03 1.647920000000000073e+03 1.650750000000000000e+03 1.659230000000000018e+03 1.656910000000000082e+03 9.000000000000000000e+00
1.983000000000000000e+03 1.637029999999999973e+03 1.638329999999999927e+03 1.641660000000000082e+03 1.643269999999999982e+03 1.644069999999999936e+03 1.647720000000000027e+03 1.647920000000000073e+03 1.650750000000000000e+03 1.659230000000000018e+03 1.656910000000000082e+03 1.656150000000000091e+03 9.000000000000000000e+00
1.984000000000000000e+03 1.638329999999999927e+03 1.641660000000000082e+03 1.643269999999999982e+03 1.644069999999999936e+03 1.647720000000000027e+03 1.647920000000000073e+03 1.650750000000000000e+03 1.659230000000000018e+03 1.656910000000000082e+03 1.656150000000000091e+03 1.654019999999999982e+03 9.000000000000000000e+00
2.190000000000000000e+03 1.609599999999999909e+03 1.609420000000000073e+03 1.609029999999999973e+03 1.613220000000000027e+03 1.619630000000000109e+03 1.618829999999999927e+03 1.617349999999999909e+03 1.616940000000000055e+03 1.620670000000000073e+03 1.617799999999999955e+03 1.614779999999999973e+03 9.000000000000000000e+00
2.191000000000000000e+03 1.609420000000000073e+03 1.609029999999999973e+03 1.613220000000000027e+03 1.619630000000000109e+03 1.618829999999999927e+03 1.617349999999999909e+03 1.616940000000000055e+03 1.620670000000000073e+03 1.617799999999999955e+03 1.614779999999999973e+03 1.618750000000000000e+03 9.000000000000000000e+00
2.192000000000000000e+03 1.609029999999999973e+03 1.613220000000000027e+03 1.619630000000000109e+03 1.618829999999999927e+03 1.617349999999999909e+03 1.616940000000000055e+03 1.620670000000000073e+03 1.617799999999999955e+03 1.614779999999999973e+03 1.618750000000000000e+03 1.622500000000000000e+03 9.000000000000000000e+00
2.193000000000000000e+03 1.613220000000000027e+03 1.619630000000000109e+03 1.618829999999999927e+03 1.617349999999999909e+03 1.616940000000000055e+03 1.620670000000000073e+03 1.617799999999999955e+03 1.614779999999999973e+03 1.618750000000000000e+03 1.622500000000000000e+03 1.624619999999999891e+03 9.000000000000000000e+00
2.197000000000000000e+03 1.616940000000000055e+03 1.620670000000000073e+03 1.617799999999999955e+03 1.614779999999999973e+03 1.618750000000000000e+03 1.622500000000000000e+03 1.624619999999999891e+03 1.624529999999999973e+03 1.622190000000000055e+03 1.625420000000000073e+03 1.628250000000000000e+03 9.000000000000000000e+00
2.199000000000000000e+03 1.617799999999999955e+03 1.614779999999999973e+03 1.618750000000000000e+03 1.622500000000000000e+03 1.624619999999999891e+03 1.624529999999999973e+03 1.622190000000000055e+03 1.625420000000000073e+03 1.628250000000000000e+03 1.626690000000000055e+03 1.621579999999999927e+03 9.000000000000000000e+00
2.330000000000000000e+03 1.583839999999999918e+03 1.589089999999999918e+03 1.592890000000000100e+03 1.587950000000000045e+03 1.594549999999999955e+03 1.593140000000000100e+03 1.595490000000000009e+03 1.585130000000000109e+03 1.588420000000000073e+03 1.582099999999999909e+03 1.582059999999999945e+03 9.000000000000000000e+00
2.340000000000000000e+03 1.582059999999999945e+03 1.578569999999999936e+03 1.577660000000000082e+03 1.575119999999999891e+03 1.571799999999999955e+03 1.573000000000000000e+03 1.576500000000000000e+03 1.577619999999999891e+03 1.582269999999999982e+03 1.583059999999999945e+03 1.578799999999999955e+03 9.000000000000000000e+00
2.341000000000000000e+03 1.578569999999999936e+03 1.577660000000000082e+03 1.575119999999999891e+03 1.571799999999999955e+03 1.573000000000000000e+03 1.576500000000000000e+03 1.577619999999999891e+03 1.582269999999999982e+03 1.583059999999999945e+03 1.578799999999999955e+03 1.581400000000000091e+03 9.000000000000000000e+00
2.427000000000000000e+03 1.611119999999999891e+03 1.610089999999999918e+03 1.611559999999999945e+03 1.611180000000000064e+03 1.610089999999999918e+03 1.607430000000000064e+03 1.613960000000000036e+03 1.611750000000000000e+03 1.612099999999999909e+03 1.615359999999999900e+03 1.615730000000000018e+03 9.000000000000000000e+00
2.428000000000000000e+03 1.610089999999999918e+03 1.611559999999999945e+03 1.611180000000000064e+03 1.610089999999999918e+03 1.607430000000000064e+03 1.613960000000000036e+03 1.611750000000000000e+03 1.612099999999999909e+03 1.615359999999999900e+03 1.615730000000000018e+03 1.614480000000000018e+03 9.000000000000000000e+00
2.630000000000000000e+03 1.762549999999999955e+03 1.761609999999999900e+03 1.763910000000000082e+03 1.765259999999999991e+03 1.762079999999999927e+03 1.763950000000000045e+03 1.771380000000000109e+03 1.765200000000000045e+03 1.760369999999999891e+03 1.763109999999999900e+03 1.764059999999999945e+03 9.000000000000000000e+00
2.632000000000000000e+03 1.763910000000000082e+03 1.765259999999999991e+03 1.762079999999999927e+03 1.763950000000000045e+03 1.771380000000000109e+03 1.765200000000000045e+03 1.760369999999999891e+03 1.763109999999999900e+03 1.764059999999999945e+03 1.763690000000000055e+03 1.746339999999999918e+03 9.000000000000000000e+00
2.634000000000000000e+03 1.762079999999999927e+03 1.763950000000000045e+03 1.771380000000000109e+03 1.765200000000000045e+03 1.760369999999999891e+03 1.763109999999999900e+03 1.764059999999999945e+03 1.763690000000000055e+03 1.746339999999999918e+03 1.749319999999999936e+03 1.752200000000000045e+03 9.000000000000000000e+00
2.635000000000000000e+03 1.763950000000000045e+03 1.771380000000000109e+03 1.765200000000000045e+03 1.760369999999999891e+03 1.763109999999999900e+03 1.764059999999999945e+03 1.763690000000000055e+03 1.746339999999999918e+03 1.749319999999999936e+03 1.752200000000000045e+03 1.755819999999999936e+03 9.000000000000000000e+00
2.636000000000000000e+03 1.771380000000000109e+03 1.765200000000000045e+03 1.760369999999999891e+03 1.763109999999999900e+03 1.764059999999999945e+03 1.763690000000000055e+03 1.746339999999999918e+03 1.749319999999999936e+03 1.752200000000000045e+03 1.755819999999999936e+03 1.757039999999999964e+03 9.000000000000000000e+00
2.639000000000000000e+03 1.763109999999999900e+03 1.764059999999999945e+03 1.763690000000000055e+03 1.746339999999999918e+03 1.749319999999999936e+03 1.752200000000000045e+03 1.755819999999999936e+03 1.757039999999999964e+03 1.756339999999999918e+03 1.763640000000000100e+03 1.776569999999999936e+03 9.000000000000000000e+00
2.640000000000000000e+03 1.764059999999999945e+03 1.763690000000000055e+03 1.746339999999999918e+03 1.749319999999999936e+03 1.752200000000000045e+03 1.755819999999999936e+03 1.757039999999999964e+03 1.756339999999999918e+03 1.763640000000000100e+03 1.776569999999999936e+03 1.777009999999999991e+03 9.000000000000000000e+00
2.641000000000000000e+03 1.763690000000000055e+03 1.746339999999999918e+03 1.749319999999999936e+03 1.752200000000000045e+03 1.755819999999999936e+03 1.757039999999999964e+03 1.756339999999999918e+03 1.763640000000000100e+03 1.776569999999999936e+03 1.777009999999999991e+03 1.778670000000000073e+03 9.000000000000000000e+00
2.642000000000000000e+03 1.746339999999999918e+03 1.749319999999999936e+03 1.752200000000000045e+03 1.755819999999999936e+03 1.757039999999999964e+03 1.756339999999999918e+03 1.763640000000000100e+03 1.776569999999999936e+03 1.777009999999999991e+03 1.778670000000000073e+03 1.782299999999999955e+03 9.000000000000000000e+00
3.166000000000000000e+03 1.679500000000000000e+03 1.678400000000000091e+03 1.674710000000000036e+03 1.662500000000000000e+03 1.661450000000000045e+03 1.663250000000000000e+03 1.662299999999999955e+03 1.663700000000000045e+03 1.665049999999999955e+03 1.670500000000000000e+03 1.670049999999999955e+03 9.000000000000000000e+00
3.408000000000000000e+03 1.596660000000000082e+03 1.595250000000000000e+03 1.596720000000000027e+03 1.599279999999999973e+03 1.598910000000000082e+03 1.597859999999999900e+03 1.597509999999999991e+03 1.600339999999999918e+03 1.599380000000000109e+03 1.602690000000000055e+03 1.601450000000000045e+03 9.000000000000000000e+00
3.409000000000000000e+03 1.595250000000000000e+03 1.596720000000000027e+03 1.599279999999999973e+03 1.598910000000000082e+03 1.597859999999999900e+03 1.597509999999999991e+03 1.600339999999999918e+03 1.599380000000000109e+03 1.602690000000000055e+03 1.601450000000000045e+03 1.597569999999999936e+03 9.000000000000000000e+00
3.569000000000000000e+03 1.461210000000000036e+03 1.446599999999999909e+03 1.450539999999999964e+03 1.452450000000000045e+03 1.450789999999999964e+03 1.453119999999999891e+03 1.450869999999999891e+03 1.468049999999999955e+03 1.472960000000000036e+03 1.473779999999999973e+03 1.472950000000000045e+03 9.000000000000000000e+00
3.571000000000000000e+03 1.450539999999999964e+03 1.452450000000000045e+03 1.450789999999999964e+03 1.453119999999999891e+03 1.450869999999999891e+03 1.468049999999999955e+03 1.472960000000000036e+03 1.473779999999999973e+03 1.472950000000000045e+03 1.472309999999999945e+03 1.472210000000000036e+03 9.000000000000000000e+00
3.572000000000000000e+03 1.452450000000000045e+03 1.450789999999999964e+03 1.453119999999999891e+03 1.450869999999999891e+03 1.468049999999999955e+03 1.472960000000000036e+03 1.473779999999999973e+03 1.472950000000000045e+03 1.472309999999999945e+03 1.472210000000000036e+03 1.466859999999999900e+03 9.000000000000000000e+00
3.573000000000000000e+03 1.450789999999999964e+03 1.453119999999999891e+03 1.450869999999999891e+03 1.468049999999999955e+03 1.472960000000000036e+03 1.473779999999999973e+03 1.472950000000000045e+03 1.472309999999999945e+03 1.472210000000000036e+03 1.466859999999999900e+03 1.469220000000000027e+03 9.000000000000000000e+00
3.574000000000000000e+03 1.453119999999999891e+03 1.450869999999999891e+03 1.468049999999999955e+03 1.472960000000000036e+03 1.473779999999999973e+03 1.472950000000000045e+03 1.472309999999999945e+03 1.472210000000000036e+03 1.466859999999999900e+03 1.469220000000000027e+03 1.457829999999999927e+03 9.000000000000000000e+00
3.576000000000000000e+03 1.468049999999999955e+03 1.472960000000000036e+03 1.473779999999999973e+03 1.472950000000000045e+03 1.472309999999999945e+03 1.472210000000000036e+03 1.466859999999999900e+03 1.469220000000000027e+03 1.457829999999999927e+03 1.459059999999999945e+03 1.460349999999999909e+03 9.000000000000000000e+00
3.577000000000000000e+03 1.472960000000000036e+03 1.473779999999999973e+03 1.472950000000000045e+03 1.472309999999999945e+03 1.472210000000000036e+03 1.466859999999999900e+03 1.469220000000000027e+03 1.457829999999999927e+03 1.459059999999999945e+03 1.460349999999999909e+03 1.449630000000000109e+03 9.000000000000000000e+00
3.711000000000000000e+03 1.388059999999999945e+03 1.390410000000000082e+03 1.389960000000000036e+03 1.389369999999999891e+03 1.386119999999999891e+03 1.386180000000000064e+03 1.383039999999999964e+03 1.385049999999999955e+03 1.385799999999999955e+03 1.380920000000000073e+03 1.377519999999999982e+03 9.000000000000000000e+00
3.712000000000000000e+03 1.390410000000000082e+03 1.389960000000000036e+03 1.389369999999999891e+03 1.386119999999999891e+03 1.386180000000000064e+03 1.383039999999999964e+03 1.385049999999999955e+03 1.385799999999999955e+03 1.380920000000000073e+03 1.377519999999999982e+03 1.368779999999999973e+03 9.000000000000000000e+00
3.900000000000000000e+03 1.324250000000000000e+03 1.320490000000000009e+03 1.311529999999999973e+03 1.310079999999999927e+03 1.307559999999999945e+03 1.288519999999999982e+03 1.287539999999999964e+03 1.310609999999999900e+03 1.311099999999999909e+03 1.311519999999999982e+03 1.314180000000000064e+03 9.000000000000000000e+00
3.901000000000000000e+03 1.320490000000000009e+03 1.311529999999999973e+03 1.310079999999999927e+03 1.307559999999999945e+03 1.288519999999999982e+03 1.287539999999999964e+03 1.310609999999999900e+03 1.311099999999999909e+03 1.311519999999999982e+03 1.314180000000000064e+03 1.316490000000000009e+03 9.000000000000000000e+00
3.902000000000000000e+03 1.311529999999999973e+03 1.310079999999999927e+03 1.307559999999999945e+03 1.288519999999999982e+03 1.287539999999999964e+03 1.310609999999999900e+03 1.311099999999999909e+03 1.311519999999999982e+03 1.314180000000000064e+03 1.316490000000000009e+03 1.311680000000000064e+03 9.000000000000000000e+00
3.903000000000000000e+03 1.310079999999999927e+03 1.307559999999999945e+03 1.288519999999999982e+03 1.287539999999999964e+03 1.310609999999999900e+03 1.311099999999999909e+03 1.311519999999999982e+03 1.314180000000000064e+03 1.316490000000000009e+03 1.311680000000000064e+03 1.309619999999999891e+03 9.000000000000000000e+00
3.904000000000000000e+03 1.307559999999999945e+03 1.288519999999999982e+03 1.287539999999999964e+03 1.310609999999999900e+03 1.311099999999999909e+03 1.311519999999999982e+03 1.314180000000000064e+03 1.316490000000000009e+03 1.311680000000000064e+03 1.309619999999999891e+03 1.302460000000000036e+03 9.000000000000000000e+00
4.057000000000000000e+03 1.388130000000000109e+03 1.391630000000000109e+03 1.389410000000000082e+03 1.388380000000000109e+03 1.387150000000000091e+03 1.388309999999999945e+03 1.386289999999999964e+03 1.386680000000000064e+03 1.385490000000000009e+03 1.378980000000000018e+03 1.370519999999999982e+03 9.000000000000000000e+00
4.058000000000000000e+03 1.391630000000000109e+03 1.389410000000000082e+03 1.388380000000000109e+03 1.387150000000000091e+03 1.388309999999999945e+03 1.386289999999999964e+03 1.386680000000000064e+03 1.385490000000000009e+03 1.378980000000000018e+03 1.370519999999999982e+03 1.358039999999999964e+03 9.000000000000000000e+00
4.177000000000000000e+03 1.307990000000000009e+03 1.310170000000000073e+03 1.313559999999999945e+03 1.313720000000000027e+03 1.311829999999999927e+03 1.322670000000000073e+03 1.323130000000000109e+03 1.322779999999999973e+03 1.326990000000000009e+03 1.324519999999999982e+03 1.321890000000000100e+03 9.000000000000000000e+00
4.178000000000000000e+03 1.310170000000000073e+03 1.313559999999999945e+03 1.313720000000000027e+03 1.311829999999999927e+03 1.322670000000000073e+03 1.323130000000000109e+03 1.322779999999999973e+03 1.326990000000000009e+03 1.324519999999999982e+03 1.321890000000000100e+03 1.326460000000000036e+03 9.000000000000000000e+00
4.308000000000000000e+03 1.312119999999999891e+03 1.310480000000000018e+03 1.311430000000000064e+03 1.313190000000000055e+03 1.313660000000000082e+03 1.318630000000000109e+03 1.317710000000000036e+03 1.317400000000000091e+03 1.317569999999999936e+03 1.316680000000000064e+03 1.319500000000000000e+03 9.000000000000000000e+00
4.620000000000000000e+03 1.241160000000000082e+03 1.241940000000000055e+03 1.242109999999999900e+03 1.239319999999999936e+03 1.240509999999999991e+03 1.239269999999999982e+03 1.236960000000000036e+03 1.231940000000000055e+03 1.235079999999999927e+03 1.246960000000000036e+03 1.255759999999999991e+03 9.000000000000000000e+00
4.621000000000000000e+03 1.241940000000000055e+03 1.242109999999999900e+03 1.239319999999999936e+03 1.240509999999999991e+03 1.239269999999999982e+03 1.236960000000000036e+03 1.231940000000000055e+03 1.235079999999999927e+03 1.246960000000000036e+03 1.255759999999999991e+03 1.262000000000000000e+03 9.000000000000000000e+00
4.676000000000000000e+03 1.258720000000000027e+03 1.254184999999999945e+03 1.248909000000000106e+03 1.251054000000000087e+03 1.254575000000000045e+03 1.255301999999999907e+03 1.253934999999999945e+03 1.257093000000000075e+03 1.265383000000000038e+03 1.257220000000000027e+03 1.257772999999999911e+03 9.000000000000000000e+00
4.677000000000000000e+03 1.254184999999999945e+03 1.248909000000000106e+03 1.251054000000000087e+03 1.254575000000000045e+03 1.255301999999999907e+03 1.253934999999999945e+03 1.257093000000000075e+03 1.265383000000000038e+03 1.257220000000000027e+03 1.257772999999999911e+03 1.256864000000000033e+03 9.000000000000000000e+00
4.678000000000000000e+03 1.248909000000000106e+03 1.251054000000000087e+03 1.254575000000000045e+03 1.255301999999999907e+03 1.253934999999999945e+03 1.257093000000000075e+03 1.265383000000000038e+03 1.257220000000000027e+03 1.257772999999999911e+03 1.256864000000000033e+03 1.257740000000000009e+03 9.000000000000000000e+00
4.679000000000000000e+03 1.251054000000000087e+03 1.254575000000000045e+03 1.255301999999999907e+03 1.253934999999999945e+03 1.257093000000000075e+03 1.265383000000000038e+03 1.257220000000000027e+03 1.257772999999999911e+03 1.256864000000000033e+03 1.257740000000000009e+03 1.258901000000000067e+03 9.000000000000000000e+00
4.680000000000000000e+03 1.254575000000000045e+03 1.255301999999999907e+03 1.253934999999999945e+03 1.257093000000000075e+03 1.265383000000000038e+03 1.257220000000000027e+03 1.257772999999999911e+03 1.256864000000000033e+03 1.257740000000000009e+03 1.258901000000000067e+03 1.261906999999999925e+03 9.000000000000000000e+00
4.681000000000000000e+03 1.255301999999999907e+03 1.253934999999999945e+03 1.257093000000000075e+03 1.265383000000000038e+03 1.257220000000000027e+03 1.257772999999999911e+03 1.256864000000000033e+03 1.257740000000000009e+03 1.258901000000000067e+03 1.261906999999999925e+03 1.257422000000000025e+03 9.000000000000000000e+00
5.094000000000000000e+03 1.293432000000000016e+03 1.292856999999999971e+03 1.295592000000000098e+03 1.301479000000000042e+03 1.307244999999999891e+03 1.305410000000000082e+03 1.305702999999999975e+03 1.306097999999999956e+03 1.303363000000000056e+03 1.303324000000000069e+03 1.294874000000000024e+03 9.000000000000000000e+00
5.096000000000000000e+03 1.295592000000000098e+03 1.301479000000000042e+03 1.307244999999999891e+03 1.305410000000000082e+03 1.305702999999999975e+03 1.306097999999999956e+03 1.303363000000000056e+03 1.303324000000000069e+03 1.294874000000000024e+03 1.295503999999999905e+03 1.295931000000000040e+03 9.000000000000000000e+00
5.097000000000000000e+03 1.301479000000000042e+03 1.307244999999999891e+03 1.305410000000000082e+03 1.305702999999999975e+03 1.306097999999999956e+03 1.303363000000000056e+03 1.303324000000000069e+03 1.294874000000000024e+03 1.295503999999999905e+03 1.295931000000000040e+03 1.295736000000000104e+03 9.000000000000000000e+00
5.125000000000000000e+03 1.293797000000000025e+03 1.295525000000000091e+03 1.294029999999999973e+03 1.289028999999999996e+03 1.287701000000000022e+03 1.291819999999999936e+03 1.291039999999999964e+03 1.291855999999999995e+03 1.294189000000000078e+03 1.300327999999999975e+03 1.294824000000000069e+03 9.000000000000000000e+00
5.797000000000000000e+03 1.232494999999999891e+03 1.231015000000000100e+03 1.230760999999999967e+03 1.231513999999999896e+03 1.231211000000000013e+03 1.231074000000000069e+03 1.229119999999999891e+03 1.229525000000000091e+03 1.226294000000000096e+03 1.229811999999999898e+03 1.228526000000000067e+03 9.000000000000000000e+00
5.800000000000000000e+03 1.231513999999999896e+03 1.231211000000000013e+03 1.231074000000000069e+03 1.229119999999999891e+03 1.229525000000000091e+03 1.226294000000000096e+03 1.229811999999999898e+03 1.228526000000000067e+03 1.227673000000000002e+03 1.229576999999999998e+03 1.228703999999999951e+03 9.000000000000000000e+00
5.801000000000000000e+03 1.231211000000000013e+03 1.231074000000000069e+03 1.229119999999999891e+03 1.229525000000000091e+03 1.226294000000000096e+03 1.229811999999999898e+03 1.228526000000000067e+03 1.227673000000000002e+03 1.229576999999999998e+03 1.228703999999999951e+03 1.228343000000000075e+03 9.000000000000000000e+00
6.030000000000000000e+03 1.202709000000000060e+03 1.194894000000000005e+03 1.198171000000000049e+03 1.199088999999999942e+03 1.198709000000000060e+03 1.198679000000000087e+03 1.198058999999999969e+03 1.196494999999999891e+03 1.195486000000000104e+03 1.197054000000000087e+03 1.198019000000000005e+03 9.000000000000000000e+00
6.191000000000000000e+03 1.271476000000000113e+03 1.256895999999999958e+03 1.256768000000000029e+03 1.260135999999999967e+03 1.260635999999999967e+03 1.264355999999999995e+03 1.263246000000000095e+03 1.275286000000000058e+03 1.283151000000000067e+03 1.279455999999999904e+03 1.279945999999999913e+03 9.000000000000000000e+00
6.192000000000000000e+03 1.256895999999999958e+03 1.256768000000000029e+03 1.260135999999999967e+03 1.260635999999999967e+03 1.264355999999999995e+03 1.263246000000000095e+03 1.275286000000000058e+03 1.283151000000000067e+03 1.279455999999999904e+03 1.279945999999999913e+03 1.274705999999999904e+03 9.000000000000000000e+00
6.203000000000000000e+03 1.271316000000000031e+03 1.277675999999999931e+03 1.274036000000000058e+03 1.275115999999999985e+03 1.275635999999999967e+03 1.280776000000000067e+03 1.265326000000000022e+03 1.259066000000000031e+03 1.260022999999999911e+03 1.260915999999999940e+03 1.262651000000000067e+03 9.000000000000000000e+00
6.204000000000000000e+03 1.277675999999999931e+03 1.274036000000000058e+03 1.275115999999999985e+03 1.275635999999999967e+03 1.280776000000000067e+03 1.265326000000000022e+03 1.259066000000000031e+03 1.260022999999999911e+03 1.260915999999999940e+03 1.262651000000000067e+03 1.264536000000000058e+03 9.000000000000000000e+00
6.205000000000000000e+03 1.274036000000000058e+03 1.275115999999999985e+03 1.275635999999999967e+03 1.280776000000000067e+03 1.265326000000000022e+03 1.259066000000000031e+03 1.260022999999999911e+03 1.260915999999999940e+03 1.262651000000000067e+03 1.264536000000000058e+03 1.266846000000000004e+03 9.000000000000000000e+00
6.206000000000000000e+03 1.275115999999999985e+03 1.275635999999999967e+03 1.280776000000000067e+03 1.265326000000000022e+03 1.259066000000000031e+03 1.260022999999999911e+03 1.260915999999999940e+03 1.262651000000000067e+03 1.264536000000000058e+03 1.266846000000000004e+03 1.262796000000000049e+03 9.000000000000000000e+00
6.207000000000000000e+03 1.275635999999999967e+03 1.280776000000000067e+03 1.265326000000000022e+03 1.259066000000000031e+03 1.260022999999999911e+03 1.260915999999999940e+03 1.262651000000000067e+03 1.264536000000000058e+03 1.266846000000000004e+03 1.262796000000000049e+03 1.268730999999999995e+03 9.000000000000000000e+00
6.208000000000000000e+03 1.280776000000000067e+03 1.265326000000000022e+03 1.259066000000000031e+03 1.260022999999999911e+03 1.260915999999999940e+03 1.262651000000000067e+03 1.264536000000000058e+03 1.266846000000000004e+03 1.262796000000000049e+03 1.268730999999999995e+03 1.271826000000000022e+03 9.000000000000000000e+00
6.210000000000000000e+03 1.259066000000000031e+03 1.260022999999999911e+03 1.260915999999999940e+03 1.262651000000000067e+03 1.264536000000000058e+03 1.266846000000000004e+03 1.262796000000000049e+03 1.268730999999999995e+03 1.271826000000000022e+03 1.271826000000000022e+03 1.266185999999999922e+03 9.000000000000000000e+00
6.211000000000000000e+03 1.260022999999999911e+03 1.260915999999999940e+03 1.262651000000000067e+03 1.264536000000000058e+03 1.266846000000000004e+03 1.262796000000000049e+03 1.268730999999999995e+03 1.271826000000000022e+03 1.271826000000000022e+03 1.266185999999999922e+03 1.262246000000000095e+03 9.000000000000000000e+00
6.212000000000000000e+03 1.260915999999999940e+03 1.262651000000000067e+03 1.264536000000000058e+03 1.266846000000000004e+03 1.262796000000000049e+03 1.268730999999999995e+03 1.271826000000000022e+03 1.271826000000000022e+03 1.266185999999999922e+03 1.262246000000000095e+03 1.262435999999999922e+03 9.000000000000000000e+00
6.528000000000000000e+03 1.195809999999999945e+03 1.195065000000000055e+03 1.196895999999999958e+03 1.195576000000000022e+03 1.199935999999999922e+03 1.202244999999999891e+03 1.202130000000000109e+03 1.200585000000000036e+03 1.200155999999999949e+03 1.200665999999999940e+03 1.198675999999999931e+03 9.000000000000000000e+00
6.529000000000000000e+03 1.195065000000000055e+03 1.196895999999999958e+03 1.195576000000000022e+03 1.199935999999999922e+03 1.202244999999999891e+03 1.202130000000000109e+03 1.200585000000000036e+03 1.200155999999999949e+03 1.200665999999999940e+03 1.198675999999999931e+03 1.188505000000000109e+03 9.000000000000000000e+00
6.684000000000000000e+03 1.187630000000000109e+03 1.188359999999999900e+03 1.188500000000000000e+03 1.185470000000000027e+03 1.186470000000000027e+03 1.187801999999999907e+03 1.187269999999999982e+03 1.188279999999999973e+03 1.190390000000000100e+03 1.187839999999999918e+03 1.188460000000000036e+03 9.000000000000000000e+00
6.685000000000000000e+03 1.188359999999999900e+03 1.188500000000000000e+03 1.185470000000000027e+03 1.186470000000000027e+03 1.187801999999999907e+03 1.187269999999999982e+03 1.188279999999999973e+03 1.190390000000000100e+03 1.187839999999999918e+03 1.188460000000000036e+03 1.188230000000000018e+03 9.000000000000000000e+00
6.686000000000000000e+03 1.188500000000000000e+03 1.185470000000000027e+03 1.186470000000000027e+03 1.187801999999999907e+03 1.187269999999999982e+03 1.188279999999999973e+03 1.190390000000000100e+03 1.187839999999999918e+03 1.188460000000000036e+03 1.188230000000000018e+03 1.188150000000000091e+03 9.000000000000000000e+00
6.687000000000000000e+03 1.185470000000000027e+03 1.186470000000000027e+03 1.187801999999999907e+03 1.187269999999999982e+03 1.188279999999999973e+03 1.190390000000000100e+03 1.187839999999999918e+03 1.188460000000000036e+03 1.188230000000000018e+03 1.188150000000000091e+03 1.189589999999999918e+03 9.000000000000000000e+00
6.693000000000000000e+03 1.187839999999999918e+03 1.188460000000000036e+03 1.188230000000000018e+03 1.188150000000000091e+03 1.189589999999999918e+03 1.188400000000000091e+03 1.189740000000000009e+03 1.188910000000000082e+03 1.190579999999999927e+03 1.190650000000000091e+03 1.191619999999999891e+03 9.000000000000000000e+00
6.694000000000000000e+03 1.188460000000000036e+03 1.188230000000000018e+03 1.188150000000000091e+03 1.189589999999999918e+03 1.188400000000000091e+03 1.189740000000000009e+03 1.188910000000000082e+03 1.190579999999999927e+03 1.190650000000000091e+03 1.191619999999999891e+03 1.187210000000000036e+03 9.000000000000000000e+00
6.695000000000000000e+03 1.188230000000000018e+03 1.188150000000000091e+03 1.189589999999999918e+03 1.188400000000000091e+03 1.189740000000000009e+03 1.188910000000000082e+03 1.190579999999999927e+03 1.190650000000000091e+03 1.191619999999999891e+03 1.187210000000000036e+03 1.188200000000000045e+03 9.000000000000000000e+00
6.696000000000000000e+03 1.188150000000000091e+03 1.189589999999999918e+03 1.188400000000000091e+03 1.189740000000000009e+03 1.188910000000000082e+03 1.190579999999999927e+03 1.190650000000000091e+03 1.191619999999999891e+03 1.187210000000000036e+03 1.188200000000000045e+03 1.190970000000000027e+03 9.000000000000000000e+00
6.697000000000000000e+03 1.189589999999999918e+03 1.188400000000000091e+03 1.189740000000000009e+03 1.188910000000000082e+03 1.190579999999999927e+03 1.190650000000000091e+03 1.191619999999999891e+03 1.187210000000000036e+03 1.188200000000000045e+03 1.190970000000000027e+03 1.189045000000000073e+03 9.000000000000000000e+00
7.094000000000000000e+03 1.127710000000000036e+03 1.133529999999999973e+03 1.134740000000000009e+03 1.138579999999999927e+03 1.142240000000000009e+03 1.142029999999999973e+03 1.145700000000000045e+03 1.140960000000000036e+03 1.140025000000000091e+03 1.136980000000000018e+03 1.138019999999999982e+03 9.000000000000000000e+00
7.102000000000000000e+03 1.140025000000000091e+03 1.136980000000000018e+03 1.138019999999999982e+03 1.140769999999999982e+03 1.136940000000000055e+03 1.134920000000000073e+03 1.133791999999999916e+03 1.132910000000000082e+03 1.132240000000000009e+03 1.132809999999999945e+03 1.123019999999999982e+03 9.000000000000000000e+00
7.103000000000000000e+03 1.136980000000000018e+03 1.138019999999999982e+03 1.140769999999999982e+03 1.136940000000000055e+03 1.134920000000000073e+03 1.133791999999999916e+03 1.132910000000000082e+03 1.132240000000000009e+03 1.132809999999999945e+03 1.123019999999999982e+03 1.123940000000000055e+03 9.000000000000000000e+00
7.105000000000000000e+03 1.140769999999999982e+03 1.136940000000000055e+03 1.134920000000000073e+03 1.133791999999999916e+03 1.132910000000000082e+03 1.132240000000000009e+03 1.132809999999999945e+03 1.123019999999999982e+03 1.123940000000000055e+03 1.125208000000000084e+03 1.124829999999999927e+03 9.000000000000000000e+00
7.106000000000000000e+03 1.136940000000000055e+03 1.134920000000000073e+03 1.133791999999999916e+03 1.132910000000000082e+03 1.132240000000000009e+03 1.132809999999999945e+03 1.123019999999999982e+03 1.123940000000000055e+03 1.125208000000000084e+03 1.124829999999999927e+03 1.124829999999999927e+03 9.000000000000000000e+00
7.107000000000000000e+03 1.134920000000000073e+03 1.133791999999999916e+03 1.132910000000000082e+03 1.132240000000000009e+03 1.132809999999999945e+03 1.123019999999999982e+03 1.123940000000000055e+03 1.125208000000000084e+03 1.124829999999999927e+03 1.124829999999999927e+03 1.125079999999999927e+03 9.000000000000000000e+00
7.108000000000000000e+03 1.133791999999999916e+03 1.132910000000000082e+03 1.132240000000000009e+03 1.132809999999999945e+03 1.123019999999999982e+03 1.123940000000000055e+03 1.125208000000000084e+03 1.124829999999999927e+03 1.124829999999999927e+03 1.125079999999999927e+03 1.122390000000000100e+03 9.000000000000000000e+00
7.109000000000000000e+03 1.132910000000000082e+03 1.132240000000000009e+03 1.132809999999999945e+03 1.123019999999999982e+03 1.123940000000000055e+03 1.125208000000000084e+03 1.124829999999999927e+03 1.124829999999999927e+03 1.125079999999999927e+03 1.122390000000000100e+03 1.120670000000000073e+03 9.000000000000000000e+00
7.110000000000000000e+03 1.132240000000000009e+03 1.132809999999999945e+03 1.123019999999999982e+03 1.123940000000000055e+03 1.125208000000000084e+03 1.124829999999999927e+03 1.124829999999999927e+03 1.125079999999999927e+03 1.122390000000000100e+03 1.120670000000000073e+03 1.122319999999999936e+03 9.000000000000000000e+00
7.111000000000000000e+03 1.132809999999999945e+03 1.123019999999999982e+03 1.123940000000000055e+03 1.125208000000000084e+03 1.124829999999999927e+03 1.124829999999999927e+03 1.125079999999999927e+03 1.122390000000000100e+03 1.120670000000000073e+03 1.122319999999999936e+03 1.119279999999999973e+03 9.000000000000000000e+00
7.113000000000000000e+03 1.123940000000000055e+03 1.125208000000000084e+03 1.124829999999999927e+03 1.124829999999999927e+03 1.125079999999999927e+03 1.122390000000000100e+03 1.120670000000000073e+03 1.122319999999999936e+03 1.119279999999999973e+03 1.122460000000000036e+03 1.121680000000000064e+03 9.000000000000000000e+00
7.114000000000000000e+03 1.125208000000000084e+03 1.124829999999999927e+03 1.124829999999999927e+03 1.125079999999999927e+03 1.122390000000000100e+03 1.120670000000000073e+03 1.122319999999999936e+03 1.119279999999999973e+03 1.122460000000000036e+03 1.121680000000000064e+03 1.120509999999999991e+03 9.000000000000000000e+00
7.115000000000000000e+03 1.124829999999999927e+03 1.124829999999999927e+03 1.125079999999999927e+03 1.122390000000000100e+03 1.120670000000000073e+03 1.122319999999999936e+03 1.119279999999999973e+03 1.122460000000000036e+03 1.121680000000000064e+03 1.120509999999999991e+03 1.119355000000000018e+03 9.000000000000000000e+00
7.116000000000000000e+03 1.124829999999999927e+03 1.125079999999999927e+03 1.122390000000000100e+03 1.120670000000000073e+03 1.122319999999999936e+03 1.119279999999999973e+03 1.122460000000000036e+03 1.121680000000000064e+03 1.120509999999999991e+03 1.119355000000000018e+03 1.119619999999999891e+03 9.000000000000000000e+00
7.223000000000000000e+03 1.127119999999999891e+03 1.125700000000000045e+03 1.125240000000000009e+03 1.116759999999999991e+03 1.114779999999999973e+03 1.114714999999999918e+03 1.116019999999999982e+03 1.114710000000000036e+03 1.113299999999999955e+03 1.115730000000000018e+03 1.115210000000000036e+03 9.000000000000000000e+00
7.224000000000000000e+03 1.125700000000000045e+03 1.125240000000000009e+03 1.116759999999999991e+03 1.114779999999999973e+03 1.114714999999999918e+03 1.116019999999999982e+03 1.114710000000000036e+03 1.113299999999999955e+03 1.115730000000000018e+03 1.115210000000000036e+03 1.113454999999999927e+03 9.000000000000000000e+00
7.243000000000000000e+03 1.135700000000000045e+03 1.134950000000000045e+03 1.134549999999999955e+03 1.135484999999999900e+03 1.136420000000000073e+03 1.136049999999999955e+03 1.136690000000000055e+03 1.143670000000000073e+03 1.146369999999999891e+03 1.147045000000000073e+03 1.147500000000000000e+03 9.000000000000000000e+00
7.244000000000000000e+03 1.134950000000000045e+03 1.134549999999999955e+03 1.135484999999999900e+03 1.136420000000000073e+03 1.136049999999999955e+03 1.136690000000000055e+03 1.143670000000000073e+03 1.146369999999999891e+03 1.147045000000000073e+03 1.147500000000000000e+03 1.148349999999999909e+03 9.000000000000000000e+00
7.245000000000000000e+03 1.134549999999999955e+03 1.135484999999999900e+03 1.136420000000000073e+03 1.136049999999999955e+03 1.136690000000000055e+03 1.143670000000000073e+03 1.146369999999999891e+03 1.147045000000000073e+03 1.147500000000000000e+03 1.148349999999999909e+03 1.148650000000000091e+03 9.000000000000000000e+00
7.330000000000000000e+03 1.164355999999999995e+03 1.164643000000000029e+03 1.165913000000000011e+03 1.165692999999999984e+03 1.165752999999999929e+03 1.164472999999999956e+03 1.163002999999999929e+03 1.163923000000000002e+03 1.165653000000000020e+03 1.165932999999999993e+03 1.165242999999999938e+03 9.000000000000000000e+00
7.339000000000000000e+03 1.165932999999999993e+03 1.165242999999999938e+03 1.166242999999999938e+03 1.166502999999999929e+03 1.166242999999999938e+03 1.170803000000000111e+03 1.171742999999999938e+03 1.180593000000000075e+03 1.176403000000000020e+03 1.155772999999999911e+03 1.161873000000000047e+03 9.000000000000000000e+00
7.340000000000000000e+03 1.165242999999999938e+03 1.166242999999999938e+03 1.166502999999999929e+03 1.166242999999999938e+03 1.170803000000000111e+03 1.171742999999999938e+03 1.180593000000000075e+03 1.176403000000000020e+03 1.155772999999999911e+03 1.161873000000000047e+03 1.161452999999999975e+03 9.000000000000000000e+00
7.341000000000000000e+03 1.166242999999999938e+03 1.166502999999999929e+03 1.166242999999999938e+03 1.170803000000000111e+03 1.171742999999999938e+03 1.180593000000000075e+03 1.176403000000000020e+03 1.155772999999999911e+03 1.161873000000000047e+03 1.161452999999999975e+03 1.160532999999999902e+03 9.000000000000000000e+00
7.826000000000000000e+03 1.206022999999999911e+03 1.208462999999999965e+03 1.210583000000000084e+03 1.208732999999999947e+03 1.215373000000000047e+03 1.216002999999999929e+03 1.218482999999999947e+03 1.217932999999999993e+03 1.223153000000000020e+03 1.226833000000000084e+03 1.225192999999999984e+03 9.000000000000000000e+00
7.827000000000000000e+03 1.208462999999999965e+03 1.210583000000000084e+03 1.208732999999999947e+03 1.215373000000000047e+03 1.216002999999999929e+03 1.218482999999999947e+03 1.217932999999999993e+03 1.223153000000000020e+03 1.226833000000000084e+03 1.225192999999999984e+03 1.227323000000000093e+03 9.000000000000000000e+00
7.828000000000000000e+03 1.210583000000000084e+03 1.208732999999999947e+03 1.215373000000000047e+03 1.216002999999999929e+03 1.218482999999999947e+03 1.217932999999999993e+03 1.223153000000000020e+03 1.226833000000000084e+03 1.225192999999999984e+03 1.227323000000000093e+03 1.229653000000000020e+03 9.000000000000000000e+00
7.829000000000000000e+03 1.208732999999999947e+03 1.215373000000000047e+03 1.216002999999999929e+03 1.218482999999999947e+03 1.217932999999999993e+03 1.223153000000000020e+03 1.226833000000000084e+03 1.225192999999999984e+03 1.227323000000000093e+03 1.229653000000000020e+03 1.243383000000000038e+03 9.000000000000000000e+00
7.932000000000000000e+03 1.255113000000000056e+03 1.258042999999999893e+03 1.265182999999999993e+03 1.264813000000000102e+03 1.263343000000000075e+03 1.257722999999999956e+03 1.264423000000000002e+03 1.262573000000000093e+03 1.254792999999999893e+03 1.252373000000000047e+03 1.255442999999999984e+03 9.000000000000000000e+00
7.946000000000000000e+03 1.245262999999999920e+03 1.245272999999999911e+03 1.244583000000000084e+03 1.243442999999999984e+03 1.243772999999999911e+03 1.247843000000000075e+03 1.251803000000000111e+03 1.254962999999999965e+03 1.246873000000000047e+03 1.248002999999999929e+03 1.244742999999999938e+03 9.000000000000000000e+00
7.947000000000000000e+03 1.245272999999999911e+03 1.244583000000000084e+03 1.243442999999999984e+03 1.243772999999999911e+03 1.247843000000000075e+03 1.251803000000000111e+03 1.254962999999999965e+03 1.246873000000000047e+03 1.248002999999999929e+03 1.244742999999999938e+03 1.234762999999999920e+03 9.000000000000000000e+00
7.948000000000000000e+03 1.244583000000000084e+03 1.243442999999999984e+03 1.243772999999999911e+03 1.247843000000000075e+03 1.251803000000000111e+03 1.254962999999999965e+03 1.246873000000000047e+03 1.248002999999999929e+03 1.244742999999999938e+03 1.234762999999999920e+03 1.234202999999999975e+03 9.000000000000000000e+00
8.077000000000000000e+03 1.244823000000000093e+03 1.247452999999999975e+03 1.257863000000000056e+03 1.268792999999999893e+03 1.251952999999999975e+03 1.247880000000000109e+03 1.246643000000000029e+03 1.247363000000000056e+03 1.245712999999999965e+03 1.246393000000000029e+03 1.229932999999999993e+03 9.000000000000000000e+00
8.078000000000000000e+03 1.247452999999999975e+03 1.257863000000000056e+03 1.268792999999999893e+03 1.251952999999999975e+03 1.247880000000000109e+03 1.246643000000000029e+03 1.247363000000000056e+03 1.245712999999999965e+03 1.246393000000000029e+03 1.229932999999999993e+03 1.233623000000000047e+03 9.000000000000000000e+00
8.082000000000000000e+03 1.247880000000000109e+03 1.246643000000000029e+03 1.247363000000000056e+03 1.245712999999999965e+03 1.246393000000000029e+03 1.229932999999999993e+03 1.233623000000000047e+03 1.231212999999999965e+03 1.233752999999999929e+03 1.233542999999999893e+03 1.234893000000000029e+03 9.000000000000000000e+00
8.167000000000000000e+03 1.278282999999999902e+03 1.271423000000000002e+03 1.270833000000000084e+03 1.271373000000000047e+03 1.270883000000000038e+03 1.263472999999999956e+03 1.267502999999999929e+03 1.271202999999999975e+03 1.275313000000000102e+03 1.266292999999999893e+03 1.271053000000000111e+03 9.000000000000000000e+00
8.168000000000000000e+03 1.271423000000000002e+03 1.270833000000000084e+03 1.271373000000000047e+03 1.270883000000000038e+03 1.263472999999999956e+03 1.267502999999999929e+03 1.271202999999999975e+03 1.275313000000000102e+03 1.266292999999999893e+03 1.271053000000000111e+03 1.272952999999999975e+03 9.000000000000000000e+00
8.170000000000000000e+03 1.271373000000000047e+03 1.270883000000000038e+03 1.263472999999999956e+03 1.267502999999999929e+03 1.271202999999999975e+03 1.275313000000000102e+03 1.266292999999999893e+03 1.271053000000000111e+03 1.272952999999999975e+03 1.273542999999999893e+03 1.277653000000000020e+03 9.000000000000000000e+00
8.171000000000000000e+03 1.270883000000000038e+03 1.263472999999999956e+03 1.267502999999999929e+03 1.271202999999999975e+03 1.275313000000000102e+03 1.266292999999999893e+03 1.271053000000000111e+03 1.272952999999999975e+03 1.273542999999999893e+03 1.277653000000000020e+03 1.281532999999999902e+03 9.000000000000000000e+00
8.172000000000000000e+03 1.263472999999999956e+03 1.267502999999999929e+03 1.271202999999999975e+03 1.275313000000000102e+03 1.266292999999999893e+03 1.271053000000000111e+03 1.272952999999999975e+03 1.273542999999999893e+03 1.277653000000000020e+03 1.281532999999999902e+03 1.286563000000000102e+03 9.000000000000000000e+00
8.175000000000000000e+03 1.275313000000000102e+03 1.266292999999999893e+03 1.271053000000000111e+03 1.272952999999999975e+03 1.273542999999999893e+03 1.277653000000000020e+03 1.281532999999999902e+03 1.286563000000000102e+03 1.275432999999999993e+03 1.273663000000000011e+03 1.276163000000000011e+03 9.000000000000000000e+00
8.181000000000000000e+03 1.281532999999999902e+03 1.286563000000000102e+03 1.275432999999999993e+03 1.273663000000000011e+03 1.276163000000000011e+03 1.278633000000000038e+03 1.270403000000000020e+03 1.273123000000000047e+03 1.275853000000000065e+03 1.278772999999999911e+03 1.279903000000000020e+03 9.000000000000000000e+00
8.184000000000000000e+03 1.273663000000000011e+03 1.276163000000000011e+03 1.278633000000000038e+03 1.270403000000000020e+03 1.273123000000000047e+03 1.275853000000000065e+03 1.278772999999999911e+03 1.279903000000000020e+03 1.275782999999999902e+03 1.270914999999999964e+03 1.271762999999999920e+03 9.000000000000000000e+00
8.185000000000000000e+03 1.276163000000000011e+03 1.278633000000000038e+03 1.270403000000000020e+03 1.273123000000000047e+03 1.275853000000000065e+03 1.278772999999999911e+03 1.279903000000000020e+03 1.275782999999999902e+03 1.270914999999999964e+03 1.271762999999999920e+03 1.272403000000000020e+03 9.000000000000000000e+00
8.186000000000000000e+03 1.278633000000000038e+03 1.270403000000000020e+03 1.273123000000000047e+03 1.275853000000000065e+03 1.278772999999999911e+03 1.279903000000000020e+03 1.275782999999999902e+03 1.270914999999999964e+03 1.271762999999999920e+03 1.272403000000000020e+03 1.258472999999999956e+03 9.000000000000000000e+00
8.187000000000000000e+03 1.270403000000000020e+03 1.273123000000000047e+03 1.275853000000000065e+03 1.278772999999999911e+03 1.279903000000000020e+03 1.275782999999999902e+03 1.270914999999999964e+03 1.271762999999999920e+03 1.272403000000000020e+03 1.258472999999999956e+03 1.259722999999999956e+03 9.000000000000000000e+00
8.188000000000000000e+03 1.273123000000000047e+03 1.275853000000000065e+03 1.278772999999999911e+03 1.279903000000000020e+03 1.275782999999999902e+03 1.270914999999999964e+03 1.271762999999999920e+03 1.272403000000000020e+03 1.258472999999999956e+03 1.259722999999999956e+03 1.257663000000000011e+03 9.000000000000000000e+00
8.343000000000000000e+03 1.264222999999999956e+03 1.267502999999999929e+03 1.266133000000000038e+03 1.262492999999999938e+03 1.262732999999999947e+03 1.270133000000000038e+03 1.259262999999999920e+03 1.262502999999999929e+03 1.255982999999999947e+03 1.271522999999999911e+03 1.337113000000000056e+03 9.000000000000000000e+00
8.444000000000000000e+03 1.329462999999999965e+03 1.330482999999999947e+03 1.337143000000000029e+03 1.332313000000000102e+03 1.327512999999999920e+03 1.328413000000000011e+03 1.329083000000000084e+03 1.327932999999999993e+03 1.328462999999999965e+03 1.328702999999999975e+03 1.329972999999999956e+03 9.000000000000000000e+00
8.445000000000000000e+03 1.330482999999999947e+03 1.337143000000000029e+03 1.332313000000000102e+03 1.327512999999999920e+03 1.328413000000000011e+03 1.329083000000000084e+03 1.327932999999999993e+03 1.328462999999999965e+03 1.328702999999999975e+03 1.329972999999999956e+03 1.333843000000000075e+03 9.000000000000000000e+00
8.446000000000000000e+03 1.337143000000000029e+03 1.332313000000000102e+03 1.327512999999999920e+03 1.328413000000000011e+03 1.329083000000000084e+03 1.327932999999999993e+03 1.328462999999999965e+03 1.328702999999999975e+03 1.329972999999999956e+03 1.333843000000000075e+03 1.330202999999999975e+03 9.000000000000000000e+00
8.448000000000000000e+03 1.327512999999999920e+03 1.328413000000000011e+03 1.329083000000000084e+03 1.327932999999999993e+03 1.328462999999999965e+03 1.328702999999999975e+03 1.329972999999999956e+03 1.333843000000000075e+03 1.330202999999999975e+03 1.332643000000000029e+03 1.331633000000000038e+03 9.000000000000000000e+00
8.449000000000000000e+03 1.328413000000000011e+03 1.329083000000000084e+03 1.327932999999999993e+03 1.328462999999999965e+03 1.328702999999999975e+03 1.329972999999999956e+03 1.333843000000000075e+03 1.330202999999999975e+03 1.332643000000000029e+03 1.331633000000000038e+03 1.332803000000000111e+03 9.000000000000000000e+00
8.450000000000000000e+03 1.329083000000000084e+03 1.327932999999999993e+03 1.328462999999999965e+03 1.328702999999999975e+03 1.329972999999999956e+03 1.333843000000000075e+03 1.330202999999999975e+03 1.332643000000000029e+03 1.331633000000000038e+03 1.332803000000000111e+03 1.331653000000000020e+03 9.000000000000000000e+00
8.557000000000000000e+03 1.344996000000000095e+03 1.346351000000000113e+03 1.345452999999999975e+03 1.338262999999999920e+03 1.336633000000000038e+03 1.338182999999999993e+03 1.337782999999999902e+03 1.354932999999999993e+03 1.337192999999999984e+03 1.336383000000000038e+03 1.336843000000000075e+03 9.000000000000000000e+00
8.558000000000000000e+03 1.346351000000000113e+03 1.345452999999999975e+03 1.338262999999999920e+03 1.336633000000000038e+03 1.338182999999999993e+03 1.337782999999999902e+03 1.354932999999999993e+03 1.337192999999999984e+03 1.336383000000000038e+03 1.336843000000000075e+03 1.338232999999999947e+03 9.000000000000000000e+00
8.561000000000000000e+03 1.336633000000000038e+03 1.338182999999999993e+03 1.337782999999999902e+03 1.354932999999999993e+03 1.337192999999999984e+03 1.336383000000000038e+03 1.336843000000000075e+03 1.338232999999999947e+03 1.338903000000000020e+03 1.337153000000000020e+03 1.341222999999999956e+03 9.000000000000000000e+00
8.563000000000000000e+03 1.337782999999999902e+03 1.354932999999999993e+03 1.337192999999999984e+03 1.336383000000000038e+03 1.336843000000000075e+03 1.338232999999999947e+03 1.338903000000000020e+03 1.337153000000000020e+03 1.341222999999999956e+03 1.339073000000000093e+03 1.345682999999999993e+03 9.000000000000000000e+00
8.565000000000000000e+03 1.337192999999999984e+03 1.336383000000000038e+03 1.336843000000000075e+03 1.338232999999999947e+03 1.338903000000000020e+03 1.337153000000000020e+03 1.341222999999999956e+03 1.339073000000000093e+03 1.345682999999999993e+03 1.344993999999999915e+03 1.349673000000000002e+03 9.000000000000000000e+00
8.566000000000000000e+03 1.336383000000000038e+03 1.336843000000000075e+03 1.338232999999999947e+03 1.338903000000000020e+03 1.337153000000000020e+03 1.341222999999999956e+03 1.339073000000000093e+03 1.345682999999999993e+03 1.344993999999999915e+03 1.349673000000000002e+03 1.348992999999999938e+03 9.000000000000000000e+00
8.567000000000000000e+03 1.336843000000000075e+03 1.338232999999999947e+03 1.338903000000000020e+03 1.337153000000000020e+03 1.341222999999999956e+03 1.339073000000000093e+03 1.345682999999999993e+03 1.344993999999999915e+03 1.349673000000000002e+03 1.348992999999999938e+03 1.348252999999999929e+03 9.000000000000000000e+00
8.568000000000000000e+03 1.338232999999999947e+03 1.338903000000000020e+03 1.337153000000000020e+03 1.341222999999999956e+03 1.339073000000000093e+03 1.345682999999999993e+03 1.344993999999999915e+03 1.349673000000000002e+03 1.348992999999999938e+03 1.348252999999999929e+03 1.346103000000000065e+03 9.000000000000000000e+00
8.569000000000000000e+03 1.338903000000000020e+03 1.337153000000000020e+03 1.341222999999999956e+03 1.339073000000000093e+03 1.345682999999999993e+03 1.344993999999999915e+03 1.349673000000000002e+03 1.348992999999999938e+03 1.348252999999999929e+03 1.346103000000000065e+03 1.346692999999999984e+03 9.000000000000000000e+00
8.570000000000000000e+03 1.337153000000000020e+03 1.341222999999999956e+03 1.339073000000000093e+03 1.345682999999999993e+03 1.344993999999999915e+03 1.349673000000000002e+03 1.348992999999999938e+03 1.348252999999999929e+03 1.346103000000000065e+03 1.346692999999999984e+03 1.342843000000000075e+03 9.000000000000000000e+00
8.720000000000000000e+03 1.313752999999999929e+03 1.313103000000000065e+03 1.314502999999999929e+03 1.316305000000000064e+03 1.315712999999999965e+03 1.313772999999999911e+03 1.314742999999999938e+03 1.314532999999999902e+03 1.315163000000000011e+03 1.311423000000000002e+03 1.319512999999999920e+03 9.000000000000000000e+00
9.259000000000000000e+03 1.198633000000000038e+03 1.192613000000000056e+03 1.189682999999999993e+03 1.186923000000000002e+03 1.188383000000000038e+03 1.185982999999999947e+03 1.183432999999999993e+03 1.184053000000000111e+03 1.183923000000000002e+03 1.188472999999999956e+03 1.191492999999999938e+03 9.000000000000000000e+00
9.260000000000000000e+03 1.192613000000000056e+03 1.189682999999999993e+03 1.186923000000000002e+03 1.188383000000000038e+03 1.185982999999999947e+03 1.183432999999999993e+03 1.184053000000000111e+03 1.183923000000000002e+03 1.188472999999999956e+03 1.191492999999999938e+03 1.195153000000000020e+03 9.000000000000000000e+00
9.261000000000000000e+03 1.189682999999999993e+03 1.186923000000000002e+03 1.188383000000000038e+03 1.185982999999999947e+03 1.183432999999999993e+03 1.184053000000000111e+03 1.183923000000000002e+03 1.188472999999999956e+03 1.191492999999999938e+03 1.195153000000000020e+03 1.192702999999999975e+03 9.000000000000000000e+00
9.262000000000000000e+03 1.186923000000000002e+03 1.188383000000000038e+03 1.185982999999999947e+03 1.183432999999999993e+03 1.184053000000000111e+03 1.183923000000000002e+03 1.188472999999999956e+03 1.191492999999999938e+03 1.195153000000000020e+03 1.192702999999999975e+03 1.188792999999999893e+03 9.000000000000000000e+00
9.263000000000000000e+03 1.188383000000000038e+03 1.185982999999999947e+03 1.183432999999999993e+03 1.184053000000000111e+03 1.183923000000000002e+03 1.188472999999999956e+03 1.191492999999999938e+03 1.195153000000000020e+03 1.192702999999999975e+03 1.188792999999999893e+03 1.193313000000000102e+03 9.000000000000000000e+00
9.264000000000000000e+03 1.185982999999999947e+03 1.183432999999999993e+03 1.184053000000000111e+03 1.183923000000000002e+03 1.188472999999999956e+03 1.191492999999999938e+03 1.195153000000000020e+03 1.192702999999999975e+03 1.188792999999999893e+03 1.193313000000000102e+03 1.197113000000000056e+03 9.000000000000000000e+00
9.272000000000000000e+03 1.188792999999999893e+03 1.193313000000000102e+03 1.197113000000000056e+03 1.195202999999999975e+03 1.197512999999999920e+03 1.201113000000000056e+03 1.197992999999999938e+03 1.203942999999999984e+03 1.210423000000000002e+03 1.210363000000000056e+03 1.209492999999999938e+03 9.000000000000000000e+00
9.354000000000000000e+03 1.237553000000000111e+03 1.237613000000000056e+03 1.240472999999999956e+03 1.241712999999999965e+03 1.238502999999999929e+03 1.234833000000000084e+03 1.234303000000000111e+03 1.234143000000000029e+03 1.236593000000000075e+03 1.238113000000000056e+03 1.237423000000000002e+03 9.000000000000000000e+00
9.551000000000000000e+03 1.255833000000000084e+03 1.254803000000000111e+03 1.254762999999999920e+03 1.249083000000000084e+03 1.245732999999999947e+03 1.255212999999999965e+03 1.256583000000000084e+03 1.253583000000000084e+03 1.253853000000000065e+03 1.253173000000000002e+03 1.252563000000000102e+03 9.000000000000000000e+00
9.552000000000000000e+03 1.254803000000000111e+03 1.254762999999999920e+03 1.249083000000000084e+03 1.245732999999999947e+03 1.255212999999999965e+03 1.256583000000000084e+03 1.253583000000000084e+03 1.253853000000000065e+03 1.253173000000000002e+03 1.252563000000000102e+03 1.251772999999999911e+03 9.000000000000000000e+00
9.553000000000000000e+03 1.254762999999999920e+03 1.249083000000000084e+03 1.245732999999999947e+03 1.255212999999999965e+03 1.256583000000000084e+03 1.253583000000000084e+03 1.253853000000000065e+03 1.253173000000000002e+03 1.252563000000000102e+03 1.251772999999999911e+03 1.251053000000000111e+03 9.000000000000000000e+00
9.631000000000000000e+03 1.270022999999999911e+03 1.266242999999999938e+03 1.264573000000000093e+03 1.263323000000000093e+03 1.262173000000000002e+03 1.263843000000000075e+03 1.265153000000000020e+03 1.263123000000000047e+03 1.262633000000000038e+03 1.269202999999999975e+03 1.268173000000000002e+03 9.000000000000000000e+00
9.635000000000000000e+03 1.262173000000000002e+03 1.263843000000000075e+03 1.265153000000000020e+03 1.263123000000000047e+03 1.262633000000000038e+03 1.269202999999999975e+03 1.268173000000000002e+03 1.266462999999999965e+03 1.264133000000000038e+03 1.265202999999999975e+03 1.264893000000000029e+03 9.000000000000000000e+00
9.636000000000000000e+03 1.263843000000000075e+03 1.265153000000000020e+03 1.263123000000000047e+03 1.262633000000000038e+03 1.269202999999999975e+03 1.268173000000000002e+03 1.266462999999999965e+03 1.264133000000000038e+03 1.265202999999999975e+03 1.264893000000000029e+03 1.264232999999999947e+03 9.000000000000000000e+00
9.637000000000000000e+03 1.265153000000000020e+03 1.263123000000000047e+03 1.262633000000000038e+03 1.269202999999999975e+03 1.268173000000000002e+03 1.266462999999999965e+03 1.264133000000000038e+03 1.265202999999999975e+03 1.264893000000000029e+03 1.264232999999999947e+03 1.263823000000000093e+03 9.000000000000000000e+00
9.638000000000000000e+03 1.263123000000000047e+03 1.262633000000000038e+03 1.269202999999999975e+03 1.268173000000000002e+03 1.266462999999999965e+03 1.264133000000000038e+03 1.265202999999999975e+03 1.264893000000000029e+03 1.264232999999999947e+03 1.263823000000000093e+03 1.265593000000000075e+03 9.000000000000000000e+00
9.641000000000000000e+03 1.268173000000000002e+03 1.266462999999999965e+03 1.264133000000000038e+03 1.265202999999999975e+03 1.264893000000000029e+03 1.264232999999999947e+03 1.263823000000000093e+03 1.265593000000000075e+03 1.266962999999999965e+03 1.266563000000000102e+03 1.266843000000000075e+03 9.000000000000000000e+00
9.642000000000000000e+03 1.266462999999999965e+03 1.264133000000000038e+03 1.265202999999999975e+03 1.264893000000000029e+03 1.264232999999999947e+03 1.263823000000000093e+03 1.265593000000000075e+03 1.266962999999999965e+03 1.266563000000000102e+03 1.266843000000000075e+03 1.267992999999999938e+03 9.000000000000000000e+00
1.017900000000000000e+04 1.307163000000000011e+03 1.308653000000000020e+03 1.308403000000000020e+03 1.306522999999999911e+03 1.310482999999999947e+03 1.310103000000000065e+03 1.312393000000000029e+03 1.314163000000000011e+03 1.311232999999999947e+03 1.312563000000000102e+03 1.311103000000000065e+03 9.000000000000000000e+00
1.018000000000000000e+04 1.308653000000000020e+03 1.308403000000000020e+03 1.306522999999999911e+03 1.310482999999999947e+03 1.310103000000000065e+03 1.312393000000000029e+03 1.314163000000000011e+03 1.311232999999999947e+03 1.312563000000000102e+03 1.311103000000000065e+03 1.292012999999999920e+03 9.000000000000000000e+00
1.018200000000000000e+04 1.306522999999999911e+03 1.310482999999999947e+03 1.310103000000000065e+03 1.312393000000000029e+03 1.314163000000000011e+03 1.311232999999999947e+03 1.312563000000000102e+03 1.311103000000000065e+03 1.292012999999999920e+03 1.293482999999999947e+03 1.293133000000000038e+03 9.000000000000000000e+00
1.018300000000000000e+04 1.310482999999999947e+03 1.310103000000000065e+03 1.312393000000000029e+03 1.314163000000000011e+03 1.311232999999999947e+03 1.312563000000000102e+03 1.311103000000000065e+03 1.292012999999999920e+03 1.293482999999999947e+03 1.293133000000000038e+03 1.292813000000000102e+03 9.000000000000000000e+00
1.018400000000000000e+04 1.310103000000000065e+03 1.312393000000000029e+03 1.314163000000000011e+03 1.311232999999999947e+03 1.312563000000000102e+03 1.311103000000000065e+03 1.292012999999999920e+03 1.293482999999999947e+03 1.293133000000000038e+03 1.292813000000000102e+03 1.310012999999999920e+03 9.000000000000000000e+00
1.018500000000000000e+04 1.312393000000000029e+03 1.314163000000000011e+03 1.311232999999999947e+03 1.312563000000000102e+03 1.311103000000000065e+03 1.292012999999999920e+03 1.293482999999999947e+03 1.293133000000000038e+03 1.292813000000000102e+03 1.310012999999999920e+03 1.309992999999999938e+03 9.000000000000000000e+00
1.018600000000000000e+04 1.314163000000000011e+03 1.311232999999999947e+03 1.312563000000000102e+03 1.311103000000000065e+03 1.292012999999999920e+03 1.293482999999999947e+03 1.293133000000000038e+03 1.292813000000000102e+03 1.310012999999999920e+03 1.309992999999999938e+03 1.309792999999999893e+03 9.000000000000000000e+00
1.018700000000000000e+04 1.311232999999999947e+03 1.312563000000000102e+03 1.311103000000000065e+03 1.292012999999999920e+03 1.293482999999999947e+03 1.293133000000000038e+03 1.292813000000000102e+03 1.310012999999999920e+03 1.309992999999999938e+03 1.309792999999999893e+03 1.312803000000000111e+03 9.000000000000000000e+00
1.030200000000000000e+04 1.275819999999999936e+03 1.272880000000000109e+03 1.271759999999999991e+03 1.272250000000000000e+03 1.278089999999999918e+03 1.277359999999999900e+03 1.279109999999999900e+03 1.279779999999999973e+03 1.277829999999999927e+03 1.277819999999999936e+03 1.270240000000000009e+03 9.000000000000000000e+00
1.030300000000000000e+04 1.272880000000000109e+03 1.271759999999999991e+03 1.272250000000000000e+03 1.278089999999999918e+03 1.277359999999999900e+03 1.279109999999999900e+03 1.279779999999999973e+03 1.277829999999999927e+03 1.277819999999999936e+03 1.270240000000000009e+03 1.266900000000000091e+03 9.000000000000000000e+00
1.030400000000000000e+04 1.271759999999999991e+03 1.272250000000000000e+03 1.278089999999999918e+03 1.277359999999999900e+03 1.279109999999999900e+03 1.279779999999999973e+03 1.277829999999999927e+03 1.277819999999999936e+03 1.270240000000000009e+03 1.266900000000000091e+03 1.266779999999999973e+03 9.000000000000000000e+00
1.072700000000000000e+04 1.339559999999999945e+03 1.340640000000000100e+03 1.343299999999999955e+03 1.343180000000000064e+03 1.334009999999999991e+03 1.327720000000000027e+03 1.324400000000000091e+03 1.329190000000000055e+03 1.329680000000000064e+03 1.328599999999999909e+03 1.322430000000000064e+03 9.000000000000000000e+00
1.081800000000000000e+04 1.333039999999999964e+03 1.333690000000000055e+03 1.328039999999999964e+03 1.315500000000000000e+03 1.318289999999999964e+03 1.317589999999999918e+03 1.317930000000000064e+03 1.321089999999999918e+03 1.317589999999999918e+03 1.319230000000000018e+03 1.318079999999999927e+03 9.000000000000000000e+00
1.081900000000000000e+04 1.333690000000000055e+03 1.328039999999999964e+03 1.315500000000000000e+03 1.318289999999999964e+03 1.317589999999999918e+03 1.317930000000000064e+03 1.321089999999999918e+03 1.317589999999999918e+03 1.319230000000000018e+03 1.318079999999999927e+03 1.316160000000000082e+03 9.000000000000000000e+00
1.082000000000000000e+04 1.328039999999999964e+03 1.315500000000000000e+03 1.318289999999999964e+03 1.317589999999999918e+03 1.317930000000000064e+03 1.321089999999999918e+03 1.317589999999999918e+03 1.319230000000000018e+03 1.318079999999999927e+03 1.316160000000000082e+03 1.313599999999999909e+03 9.000000000000000000e+00
1.082100000000000000e+04 1.315500000000000000e+03 1.318289999999999964e+03 1.317589999999999918e+03 1.317930000000000064e+03 1.321089999999999918e+03 1.317589999999999918e+03 1.319230000000000018e+03 1.318079999999999927e+03 1.316160000000000082e+03 1.313599999999999909e+03 1.310799999999999955e+03 9.000000000000000000e+00
1.082200000000000000e+04 1.318289999999999964e+03 1.317589999999999918e+03 1.317930000000000064e+03 1.321089999999999918e+03 1.317589999999999918e+03 1.319230000000000018e+03 1.318079999999999927e+03 1.316160000000000082e+03 1.313599999999999909e+03 1.310799999999999955e+03 1.310289999999999964e+03 9.000000000000000000e+00
1.124300000000000000e+04 1.297230000000000018e+03 1.298150000000000091e+03 1.301390000000000100e+03 1.297519999999999982e+03 1.296710000000000036e+03 1.296920000000000073e+03 1.296829999999999927e+03 1.298210000000000036e+03 1.298170000000000073e+03 1.298069999999999936e+03 1.298599999999999909e+03 9.000000000000000000e+00
1.124800000000000000e+04 1.296920000000000073e+03 1.296829999999999927e+03 1.298210000000000036e+03 1.298170000000000073e+03 1.298069999999999936e+03 1.298599999999999909e+03 1.299160000000000082e+03 1.298980000000000018e+03 1.295980000000000018e+03 1.298829999999999927e+03 1.300210000000000036e+03 9.000000000000000000e+00
1.124900000000000000e+04 1.296829999999999927e+03 1.298210000000000036e+03 1.298170000000000073e+03 1.298069999999999936e+03 1.298599999999999909e+03 1.299160000000000082e+03 1.298980000000000018e+03 1.295980000000000018e+03 1.298829999999999927e+03 1.300210000000000036e+03 1.300349999999999909e+03 9.000000000000000000e+00
1.125300000000000000e+04 1.298599999999999909e+03 1.299160000000000082e+03 1.298980000000000018e+03 1.295980000000000018e+03 1.298829999999999927e+03 1.300210000000000036e+03 1.300349999999999909e+03 1.298579999999999927e+03 1.296880000000000109e+03 1.297680000000000064e+03 1.295630000000000109e+03 9.000000000000000000e+00
1.125400000000000000e+04 1.299160000000000082e+03 1.298980000000000018e+03 1.295980000000000018e+03 1.298829999999999927e+03 1.300210000000000036e+03 1.300349999999999909e+03 1.298579999999999927e+03 1.296880000000000109e+03 1.297680000000000064e+03 1.295630000000000109e+03 1.296549999999999955e+03 9.000000000000000000e+00
1.162300000000000000e+04 1.191029999999999973e+03 1.192210000000000036e+03 1.193269999999999982e+03 1.194700000000000045e+03 1.195980000000000018e+03 1.195359999999999900e+03 1.196480000000000018e+03 1.198809999999999945e+03 1.197369999999999891e+03 1.202880000000000109e+03 1.203769999999999982e+03 9.000000000000000000e+00
1.162500000000000000e+04 1.193269999999999982e+03 1.194700000000000045e+03 1.195980000000000018e+03 1.195359999999999900e+03 1.196480000000000018e+03 1.198809999999999945e+03 1.197369999999999891e+03 1.202880000000000109e+03 1.203769999999999982e+03 1.198819999999999936e+03 1.199970000000000027e+03 9.000000000000000000e+00
1.162600000000000000e+04 1.194700000000000045e+03 1.195980000000000018e+03 1.195359999999999900e+03 1.196480000000000018e+03 1.198809999999999945e+03 1.197369999999999891e+03 1.202880000000000109e+03 1.203769999999999982e+03 1.198819999999999936e+03 1.199970000000000027e+03 1.202359999999999900e+03 9.000000000000000000e+00
1.162700000000000000e+04 1.195980000000000018e+03 1.195359999999999900e+03 1.196480000000000018e+03 1.198809999999999945e+03 1.197369999999999891e+03 1.202880000000000109e+03 1.203769999999999982e+03 1.198819999999999936e+03 1.199970000000000027e+03 1.202359999999999900e+03 1.201490000000000009e+03 9.000000000000000000e+00
1.162800000000000000e+04 1.195359999999999900e+03 1.196480000000000018e+03 1.198809999999999945e+03 1.197369999999999891e+03 1.202880000000000109e+03 1.203769999999999982e+03 1.198819999999999936e+03 1.199970000000000027e+03 1.202359999999999900e+03 1.201490000000000009e+03 1.200829999999999927e+03 9.000000000000000000e+00
1.162900000000000000e+04 1.196480000000000018e+03 1.198809999999999945e+03 1.197369999999999891e+03 1.202880000000000109e+03 1.203769999999999982e+03 1.198819999999999936e+03 1.199970000000000027e+03 1.202359999999999900e+03 1.201490000000000009e+03 1.200829999999999927e+03 1.194450000000000045e+03 9.000000000000000000e+00
1.163000000000000000e+04 1.198809999999999945e+03 1.197369999999999891e+03 1.202880000000000109e+03 1.203769999999999982e+03 1.198819999999999936e+03 1.199970000000000027e+03 1.202359999999999900e+03 1.201490000000000009e+03 1.200829999999999927e+03 1.194450000000000045e+03 1.195950000000000045e+03 9.000000000000000000e+00
1.163100000000000000e+04 1.197369999999999891e+03 1.202880000000000109e+03 1.203769999999999982e+03 1.198819999999999936e+03 1.199970000000000027e+03 1.202359999999999900e+03 1.201490000000000009e+03 1.200829999999999927e+03 1.194450000000000045e+03 1.195950000000000045e+03 1.195829999999999927e+03 9.000000000000000000e+00
1.163200000000000000e+04 1.202880000000000109e+03 1.203769999999999982e+03 1.198819999999999936e+03 1.199970000000000027e+03 1.202359999999999900e+03 1.201490000000000009e+03 1.200829999999999927e+03 1.194450000000000045e+03 1.195950000000000045e+03 1.195829999999999927e+03 1.195450000000000045e+03 9.000000000000000000e+00
1.163300000000000000e+04 1.203769999999999982e+03 1.198819999999999936e+03 1.199970000000000027e+03 1.202359999999999900e+03 1.201490000000000009e+03 1.200829999999999927e+03 1.194450000000000045e+03 1.195950000000000045e+03 1.195829999999999927e+03 1.195450000000000045e+03 1.193069999999999936e+03 9.000000000000000000e+00
1.170100000000000000e+04 1.199099999999999909e+03 1.196640000000000100e+03 1.196900000000000091e+03 1.199230000000000018e+03 1.197970000000000027e+03 1.201000000000000000e+03 1.198660000000000082e+03 1.198210000000000036e+03 1.198559999999999945e+03 1.199750000000000000e+03 1.200740000000000009e+03 9.000000000000000000e+00
1.170200000000000000e+04 1.196640000000000100e+03 1.196900000000000091e+03 1.199230000000000018e+03 1.197970000000000027e+03 1.201000000000000000e+03 1.198660000000000082e+03 1.198210000000000036e+03 1.198559999999999945e+03 1.199750000000000000e+03 1.200740000000000009e+03 1.200930000000000064e+03 9.000000000000000000e+00
1.170300000000000000e+04 1.196900000000000091e+03 1.199230000000000018e+03 1.197970000000000027e+03 1.201000000000000000e+03 1.198660000000000082e+03 1.198210000000000036e+03 1.198559999999999945e+03 1.199750000000000000e+03 1.200740000000000009e+03 1.200930000000000064e+03 1.201059999999999945e+03 9.000000000000000000e+00
1.170400000000000000e+04 1.199230000000000018e+03 1.197970000000000027e+03 1.201000000000000000e+03 1.198660000000000082e+03 1.198210000000000036e+03 1.198559999999999945e+03 1.199750000000000000e+03 1.200740000000000009e+03 1.200930000000000064e+03 1.201059999999999945e+03 1.200019999999999982e+03 9.000000000000000000e+00
1.188600000000000000e+04 1.230039999999999964e+03 1.231359999999999900e+03 1.230490000000000009e+03 1.230009999999999991e+03 1.233910000000000082e+03 1.233450000000000045e+03 1.225950000000000045e+03 1.227029999999999973e+03 1.226869999999999891e+03 1.228880000000000109e+03 1.233470000000000027e+03 9.000000000000000000e+00
1.188900000000000000e+04 1.230009999999999991e+03 1.233910000000000082e+03 1.233450000000000045e+03 1.225950000000000045e+03 1.227029999999999973e+03 1.226869999999999891e+03 1.228880000000000109e+03 1.233470000000000027e+03 1.228559999999999945e+03 1.228529999999999973e+03 1.226359999999999900e+03 9.000000000000000000e+00
1.189000000000000000e+04 1.233910000000000082e+03 1.233450000000000045e+03 1.225950000000000045e+03 1.227029999999999973e+03 1.226869999999999891e+03 1.228880000000000109e+03 1.233470000000000027e+03 1.228559999999999945e+03 1.228529999999999973e+03 1.226359999999999900e+03 1.226440000000000055e+03 9.000000000000000000e+00
1.189100000000000000e+04 1.233450000000000045e+03 1.225950000000000045e+03 1.227029999999999973e+03 1.226869999999999891e+03 1.228880000000000109e+03 1.233470000000000027e+03 1.228559999999999945e+03 1.228529999999999973e+03 1.226359999999999900e+03 1.226440000000000055e+03 1.224539999999999964e+03 9.000000000000000000e+00
1.189200000000000000e+04 1.225950000000000045e+03 1.227029999999999973e+03 1.226869999999999891e+03 1.228880000000000109e+03 1.233470000000000027e+03 1.228559999999999945e+03 1.228529999999999973e+03 1.226359999999999900e+03 1.226440000000000055e+03 1.224539999999999964e+03 1.222779999999999973e+03 9.000000000000000000e+00
1.229400000000000000e+04 1.312349999999999909e+03 1.311769999999999982e+03 1.310369999999999891e+03 1.310569999999999936e+03 1.311730000000000018e+03 1.313450000000000045e+03 1.312549999999999955e+03 1.310509999999999991e+03 1.311690000000000055e+03 1.305880000000000109e+03 1.308769999999999982e+03 9.000000000000000000e+00
1.229500000000000000e+04 1.311769999999999982e+03 1.310369999999999891e+03 1.310569999999999936e+03 1.311730000000000018e+03 1.313450000000000045e+03 1.312549999999999955e+03 1.310509999999999991e+03 1.311690000000000055e+03 1.305880000000000109e+03 1.308769999999999982e+03 1.309069999999999936e+03 9.000000000000000000e+00
1.229600000000000000e+04 1.310369999999999891e+03 1.310569999999999936e+03 1.311730000000000018e+03 1.313450000000000045e+03 1.312549999999999955e+03 1.310509999999999991e+03 1.311690000000000055e+03 1.305880000000000109e+03 1.308769999999999982e+03 1.309069999999999936e+03 1.305809999999999945e+03 9.000000000000000000e+00
1.230200000000000000e+04 1.311690000000000055e+03 1.305880000000000109e+03 1.308769999999999982e+03 1.309069999999999936e+03 1.305809999999999945e+03 1.311150000000000091e+03 1.314029999999999973e+03 1.312210000000000036e+03 1.311670000000000073e+03 1.312299999999999955e+03 1.315779999999999973e+03 9.000000000000000000e+00
1.230300000000000000e+04 1.305880000000000109e+03 1.308769999999999982e+03 1.309069999999999936e+03 1.305809999999999945e+03 1.311150000000000091e+03 1.314029999999999973e+03 1.312210000000000036e+03 1.311670000000000073e+03 1.312299999999999955e+03 1.315779999999999973e+03 1.317410000000000082e+03 9.000000000000000000e+00
1.230400000000000000e+04 1.308769999999999982e+03 1.309069999999999936e+03 1.305809999999999945e+03 1.311150000000000091e+03 1.314029999999999973e+03 1.312210000000000036e+03 1.311670000000000073e+03 1.312299999999999955e+03 1.315779999999999973e+03 1.317410000000000082e+03 1.317589999999999918e+03 9.000000000000000000e+00
