3.750000000000000000e+02 1.718250895882945384e-01 2.842367887423822292e-01 1.573219202494151037e-01 9.235157736478978585e-02 2.414072299119209841e-01 1.991093495970513161e-01 1.798310058504304643e-01 3.087683759955717755e-01 3.665373858403832563e-01 1.283655334181057484e-01 2.139745901492026703e-01 1.200000000000000000e+01
3.860000000000000000e+02 2.024898139365598204e-01 2.262804256732001973e-01 3.568807137867109902e-01 2.551714238841387705e-01 2.540984677095071143e-01 3.083428709329535944e-01 1.411907272468054808e-01 1.919909352674482317e-01 5.143392738304392031e-01 4.081487682444936427e-01 2.218754543986454497e-01 1.200000000000000000e+01
3.870000000000000000e+02 2.262804256732001973e-01 3.568807137867109902e-01 2.551714238841387705e-01 2.540984677095071143e-01 3.083428709329535944e-01 1.411907272468054808e-01 1.919909352674482317e-01 5.143392738304392031e-01 4.081487682444936427e-01 2.218754543986454497e-01 1.932825418710380216e-01 1.200000000000000000e+01
3.880000000000000000e+02 3.568807137867109902e-01 2.551714238841387705e-01 2.540984677095071143e-01 3.083428709329535944e-01 1.411907272468054808e-01 1.919909352674482317e-01 5.143392738304392031e-01 4.081487682444936427e-01 2.218754543986454497e-01 1.932825418710380216e-01 1.185416161720984629e-01 1.200000000000000000e+01
3.890000000000000000e+02 2.551714238841387705e-01 2.540984677095071143e-01 3.083428709329535944e-01 1.411907272468054808e-01 1.919909352674482317e-01 5.143392738304392031e-01 4.081487682444936427e-01 2.218754543986454497e-01 1.932825418710380216e-01 1.185416161720984629e-01 1.521124089805825086e-01 1.200000000000000000e+01
3.900000000000000000e+02 2.540984677095071143e-01 3.083428709329535944e-01 1.411907272468054808e-01 1.919909352674482317e-01 5.143392738304392031e-01 4.081487682444936427e-01 2.218754543986454497e-01 1.932825418710380216e-01 1.185416161720984629e-01 1.521124089805825086e-01 1.831945404695550228e-01 1.200000000000000000e+01
3.910000000000000000e+02 3.083428709329535944e-01 1.411907272468054808e-01 1.919909352674482317e-01 5.143392738304392031e-01 4.081487682444936427e-01 2.218754543986454497e-01 1.932825418710380216e-01 1.185416161720984629e-01 1.521124089805825086e-01 1.831945404695550228e-01 1.652869760460255744e-01 1.200000000000000000e+01
5.360000000000000000e+02 3.552868020823445327e-01 5.452331084562190844e-01 1.007316416125155323e+00 9.087404567951026246e-01 5.194644596813090542e-01 5.082092463470440080e-01 2.531967790291875242e-01 3.902506540231727161e-01 6.865674975175606320e-01 5.163769809475279304e-01 3.264422917113435907e-01 1.200000000000000000e+01
5.400000000000000000e+02 5.194644596813090542e-01 5.082092463470440080e-01 2.531967790291875242e-01 3.902506540231727161e-01 6.865674975175606320e-01 5.163769809475279304e-01 3.264422917113435907e-01 3.180618633060309230e-01 2.276179321935730970e-01 4.072443442022348203e-01 5.843842451864456056e-01 1.200000000000000000e+01
5.410000000000000000e+02 5.082092463470440080e-01 2.531967790291875242e-01 3.902506540231727161e-01 6.865674975175606320e-01 5.163769809475279304e-01 3.264422917113435907e-01 3.180618633060309230e-01 2.276179321935730970e-01 4.072443442022348203e-01 5.843842451864456056e-01 4.456569400867138042e-01 1.200000000000000000e+01
5.430000000000000000e+02 3.902506540231727161e-01 6.865674975175606320e-01 5.163769809475279304e-01 3.264422917113435907e-01 3.180618633060309230e-01 2.276179321935730970e-01 4.072443442022348203e-01 5.843842451864456056e-01 4.456569400867138042e-01 2.540984677095071143e-01 3.426728601217267633e-01 1.200000000000000000e+01
5.440000000000000000e+02 6.865674975175606320e-01 5.163769809475279304e-01 3.264422917113435907e-01 3.180618633060309230e-01 2.276179321935730970e-01 4.072443442022348203e-01 5.843842451864456056e-01 4.456569400867138042e-01 2.540984677095071143e-01 3.426728601217267633e-01 2.378720073567489046e-01 1.200000000000000000e+01
5.450000000000000000e+02 5.163769809475279304e-01 3.264422917113435907e-01 3.180618633060309230e-01 2.276179321935730970e-01 4.072443442022348203e-01 5.843842451864456056e-01 4.456569400867138042e-01 2.540984677095071143e-01 3.426728601217267633e-01 2.378720073567489046e-01 2.933488562465653149e-01 1.200000000000000000e+01
5.460000000000000000e+02 3.264422917113435907e-01 3.180618633060309230e-01 2.276179321935730970e-01 4.072443442022348203e-01 5.843842451864456056e-01 4.456569400867138042e-01 2.540984677095071143e-01 3.426728601217267633e-01 2.378720073567489046e-01 2.933488562465653149e-01 5.690440795139084518e-01 1.200000000000000000e+01
9.720000000000000000e+02 6.889619636151309567e-01 7.542036825282926182e-01 7.549907433878036978e-01 7.587150683162033893e-01 1.008580595619025688e+00 6.710221713924394704e-01 6.379053655660377187e-01 9.557810661591523704e-01 8.682393548959742580e-01 9.067724432020579650e-01 1.074889204874053261e+00 1.200000000000000000e+01
9.730000000000000000e+02 7.542036825282926182e-01 7.549907433878036978e-01 7.587150683162033893e-01 1.008580595619025688e+00 6.710221713924394704e-01 6.379053655660377187e-01 9.557810661591523704e-01 8.682393548959742580e-01 9.067724432020579650e-01 1.074889204874053261e+00 5.923700344265414586e-01 1.200000000000000000e+01
9.740000000000000000e+02 7.549907433878036978e-01 7.587150683162033893e-01 1.008580595619025688e+00 6.710221713924394704e-01 6.379053655660377187e-01 9.557810661591523704e-01 8.682393548959742580e-01 9.067724432020579650e-01 1.074889204874053261e+00 5.923700344265414586e-01 6.696269205669536095e-01 1.200000000000000000e+01
9.750000000000000000e+02 7.587150683162033893e-01 1.008580595619025688e+00 6.710221713924394704e-01 6.379053655660377187e-01 9.557810661591523704e-01 8.682393548959742580e-01 9.067724432020579650e-01 1.074889204874053261e+00 5.923700344265414586e-01 6.696269205669536095e-01 8.520130859693041403e-01 1.200000000000000000e+01
9.760000000000000000e+02 1.008580595619025688e+00 6.710221713924394704e-01 6.379053655660377187e-01 9.557810661591523704e-01 8.682393548959742580e-01 9.067724432020579650e-01 1.074889204874053261e+00 5.923700344265414586e-01 6.696269205669536095e-01 8.520130859693041403e-01 7.513219904148195072e-01 1.200000000000000000e+01
9.770000000000000000e+02 6.710221713924394704e-01 6.379053655660377187e-01 9.557810661591523704e-01 8.682393548959742580e-01 9.067724432020579650e-01 1.074889204874053261e+00 5.923700344265414586e-01 6.696269205669536095e-01 8.520130859693041403e-01 7.513219904148195072e-01 6.644680195801864198e-01 1.200000000000000000e+01
9.780000000000000000e+02 6.379053655660377187e-01 9.557810661591523704e-01 8.682393548959742580e-01 9.067724432020579650e-01 1.074889204874053261e+00 5.923700344265414586e-01 6.696269205669536095e-01 8.520130859693041403e-01 7.513219904148195072e-01 6.644680195801864198e-01 9.454071451940230242e-01 1.200000000000000000e+01
9.790000000000000000e+02 9.557810661591523704e-01 8.682393548959742580e-01 9.067724432020579650e-01 1.074889204874053261e+00 5.923700344265414586e-01 6.696269205669536095e-01 8.520130859693041403e-01 7.513219904148195072e-01 6.644680195801864198e-01 9.454071451940230242e-01 5.959758630553505521e-01 1.200000000000000000e+01
9.800000000000000000e+02 8.682393548959742580e-01 9.067724432020579650e-01 1.074889204874053261e+00 5.923700344265414586e-01 6.696269205669536095e-01 8.520130859693041403e-01 7.513219904148195072e-01 6.644680195801864198e-01 9.454071451940230242e-01 5.959758630553505521e-01 7.713624791056054031e-01 1.200000000000000000e+01
9.810000000000000000e+02 9.067724432020579650e-01 1.074889204874053261e+00 5.923700344265414586e-01 6.696269205669536095e-01 8.520130859693041403e-01 7.513219904148195072e-01 6.644680195801864198e-01 9.454071451940230242e-01 5.959758630553505521e-01 7.713624791056054031e-01 7.803199976402153126e-01 1.200000000000000000e+01
1.028000000000000000e+03 8.776032448781733164e-01 1.931571355178370197e+00 1.081635906498073396e+00 1.310326804073548290e+00 1.237545679441910851e+00 1.139920167158542164e+00 9.714290777539176247e-01 1.293566533268293517e+00 9.653479332189804918e-01 1.333815860276607479e+00 1.307146926997472036e+00 1.200000000000000000e+01
1.029000000000000000e+03 1.931571355178370197e+00 1.081635906498073396e+00 1.310326804073548290e+00 1.237545679441910851e+00 1.139920167158542164e+00 9.714290777539176247e-01 1.293566533268293517e+00 9.653479332189804918e-01 1.333815860276607479e+00 1.307146926997472036e+00 9.837085274141089686e-01 1.200000000000000000e+01
1.030000000000000000e+03 1.081635906498073396e+00 1.310326804073548290e+00 1.237545679441910851e+00 1.139920167158542164e+00 9.714290777539176247e-01 1.293566533268293517e+00 9.653479332189804918e-01 1.333815860276607479e+00 1.307146926997472036e+00 9.837085274141089686e-01 7.223852003676829447e-01 1.200000000000000000e+01
1.031000000000000000e+03 1.310326804073548290e+00 1.237545679441910851e+00 1.139920167158542164e+00 9.714290777539176247e-01 1.293566533268293517e+00 9.653479332189804918e-01 1.333815860276607479e+00 1.307146926997472036e+00 9.837085274141089686e-01 7.223852003676829447e-01 1.102008328753769195e+00 1.200000000000000000e+01
1.032000000000000000e+03 1.237545679441910851e+00 1.139920167158542164e+00 9.714290777539176247e-01 1.293566533268293517e+00 9.653479332189804918e-01 1.333815860276607479e+00 1.307146926997472036e+00 9.837085274141089686e-01 7.223852003676829447e-01 1.102008328753769195e+00 1.313986488766958338e+00 1.200000000000000000e+01
1.033000000000000000e+03 1.139920167158542164e+00 9.714290777539176247e-01 1.293566533268293517e+00 9.653479332189804918e-01 1.333815860276607479e+00 1.307146926997472036e+00 9.837085274141089686e-01 7.223852003676829447e-01 1.102008328753769195e+00 1.313986488766958338e+00 9.354082349674848196e-01 1.200000000000000000e+01
1.034000000000000000e+03 9.714290777539176247e-01 1.293566533268293517e+00 9.653479332189804918e-01 1.333815860276607479e+00 1.307146926997472036e+00 9.837085274141089686e-01 7.223852003676829447e-01 1.102008328753769195e+00 1.313986488766958338e+00 9.354082349674848196e-01 1.099927912189522017e+00 1.200000000000000000e+01
1.035000000000000000e+03 1.293566533268293517e+00 9.653479332189804918e-01 1.333815860276607479e+00 1.307146926997472036e+00 9.837085274141089686e-01 7.223852003676829447e-01 1.102008328753769195e+00 1.313986488766958338e+00 9.354082349674848196e-01 1.099927912189522017e+00 8.673704397181623005e-01 1.200000000000000000e+01
1.036000000000000000e+03 9.653479332189804918e-01 1.333815860276607479e+00 1.307146926997472036e+00 9.837085274141089686e-01 7.223852003676829447e-01 1.102008328753769195e+00 1.313986488766958338e+00 9.354082349674848196e-01 1.099927912189522017e+00 8.673704397181623005e-01 8.512772536111294919e-01 1.200000000000000000e+01
1.319000000000000000e+03 7.233269815327898478e-01 7.893212518778197628e-01 7.543631935371617470e-01 5.773816404688054682e-01 1.006542742379509470e+00 7.977895841240086883e-01 5.663052842782561047e-01 7.543938498713406160e-01 5.969447271568786295e-01 4.380644946836094733e-01 1.194025240415001354e+00 1.200000000000000000e+01
1.405000000000000000e+03 6.394156433835880282e-01 5.511283694845375836e-01 5.419854254442205699e-01 7.040628930779749828e-01 6.131644771427035012e-01 4.738678428067890636e-01 6.709239896253388347e-01 6.781211465054073351e-01 4.677418812396959003e-01 6.849193805444782068e-01 4.441122019928257503e-01 1.200000000000000000e+01
1.406000000000000000e+03 5.511283694845375836e-01 5.419854254442205699e-01 7.040628930779749828e-01 6.131644771427035012e-01 4.738678428067890636e-01 6.709239896253388347e-01 6.781211465054073351e-01 4.677418812396959003e-01 6.849193805444782068e-01 4.441122019928257503e-01 3.043284590470267670e-01 1.200000000000000000e+01
1.407000000000000000e+03 5.419854254442205699e-01 7.040628930779749828e-01 6.131644771427035012e-01 4.738678428067890636e-01 6.709239896253388347e-01 6.781211465054073351e-01 4.677418812396959003e-01 6.849193805444782068e-01 4.441122019928257503e-01 3.043284590470267670e-01 4.197977673403405219e-01 1.200000000000000000e+01
1.408000000000000000e+03 7.040628930779749828e-01 6.131644771427035012e-01 4.738678428067890636e-01 6.709239896253388347e-01 6.781211465054073351e-01 4.677418812396959003e-01 6.849193805444782068e-01 4.441122019928257503e-01 3.043284590470267670e-01 4.197977673403405219e-01 7.160950292525529726e-01 1.200000000000000000e+01
1.646000000000000000e+03 7.993671341491126459e-01 8.494579264173840460e-01 7.994635101737120886e-01 6.360459101584208241e-01 3.075928819641401968e-01 8.297197843661023864e-01 7.960993519542544083e-01 7.916793798085729472e-01 8.733118283906780022e-01 7.221167858272478091e-01 4.505956665267223382e-01 1.200000000000000000e+01
1.668000000000000000e+03 6.078144863735081005e-01 1.083824407539624390e+00 7.026858540391691665e-01 9.014208546093606111e-01 9.215509444105158821e-01 6.350804488497407974e-01 4.573351202910855284e-01 1.164711505354268040e+00 7.360397688556531426e-01 8.641857912392378882e-01 7.626978238511024077e-01 1.200000000000000000e+01
1.670000000000000000e+03 7.026858540391691665e-01 9.014208546093606111e-01 9.215509444105158821e-01 6.350804488497407974e-01 4.573351202910855284e-01 1.164711505354268040e+00 7.360397688556531426e-01 8.641857912392378882e-01 7.626978238511024077e-01 6.128265656846655363e-01 2.992738687237543327e-01 1.200000000000000000e+01
1.671000000000000000e+03 9.014208546093606111e-01 9.215509444105158821e-01 6.350804488497407974e-01 4.573351202910855284e-01 1.164711505354268040e+00 7.360397688556531426e-01 8.641857912392378882e-01 7.626978238511024077e-01 6.128265656846655363e-01 2.992738687237543327e-01 1.083981165481125775e+00 1.200000000000000000e+01
1.916000000000000000e+03 8.772304961024587344e-01 1.070526953769005196e+00 9.941948694548445875e-01 9.542619574993672638e-01 6.900568830917530594e-01 9.054338701112049081e-01 8.131143557964473079e-01 1.140767539842461931e+00 8.747063889063632081e-01 7.626661607918101549e-01 4.247961950850193680e-01 1.200000000000000000e+01
1.917000000000000000e+03 1.070526953769005196e+00 9.941948694548445875e-01 9.542619574993672638e-01 6.900568830917530594e-01 9.054338701112049081e-01 8.131143557964473079e-01 1.140767539842461931e+00 8.747063889063632081e-01 7.626661607918101549e-01 4.247961950850193680e-01 9.925912855858984862e-01 1.200000000000000000e+01
1.920000000000000000e+03 6.900568830917530594e-01 9.054338701112049081e-01 8.131143557964473079e-01 1.140767539842461931e+00 8.747063889063632081e-01 7.626661607918101549e-01 4.247961950850193680e-01 9.925912855858984862e-01 6.800367429644621486e-01 9.055748677642424527e-01 9.563515681882963637e-01 1.200000000000000000e+01
1.921000000000000000e+03 9.054338701112049081e-01 8.131143557964473079e-01 1.140767539842461931e+00 8.747063889063632081e-01 7.626661607918101549e-01 4.247961950850193680e-01 9.925912855858984862e-01 6.800367429644621486e-01 9.055748677642424527e-01 9.563515681882963637e-01 8.086703921504148074e-01 1.200000000000000000e+01
1.923000000000000000e+03 1.140767539842461931e+00 8.747063889063632081e-01 7.626661607918101549e-01 4.247961950850193680e-01 9.925912855858984862e-01 6.800367429644621486e-01 9.055748677642424527e-01 9.563515681882963637e-01 8.086703921504148074e-01 3.973118602022255863e-01 6.847186884774485449e-01 1.200000000000000000e+01
2.184000000000000000e+03 6.626778521740275263e-01 1.138846445006562291e+00 7.423499689560690840e-01 1.128078917842095574e+00 1.099737744846474019e+00 9.532482231252532578e-01 6.691013940431861373e-01 7.864545925117580882e-01 5.820032771187153564e-01 1.045980512399248941e+00 1.125410336157951496e+00 1.200000000000000000e+01
2.185000000000000000e+03 1.138846445006562291e+00 7.423499689560690840e-01 1.128078917842095574e+00 1.099737744846474019e+00 9.532482231252532578e-01 6.691013940431861373e-01 7.864545925117580882e-01 5.820032771187153564e-01 1.045980512399248941e+00 1.125410336157951496e+00 7.559562046964838355e-01 1.200000000000000000e+01
2.186000000000000000e+03 7.423499689560690840e-01 1.128078917842095574e+00 1.099737744846474019e+00 9.532482231252532578e-01 6.691013940431861373e-01 7.864545925117580882e-01 5.820032771187153564e-01 1.045980512399248941e+00 1.125410336157951496e+00 7.559562046964838355e-01 5.260986094806040514e-01 1.200000000000000000e+01
2.309000000000000000e+03 7.719833679147934946e-01 8.200007919930251132e-01 7.652244443200766355e-01 9.221909203837699298e-01 8.463080656778646516e-01 7.365021593265806965e-01 8.603333946069926519e-01 8.466496420482371166e-01 8.951469571018537685e-01 9.899390985642974039e-01 1.148927697581551888e+00 1.200000000000000000e+01
2.310000000000000000e+03 8.200007919930251132e-01 7.652244443200766355e-01 9.221909203837699298e-01 8.463080656778646516e-01 7.365021593265806965e-01 8.603333946069926519e-01 8.466496420482371166e-01 8.951469571018537685e-01 9.899390985642974039e-01 1.148927697581551888e+00 8.538057083312075024e-01 1.200000000000000000e+01
2.333000000000000000e+03 4.324833845349961847e-01 9.697046261267163736e-01 9.650098867850297468e-01 9.994555650645722267e-01 9.159727023477750585e-01 9.597168138934095705e-01 6.040235436310538164e-01 6.710807475668401079e-01 1.140343303860871238e+00 1.079967892757373038e+00 9.559712335022003682e-01 1.200000000000000000e+01
2.410000000000000000e+03 8.542884389855475158e-01 3.967853403768847320e-01 6.270317660049895547e-01 5.516917802077890842e-01 9.838968976117420384e-01 1.165725812884123469e+00 8.437649107209348465e-01 4.049990496522024030e-01 8.618551623738581746e-01 5.827920521312673907e-01 9.174326871336324629e-01 1.200000000000000000e+01
2.411000000000000000e+03 3.967853403768847320e-01 6.270317660049895547e-01 5.516917802077890842e-01 9.838968976117420384e-01 1.165725812884123469e+00 8.437649107209348465e-01 4.049990496522024030e-01 8.618551623738581746e-01 5.827920521312673907e-01 9.174326871336324629e-01 8.526469771127973551e-01 1.200000000000000000e+01
2.412000000000000000e+03 6.270317660049895547e-01 5.516917802077890842e-01 9.838968976117420384e-01 1.165725812884123469e+00 8.437649107209348465e-01 4.049990496522024030e-01 8.618551623738581746e-01 5.827920521312673907e-01 9.174326871336324629e-01 8.526469771127973551e-01 6.819535953861575184e-01 1.200000000000000000e+01
2.413000000000000000e+03 5.516917802077890842e-01 9.838968976117420384e-01 1.165725812884123469e+00 8.437649107209348465e-01 4.049990496522024030e-01 8.618551623738581746e-01 5.827920521312673907e-01 9.174326871336324629e-01 8.526469771127973551e-01 6.819535953861575184e-01 3.689850935988864267e-01 1.200000000000000000e+01
2.416000000000000000e+03 8.437649107209348465e-01 4.049990496522024030e-01 8.618551623738581746e-01 5.827920521312673907e-01 9.174326871336324629e-01 8.526469771127973551e-01 6.819535953861575184e-01 3.689850935988864267e-01 5.005281072134829534e-01 5.394094264409081685e-01 1.007083843767173414e+00 1.200000000000000000e+01
2.417000000000000000e+03 4.049990496522024030e-01 8.618551623738581746e-01 5.827920521312673907e-01 9.174326871336324629e-01 8.526469771127973551e-01 6.819535953861575184e-01 3.689850935988864267e-01 5.005281072134829534e-01 5.394094264409081685e-01 1.007083843767173414e+00 9.899477987934396372e-01 1.200000000000000000e+01
2.418000000000000000e+03 8.618551623738581746e-01 5.827920521312673907e-01 9.174326871336324629e-01 8.526469771127973551e-01 6.819535953861575184e-01 3.689850935988864267e-01 5.005281072134829534e-01 5.394094264409081685e-01 1.007083843767173414e+00 9.899477987934396372e-01 7.179653021999236051e-01 1.200000000000000000e+01
2.419000000000000000e+03 5.827920521312673907e-01 9.174326871336324629e-01 8.526469771127973551e-01 6.819535953861575184e-01 3.689850935988864267e-01 5.005281072134829534e-01 5.394094264409081685e-01 1.007083843767173414e+00 9.899477987934396372e-01 7.179653021999236051e-01 4.337470321158142794e-01 1.200000000000000000e+01
2.420000000000000000e+03 9.174326871336324629e-01 8.526469771127973551e-01 6.819535953861575184e-01 3.689850935988864267e-01 5.005281072134829534e-01 5.394094264409081685e-01 1.007083843767173414e+00 9.899477987934396372e-01 7.179653021999236051e-01 4.337470321158142794e-01 7.242216897357629524e-01 1.200000000000000000e+01
2.421000000000000000e+03 8.526469771127973551e-01 6.819535953861575184e-01 3.689850935988864267e-01 5.005281072134829534e-01 5.394094264409081685e-01 1.007083843767173414e+00 9.899477987934396372e-01 7.179653021999236051e-01 4.337470321158142794e-01 7.242216897357629524e-01 6.191883848533089596e-01 1.200000000000000000e+01
2.688000000000000000e+03 9.918282372117972479e-01 1.099378463317457255e+00 8.880814920340711627e-01 5.655672346247767601e-01 2.867426968806414678e-01 8.212548555250350768e-01 6.221181206142163411e-01 1.085556928638486962e+00 9.923565851387140535e-01 7.958780298104041195e-01 5.675883717174651233e-01 1.200000000000000000e+01
2.689000000000000000e+03 1.099378463317457255e+00 8.880814920340711627e-01 5.655672346247767601e-01 2.867426968806414678e-01 8.212548555250350768e-01 6.221181206142163411e-01 1.085556928638486962e+00 9.923565851387140535e-01 7.958780298104041195e-01 5.675883717174651233e-01 9.358449107624469132e-01 1.200000000000000000e+01
2.706000000000000000e+03 8.890621212907384718e-01 9.574622684443121479e-01 8.453572289626247738e-01 5.495405769006878050e-01 2.352490579623037203e-01 6.036748327213037335e-01 5.276904833972786424e-01 6.749138464004396099e-01 7.510976159251755435e-01 6.311703305495866001e-01 4.439615167274272856e-01 1.200000000000000000e+01
2.858000000000000000e+03 1.663964251669833638e+00 1.203254429007953652e+00 1.133281272063703105e+00 1.943955232556968893e+00 1.564478896324539070e+00 1.724972844442663522e+00 1.677909856826685475e+00 1.230576984043599387e+00 9.542645314478049867e-01 2.489943142805813636e+00 1.517828488439321610e+00 1.200000000000000000e+01
2.860000000000000000e+03 1.133281272063703105e+00 1.943955232556968893e+00 1.564478896324539070e+00 1.724972844442663522e+00 1.677909856826685475e+00 1.230576984043599387e+00 9.542645314478049867e-01 2.489943142805813636e+00 1.517828488439321610e+00 1.584340617271936091e+00 1.415415534306122547e+00 1.200000000000000000e+01
2.863000000000000000e+03 1.724972844442663522e+00 1.677909856826685475e+00 1.230576984043599387e+00 9.542645314478049867e-01 2.489943142805813636e+00 1.517828488439321610e+00 1.584340617271936091e+00 1.415415534306122547e+00 1.117859376255202708e+00 9.516319323211006598e-01 2.159497402121183907e+00 1.200000000000000000e+01
2.872000000000000000e+03 9.516319323211006598e-01 2.159497402121183907e+00 1.367623189620493340e+00 1.719610391097270430e+00 1.500547114877268662e+00 1.185683033189976809e+00 9.424704873601693622e-01 1.867614115045861389e+00 1.910525762545560280e+00 1.715305322918574849e+00 1.563682672769198367e+00 1.200000000000000000e+01
2.873000000000000000e+03 2.159497402121183907e+00 1.367623189620493340e+00 1.719610391097270430e+00 1.500547114877268662e+00 1.185683033189976809e+00 9.424704873601693622e-01 1.867614115045861389e+00 1.910525762545560280e+00 1.715305322918574849e+00 1.563682672769198367e+00 1.064662458146931723e+00 1.200000000000000000e+01
3.078000000000000000e+03 4.677435824433276990e-01 5.157773788125114001e-01 6.504357023384442771e-01 4.234513299870725223e-01 2.701046703998697951e-01 8.344225226111398053e-01 4.671801717200762538e-01 3.722751061893203595e-01 4.070215032370286257e-01 2.715359930662657462e-01 1.882834895418975252e-01 1.200000000000000000e+01
3.079000000000000000e+03 5.157773788125114001e-01 6.504357023384442771e-01 4.234513299870725223e-01 2.701046703998697951e-01 8.344225226111398053e-01 4.671801717200762538e-01 3.722751061893203595e-01 4.070215032370286257e-01 2.715359930662657462e-01 1.882834895418975252e-01 3.940894649341359357e-01 1.200000000000000000e+01
3.080000000000000000e+03 6.504357023384442771e-01 4.234513299870725223e-01 2.701046703998697951e-01 8.344225226111398053e-01 4.671801717200762538e-01 3.722751061893203595e-01 4.070215032370286257e-01 2.715359930662657462e-01 1.882834895418975252e-01 3.940894649341359357e-01 2.321252179795844361e-01 1.200000000000000000e+01
3.081000000000000000e+03 4.234513299870725223e-01 2.701046703998697951e-01 8.344225226111398053e-01 4.671801717200762538e-01 3.722751061893203595e-01 4.070215032370286257e-01 2.715359930662657462e-01 1.882834895418975252e-01 3.940894649341359357e-01 2.321252179795844361e-01 3.138923394852536908e-01 1.200000000000000000e+01
3.082000000000000000e+03 2.701046703998697951e-01 8.344225226111398053e-01 4.671801717200762538e-01 3.722751061893203595e-01 4.070215032370286257e-01 2.715359930662657462e-01 1.882834895418975252e-01 3.940894649341359357e-01 2.321252179795844361e-01 3.138923394852536908e-01 3.764045610063037062e-01 1.200000000000000000e+01
3.150000000000000000e+03 3.491636875457959088e-01 3.281654449864658263e-01 2.023124172339057225e-01 1.322617801256282255e-01 4.074138899617419374e-01 2.508304539915315323e-01 3.652510475819746860e-01 3.481330160065038704e-01 2.267868614089451340e-01 2.023942208610330085e-01 3.497269674892828917e-01 1.200000000000000000e+01
3.161000000000000000e+03 2.314491251116827519e-01 3.409311887479391512e-01 4.063242229791860227e-01 2.239870236137729842e-01 3.261263798161390670e-01 2.965860253203600472e-01 2.103775640620796916e-01 3.537708657721194139e-01 3.438859453450989201e-01 2.801768717789522301e-01 1.610097625892401019e-01 1.200000000000000000e+01
3.162000000000000000e+03 3.409311887479391512e-01 4.063242229791860227e-01 2.239870236137729842e-01 3.261263798161390670e-01 2.965860253203600472e-01 2.103775640620796916e-01 3.537708657721194139e-01 3.438859453450989201e-01 2.801768717789522301e-01 1.610097625892401019e-01 3.860948099175723347e-01 1.200000000000000000e+01
3.163000000000000000e+03 4.063242229791860227e-01 2.239870236137729842e-01 3.261263798161390670e-01 2.965860253203600472e-01 2.103775640620796916e-01 3.537708657721194139e-01 3.438859453450989201e-01 2.801768717789522301e-01 1.610097625892401019e-01 3.860948099175723347e-01 2.634508541923633040e-01 1.200000000000000000e+01
3.394000000000000000e+03 5.158588582089987939e-01 5.045237795383770152e-01 6.586128980895075147e-01 3.917359259969326879e-01 2.193481592370092603e-01 5.533555334994032515e-01 5.241973369131198712e-01 5.836766120168528360e-01 8.506819145679682670e-01 3.859914312102863398e-01 2.273512605821905730e-01 1.200000000000000000e+01
3.395000000000000000e+03 5.045237795383770152e-01 6.586128980895075147e-01 3.917359259969326879e-01 2.193481592370092603e-01 5.533555334994032515e-01 5.241973369131198712e-01 5.836766120168528360e-01 8.506819145679682670e-01 3.859914312102863398e-01 2.273512605821905730e-01 7.162270347191993514e-01 1.200000000000000000e+01
3.396000000000000000e+03 6.586128980895075147e-01 3.917359259969326879e-01 2.193481592370092603e-01 5.533555334994032515e-01 5.241973369131198712e-01 5.836766120168528360e-01 8.506819145679682670e-01 3.859914312102863398e-01 2.273512605821905730e-01 7.162270347191993514e-01 4.838571291283182418e-01 1.200000000000000000e+01
3.397000000000000000e+03 3.917359259969326879e-01 2.193481592370092603e-01 5.533555334994032515e-01 5.241973369131198712e-01 5.836766120168528360e-01 8.506819145679682670e-01 3.859914312102863398e-01 2.273512605821905730e-01 7.162270347191993514e-01 4.838571291283182418e-01 4.863216491688037713e-01 1.200000000000000000e+01
3.398000000000000000e+03 2.193481592370092603e-01 5.533555334994032515e-01 5.241973369131198712e-01 5.836766120168528360e-01 8.506819145679682670e-01 3.859914312102863398e-01 2.273512605821905730e-01 7.162270347191993514e-01 4.838571291283182418e-01 4.863216491688037713e-01 8.058024216086447922e-01 1.200000000000000000e+01
3.402000000000000000e+03 8.506819145679682670e-01 3.859914312102863398e-01 2.273512605821905730e-01 7.162270347191993514e-01 4.838571291283182418e-01 4.863216491688037713e-01 8.058024216086447922e-01 4.583527562958565338e-01 1.617468903447173423e-01 7.657625442335934673e-01 3.952889634331952506e-01 1.200000000000000000e+01
3.706000000000000000e+03 5.912817638578046209e-01 9.800506502657986285e-01 7.469699368867307454e-01 7.160008128778164727e-01 9.027877665631151016e-01 6.798295805070614373e-01 3.327605296154341197e-01 9.099798504147410538e-01 5.621712196602653977e-01 5.864711299574097980e-01 7.192128914074640278e-01 1.200000000000000000e+01
3.707000000000000000e+03 9.800506502657986285e-01 7.469699368867307454e-01 7.160008128778164727e-01 9.027877665631151016e-01 6.798295805070614373e-01 3.327605296154341197e-01 9.099798504147410538e-01 5.621712196602653977e-01 5.864711299574097980e-01 7.192128914074640278e-01 4.581596640341205617e-01 1.200000000000000000e+01
3.708000000000000000e+03 7.469699368867307454e-01 7.160008128778164727e-01 9.027877665631151016e-01 6.798295805070614373e-01 3.327605296154341197e-01 9.099798504147410538e-01 5.621712196602653977e-01 5.864711299574097980e-01 7.192128914074640278e-01 4.581596640341205617e-01 3.887822390317033916e-01 1.200000000000000000e+01
3.890000000000000000e+03 5.268039630812725305e-01 3.174914546805486792e-01 8.513523802932745355e-01 7.588015620750104828e-01 7.627523427482139073e-01 1.013211603759642587e+00 8.194352857421974834e-01 1.324723880557646005e+00 1.023159084178641764e+00 1.052676595322950437e+00 7.440970473071990554e-01 1.200000000000000000e+01
4.048000000000000000e+03 7.431387439686211183e-01 6.545214181855650848e-01 7.482451057794557991e-01 7.811064717875992880e-01 5.031423450957418497e-01 8.635794997303718468e-01 6.142303704886965532e-01 5.829968644096903407e-01 8.302706197474849503e-01 5.199491877896441627e-01 3.887822390317033916e-01 1.200000000000000000e+01
4.172000000000000000e+03 6.167653234043030119e-01 7.166973085437030599e-01 5.484239980129308467e-01 5.689487471949991049e-01 7.962940544562456813e-01 6.263430240061862442e-01 3.893087588570442459e-01 1.675742394648334521e+00 6.705714428138384031e-01 7.597312422719362246e-01 9.915325266521728409e-01 1.200000000000000000e+01
4.665000000000000000e+03 5.618491610757464505e-01 7.701777393443229869e-01 7.780652686652570482e-01 7.115388919656608913e-01 7.930384260548105635e-01 5.928207630051426369e-01 6.144163093629785299e-01 7.143953187169151953e-01 9.546481420228393189e-01 1.228581360450401894e+00 7.132486338306756046e-01 1.200000000000000000e+01
4.666000000000000000e+03 7.701777393443229869e-01 7.780652686652570482e-01 7.115388919656608913e-01 7.930384260548105635e-01 5.928207630051426369e-01 6.144163093629785299e-01 7.143953187169151953e-01 9.546481420228393189e-01 1.228581360450401894e+00 7.132486338306756046e-01 7.691683193828365850e-01 1.200000000000000000e+01
4.667000000000000000e+03 7.780652686652570482e-01 7.115388919656608913e-01 7.930384260548105635e-01 5.928207630051426369e-01 6.144163093629785299e-01 7.143953187169151953e-01 9.546481420228393189e-01 1.228581360450401894e+00 7.132486338306756046e-01 7.691683193828365850e-01 7.220430138303718381e-01 1.200000000000000000e+01
4.668000000000000000e+03 7.115388919656608913e-01 7.930384260548105635e-01 5.928207630051426369e-01 6.144163093629785299e-01 7.143953187169151953e-01 9.546481420228393189e-01 1.228581360450401894e+00 7.132486338306756046e-01 7.691683193828365850e-01 7.220430138303718381e-01 8.307777326622796110e-01 1.200000000000000000e+01
4.669000000000000000e+03 7.930384260548105635e-01 5.928207630051426369e-01 6.144163093629785299e-01 7.143953187169151953e-01 9.546481420228393189e-01 1.228581360450401894e+00 7.132486338306756046e-01 7.691683193828365850e-01 7.220430138303718381e-01 8.307777326622796110e-01 8.555918117522656186e-01 1.200000000000000000e+01
4.670000000000000000e+03 5.928207630051426369e-01 6.144163093629785299e-01 7.143953187169151953e-01 9.546481420228393189e-01 1.228581360450401894e+00 7.132486338306756046e-01 7.691683193828365850e-01 7.220430138303718381e-01 8.307777326622796110e-01 8.555918117522656186e-01 8.101034032694729436e-01 1.200000000000000000e+01
4.671000000000000000e+03 6.144163093629785299e-01 7.143953187169151953e-01 9.546481420228393189e-01 1.228581360450401894e+00 7.132486338306756046e-01 7.691683193828365850e-01 7.220430138303718381e-01 8.307777326622796110e-01 8.555918117522656186e-01 8.101034032694729436e-01 7.221838364962467338e-01 1.200000000000000000e+01
4.981000000000000000e+03 7.510272977324762289e-01 1.064395538366579963e+00 8.779317984063015334e-01 7.386099603983581341e-01 6.385078364955549812e-01 7.367065396169547586e-01 5.773394985490941655e-01 8.646100959016269627e-01 6.468176119710569161e-01 6.295806837175157433e-01 6.155298573489697000e-01 1.200000000000000000e+01
4.984000000000000000e+03 7.386099603983581341e-01 6.385078364955549812e-01 7.367065396169547586e-01 5.773394985490941655e-01 8.646100959016269627e-01 6.468176119710569161e-01 6.295806837175157433e-01 6.155298573489697000e-01 9.633206724436681467e-01 9.226772436763420737e-01 1.329085896150096424e+00 1.200000000000000000e+01
4.990000000000000000e+03 6.295806837175157433e-01 6.155298573489697000e-01 9.633206724436681467e-01 9.226772436763420737e-01 1.329085896150096424e+00 6.062593380770286977e-01 4.963367653552303582e-01 5.231352101082883399e-01 4.385910145089503276e-01 4.317113708944352868e-01 7.077565505484320063e-01 1.200000000000000000e+01
4.991000000000000000e+03 6.155298573489697000e-01 9.633206724436681467e-01 9.226772436763420737e-01 1.329085896150096424e+00 6.062593380770286977e-01 4.963367653552303582e-01 5.231352101082883399e-01 4.385910145089503276e-01 4.317113708944352868e-01 7.077565505484320063e-01 7.482510604620808969e-01 1.200000000000000000e+01
4.992000000000000000e+03 9.633206724436681467e-01 9.226772436763420737e-01 1.329085896150096424e+00 6.062593380770286977e-01 4.963367653552303582e-01 5.231352101082883399e-01 4.385910145089503276e-01 4.317113708944352868e-01 7.077565505484320063e-01 7.482510604620808969e-01 5.918641606796661847e-01 1.200000000000000000e+01
4.993000000000000000e+03 9.226772436763420737e-01 1.329085896150096424e+00 6.062593380770286977e-01 4.963367653552303582e-01 5.231352101082883399e-01 4.385910145089503276e-01 4.317113708944352868e-01 7.077565505484320063e-01 7.482510604620808969e-01 5.918641606796661847e-01 6.828707836294035660e-01 1.200000000000000000e+01
5.089000000000000000e+03 4.972361904419567158e-01 1.017294401902761436e+00 7.079193691037735103e-01 8.149304540749477965e-01 5.737253826831232306e-01 6.347723014309609724e-01 4.796793009938170038e-01 8.043251485137251633e-01 7.761962398676497399e-01 7.052038971362628583e-01 6.240741899307881146e-01 1.200000000000000000e+01
5.120000000000000000e+03 9.085561323152375746e-01 8.110899503686572753e-01 6.150645765315198021e-01 6.566102360333060384e-01 9.595297297012137516e-01 5.325067272797373574e-01 5.830174164205679244e-01 6.077698883151675391e-01 6.603244041769392725e-01 6.576722434728541344e-01 1.079260337983729112e+00 1.200000000000000000e+01
5.121000000000000000e+03 8.110899503686572753e-01 6.150645765315198021e-01 6.566102360333060384e-01 9.595297297012137516e-01 5.325067272797373574e-01 5.830174164205679244e-01 6.077698883151675391e-01 6.603244041769392725e-01 6.576722434728541344e-01 1.079260337983729112e+00 4.567926415346348912e-01 1.200000000000000000e+01
5.499000000000000000e+03 8.692530892700883749e-01 8.404309452091074384e-01 4.368843829639764698e-01 5.314089941707379472e-01 4.737840821922513213e-01 4.891104063194071094e-01 4.796894512176858028e-01 5.726429620407375021e-01 2.600614249505693865e-01 4.506158964564845326e-01 4.776359852995054056e-01 1.200000000000000000e+01
5.500000000000000000e+03 8.404309452091074384e-01 4.368843829639764698e-01 5.314089941707379472e-01 4.737840821922513213e-01 4.891104063194071094e-01 4.796894512176858028e-01 5.726429620407375021e-01 2.600614249505693865e-01 4.506158964564845326e-01 4.776359852995054056e-01 4.735166841894726253e-01 1.200000000000000000e+01
5.501000000000000000e+03 4.368843829639764698e-01 5.314089941707379472e-01 4.737840821922513213e-01 4.891104063194071094e-01 4.796894512176858028e-01 5.726429620407375021e-01 2.600614249505693865e-01 4.506158964564845326e-01 4.776359852995054056e-01 4.735166841894726253e-01 5.652293231667387952e-01 1.200000000000000000e+01
5.503000000000000000e+03 4.737840821922513213e-01 4.891104063194071094e-01 4.796894512176858028e-01 5.726429620407375021e-01 2.600614249505693865e-01 4.506158964564845326e-01 4.776359852995054056e-01 4.735166841894726253e-01 5.652293231667387952e-01 3.568751376160462785e-01 2.094286098456664968e-01 1.200000000000000000e+01
5.504000000000000000e+03 4.891104063194071094e-01 4.796894512176858028e-01 5.726429620407375021e-01 2.600614249505693865e-01 4.506158964564845326e-01 4.776359852995054056e-01 4.735166841894726253e-01 5.652293231667387952e-01 3.568751376160462785e-01 2.094286098456664968e-01 4.919702435431386744e-01 1.200000000000000000e+01
5.506000000000000000e+03 5.726429620407375021e-01 2.600614249505693865e-01 4.506158964564845326e-01 4.776359852995054056e-01 4.735166841894726253e-01 5.652293231667387952e-01 3.568751376160462785e-01 2.094286098456664968e-01 4.919702435431386744e-01 5.376048297536178966e-01 5.407091453997592279e-01 1.200000000000000000e+01
5.509000000000000000e+03 4.776359852995054056e-01 4.735166841894726253e-01 5.652293231667387952e-01 3.568751376160462785e-01 2.094286098456664968e-01 4.919702435431386744e-01 5.376048297536178966e-01 5.407091453997592279e-01 4.533806305561542960e-01 9.517372362861687973e-01 3.135158830024947774e-01 1.200000000000000000e+01
6.018000000000000000e+03 1.277480821481986828e+00 1.204316436447501859e+00 1.171190699488246167e+00 5.626042520479768161e-01 6.108499061491879933e-01 8.448507481910605410e-01 8.596831688055727172e-01 9.183467968164692463e-01 1.584719370310970765e+00 6.621455449012689787e-01 6.165966955263524341e-01 1.200000000000000000e+01
6.019000000000000000e+03 1.204316436447501859e+00 1.171190699488246167e+00 5.626042520479768161e-01 6.108499061491879933e-01 8.448507481910605410e-01 8.596831688055727172e-01 9.183467968164692463e-01 1.584719370310970765e+00 6.621455449012689787e-01 6.165966955263524341e-01 1.191899665403462150e+00 1.200000000000000000e+01
6.020000000000000000e+03 1.171190699488246167e+00 5.626042520479768161e-01 6.108499061491879933e-01 8.448507481910605410e-01 8.596831688055727172e-01 9.183467968164692463e-01 1.584719370310970765e+00 6.621455449012689787e-01 6.165966955263524341e-01 1.191899665403462150e+00 1.263408438096436326e+00 1.200000000000000000e+01
6.021000000000000000e+03 5.626042520479768161e-01 6.108499061491879933e-01 8.448507481910605410e-01 8.596831688055727172e-01 9.183467968164692463e-01 1.584719370310970765e+00 6.621455449012689787e-01 6.165966955263524341e-01 1.191899665403462150e+00 1.263408438096436326e+00 9.700955229617201914e-01 1.200000000000000000e+01
6.022000000000000000e+03 6.108499061491879933e-01 8.448507481910605410e-01 8.596831688055727172e-01 9.183467968164692463e-01 1.584719370310970765e+00 6.621455449012689787e-01 6.165966955263524341e-01 1.191899665403462150e+00 1.263408438096436326e+00 9.700955229617201914e-01 6.853182046636852043e-01 1.200000000000000000e+01
6.023000000000000000e+03 8.448507481910605410e-01 8.596831688055727172e-01 9.183467968164692463e-01 1.584719370310970765e+00 6.621455449012689787e-01 6.165966955263524341e-01 1.191899665403462150e+00 1.263408438096436326e+00 9.700955229617201914e-01 6.853182046636852043e-01 7.703085245371296130e-01 1.200000000000000000e+01
6.524000000000000000e+03 1.258434191454368412e+00 1.284647450025187654e+00 1.316655294149871036e+00 1.186358856106052739e+00 9.520531481813733210e-01 6.166857418659071888e-01 9.055137144096798707e-01 1.080798695388349495e+00 1.080213897626881359e+00 1.163767061482939402e+00 9.886989280250984002e-01 1.200000000000000000e+01
6.802000000000000000e+03 1.886994127815169398e+00 1.336623228610349656e+00 7.704652824786308862e-01 1.299901220685672820e+00 1.806693612325975362e+00 2.089368598068166882e+00 1.721996790161747892e+00 1.144022276500656909e+00 5.698151173570342731e-01 1.140005257426920382e+00 1.409947592278805617e+00 1.200000000000000000e+01
6.803000000000000000e+03 1.336623228610349656e+00 7.704652824786308862e-01 1.299901220685672820e+00 1.806693612325975362e+00 2.089368598068166882e+00 1.721996790161747892e+00 1.144022276500656909e+00 5.698151173570342731e-01 1.140005257426920382e+00 1.409947592278805617e+00 1.721838513070769183e+00 1.200000000000000000e+01
6.804000000000000000e+03 7.704652824786308862e-01 1.299901220685672820e+00 1.806693612325975362e+00 2.089368598068166882e+00 1.721996790161747892e+00 1.144022276500656909e+00 5.698151173570342731e-01 1.140005257426920382e+00 1.409947592278805617e+00 1.721838513070769183e+00 1.382492320964406218e+00 1.200000000000000000e+01
6.814000000000000000e+03 1.382492320964406218e+00 9.854345051079849149e-01 6.499184254641716674e-01 1.167274336432289061e+00 1.844457368279446730e+00 1.502702344765145748e+00 1.595907543248132443e+00 1.137177518771225637e+00 3.309003387149830999e+00 2.348521258801213207e+00 2.721936001614306377e+00 1.200000000000000000e+01
6.815000000000000000e+03 9.854345051079849149e-01 6.499184254641716674e-01 1.167274336432289061e+00 1.844457368279446730e+00 1.502702344765145748e+00 1.595907543248132443e+00 1.137177518771225637e+00 3.309003387149830999e+00 2.348521258801213207e+00 2.721936001614306377e+00 1.892608787127856074e+00 1.200000000000000000e+01
6.816000000000000000e+03 6.499184254641716674e-01 1.167274336432289061e+00 1.844457368279446730e+00 1.502702344765145748e+00 1.595907543248132443e+00 1.137177518771225637e+00 3.309003387149830999e+00 2.348521258801213207e+00 2.721936001614306377e+00 1.892608787127856074e+00 1.963120752004591685e+00 1.200000000000000000e+01
7.092000000000000000e+03 1.566394492783593773e+00 9.745314861352811775e-01 8.821863043995837872e-01 1.255534158872978701e+00 1.234899598354492367e+00 5.654258949949992896e-01 1.018759269783215071e+00 1.101870871210386404e+00 9.642752074819622710e-01 1.446067948140987713e+00 1.029030346646209626e+00 1.200000000000000000e+01
7.098000000000000000e+03 1.018759269783215071e+00 1.101870871210386404e+00 9.642752074819622710e-01 1.446067948140987713e+00 1.029030346646209626e+00 6.240533651164658080e-01 9.287262362076383893e-01 8.746841153943029079e-01 9.125496901729114319e-01 1.459246495004470567e+00 1.302294135998124602e+00 1.200000000000000000e+01
7.214000000000000000e+03 1.604315095067117003e+00 1.663876019379208371e+00 1.291763739491307073e+00 8.507253485272695537e-01 1.333255135502156907e+00 1.714852157847133185e+00 1.322613870898707633e+00 1.625643751555478245e+00 1.569555599341153629e+00 7.489894444929600104e-01 1.455853308881665642e+00 1.200000000000000000e+01
7.215000000000000000e+03 1.663876019379208371e+00 1.291763739491307073e+00 8.507253485272695537e-01 1.333255135502156907e+00 1.714852157847133185e+00 1.322613870898707633e+00 1.625643751555478245e+00 1.569555599341153629e+00 7.489894444929600104e-01 1.455853308881665642e+00 1.303227217954295636e+00 1.200000000000000000e+01
7.216000000000000000e+03 1.291763739491307073e+00 8.507253485272695537e-01 1.333255135502156907e+00 1.714852157847133185e+00 1.322613870898707633e+00 1.625643751555478245e+00 1.569555599341153629e+00 7.489894444929600104e-01 1.455853308881665642e+00 1.303227217954295636e+00 1.584601080504476123e+00 1.200000000000000000e+01
7.234000000000000000e+03 1.146128355802020549e+00 5.879990385711789669e-01 8.027475984886212057e-01 9.661479323136105135e-01 1.687545002207783140e+00 3.024114457178539439e+00 2.059324340873237347e+00 1.391383488765071785e+00 1.326832253257090644e+00 1.362742897336966408e+00 1.452054442400033452e+00 1.200000000000000000e+01
7.235000000000000000e+03 5.879990385711789669e-01 8.027475984886212057e-01 9.661479323136105135e-01 1.687545002207783140e+00 3.024114457178539439e+00 2.059324340873237347e+00 1.391383488765071785e+00 1.326832253257090644e+00 1.362742897336966408e+00 1.452054442400033452e+00 1.861988679920355994e+00 1.200000000000000000e+01
7.236000000000000000e+03 8.027475984886212057e-01 9.661479323136105135e-01 1.687545002207783140e+00 3.024114457178539439e+00 2.059324340873237347e+00 1.391383488765071785e+00 1.326832253257090644e+00 1.362742897336966408e+00 1.452054442400033452e+00 1.861988679920355994e+00 1.325671616243259576e+00 1.200000000000000000e+01
7.319000000000000000e+03 7.580814051000323017e-01 1.496080834521816838e+00 1.247790024214599613e+00 1.579022838441735521e+00 1.943280522111216602e+00 1.246377730546923468e+00 8.215683714080375122e-01 1.634679872441665793e+00 2.008654179165139997e+00 1.850138080513807015e+00 2.348725998691405970e+00 1.200000000000000000e+01
7.553000000000000000e+03 8.161567737020049007e-01 1.112822360436893199e+00 1.467267829843871940e+00 1.377230556832099717e+00 3.142480925564488992e+00 2.006188135332964251e+00 1.397934686531419723e+00 1.444161555172650546e+00 1.508407365056585236e+00 1.740775012615574768e+00 1.388327475458823734e+00 1.200000000000000000e+01
7.668000000000000000e+03 2.231470722752213476e+00 2.670824466024131372e+00 1.907900906011681830e+00 2.116621405110929111e+00 1.967114047616321582e+00 2.185973608336541307e+00 2.357608242731262571e+00 2.429888993948146059e+00 2.469564610410651451e+00 2.172511748857469893e+00 2.387198068842736554e+00 1.200000000000000000e+01
7.669000000000000000e+03 2.670824466024131372e+00 1.907900906011681830e+00 2.116621405110929111e+00 1.967114047616321582e+00 2.185973608336541307e+00 2.357608242731262571e+00 2.429888993948146059e+00 2.469564610410651451e+00 2.172511748857469893e+00 2.387198068842736554e+00 1.564126396569643695e+00 1.200000000000000000e+01
7.670000000000000000e+03 1.907900906011681830e+00 2.116621405110929111e+00 1.967114047616321582e+00 2.185973608336541307e+00 2.357608242731262571e+00 2.429888993948146059e+00 2.469564610410651451e+00 2.172511748857469893e+00 2.387198068842736554e+00 1.564126396569643695e+00 8.674669858490302587e-01 1.200000000000000000e+01
7.671000000000000000e+03 2.116621405110929111e+00 1.967114047616321582e+00 2.185973608336541307e+00 2.357608242731262571e+00 2.429888993948146059e+00 2.469564610410651451e+00 2.172511748857469893e+00 2.387198068842736554e+00 1.564126396569643695e+00 8.674669858490302587e-01 1.790645965768748793e+00 1.200000000000000000e+01
7.672000000000000000e+03 1.967114047616321582e+00 2.185973608336541307e+00 2.357608242731262571e+00 2.429888993948146059e+00 2.469564610410651451e+00 2.172511748857469893e+00 2.387198068842736554e+00 1.564126396569643695e+00 8.674669858490302587e-01 1.790645965768748793e+00 2.804996626779512336e+00 1.200000000000000000e+01
7.675000000000000000e+03 2.429888993948146059e+00 2.469564610410651451e+00 2.172511748857469893e+00 2.387198068842736554e+00 1.564126396569643695e+00 8.674669858490302587e-01 1.790645965768748793e+00 2.804996626779512336e+00 2.325114454055229984e+00 2.052032409716413319e+00 2.213995873065104369e+00 1.200000000000000000e+01
7.676000000000000000e+03 2.469564610410651451e+00 2.172511748857469893e+00 2.387198068842736554e+00 1.564126396569643695e+00 8.674669858490302587e-01 1.790645965768748793e+00 2.804996626779512336e+00 2.325114454055229984e+00 2.052032409716413319e+00 2.213995873065104369e+00 2.526663337845799440e+00 1.200000000000000000e+01
7.678000000000000000e+03 2.387198068842736554e+00 1.564126396569643695e+00 8.674669858490302587e-01 1.790645965768748793e+00 2.804996626779512336e+00 2.325114454055229984e+00 2.052032409716413319e+00 2.213995873065104369e+00 2.526663337845799440e+00 1.913230676022724230e+00 2.332745758550173409e+00 1.200000000000000000e+01
7.944000000000000000e+03 2.116545726149842377e+00 1.527519152879246001e+00 1.428225250160285675e+00 1.273233750820581989e+00 7.791755491702391234e-01 6.556224865144597569e-01 1.077240573996572026e+00 1.317592317395767321e+00 1.894909746233284453e+00 1.818380134224794276e+00 9.162227819373730542e-01 1.200000000000000000e+01
8.058000000000000000e+03 8.463279672529252506e-01 1.358621078991311126e+00 1.070818420611646005e+00 1.114937130770287554e+00 8.901733328075990270e-01 1.042505121112724309e+00 8.128413063612455192e-01 1.019240135641110490e+00 1.006702280305634689e+00 1.207760442903920151e+00 6.537319362846093496e-01 1.200000000000000000e+01
8.064000000000000000e+03 8.128413063612455192e-01 1.019240135641110490e+00 1.006702280305634689e+00 1.207760442903920151e+00 6.537319362846093496e-01 7.236132508557019394e-01 6.767885834931629541e-01 6.372210322025706475e-01 1.676710312396221703e+00 1.031403702601209060e+00 8.778124555094801718e-01 1.200000000000000000e+01
8.065000000000000000e+03 1.019240135641110490e+00 1.006702280305634689e+00 1.207760442903920151e+00 6.537319362846093496e-01 7.236132508557019394e-01 6.767885834931629541e-01 6.372210322025706475e-01 1.676710312396221703e+00 1.031403702601209060e+00 8.778124555094801718e-01 1.186214036909750691e+00 1.200000000000000000e+01
8.067000000000000000e+03 1.207760442903920151e+00 6.537319362846093496e-01 7.236132508557019394e-01 6.767885834931629541e-01 6.372210322025706475e-01 1.676710312396221703e+00 1.031403702601209060e+00 8.778124555094801718e-01 1.186214036909750691e+00 1.202992496938835254e+00 9.331800257569257129e-01 1.200000000000000000e+01
8.068000000000000000e+03 6.537319362846093496e-01 7.236132508557019394e-01 6.767885834931629541e-01 6.372210322025706475e-01 1.676710312396221703e+00 1.031403702601209060e+00 8.778124555094801718e-01 1.186214036909750691e+00 1.202992496938835254e+00 9.331800257569257129e-01 1.302042181434028167e+00 1.200000000000000000e+01
8.069000000000000000e+03 7.236132508557019394e-01 6.767885834931629541e-01 6.372210322025706475e-01 1.676710312396221703e+00 1.031403702601209060e+00 8.778124555094801718e-01 1.186214036909750691e+00 1.202992496938835254e+00 9.331800257569257129e-01 1.302042181434028167e+00 1.658508633964553836e+00 1.200000000000000000e+01
8.070000000000000000e+03 6.767885834931629541e-01 6.372210322025706475e-01 1.676710312396221703e+00 1.031403702601209060e+00 8.778124555094801718e-01 1.186214036909750691e+00 1.202992496938835254e+00 9.331800257569257129e-01 1.302042181434028167e+00 1.658508633964553836e+00 1.346258010551006690e+00 1.200000000000000000e+01
8.072000000000000000e+03 1.676710312396221703e+00 1.031403702601209060e+00 8.778124555094801718e-01 1.186214036909750691e+00 1.202992496938835254e+00 9.331800257569257129e-01 1.302042181434028167e+00 1.658508633964553836e+00 1.346258010551006690e+00 1.450364250964613966e+00 6.717339931698905753e-01 1.200000000000000000e+01
8.073000000000000000e+03 1.031403702601209060e+00 8.778124555094801718e-01 1.186214036909750691e+00 1.202992496938835254e+00 9.331800257569257129e-01 1.302042181434028167e+00 1.658508633964553836e+00 1.346258010551006690e+00 1.450364250964613966e+00 6.717339931698905753e-01 1.066737791915988387e+00 1.200000000000000000e+01
8.153000000000000000e+03 1.402042912465177205e+00 1.085473271922751559e+00 1.019867167407115582e+00 1.245926473398186962e+00 1.111462865222568208e+00 1.418268044451842069e+00 1.218653536881400656e+00 1.291131915700898025e+00 9.737803326057488107e-01 1.439289033618073921e+00 1.063502895161659634e+00 1.200000000000000000e+01
8.154000000000000000e+03 1.085473271922751559e+00 1.019867167407115582e+00 1.245926473398186962e+00 1.111462865222568208e+00 1.418268044451842069e+00 1.218653536881400656e+00 1.291131915700898025e+00 9.737803326057488107e-01 1.439289033618073921e+00 1.063502895161659634e+00 1.207499239240329869e+00 1.200000000000000000e+01
8.155000000000000000e+03 1.019867167407115582e+00 1.245926473398186962e+00 1.111462865222568208e+00 1.418268044451842069e+00 1.218653536881400656e+00 1.291131915700898025e+00 9.737803326057488107e-01 1.439289033618073921e+00 1.063502895161659634e+00 1.207499239240329869e+00 1.297773091127731204e+00 1.200000000000000000e+01
8.156000000000000000e+03 1.245926473398186962e+00 1.111462865222568208e+00 1.418268044451842069e+00 1.218653536881400656e+00 1.291131915700898025e+00 9.737803326057488107e-01 1.439289033618073921e+00 1.063502895161659634e+00 1.207499239240329869e+00 1.297773091127731204e+00 9.254112450191249728e-01 1.200000000000000000e+01
8.157000000000000000e+03 1.111462865222568208e+00 1.418268044451842069e+00 1.218653536881400656e+00 1.291131915700898025e+00 9.737803326057488107e-01 1.439289033618073921e+00 1.063502895161659634e+00 1.207499239240329869e+00 1.297773091127731204e+00 9.254112450191249728e-01 7.725031357181471048e-01 1.200000000000000000e+01
8.177000000000000000e+03 1.328329941547454984e+00 9.304658353423973516e-01 1.261431155260537729e+00 1.589268968147601546e+00 1.217503491939915694e+00 1.171747778747309399e+00 1.347349529328452089e+00 8.945571832541495683e-01 9.950994126499184134e-01 1.410667768876901818e+00 1.107686489627221160e+00 1.200000000000000000e+01
8.434000000000000000e+03 2.327428235936811696e+00 1.599401277137227018e+00 2.628311023967867754e+00 3.263317206963271655e+00 3.055735646323657129e+00 2.666652407639748645e+00 2.259191266572634138e+00 1.694396589686983035e+00 2.707864618090968012e+00 2.044907384880472634e+00 1.981290158102564591e+00 1.200000000000000000e+01
8.437000000000000000e+03 3.263317206963271655e+00 3.055735646323657129e+00 2.666652407639748645e+00 2.259191266572634138e+00 1.694396589686983035e+00 2.707864618090968012e+00 2.044907384880472634e+00 1.981290158102564591e+00 2.389468465917704343e+00 2.465376430176121403e+00 1.425399962070842408e+00 1.200000000000000000e+01
8.438000000000000000e+03 3.055735646323657129e+00 2.666652407639748645e+00 2.259191266572634138e+00 1.694396589686983035e+00 2.707864618090968012e+00 2.044907384880472634e+00 1.981290158102564591e+00 2.389468465917704343e+00 2.465376430176121403e+00 1.425399962070842408e+00 1.611692714933007808e+00 1.200000000000000000e+01
8.439000000000000000e+03 2.666652407639748645e+00 2.259191266572634138e+00 1.694396589686983035e+00 2.707864618090968012e+00 2.044907384880472634e+00 1.981290158102564591e+00 2.389468465917704343e+00 2.465376430176121403e+00 1.425399962070842408e+00 1.611692714933007808e+00 2.141960237680893719e+00 1.200000000000000000e+01
8.440000000000000000e+03 2.259191266572634138e+00 1.694396589686983035e+00 2.707864618090968012e+00 2.044907384880472634e+00 1.981290158102564591e+00 2.389468465917704343e+00 2.465376430176121403e+00 1.425399962070842408e+00 1.611692714933007808e+00 2.141960237680893719e+00 1.685579939662954052e+00 1.200000000000000000e+01
8.535000000000000000e+03 1.887428585404075321e+00 1.556392603707631661e+00 1.977031158213732098e+00 2.281137336300343321e+00 1.769307493932038788e+00 1.280269942513357240e+00 1.383119870815048058e+00 1.312508620609737608e+00 1.110002983770332685e+00 1.218093983669567004e+00 1.429358162838889834e+00 1.200000000000000000e+01
8.536000000000000000e+03 1.556392603707631661e+00 1.977031158213732098e+00 2.281137336300343321e+00 1.769307493932038788e+00 1.280269942513357240e+00 1.383119870815048058e+00 1.312508620609737608e+00 1.110002983770332685e+00 1.218093983669567004e+00 1.429358162838889834e+00 9.339752108229839589e-01 1.200000000000000000e+01
8.537000000000000000e+03 1.977031158213732098e+00 2.281137336300343321e+00 1.769307493932038788e+00 1.280269942513357240e+00 1.383119870815048058e+00 1.312508620609737608e+00 1.110002983770332685e+00 1.218093983669567004e+00 1.429358162838889834e+00 9.339752108229839589e-01 1.716397114571403426e+00 1.200000000000000000e+01
8.539000000000000000e+03 1.769307493932038788e+00 1.280269942513357240e+00 1.383119870815048058e+00 1.312508620609737608e+00 1.110002983770332685e+00 1.218093983669567004e+00 1.429358162838889834e+00 9.339752108229839589e-01 1.716397114571403426e+00 1.724668339886575863e+00 1.841122022932150548e+00 1.200000000000000000e+01
8.544000000000000000e+03 1.218093983669567004e+00 1.429358162838889834e+00 9.339752108229839589e-01 1.716397114571403426e+00 1.724668339886575863e+00 1.841122022932150548e+00 2.533319976027678333e+00 1.806769139837882232e+00 1.472402348106167436e+00 1.780648564664061073e+00 1.481626788509227133e+00 1.200000000000000000e+01
8.547000000000000000e+03 1.716397114571403426e+00 1.724668339886575863e+00 1.841122022932150548e+00 2.533319976027678333e+00 1.806769139837882232e+00 1.472402348106167436e+00 1.780648564664061073e+00 1.481626788509227133e+00 1.163457441822258076e+00 1.855874922390172710e+00 1.681771107631892193e+00 1.200000000000000000e+01
8.548000000000000000e+03 1.724668339886575863e+00 1.841122022932150548e+00 2.533319976027678333e+00 1.806769139837882232e+00 1.472402348106167436e+00 1.780648564664061073e+00 1.481626788509227133e+00 1.163457441822258076e+00 1.855874922390172710e+00 1.681771107631892193e+00 1.232220993836567358e+00 1.200000000000000000e+01
8.549000000000000000e+03 1.841122022932150548e+00 2.533319976027678333e+00 1.806769139837882232e+00 1.472402348106167436e+00 1.780648564664061073e+00 1.481626788509227133e+00 1.163457441822258076e+00 1.855874922390172710e+00 1.681771107631892193e+00 1.232220993836567358e+00 1.449398789655933939e+00 1.200000000000000000e+01
8.550000000000000000e+03 2.533319976027678333e+00 1.806769139837882232e+00 1.472402348106167436e+00 1.780648564664061073e+00 1.481626788509227133e+00 1.163457441822258076e+00 1.855874922390172710e+00 1.681771107631892193e+00 1.232220993836567358e+00 1.449398789655933939e+00 1.610097625892401130e+00 1.200000000000000000e+01
8.551000000000000000e+03 1.806769139837882232e+00 1.472402348106167436e+00 1.780648564664061073e+00 1.481626788509227133e+00 1.163457441822258076e+00 1.855874922390172710e+00 1.681771107631892193e+00 1.232220993836567358e+00 1.449398789655933939e+00 1.610097625892401130e+00 1.436843291800433464e+00 1.200000000000000000e+01
9.276000000000000000e+03 1.531368330525685773e+00 2.341985694411496510e+00 2.000874845438724847e+00 1.930578866623102963e+00 2.423211338656072300e+00 2.823093999512713115e+00 1.848803162065711714e+00 1.807196235901250114e+00 1.781089785789521818e+00 1.634044589696951322e+00 2.226691689274247210e+00 1.200000000000000000e+01
9.277000000000000000e+03 2.341985694411496510e+00 2.000874845438724847e+00 1.930578866623102963e+00 2.423211338656072300e+00 2.823093999512713115e+00 1.848803162065711714e+00 1.807196235901250114e+00 1.781089785789521818e+00 1.634044589696951322e+00 2.226691689274247210e+00 4.422555924933228688e+00 1.200000000000000000e+01
9.278000000000000000e+03 2.000874845438724847e+00 1.930578866623102963e+00 2.423211338656072300e+00 2.823093999512713115e+00 1.848803162065711714e+00 1.807196235901250114e+00 1.781089785789521818e+00 1.634044589696951322e+00 2.226691689274247210e+00 4.422555924933228688e+00 1.720104892093187621e+00 1.200000000000000000e+01
9.340000000000000000e+03 1.726486185247110061e+00 1.404123070219050140e+00 1.518514179322583368e+00 1.148231053986390915e+00 8.933394108353177598e-01 1.231523713578724921e+00 1.695784515631084233e+00 1.350418048034280671e+00 2.157929822706171397e+00 1.974641902851571817e+00 1.227246540975911238e+00 1.200000000000000000e+01
9.342000000000000000e+03 1.518514179322583368e+00 1.148231053986390915e+00 8.933394108353177598e-01 1.231523713578724921e+00 1.695784515631084233e+00 1.350418048034280671e+00 2.157929822706171397e+00 1.974641902851571817e+00 1.227246540975911238e+00 1.269683960417019808e+00 1.531221635566568651e+00 1.200000000000000000e+01
9.411000000000000000e+03 1.304145135765019559e+00 1.281654558844762093e+00 1.255787869366492782e+00 1.050197588140644234e+00 1.011237856922055256e+00 1.003513069264195590e+00 1.035988257279134128e+00 3.040967903238767533e+00 1.468194880100682997e+00 1.909511623243707712e+00 1.015618452612657929e+00 1.200000000000000000e+01
9.412000000000000000e+03 1.281654558844762093e+00 1.255787869366492782e+00 1.050197588140644234e+00 1.011237856922055256e+00 1.003513069264195590e+00 1.035988257279134128e+00 3.040967903238767533e+00 1.468194880100682997e+00 1.909511623243707712e+00 1.015618452612657929e+00 6.626698014078643562e-01 1.200000000000000000e+01
9.413000000000000000e+03 1.255787869366492782e+00 1.050197588140644234e+00 1.011237856922055256e+00 1.003513069264195590e+00 1.035988257279134128e+00 3.040967903238767533e+00 1.468194880100682997e+00 1.909511623243707712e+00 1.015618452612657929e+00 6.626698014078643562e-01 8.902035996684455332e-01 1.200000000000000000e+01
9.416000000000000000e+03 1.003513069264195590e+00 1.035988257279134128e+00 3.040967903238767533e+00 1.468194880100682997e+00 1.909511623243707712e+00 1.015618452612657929e+00 6.626698014078643562e-01 8.902035996684455332e-01 1.027872003030459558e+00 1.082100070183110718e+00 9.891238657401904000e-01 1.200000000000000000e+01
9.529000000000000000e+03 8.044435293208462845e-01 7.887507498486757695e-01 9.581238027340874819e-01 1.255644479472922903e+00 1.253279742302472854e+00 1.172119668652251256e+00 8.928107182519692264e-01 6.257773368565561212e-01 9.281462290995717845e-01 1.200359897812130816e+00 8.997905842171599611e-01 1.200000000000000000e+01
9.530000000000000000e+03 7.887507498486757695e-01 9.581238027340874819e-01 1.255644479472922903e+00 1.253279742302472854e+00 1.172119668652251256e+00 8.928107182519692264e-01 6.257773368565561212e-01 9.281462290995717845e-01 1.200359897812130816e+00 8.997905842171599611e-01 9.464173329177328897e-01 1.200000000000000000e+01
9.531000000000000000e+03 9.581238027340874819e-01 1.255644479472922903e+00 1.253279742302472854e+00 1.172119668652251256e+00 8.928107182519692264e-01 6.257773368565561212e-01 9.281462290995717845e-01 1.200359897812130816e+00 8.997905842171599611e-01 9.464173329177328897e-01 8.187937565831653330e-01 1.200000000000000000e+01
9.532000000000000000e+03 1.255644479472922903e+00 1.253279742302472854e+00 1.172119668652251256e+00 8.928107182519692264e-01 6.257773368565561212e-01 9.281462290995717845e-01 1.200359897812130816e+00 8.997905842171599611e-01 9.464173329177328897e-01 8.187937565831653330e-01 6.651419768674881050e-01 1.200000000000000000e+01
9.626000000000000000e+03 7.426668637167150866e-01 1.074751528822638358e+00 1.466989537364750795e+00 1.323820815978034249e+00 1.070705738466995793e+00 9.205293151218171266e-01 8.713467658458489140e-01 1.006252048971788327e+00 1.223316162196993018e+00 1.047613323052836165e+00 9.634323367599256782e-01 1.200000000000000000e+01
1.015600000000000000e+04 3.792236372847591075e-01 7.942022136827179279e-01 9.780123056928966552e-01 1.046405500882458428e+00 9.632775505251651715e-01 1.002420358808923995e+00 7.400940891761311757e-01 1.031784614263995481e+00 7.643074450165663336e-01 7.489217995648630444e-01 1.211111856038637358e+00 1.200000000000000000e+01
1.015700000000000000e+04 7.942022136827179279e-01 9.780123056928966552e-01 1.046405500882458428e+00 9.632775505251651715e-01 1.002420358808923995e+00 7.400940891761311757e-01 1.031784614263995481e+00 7.643074450165663336e-01 7.489217995648630444e-01 1.211111856038637358e+00 8.473697277701335295e-01 1.200000000000000000e+01
1.015900000000000000e+04 1.046405500882458428e+00 9.632775505251651715e-01 1.002420358808923995e+00 7.400940891761311757e-01 1.031784614263995481e+00 7.643074450165663336e-01 7.489217995648630444e-01 1.211111856038637358e+00 8.473697277701335295e-01 9.421301835272027914e-01 1.037806580127181633e+00 1.200000000000000000e+01
1.016100000000000000e+04 1.002420358808923995e+00 7.400940891761311757e-01 1.031784614263995481e+00 7.643074450165663336e-01 7.489217995648630444e-01 1.211111856038637358e+00 8.473697277701335295e-01 9.421301835272027914e-01 1.037806580127181633e+00 8.213662083595576480e-01 5.951780105653270425e-01 1.200000000000000000e+01
1.016200000000000000e+04 7.400940891761311757e-01 1.031784614263995481e+00 7.643074450165663336e-01 7.489217995648630444e-01 1.211111856038637358e+00 8.473697277701335295e-01 9.421301835272027914e-01 1.037806580127181633e+00 8.213662083595576480e-01 5.951780105653270425e-01 8.833310003595290505e-01 1.200000000000000000e+01
1.017600000000000000e+04 6.886152784160498586e-01 6.761567597027539067e-01 5.989720944762662036e-01 8.823011926117214632e-01 8.569351500961713830e-01 6.803553643113265936e-01 7.711139472427607222e-01 7.113282840355245051e-01 5.066416669320314980e-01 7.610552049680161524e-01 6.910012064366184426e-01 1.200000000000000000e+01
1.027800000000000000e+04 1.346080443671211269e+00 1.995375417467224022e+00 2.668311468160377231e+00 2.116689306352726785e+00 1.984940177580760912e+00 1.802172058176752856e+00 1.247166182583924199e+00 2.916213903549342401e+00 2.124437854918483026e+00 1.579593340470879292e+00 1.886125212637357329e+00 1.200000000000000000e+01
1.027900000000000000e+04 1.995375417467224022e+00 2.668311468160377231e+00 2.116689306352726785e+00 1.984940177580760912e+00 1.802172058176752856e+00 1.247166182583924199e+00 2.916213903549342401e+00 2.124437854918483026e+00 1.579593340470879292e+00 1.886125212637357329e+00 1.841029221286909712e+00 1.200000000000000000e+01
1.028000000000000000e+04 2.668311468160377231e+00 2.116689306352726785e+00 1.984940177580760912e+00 1.802172058176752856e+00 1.247166182583924199e+00 2.916213903549342401e+00 2.124437854918483026e+00 1.579593340470879292e+00 1.886125212637357329e+00 1.841029221286909712e+00 1.696904716751002962e+00 1.200000000000000000e+01
1.028100000000000000e+04 2.116689306352726785e+00 1.984940177580760912e+00 1.802172058176752856e+00 1.247166182583924199e+00 2.916213903549342401e+00 2.124437854918483026e+00 1.579593340470879292e+00 1.886125212637357329e+00 1.841029221286909712e+00 1.696904716751002962e+00 1.611241986354406741e+00 1.200000000000000000e+01
1.029200000000000000e+04 1.536380647211027517e+00 1.477410088139764266e+00 1.661896823696414227e+00 2.039948411300692932e+00 1.100127233455754139e+00 1.569549592833801688e+00 1.851254844351071460e+00 1.565584346199678123e+00 1.675268462821632998e+00 2.439261046839213964e+00 1.262528460851046530e+00 1.200000000000000000e+01
1.029400000000000000e+04 1.661896823696414227e+00 2.039948411300692932e+00 1.100127233455754139e+00 1.569549592833801688e+00 1.851254844351071460e+00 1.565584346199678123e+00 1.675268462821632998e+00 2.439261046839213964e+00 1.262528460851046530e+00 1.523913324250436796e+00 1.925724971091316906e+00 1.200000000000000000e+01
1.029700000000000000e+04 1.569549592833801688e+00 1.851254844351071460e+00 1.565584346199678123e+00 1.675268462821632998e+00 2.439261046839213964e+00 1.262528460851046530e+00 1.523913324250436796e+00 1.925724971091316906e+00 1.856033268148294502e+00 2.647632819858751319e+00 2.178844341225615988e+00 1.200000000000000000e+01
1.045800000000000000e+04 1.321423510313877170e+00 1.651786685404835975e+00 1.645518019394179410e+00 2.242235616343995819e+00 2.536140694701935150e+00 2.002739460619936462e+00 1.303732413603782447e+00 1.582679012009983399e+00 1.668211322331238478e+00 3.300815668246243284e+00 2.625649065009884264e+00 1.200000000000000000e+01
1.072600000000000000e+04 2.101616176734745878e+00 4.902215485818767426e+00 5.426646418890181955e+00 4.887588024206055870e+00 3.541636088340355037e+00 3.345106953328334853e+00 3.479619102613789483e+00 3.866445685408194333e+00 3.206797209291017747e+00 2.464696549935655678e+00 2.237804650290803998e+00 1.200000000000000000e+01
1.080800000000000000e+04 1.348603407781931773e+00 1.557916640751572324e+00 1.606306683149946846e+00 3.205386387817506400e+00 2.304575222387602373e+00 1.840529937660285720e+00 1.292313874239729543e+00 1.801792167324154370e+00 1.564395705052813002e+00 2.511418980791484401e+00 1.751756620733310621e+00 1.200000000000000000e+01
1.080900000000000000e+04 1.557916640751572324e+00 1.606306683149946846e+00 3.205386387817506400e+00 2.304575222387602373e+00 1.840529937660285720e+00 1.292313874239729543e+00 1.801792167324154370e+00 1.564395705052813002e+00 2.511418980791484401e+00 1.751756620733310621e+00 1.621273570594431224e+00 1.200000000000000000e+01
1.081000000000000000e+04 1.606306683149946846e+00 3.205386387817506400e+00 2.304575222387602373e+00 1.840529937660285720e+00 1.292313874239729543e+00 1.801792167324154370e+00 1.564395705052813002e+00 2.511418980791484401e+00 1.751756620733310621e+00 1.621273570594431224e+00 1.683741655346823629e+00 1.200000000000000000e+01
1.081100000000000000e+04 3.205386387817506400e+00 2.304575222387602373e+00 1.840529937660285720e+00 1.292313874239729543e+00 1.801792167324154370e+00 1.564395705052813002e+00 2.511418980791484401e+00 1.751756620733310621e+00 1.621273570594431224e+00 1.683741655346823629e+00 2.690788940356749759e+00 1.200000000000000000e+01
1.081200000000000000e+04 2.304575222387602373e+00 1.840529937660285720e+00 1.292313874239729543e+00 1.801792167324154370e+00 1.564395705052813002e+00 2.511418980791484401e+00 1.751756620733310621e+00 1.621273570594431224e+00 1.683741655346823629e+00 2.690788940356749759e+00 2.306578050853312689e+00 1.200000000000000000e+01
1.081600000000000000e+04 1.564395705052813002e+00 2.511418980791484401e+00 1.751756620733310621e+00 1.621273570594431224e+00 1.683741655346823629e+00 2.690788940356749759e+00 2.306578050853312689e+00 2.694041982640437372e+00 1.875481615559322135e+00 1.841511795315075917e+00 1.461879755124179114e+00 1.200000000000000000e+01
1.096300000000000000e+04 2.057067314297490235e+00 1.659463624551031469e+00 2.219643821720882482e+00 1.418444409468321954e+00 9.486990619655492063e-01 1.091101206648697142e+00 1.836980144600659282e+00 1.621366766827085915e+00 1.558495917536780295e+00 1.650007828653239583e+00 1.413172842633745097e+00 1.200000000000000000e+01
1.096400000000000000e+04 1.659463624551031469e+00 2.219643821720882482e+00 1.418444409468321954e+00 9.486990619655492063e-01 1.091101206648697142e+00 1.836980144600659282e+00 1.621366766827085915e+00 1.558495917536780295e+00 1.650007828653239583e+00 1.413172842633745097e+00 1.078030077869264192e+00 1.200000000000000000e+01
1.096500000000000000e+04 2.219643821720882482e+00 1.418444409468321954e+00 9.486990619655492063e-01 1.091101206648697142e+00 1.836980144600659282e+00 1.621366766827085915e+00 1.558495917536780295e+00 1.650007828653239583e+00 1.413172842633745097e+00 1.078030077869264192e+00 9.758909813496060570e-01 1.200000000000000000e+01
1.096600000000000000e+04 1.418444409468321954e+00 9.486990619655492063e-01 1.091101206648697142e+00 1.836980144600659282e+00 1.621366766827085915e+00 1.558495917536780295e+00 1.650007828653239583e+00 1.413172842633745097e+00 1.078030077869264192e+00 9.758909813496060570e-01 1.122811382469629082e+00 1.200000000000000000e+01
1.096900000000000000e+04 1.836980144600659282e+00 1.621366766827085915e+00 1.558495917536780295e+00 1.650007828653239583e+00 1.413172842633745097e+00 1.078030077869264192e+00 9.758909813496060570e-01 1.122811382469629082e+00 1.436944338773961327e+00 1.345889977536349091e+00 1.581374113864583597e+00 1.200000000000000000e+01
1.097000000000000000e+04 1.621366766827085915e+00 1.558495917536780295e+00 1.650007828653239583e+00 1.413172842633745097e+00 1.078030077869264192e+00 9.758909813496060570e-01 1.122811382469629082e+00 1.436944338773961327e+00 1.345889977536349091e+00 1.581374113864583597e+00 1.789167092757204758e+00 1.200000000000000000e+01
1.097300000000000000e+04 1.413172842633745097e+00 1.078030077869264192e+00 9.758909813496060570e-01 1.122811382469629082e+00 1.436944338773961327e+00 1.345889977536349091e+00 1.581374113864583597e+00 1.789167092757204758e+00 1.452922746553855893e+00 1.190384178366011625e+00 1.924598845788257462e+00 1.200000000000000000e+01
1.122400000000000000e+04 1.548141430266319230e+00 1.338551196300720170e+00 1.176189942926818111e+00 1.150322258097236983e+00 1.303324493652641580e+00 9.652161438148952888e-01 7.870816242777630700e-01 7.588015620750104828e-01 8.817081740016485814e-01 8.414904929873158190e-01 1.588811402629334069e+00 1.200000000000000000e+01
1.123700000000000000e+04 1.029914802103593097e+00 1.611379466534621718e+00 9.444978038049721691e-01 1.212667676767584357e+00 7.753530947969751175e-01 4.541277565291136908e-01 1.093242167397052489e+00 1.115541350865543180e+00 1.115711801662504499e+00 1.140016713289410122e+00 1.835448111138296312e+00 1.200000000000000000e+01
1.123800000000000000e+04 1.611379466534621718e+00 9.444978038049721691e-01 1.212667676767584357e+00 7.753530947969751175e-01 4.541277565291136908e-01 1.093242167397052489e+00 1.115541350865543180e+00 1.115711801662504499e+00 1.140016713289410122e+00 1.835448111138296312e+00 9.203258745538234198e-01 1.200000000000000000e+01
1.123900000000000000e+04 9.444978038049721691e-01 1.212667676767584357e+00 7.753530947969751175e-01 4.541277565291136908e-01 1.093242167397052489e+00 1.115541350865543180e+00 1.115711801662504499e+00 1.140016713289410122e+00 1.835448111138296312e+00 9.203258745538234198e-01 8.380171097641599953e-01 1.200000000000000000e+01
1.124400000000000000e+04 1.115541350865543180e+00 1.115711801662504499e+00 1.140016713289410122e+00 1.835448111138296312e+00 9.203258745538234198e-01 8.380171097641599953e-01 1.938262538067869523e+00 1.668718435246033138e+00 1.192875719939643142e+00 1.081892937110433550e+00 9.792668605582923735e-01 1.200000000000000000e+01
1.161600000000000000e+04 8.032668570346717107e-01 5.384377718508671640e-01 4.099220170257619200e-01 7.441528832704735752e-01 1.504734619722018607e+00 1.255991911717565079e+00 9.350492774566341314e-01 8.343233152351533510e-01 4.285762120644103779e-01 6.612188248078647579e-01 1.088502501602857553e+00 1.200000000000000000e+01
1.161700000000000000e+04 5.384377718508671640e-01 4.099220170257619200e-01 7.441528832704735752e-01 1.504734619722018607e+00 1.255991911717565079e+00 9.350492774566341314e-01 8.343233152351533510e-01 4.285762120644103779e-01 6.612188248078647579e-01 1.088502501602857553e+00 1.014415996932279906e+00 1.200000000000000000e+01
1.161800000000000000e+04 4.099220170257619200e-01 7.441528832704735752e-01 1.504734619722018607e+00 1.255991911717565079e+00 9.350492774566341314e-01 8.343233152351533510e-01 4.285762120644103779e-01 6.612188248078647579e-01 1.088502501602857553e+00 1.014415996932279906e+00 1.030774766212261717e+00 1.200000000000000000e+01
1.161900000000000000e+04 7.441528832704735752e-01 1.504734619722018607e+00 1.255991911717565079e+00 9.350492774566341314e-01 8.343233152351533510e-01 4.285762120644103779e-01 6.612188248078647579e-01 1.088502501602857553e+00 1.014415996932279906e+00 1.030774766212261717e+00 5.615860457085791735e-01 1.200000000000000000e+01
1.164600000000000000e+04 6.253775626975062174e-01 7.154351386731833129e-01 4.182301879253280119e-01 5.852710593135735939e-01 1.003685105731360938e+00 1.216437104363585098e+00 8.382135081960245815e-01 7.257549272498644566e-01 4.265383588248941593e-01 4.750679218455960973e-01 9.749091236948158601e-01 1.200000000000000000e+01
1.164700000000000000e+04 7.154351386731833129e-01 4.182301879253280119e-01 5.852710593135735939e-01 1.003685105731360938e+00 1.216437104363585098e+00 8.382135081960245815e-01 7.257549272498644566e-01 4.265383588248941593e-01 4.750679218455960973e-01 9.749091236948158601e-01 1.222395681112421695e+00 1.200000000000000000e+01
1.164800000000000000e+04 4.182301879253280119e-01 5.852710593135735939e-01 1.003685105731360938e+00 1.216437104363585098e+00 8.382135081960245815e-01 7.257549272498644566e-01 4.265383588248941593e-01 4.750679218455960973e-01 9.749091236948158601e-01 1.222395681112421695e+00 9.522344887511391409e-01 1.200000000000000000e+01
1.169500000000000000e+04 7.422876497655680472e-01 4.260680850003903952e-01 5.676926447481293048e-01 1.257155435691060585e+00 1.229495261919546278e+00 1.064855550408667639e+00 4.956657635759013636e-01 4.492682603425749988e-01 4.367559926644996593e-01 9.234748880861879394e-01 6.962026428986584081e-01 1.200000000000000000e+01
1.169600000000000000e+04 4.260680850003903952e-01 5.676926447481293048e-01 1.257155435691060585e+00 1.229495261919546278e+00 1.064855550408667639e+00 4.956657635759013636e-01 4.492682603425749988e-01 4.367559926644996593e-01 9.234748880861879394e-01 6.962026428986584081e-01 8.451165565530869284e-01 1.200000000000000000e+01
1.174800000000000000e+04 7.747827002157449128e-01 1.122013747801408279e+00 5.823557526771340198e-01 5.913558951246888906e-01 1.243711538571624864e+00 8.685576448144785022e-01 1.079771927627774630e+00 9.116164255951939577e-01 4.810901224673282406e-01 5.469591301324771004e-01 1.147187378354552090e+00 1.200000000000000000e+01
1.188000000000000000e+04 1.068524303381651830e+00 5.084075433491506146e-01 6.199776586374333709e-01 4.183888030865033913e-01 8.095794001305183230e-01 8.243754321129975748e-01 7.070555894118389917e-01 5.516874729921706910e-01 4.395492679694976701e-01 3.529204770446885964e-01 6.860919181626671248e-01 1.200000000000000000e+01
1.199000000000000000e+04 5.436913479376188629e-01 8.865419347636929182e-01 8.247557667990935704e-01 8.554952656213975493e-01 9.715343817189857623e-01 4.704305824452433837e-01 5.104501152657852092e-01 4.326971157148745140e-01 5.813415676976778634e-01 1.083778592058796786e+00 8.000995265879963236e-01 1.200000000000000000e+01
1.199100000000000000e+04 8.865419347636929182e-01 8.247557667990935704e-01 8.554952656213975493e-01 9.715343817189857623e-01 4.704305824452433837e-01 5.104501152657852092e-01 4.326971157148745140e-01 5.813415676976778634e-01 1.083778592058796786e+00 8.000995265879963236e-01 6.931836173185159655e-01 1.200000000000000000e+01
1.199200000000000000e+04 8.247557667990935704e-01 8.554952656213975493e-01 9.715343817189857623e-01 4.704305824452433837e-01 5.104501152657852092e-01 4.326971157148745140e-01 5.813415676976778634e-01 1.083778592058796786e+00 8.000995265879963236e-01 6.931836173185159655e-01 5.907924844014375010e-01 1.200000000000000000e+01
1.199300000000000000e+04 8.554952656213975493e-01 9.715343817189857623e-01 4.704305824452433837e-01 5.104501152657852092e-01 4.326971157148745140e-01 5.813415676976778634e-01 1.083778592058796786e+00 8.000995265879963236e-01 6.931836173185159655e-01 5.907924844014375010e-01 6.747627913766257590e-01 1.200000000000000000e+01
1.199400000000000000e+04 9.715343817189857623e-01 4.704305824452433837e-01 5.104501152657852092e-01 4.326971157148745140e-01 5.813415676976778634e-01 1.083778592058796786e+00 8.000995265879963236e-01 6.931836173185159655e-01 5.907924844014375010e-01 6.747627913766257590e-01 9.425961303744924136e-01 1.200000000000000000e+01
1.227100000000000000e+04 2.993233979575220527e-01 3.818882206483961150e-01 6.481459049946193263e-01 5.811016891451240562e-01 3.521317020321366176e-01 3.809607700586187806e-01 4.573524600303942589e-01 5.148322428536398210e-01 5.792771118400326102e-01 4.458195856295475434e-01 4.038528064266168061e-01 1.200000000000000000e+01
1.227200000000000000e+04 3.818882206483961150e-01 6.481459049946193263e-01 5.811016891451240562e-01 3.521317020321366176e-01 3.809607700586187806e-01 4.573524600303942589e-01 5.148322428536398210e-01 5.792771118400326102e-01 4.458195856295475434e-01 4.038528064266168061e-01 3.574717138555595919e-01 1.200000000000000000e+01
1.227300000000000000e+04 6.481459049946193263e-01 5.811016891451240562e-01 3.521317020321366176e-01 3.809607700586187806e-01 4.573524600303942589e-01 5.148322428536398210e-01 5.792771118400326102e-01 4.458195856295475434e-01 4.038528064266168061e-01 3.574717138555595919e-01 3.641704619368835716e-01 1.200000000000000000e+01
1.227400000000000000e+04 5.811016891451240562e-01 3.521317020321366176e-01 3.809607700586187806e-01 4.573524600303942589e-01 5.148322428536398210e-01 5.792771118400326102e-01 4.458195856295475434e-01 4.038528064266168061e-01 3.574717138555595919e-01 3.641704619368835716e-01 4.140380822274419836e-01 1.200000000000000000e+01
1.227600000000000000e+04 3.809607700586187806e-01 4.573524600303942589e-01 5.148322428536398210e-01 5.792771118400326102e-01 4.458195856295475434e-01 4.038528064266168061e-01 3.574717138555595919e-01 3.641704619368835716e-01 4.140380822274419836e-01 4.316409528144507513e-01 4.719981618602558937e-01 1.200000000000000000e+01
1.227700000000000000e+04 4.573524600303942589e-01 5.148322428536398210e-01 5.792771118400326102e-01 4.458195856295475434e-01 4.038528064266168061e-01 3.574717138555595919e-01 3.641704619368835716e-01 4.140380822274419836e-01 4.316409528144507513e-01 4.719981618602558937e-01 4.409252320165601424e-01 1.200000000000000000e+01
