5.500000000000000000e+02 5.843842451864456056e-01 4.456569400867138042e-01 2.540984677095071143e-01 3.426728601217267633e-01 2.378720073567489046e-01 2.933488562465653149e-01 5.690440795139084518e-01 8.198214702656695385e-01 5.084075433491506146e-01 4.293600017719165773e-01 3.300460016806809893e-01 9.000000000000000000e+00
5.510000000000000000e+02 4.456569400867138042e-01 2.540984677095071143e-01 3.426728601217267633e-01 2.378720073567489046e-01 2.933488562465653149e-01 5.690440795139084518e-01 8.198214702656695385e-01 5.084075433491506146e-01 4.293600017719165773e-01 3.300460016806809893e-01 5.564867077303534693e-01 9.000000000000000000e+00
9.570000000000000000e+02 9.532114917971232781e-01 2.004934071800954065e+00 1.300126584974973465e+00 1.100511375996061414e+00 1.203695892379370358e+00 9.992041814184239312e-01 9.403644080588058340e-01 1.336674967181136431e+00 1.169415297180644409e+00 9.444715363963179788e-01 9.346091019664771737e-01 9.000000000000000000e+00
9.590000000000000000e+02 1.300126584974973465e+00 1.100511375996061414e+00 1.203695892379370358e+00 9.992041814184239312e-01 9.403644080588058340e-01 1.336674967181136431e+00 1.169415297180644409e+00 9.444715363963179788e-01 9.346091019664771737e-01 9.100921026272547065e-01 8.486446544844251649e-01 9.000000000000000000e+00
9.830000000000000000e+02 5.923700344265414586e-01 6.696269205669536095e-01 8.520130859693041403e-01 7.513219904148195072e-01 6.644680195801864198e-01 9.454071451940230242e-01 5.959758630553505521e-01 7.713624791056054031e-01 7.803199976402153126e-01 5.924070590060823704e-01 3.364461683928202662e-01 9.000000000000000000e+00
1.043000000000000000e+03 9.354082349674848196e-01 1.099927912189522017e+00 8.673704397181623005e-01 8.512772536111294919e-01 1.321469446855515484e+00 1.184852750997733128e+00 9.440183713248763153e-01 1.330093786391928434e+00 9.028028697467203045e-01 7.257549272498644566e-01 1.312063970365440646e+00 9.000000000000000000e+00
1.322000000000000000e+03 5.773816404688054682e-01 1.006542742379509470e+00 7.977895841240086883e-01 5.663052842782561047e-01 7.543938498713406160e-01 5.969447271568786295e-01 4.380644946836094733e-01 1.194025240415001354e+00 7.666893122005303818e-01 8.155460735711668185e-01 7.316371578199322157e-01 9.000000000000000000e+00
1.323000000000000000e+03 1.006542742379509470e+00 7.977895841240086883e-01 5.663052842782561047e-01 7.543938498713406160e-01 5.969447271568786295e-01 4.380644946836094733e-01 1.194025240415001354e+00 7.666893122005303818e-01 8.155460735711668185e-01 7.316371578199322157e-01 7.534460052939156993e-01 9.000000000000000000e+00
1.673000000000000000e+03 6.350804488497407974e-01 4.573351202910855284e-01 1.164711505354268040e+00 7.360397688556531426e-01 8.641857912392378882e-01 7.626978238511024077e-01 6.128265656846655363e-01 2.992738687237543327e-01 1.083981165481125775e+00 8.182977344503602479e-01 9.114660136929839673e-01 9.000000000000000000e+00
1.674000000000000000e+03 4.573351202910855284e-01 1.164711505354268040e+00 7.360397688556531426e-01 8.641857912392378882e-01 7.626978238511024077e-01 6.128265656846655363e-01 2.992738687237543327e-01 1.083981165481125775e+00 8.182977344503602479e-01 9.114660136929839673e-01 8.949909054981478596e-01 9.000000000000000000e+00
1.675000000000000000e+03 1.164711505354268040e+00 7.360397688556531426e-01 8.641857912392378882e-01 7.626978238511024077e-01 6.128265656846655363e-01 2.992738687237543327e-01 1.083981165481125775e+00 8.182977344503602479e-01 9.114660136929839673e-01 8.949909054981478596e-01 6.735058089352070620e-01 9.000000000000000000e+00
1.676000000000000000e+03 7.360397688556531426e-01 8.641857912392378882e-01 7.626978238511024077e-01 6.128265656846655363e-01 2.992738687237543327e-01 1.083981165481125775e+00 8.182977344503602479e-01 9.114660136929839673e-01 8.949909054981478596e-01 6.735058089352070620e-01 5.269410412011494849e-01 9.000000000000000000e+00
1.677000000000000000e+03 8.641857912392378882e-01 7.626978238511024077e-01 6.128265656846655363e-01 2.992738687237543327e-01 1.083981165481125775e+00 8.182977344503602479e-01 9.114660136929839673e-01 8.949909054981478596e-01 6.735058089352070620e-01 5.269410412011494849e-01 9.786398287922873918e-01 9.000000000000000000e+00
1.678000000000000000e+03 7.626978238511024077e-01 6.128265656846655363e-01 2.992738687237543327e-01 1.083981165481125775e+00 8.182977344503602479e-01 9.114660136929839673e-01 8.949909054981478596e-01 6.735058089352070620e-01 5.269410412011494849e-01 9.786398287922873918e-01 6.744026357319480303e-01 9.000000000000000000e+00
1.679000000000000000e+03 6.128265656846655363e-01 2.992738687237543327e-01 1.083981165481125775e+00 8.182977344503602479e-01 9.114660136929839673e-01 8.949909054981478596e-01 6.735058089352070620e-01 5.269410412011494849e-01 9.786398287922873918e-01 6.744026357319480303e-01 7.397164516165963821e-01 9.000000000000000000e+00
1.680000000000000000e+03 2.992738687237543327e-01 1.083981165481125775e+00 8.182977344503602479e-01 9.114660136929839673e-01 8.949909054981478596e-01 6.735058089352070620e-01 5.269410412011494849e-01 9.786398287922873918e-01 6.744026357319480303e-01 7.397164516165963821e-01 8.559432110589624276e-01 9.000000000000000000e+00
1.681000000000000000e+03 1.083981165481125775e+00 8.182977344503602479e-01 9.114660136929839673e-01 8.949909054981478596e-01 6.735058089352070620e-01 5.269410412011494849e-01 9.786398287922873918e-01 6.744026357319480303e-01 7.397164516165963821e-01 8.559432110589624276e-01 6.241224629962222048e-01 9.000000000000000000e+00
1.682000000000000000e+03 8.182977344503602479e-01 9.114660136929839673e-01 8.949909054981478596e-01 6.735058089352070620e-01 5.269410412011494849e-01 9.786398287922873918e-01 6.744026357319480303e-01 7.397164516165963821e-01 8.559432110589624276e-01 6.241224629962222048e-01 6.153963718584167797e-01 9.000000000000000000e+00
1.683000000000000000e+03 9.114660136929839673e-01 8.949909054981478596e-01 6.735058089352070620e-01 5.269410412011494849e-01 9.786398287922873918e-01 6.744026357319480303e-01 7.397164516165963821e-01 8.559432110589624276e-01 6.241224629962222048e-01 6.153963718584167797e-01 1.064856696617973553e+00 9.000000000000000000e+00
1.926000000000000000e+03 4.247961950850193680e-01 9.925912855858984862e-01 6.800367429644621486e-01 9.055748677642424527e-01 9.563515681882963637e-01 8.086703921504148074e-01 3.973118602022255863e-01 6.847186884774485449e-01 7.146301613720993373e-01 9.928846715286682167e-01 9.519143301838435267e-01 9.000000000000000000e+00
1.927000000000000000e+03 9.925912855858984862e-01 6.800367429644621486e-01 9.055748677642424527e-01 9.563515681882963637e-01 8.086703921504148074e-01 3.973118602022255863e-01 6.847186884774485449e-01 7.146301613720993373e-01 9.928846715286682167e-01 9.519143301838435267e-01 8.225247619299737023e-01 9.000000000000000000e+00
1.928000000000000000e+03 6.800367429644621486e-01 9.055748677642424527e-01 9.563515681882963637e-01 8.086703921504148074e-01 3.973118602022255863e-01 6.847186884774485449e-01 7.146301613720993373e-01 9.928846715286682167e-01 9.519143301838435267e-01 8.225247619299737023e-01 5.736960016914193217e-01 9.000000000000000000e+00
1.981000000000000000e+03 5.441068149508296869e-01 4.685323574558796778e-01 9.166018845026561168e-01 9.391731181996287869e-01 8.930034374636177663e-01 7.753530947969751175e-01 8.526064438252844990e-01 5.877500664958797971e-01 9.891838234452280387e-01 9.010762604756832328e-01 6.526518446677178620e-01 9.000000000000000000e+00
1.982000000000000000e+03 4.685323574558796778e-01 9.166018845026561168e-01 9.391731181996287869e-01 8.930034374636177663e-01 7.753530947969751175e-01 8.526064438252844990e-01 5.877500664958797971e-01 9.891838234452280387e-01 9.010762604756832328e-01 6.526518446677178620e-01 3.946792610755212038e-01 9.000000000000000000e+00
1.983000000000000000e+03 9.166018845026561168e-01 9.391731181996287869e-01 8.930034374636177663e-01 7.753530947969751175e-01 8.526064438252844990e-01 5.877500664958797971e-01 9.891838234452280387e-01 9.010762604756832328e-01 6.526518446677178620e-01 3.946792610755212038e-01 6.290696192445057733e-01 9.000000000000000000e+00
1.984000000000000000e+03 9.391731181996287869e-01 8.930034374636177663e-01 7.753530947969751175e-01 8.526064438252844990e-01 5.877500664958797971e-01 9.891838234452280387e-01 9.010762604756832328e-01 6.526518446677178620e-01 3.946792610755212038e-01 6.290696192445057733e-01 7.571113299052562029e-01 9.000000000000000000e+00
2.190000000000000000e+03 6.691013940431861373e-01 7.864545925117580882e-01 5.820032771187153564e-01 1.045980512399248941e+00 1.125410336157951496e+00 7.559562046964838355e-01 5.260986094806040514e-01 6.895781846639872370e-01 7.589142442196608052e-01 1.118184813782286069e+00 1.074572266449791202e+00 9.000000000000000000e+00
2.191000000000000000e+03 7.864545925117580882e-01 5.820032771187153564e-01 1.045980512399248941e+00 1.125410336157951496e+00 7.559562046964838355e-01 5.260986094806040514e-01 6.895781846639872370e-01 7.589142442196608052e-01 1.118184813782286069e+00 1.074572266449791202e+00 7.505013483024415288e-01 9.000000000000000000e+00
2.192000000000000000e+03 5.820032771187153564e-01 1.045980512399248941e+00 1.125410336157951496e+00 7.559562046964838355e-01 5.260986094806040514e-01 6.895781846639872370e-01 7.589142442196608052e-01 1.118184813782286069e+00 1.074572266449791202e+00 7.505013483024415288e-01 7.624007070935895358e-01 9.000000000000000000e+00
2.193000000000000000e+03 1.045980512399248941e+00 1.125410336157951496e+00 7.559562046964838355e-01 5.260986094806040514e-01 6.895781846639872370e-01 7.589142442196608052e-01 1.118184813782286069e+00 1.074572266449791202e+00 7.505013483024415288e-01 7.624007070935895358e-01 7.858275607457531065e-01 9.000000000000000000e+00
2.197000000000000000e+03 6.895781846639872370e-01 7.589142442196608052e-01 1.118184813782286069e+00 1.074572266449791202e+00 7.505013483024415288e-01 7.624007070935895358e-01 7.858275607457531065e-01 7.187994007241598204e-01 9.373719502770653245e-01 9.878559580199118839e-01 7.441293036651530635e-01 9.000000000000000000e+00
2.199000000000000000e+03 1.118184813782286069e+00 1.074572266449791202e+00 7.505013483024415288e-01 7.624007070935895358e-01 7.858275607457531065e-01 7.187994007241598204e-01 9.373719502770653245e-01 9.878559580199118839e-01 7.441293036651530635e-01 4.758686181430843987e-01 1.448286621530024521e+00 9.000000000000000000e+00
2.330000000000000000e+03 9.345019048246014925e-01 9.460191425493560402e-01 6.926702159125061042e-01 4.324833845349961847e-01 9.697046261267163736e-01 9.650098867850297468e-01 9.994555650645722267e-01 9.159727023477750585e-01 9.597168138934095705e-01 6.040235436310538164e-01 6.710807475668401079e-01 9.000000000000000000e+00
2.340000000000000000e+03 6.710807475668401079e-01 1.140343303860871238e+00 1.079967892757373038e+00 9.559712335022003682e-01 7.478463297035713442e-01 5.065120719779234726e-01 7.036863993990994937e-01 8.169455487145569350e-01 9.851808653141600480e-01 1.016127503019711664e+00 7.783066339924270549e-01 9.000000000000000000e+00
2.341000000000000000e+03 1.140343303860871238e+00 1.079967892757373038e+00 9.559712335022003682e-01 7.478463297035713442e-01 5.065120719779234726e-01 7.036863993990994937e-01 8.169455487145569350e-01 9.851808653141600480e-01 1.016127503019711664e+00 7.783066339924270549e-01 5.079863274888778424e-01 9.000000000000000000e+00
2.427000000000000000e+03 9.899477987934396372e-01 7.179653021999236051e-01 4.337470321158142794e-01 7.242216897357629524e-01 6.191883848533089596e-01 1.096508417864993534e+00 9.870318995333706713e-01 7.491497024702894469e-01 3.913095341933395810e-01 6.630860925502763958e-01 7.299549330445378459e-01 9.000000000000000000e+00
2.428000000000000000e+03 7.179653021999236051e-01 4.337470321158142794e-01 7.242216897357629524e-01 6.191883848533089596e-01 1.096508417864993534e+00 9.870318995333706713e-01 7.491497024702894469e-01 3.913095341933395810e-01 6.630860925502763958e-01 7.299549330445378459e-01 9.781568067068143746e-01 9.000000000000000000e+00
2.630000000000000000e+03 9.162262588051723888e-01 6.960976035583202881e-01 4.722882833307664452e-01 8.441415149842171894e-01 6.633597855562202161e-01 9.666010973850521770e-01 9.628172578519277325e-01 7.518047210691595206e-01 7.387073149532500382e-01 7.483624127269550286e-01 6.109625882938383157e-01 9.000000000000000000e+00
2.632000000000000000e+03 4.722882833307664452e-01 8.441415149842171894e-01 6.633597855562202161e-01 9.666010973850521770e-01 9.628172578519277325e-01 7.518047210691595206e-01 7.387073149532500382e-01 7.483624127269550286e-01 6.109625882938383157e-01 8.451528582386883537e-01 9.945752041409405830e-01 9.000000000000000000e+00
2.634000000000000000e+03 6.633597855562202161e-01 9.666010973850521770e-01 9.628172578519277325e-01 7.518047210691595206e-01 7.387073149532500382e-01 7.483624127269550286e-01 6.109625882938383157e-01 8.451528582386883537e-01 9.945752041409405830e-01 6.668923989707485900e-01 6.235047771686662577e-01 9.000000000000000000e+00
2.635000000000000000e+03 9.666010973850521770e-01 9.628172578519277325e-01 7.518047210691595206e-01 7.387073149532500382e-01 7.483624127269550286e-01 6.109625882938383157e-01 8.451528582386883537e-01 9.945752041409405830e-01 6.668923989707485900e-01 6.235047771686662577e-01 8.903851077270851233e-01 9.000000000000000000e+00
2.636000000000000000e+03 9.628172578519277325e-01 7.518047210691595206e-01 7.387073149532500382e-01 7.483624127269550286e-01 6.109625882938383157e-01 8.451528582386883537e-01 9.945752041409405830e-01 6.668923989707485900e-01 6.235047771686662577e-01 8.903851077270851233e-01 6.827411144360689965e-01 9.000000000000000000e+00
2.639000000000000000e+03 7.483624127269550286e-01 6.109625882938383157e-01 8.451528582386883537e-01 9.945752041409405830e-01 6.668923989707485900e-01 6.235047771686662577e-01 8.903851077270851233e-01 6.827411144360689965e-01 7.237046190923245303e-01 6.493580873945057341e-01 7.064763126266309090e-01 9.000000000000000000e+00
2.640000000000000000e+03 6.109625882938383157e-01 8.451528582386883537e-01 9.945752041409405830e-01 6.668923989707485900e-01 6.235047771686662577e-01 8.903851077270851233e-01 6.827411144360689965e-01 7.237046190923245303e-01 6.493580873945057341e-01 7.064763126266309090e-01 5.322062394545582498e-01 9.000000000000000000e+00
2.641000000000000000e+03 8.451528582386883537e-01 9.945752041409405830e-01 6.668923989707485900e-01 6.235047771686662577e-01 8.903851077270851233e-01 6.827411144360689965e-01 7.237046190923245303e-01 6.493580873945057341e-01 7.064763126266309090e-01 5.322062394545582498e-01 7.698382507126259044e-01 9.000000000000000000e+00
2.642000000000000000e+03 9.945752041409405830e-01 6.668923989707485900e-01 6.235047771686662577e-01 8.903851077270851233e-01 6.827411144360689965e-01 7.237046190923245303e-01 6.493580873945057341e-01 7.064763126266309090e-01 5.322062394545582498e-01 7.698382507126259044e-01 7.428006975346702623e-01 9.000000000000000000e+00
3.166000000000000000e+03 2.965860253203600472e-01 2.103775640620796916e-01 3.537708657721194139e-01 3.438859453450989201e-01 2.801768717789522301e-01 1.610097625892401019e-01 3.860948099175723347e-01 2.634508541923633040e-01 3.324721074143616173e-01 4.750380229338564964e-01 2.990999134290813211e-01 9.000000000000000000e+00
3.408000000000000000e+03 8.058024216086447922e-01 4.583527562958565338e-01 1.617468903447173423e-01 7.657625442335934673e-01 3.952889634331952506e-01 3.980299877495878103e-01 4.220447233378191165e-01 3.923152027821407151e-01 2.564151549410069730e-01 5.561771764464257251e-01 4.582782822927038424e-01 9.000000000000000000e+00
3.409000000000000000e+03 4.583527562958565338e-01 1.617468903447173423e-01 7.657625442335934673e-01 3.952889634331952506e-01 3.980299877495878103e-01 4.220447233378191165e-01 3.923152027821407151e-01 2.564151549410069730e-01 5.561771764464257251e-01 4.582782822927038424e-01 4.487844757510532911e-01 9.000000000000000000e+00
3.569000000000000000e+03 9.385803904675764642e-01 1.165408867312376806e+00 7.431155692910390576e-01 5.200962834717181016e-01 8.874067068385614876e-01 7.457304332955776438e-01 8.372979970003663341e-01 1.078312224196401603e+00 7.722242277477427974e-01 4.495426268760405741e-01 1.011872512390551870e+00 9.000000000000000000e+00
3.571000000000000000e+03 7.431155692910390576e-01 5.200962834717181016e-01 8.874067068385614876e-01 7.457304332955776438e-01 8.372979970003663341e-01 1.078312224196401603e+00 7.722242277477427974e-01 4.495426268760405741e-01 1.011872512390551870e+00 6.725997214175434280e-01 7.357134934855285024e-01 9.000000000000000000e+00
3.572000000000000000e+03 5.200962834717181016e-01 8.874067068385614876e-01 7.457304332955776438e-01 8.372979970003663341e-01 1.078312224196401603e+00 7.722242277477427974e-01 4.495426268760405741e-01 1.011872512390551870e+00 6.725997214175434280e-01 7.357134934855285024e-01 9.647189312824074880e-01 9.000000000000000000e+00
3.573000000000000000e+03 8.874067068385614876e-01 7.457304332955776438e-01 8.372979970003663341e-01 1.078312224196401603e+00 7.722242277477427974e-01 4.495426268760405741e-01 1.011872512390551870e+00 6.725997214175434280e-01 7.357134934855285024e-01 9.647189312824074880e-01 6.313151497458885375e-01 9.000000000000000000e+00
3.574000000000000000e+03 7.457304332955776438e-01 8.372979970003663341e-01 1.078312224196401603e+00 7.722242277477427974e-01 4.495426268760405741e-01 1.011872512390551870e+00 6.725997214175434280e-01 7.357134934855285024e-01 9.647189312824074880e-01 6.313151497458885375e-01 7.344951563505230929e-01 9.000000000000000000e+00
3.576000000000000000e+03 1.078312224196401603e+00 7.722242277477427974e-01 4.495426268760405741e-01 1.011872512390551870e+00 6.725997214175434280e-01 7.357134934855285024e-01 9.647189312824074880e-01 6.313151497458885375e-01 7.344951563505230929e-01 1.171452096838821788e+00 6.382316672992068840e-01 9.000000000000000000e+00
3.577000000000000000e+03 7.722242277477427974e-01 4.495426268760405741e-01 1.011872512390551870e+00 6.725997214175434280e-01 7.357134934855285024e-01 9.647189312824074880e-01 6.313151497458885375e-01 7.344951563505230929e-01 1.171452096838821788e+00 6.382316672992068840e-01 1.154286964473804744e+00 9.000000000000000000e+00
3.711000000000000000e+03 6.798295805070614373e-01 3.327605296154341197e-01 9.099798504147410538e-01 5.621712196602653977e-01 5.864711299574097980e-01 7.192128914074640278e-01 4.581596640341205617e-01 3.887822390317033916e-01 6.234263333504608262e-01 5.530439659435923971e-01 6.697779755907674604e-01 9.000000000000000000e+00
3.712000000000000000e+03 3.327605296154341197e-01 9.099798504147410538e-01 5.621712196602653977e-01 5.864711299574097980e-01 7.192128914074640278e-01 4.581596640341205617e-01 3.887822390317033916e-01 6.234263333504608262e-01 5.530439659435923971e-01 6.697779755907674604e-01 8.531540900275920158e-01 9.000000000000000000e+00
3.900000000000000000e+03 7.440970473071990554e-01 9.249105674710301761e-01 6.562723245752680734e-01 4.728148031561072995e-01 1.192457660999988844e+00 1.080509085051570395e+00 8.511950591912438302e-01 1.107090882110995933e+00 6.142747576476855764e-01 3.137005119380943396e-01 1.005288678847499506e+00 9.000000000000000000e+00
3.901000000000000000e+03 9.249105674710301761e-01 6.562723245752680734e-01 4.728148031561072995e-01 1.192457660999988844e+00 1.080509085051570395e+00 8.511950591912438302e-01 1.107090882110995933e+00 6.142747576476855764e-01 3.137005119380943396e-01 1.005288678847499506e+00 6.769943250589045558e-01 9.000000000000000000e+00
3.902000000000000000e+03 6.562723245752680734e-01 4.728148031561072995e-01 1.192457660999988844e+00 1.080509085051570395e+00 8.511950591912438302e-01 1.107090882110995933e+00 6.142747576476855764e-01 3.137005119380943396e-01 1.005288678847499506e+00 6.769943250589045558e-01 6.306547244229712135e-01 9.000000000000000000e+00
3.903000000000000000e+03 4.728148031561072995e-01 1.192457660999988844e+00 1.080509085051570395e+00 8.511950591912438302e-01 1.107090882110995933e+00 6.142747576476855764e-01 3.137005119380943396e-01 1.005288678847499506e+00 6.769943250589045558e-01 6.306547244229712135e-01 7.742980317770292720e-01 9.000000000000000000e+00
3.904000000000000000e+03 1.192457660999988844e+00 1.080509085051570395e+00 8.511950591912438302e-01 1.107090882110995933e+00 6.142747576476855764e-01 3.137005119380943396e-01 1.005288678847499506e+00 6.769943250589045558e-01 6.306547244229712135e-01 7.742980317770292720e-01 6.109439161327393508e-01 9.000000000000000000e+00
4.057000000000000000e+03 5.199491877896441627e-01 3.887822390317033916e-01 9.725262690737387361e-01 4.556865929657473169e-01 4.397967018341271128e-01 6.204526512512126279e-01 3.963218672131629816e-01 2.780024677799829425e-01 5.658961688195031092e-01 7.062916826679782600e-01 5.479520988848689544e-01 9.000000000000000000e+00
4.058000000000000000e+03 3.887822390317033916e-01 9.725262690737387361e-01 4.556865929657473169e-01 4.397967018341271128e-01 6.204526512512126279e-01 3.963218672131629816e-01 2.780024677799829425e-01 5.658961688195031092e-01 7.062916826679782600e-01 5.479520988848689544e-01 7.753122576066184823e-01 9.000000000000000000e+00
4.177000000000000000e+03 6.263430240061862442e-01 3.893087588570442459e-01 1.675742394648334521e+00 6.705714428138384031e-01 7.597312422719362246e-01 9.915325266521728409e-01 7.035799287005907177e-01 4.511221863520631925e-01 1.291215164145774752e+00 1.131666778722799194e+00 9.684892851827257010e-01 9.000000000000000000e+00
4.178000000000000000e+03 3.893087588570442459e-01 1.675742394648334521e+00 6.705714428138384031e-01 7.597312422719362246e-01 9.915325266521728409e-01 7.035799287005907177e-01 4.511221863520631925e-01 1.291215164145774752e+00 1.131666778722799194e+00 9.684892851827257010e-01 1.025572481057761554e+00 9.000000000000000000e+00
4.308000000000000000e+03 7.940754354540192628e-01 5.528231453502000514e-01 4.340629440110188031e-01 9.673532570041976086e-01 6.391331244564092406e-01 5.745377830761128068e-01 6.997524333022206999e-01 4.611525940910287114e-01 3.235990846545028776e-01 9.377260060604618586e-01 7.728868301562960008e-01 9.000000000000000000e+00
4.620000000000000000e+03 6.677324424972999051e-01 5.497501008448746340e-01 5.101120688318343532e-01 5.590546431351895995e-01 5.509147928100008862e-01 5.037294378038191800e-01 5.141992614279001783e-01 8.670281744433993021e-01 7.758165659172033823e-01 7.153210652706539774e-01 7.577534729318549100e-01 9.000000000000000000e+00
4.621000000000000000e+03 5.497501008448746340e-01 5.101120688318343532e-01 5.590546431351895995e-01 5.509147928100008862e-01 5.037294378038191800e-01 5.141992614279001783e-01 8.670281744433993021e-01 7.758165659172033823e-01 7.153210652706539774e-01 7.577534729318549100e-01 7.559562046964838355e-01 9.000000000000000000e+00
4.676000000000000000e+03 7.691683193828365850e-01 7.220430138303718381e-01 8.307777326622796110e-01 8.555918117522656186e-01 8.101034032694729436e-01 7.221838364962467338e-01 6.890513145364849379e-01 5.718187926474628258e-01 8.331231298932046947e-01 9.793156784596147579e-01 8.753918616117416507e-01 9.000000000000000000e+00
4.677000000000000000e+03 7.220430138303718381e-01 8.307777326622796110e-01 8.555918117522656186e-01 8.101034032694729436e-01 7.221838364962467338e-01 6.890513145364849379e-01 5.718187926474628258e-01 8.331231298932046947e-01 9.793156784596147579e-01 8.753918616117416507e-01 7.077621058781319308e-01 9.000000000000000000e+00
4.678000000000000000e+03 8.307777326622796110e-01 8.555918117522656186e-01 8.101034032694729436e-01 7.221838364962467338e-01 6.890513145364849379e-01 5.718187926474628258e-01 8.331231298932046947e-01 9.793156784596147579e-01 8.753918616117416507e-01 7.077621058781319308e-01 4.036274421373162724e-01 9.000000000000000000e+00
4.679000000000000000e+03 8.555918117522656186e-01 8.101034032694729436e-01 7.221838364962467338e-01 6.890513145364849379e-01 5.718187926474628258e-01 8.331231298932046947e-01 9.793156784596147579e-01 8.753918616117416507e-01 7.077621058781319308e-01 4.036274421373162724e-01 4.844334613711302473e-01 9.000000000000000000e+00
4.680000000000000000e+03 8.101034032694729436e-01 7.221838364962467338e-01 6.890513145364849379e-01 5.718187926474628258e-01 8.331231298932046947e-01 9.793156784596147579e-01 8.753918616117416507e-01 7.077621058781319308e-01 4.036274421373162724e-01 4.844334613711302473e-01 8.682406992427318393e-01 9.000000000000000000e+00
4.681000000000000000e+03 7.221838364962467338e-01 6.890513145364849379e-01 5.718187926474628258e-01 8.331231298932046947e-01 9.793156784596147579e-01 8.753918616117416507e-01 7.077621058781319308e-01 4.036274421373162724e-01 4.844334613711302473e-01 8.682406992427318393e-01 8.673221666527282103e-01 9.000000000000000000e+00
5.094000000000000000e+03 6.347723014309609724e-01 4.796793009938170038e-01 8.043251485137251633e-01 7.761962398676497399e-01 7.052038971362628583e-01 6.240741899307881146e-01 7.283875263765688945e-01 4.936307577874280428e-01 7.891130589859368660e-01 7.699274563793734316e-01 6.874549451184512883e-01 9.000000000000000000e+00
5.096000000000000000e+03 8.043251485137251633e-01 7.761962398676497399e-01 7.052038971362628583e-01 6.240741899307881146e-01 7.283875263765688945e-01 4.936307577874280428e-01 7.891130589859368660e-01 7.699274563793734316e-01 6.874549451184512883e-01 7.727552314675167899e-01 6.147645480680077323e-01 9.000000000000000000e+00
5.097000000000000000e+03 7.761962398676497399e-01 7.052038971362628583e-01 6.240741899307881146e-01 7.283875263765688945e-01 4.936307577874280428e-01 7.891130589859368660e-01 7.699274563793734316e-01 6.874549451184512883e-01 7.727552314675167899e-01 6.147645480680077323e-01 6.209182062864408991e-01 9.000000000000000000e+00
5.125000000000000000e+03 5.325067272797373574e-01 5.830174164205679244e-01 6.077698883151675391e-01 6.603244041769392725e-01 6.576722434728541344e-01 1.079260337983729112e+00 4.567926415346348912e-01 8.457921777450295719e-01 7.529337662003113829e-01 7.273266980441779328e-01 5.953999890629905201e-01 9.000000000000000000e+00
5.797000000000000000e+03 6.290735708027210826e-01 6.701749674202608364e-01 6.559383984096642806e-01 7.930384260548105635e-01 5.200280975610592771e-01 5.842808321121084614e-01 7.078662399389344939e-01 5.568298097812223180e-01 4.512274903171313856e-01 1.195436061888512480e+00 1.156231486256561247e+00 9.000000000000000000e+00
5.800000000000000000e+03 7.930384260548105635e-01 5.200280975610592771e-01 5.842808321121084614e-01 7.078662399389344939e-01 5.568298097812223180e-01 4.512274903171313856e-01 1.195436061888512480e+00 1.156231486256561247e+00 5.604141383495145901e-01 8.679871427853345089e-01 5.971378194186145461e-01 9.000000000000000000e+00
5.801000000000000000e+03 5.200280975610592771e-01 5.842808321121084614e-01 7.078662399389344939e-01 5.568298097812223180e-01 4.512274903171313856e-01 1.195436061888512480e+00 1.156231486256561247e+00 5.604141383495145901e-01 8.679871427853345089e-01 5.971378194186145461e-01 4.735519309115845399e-01 9.000000000000000000e+00
6.030000000000000000e+03 1.263408438096436326e+00 9.700955229617201914e-01 6.853182046636852043e-01 7.703085245371296130e-01 9.623055153134228989e-01 9.274778462172558191e-01 9.784109799818622166e-01 9.086439106642346664e-01 6.824749976068444912e-01 6.238966071749646458e-01 6.588524997702088770e-01 9.000000000000000000e+00
6.191000000000000000e+03 1.505491465796516160e+00 1.760325604116345977e+00 1.481521484544159106e+00 1.583255209162598653e+00 1.436133933567865784e+00 1.222337252701960031e+00 1.360583950393954522e+00 1.607541352017727077e+00 1.828813961339001315e+00 1.241209380806876705e+00 1.253138130655805149e+00 9.000000000000000000e+00
6.192000000000000000e+03 1.760325604116345977e+00 1.481521484544159106e+00 1.583255209162598653e+00 1.436133933567865784e+00 1.222337252701960031e+00 1.360583950393954522e+00 1.607541352017727077e+00 1.828813961339001315e+00 1.241209380806876705e+00 1.253138130655805149e+00 1.104891971686664087e+00 9.000000000000000000e+00
6.203000000000000000e+03 1.307780818140965140e+00 1.368010401334205373e+00 1.414864074656003945e+00 1.146841100023125781e+00 1.448528969479397022e+00 1.380567390147004803e+00 1.377762400382622321e+00 1.466342635623268942e+00 1.567554824004858238e+00 2.139118869726021721e+00 1.667132330100947524e+00 9.000000000000000000e+00
6.204000000000000000e+03 1.368010401334205373e+00 1.414864074656003945e+00 1.146841100023125781e+00 1.448528969479397022e+00 1.380567390147004803e+00 1.377762400382622321e+00 1.466342635623268942e+00 1.567554824004858238e+00 2.139118869726021721e+00 1.667132330100947524e+00 1.191748610379648188e+00 9.000000000000000000e+00
6.205000000000000000e+03 1.414864074656003945e+00 1.146841100023125781e+00 1.448528969479397022e+00 1.380567390147004803e+00 1.377762400382622321e+00 1.466342635623268942e+00 1.567554824004858238e+00 2.139118869726021721e+00 1.667132330100947524e+00 1.191748610379648188e+00 1.400138757747934726e+00 9.000000000000000000e+00
6.206000000000000000e+03 1.146841100023125781e+00 1.448528969479397022e+00 1.380567390147004803e+00 1.377762400382622321e+00 1.466342635623268942e+00 1.567554824004858238e+00 2.139118869726021721e+00 1.667132330100947524e+00 1.191748610379648188e+00 1.400138757747934726e+00 1.314572117898764159e+00 9.000000000000000000e+00
6.207000000000000000e+03 1.448528969479397022e+00 1.380567390147004803e+00 1.377762400382622321e+00 1.466342635623268942e+00 1.567554824004858238e+00 2.139118869726021721e+00 1.667132330100947524e+00 1.191748610379648188e+00 1.400138757747934726e+00 1.314572117898764159e+00 1.335780796889804334e+00 9.000000000000000000e+00
6.208000000000000000e+03 1.380567390147004803e+00 1.377762400382622321e+00 1.466342635623268942e+00 1.567554824004858238e+00 2.139118869726021721e+00 1.667132330100947524e+00 1.191748610379648188e+00 1.400138757747934726e+00 1.314572117898764159e+00 1.335780796889804334e+00 1.544222481728787955e+00 9.000000000000000000e+00
6.210000000000000000e+03 1.466342635623268942e+00 1.567554824004858238e+00 2.139118869726021721e+00 1.667132330100947524e+00 1.191748610379648188e+00 1.400138757747934726e+00 1.314572117898764159e+00 1.335780796889804334e+00 1.544222481728787955e+00 1.261476609359926115e+00 1.223168055332936488e+00 9.000000000000000000e+00
6.211000000000000000e+03 1.567554824004858238e+00 2.139118869726021721e+00 1.667132330100947524e+00 1.191748610379648188e+00 1.400138757747934726e+00 1.314572117898764159e+00 1.335780796889804334e+00 1.544222481728787955e+00 1.261476609359926115e+00 1.223168055332936488e+00 1.433354653666981893e+00 9.000000000000000000e+00
6.212000000000000000e+03 2.139118869726021721e+00 1.667132330100947524e+00 1.191748610379648188e+00 1.400138757747934726e+00 1.314572117898764159e+00 1.335780796889804334e+00 1.544222481728787955e+00 1.261476609359926115e+00 1.223168055332936488e+00 1.433354653666981893e+00 1.176849062215554298e+00 9.000000000000000000e+00
6.528000000000000000e+03 9.520531481813733210e-01 6.166857418659071888e-01 9.055137144096798707e-01 1.080798695388349495e+00 1.080213897626881359e+00 1.163767061482939402e+00 9.886989280250984002e-01 6.293831351275082087e-01 1.007040326739585545e+00 1.332909530133724152e+00 1.147850082637613234e+00 9.000000000000000000e+00
6.529000000000000000e+03 6.166857418659071888e-01 9.055137144096798707e-01 1.080798695388349495e+00 1.080213897626881359e+00 1.163767061482939402e+00 9.886989280250984002e-01 6.293831351275082087e-01 1.007040326739585545e+00 1.332909530133724152e+00 1.147850082637613234e+00 1.362458998809294997e+00 9.000000000000000000e+00
6.684000000000000000e+03 5.691880855910292913e-01 1.097524088893763405e+00 1.145525773092599398e+00 1.135489205339494490e+00 9.850601732462610505e-01 5.987583453776450515e-01 3.011320056238962484e-01 1.192515136833952605e+00 1.188878564927184467e+00 1.155456776359532478e+00 1.087495618097215067e+00 9.000000000000000000e+00
6.685000000000000000e+03 1.097524088893763405e+00 1.145525773092599398e+00 1.135489205339494490e+00 9.850601732462610505e-01 5.987583453776450515e-01 3.011320056238962484e-01 1.192515136833952605e+00 1.188878564927184467e+00 1.155456776359532478e+00 1.087495618097215067e+00 8.404309452091074384e-01 9.000000000000000000e+00
6.686000000000000000e+03 1.145525773092599398e+00 1.135489205339494490e+00 9.850601732462610505e-01 5.987583453776450515e-01 3.011320056238962484e-01 1.192515136833952605e+00 1.188878564927184467e+00 1.155456776359532478e+00 1.087495618097215067e+00 8.404309452091074384e-01 6.361237266120618461e-01 9.000000000000000000e+00
6.687000000000000000e+03 1.135489205339494490e+00 9.850601732462610505e-01 5.987583453776450515e-01 3.011320056238962484e-01 1.192515136833952605e+00 1.188878564927184467e+00 1.155456776359532478e+00 1.087495618097215067e+00 8.404309452091074384e-01 6.361237266120618461e-01 9.641084296278273902e-01 9.000000000000000000e+00
6.693000000000000000e+03 1.155456776359532478e+00 1.087495618097215067e+00 8.404309452091074384e-01 6.361237266120618461e-01 9.641084296278273902e-01 1.110707590103498843e+00 1.186200496818956118e+00 1.137796152279445971e+00 7.817766366661338395e-01 8.168656331630000933e-01 1.057634609687562843e+00 9.000000000000000000e+00
6.694000000000000000e+03 1.087495618097215067e+00 8.404309452091074384e-01 6.361237266120618461e-01 9.641084296278273902e-01 1.110707590103498843e+00 1.186200496818956118e+00 1.137796152279445971e+00 7.817766366661338395e-01 8.168656331630000933e-01 1.057634609687562843e+00 1.253454587607620407e+00 9.000000000000000000e+00
6.695000000000000000e+03 8.404309452091074384e-01 6.361237266120618461e-01 9.641084296278273902e-01 1.110707590103498843e+00 1.186200496818956118e+00 1.137796152279445971e+00 7.817766366661338395e-01 8.168656331630000933e-01 1.057634609687562843e+00 1.253454587607620407e+00 1.180051752727071301e+00 9.000000000000000000e+00
6.696000000000000000e+03 6.361237266120618461e-01 9.641084296278273902e-01 1.110707590103498843e+00 1.186200496818956118e+00 1.137796152279445971e+00 7.817766366661338395e-01 8.168656331630000933e-01 1.057634609687562843e+00 1.253454587607620407e+00 1.180051752727071301e+00 1.406435761419671415e+00 9.000000000000000000e+00
6.697000000000000000e+03 9.641084296278273902e-01 1.110707590103498843e+00 1.186200496818956118e+00 1.137796152279445971e+00 7.817766366661338395e-01 8.168656331630000933e-01 1.057634609687562843e+00 1.253454587607620407e+00 1.180051752727071301e+00 1.406435761419671415e+00 1.058410152900230550e+00 9.000000000000000000e+00
7.094000000000000000e+03 8.821863043995837872e-01 1.255534158872978701e+00 1.234899598354492367e+00 5.654258949949992896e-01 1.018759269783215071e+00 1.101870871210386404e+00 9.642752074819622710e-01 1.446067948140987713e+00 1.029030346646209626e+00 6.240533651164658080e-01 9.287262362076383893e-01 9.000000000000000000e+00
7.102000000000000000e+03 1.029030346646209626e+00 6.240533651164658080e-01 9.287262362076383893e-01 8.746841153943029079e-01 9.125496901729114319e-01 1.459246495004470567e+00 1.302294135998124602e+00 7.000809667445708762e-01 6.776704179268062678e-01 1.098245550638853318e+00 1.890833891926074983e+00 9.000000000000000000e+00
7.103000000000000000e+03 6.240533651164658080e-01 9.287262362076383893e-01 8.746841153943029079e-01 9.125496901729114319e-01 1.459246495004470567e+00 1.302294135998124602e+00 7.000809667445708762e-01 6.776704179268062678e-01 1.098245550638853318e+00 1.890833891926074983e+00 1.917744070496629094e+00 9.000000000000000000e+00
7.105000000000000000e+03 8.746841153943029079e-01 9.125496901729114319e-01 1.459246495004470567e+00 1.302294135998124602e+00 7.000809667445708762e-01 6.776704179268062678e-01 1.098245550638853318e+00 1.890833891926074983e+00 1.917744070496629094e+00 1.516482400946793208e+00 7.629409012865709938e-01 9.000000000000000000e+00
7.106000000000000000e+03 9.125496901729114319e-01 1.459246495004470567e+00 1.302294135998124602e+00 7.000809667445708762e-01 6.776704179268062678e-01 1.098245550638853318e+00 1.890833891926074983e+00 1.917744070496629094e+00 1.516482400946793208e+00 7.629409012865709938e-01 1.288745688365294795e+00 9.000000000000000000e+00
7.107000000000000000e+03 1.459246495004470567e+00 1.302294135998124602e+00 7.000809667445708762e-01 6.776704179268062678e-01 1.098245550638853318e+00 1.890833891926074983e+00 1.917744070496629094e+00 1.516482400946793208e+00 7.629409012865709938e-01 1.288745688365294795e+00 1.214406863951731141e+00 9.000000000000000000e+00
7.108000000000000000e+03 1.302294135998124602e+00 7.000809667445708762e-01 6.776704179268062678e-01 1.098245550638853318e+00 1.890833891926074983e+00 1.917744070496629094e+00 1.516482400946793208e+00 7.629409012865709938e-01 1.288745688365294795e+00 1.214406863951731141e+00 1.602857145437082353e+00 9.000000000000000000e+00
7.109000000000000000e+03 7.000809667445708762e-01 6.776704179268062678e-01 1.098245550638853318e+00 1.890833891926074983e+00 1.917744070496629094e+00 1.516482400946793208e+00 7.629409012865709938e-01 1.288745688365294795e+00 1.214406863951731141e+00 1.602857145437082353e+00 1.547827570075865689e+00 9.000000000000000000e+00
7.110000000000000000e+03 6.776704179268062678e-01 1.098245550638853318e+00 1.890833891926074983e+00 1.917744070496629094e+00 1.516482400946793208e+00 7.629409012865709938e-01 1.288745688365294795e+00 1.214406863951731141e+00 1.602857145437082353e+00 1.547827570075865689e+00 1.193304532152563047e+00 9.000000000000000000e+00
7.111000000000000000e+03 1.098245550638853318e+00 1.890833891926074983e+00 1.917744070496629094e+00 1.516482400946793208e+00 7.629409012865709938e-01 1.288745688365294795e+00 1.214406863951731141e+00 1.602857145437082353e+00 1.547827570075865689e+00 1.193304532152563047e+00 1.091662304614686718e+00 9.000000000000000000e+00
7.113000000000000000e+03 1.917744070496629094e+00 1.516482400946793208e+00 7.629409012865709938e-01 1.288745688365294795e+00 1.214406863951731141e+00 1.602857145437082353e+00 1.547827570075865689e+00 1.193304532152563047e+00 1.091662304614686718e+00 1.566732539217544629e+00 1.099453990829364347e+00 9.000000000000000000e+00
7.114000000000000000e+03 1.516482400946793208e+00 7.629409012865709938e-01 1.288745688365294795e+00 1.214406863951731141e+00 1.602857145437082353e+00 1.547827570075865689e+00 1.193304532152563047e+00 1.091662304614686718e+00 1.566732539217544629e+00 1.099453990829364347e+00 6.835882091431423335e-01 9.000000000000000000e+00
7.115000000000000000e+03 7.629409012865709938e-01 1.288745688365294795e+00 1.214406863951731141e+00 1.602857145437082353e+00 1.547827570075865689e+00 1.193304532152563047e+00 1.091662304614686718e+00 1.566732539217544629e+00 1.099453990829364347e+00 6.835882091431423335e-01 6.137920269933455630e-01 9.000000000000000000e+00
7.116000000000000000e+03 1.288745688365294795e+00 1.214406863951731141e+00 1.602857145437082353e+00 1.547827570075865689e+00 1.193304532152563047e+00 1.091662304614686718e+00 1.566732539217544629e+00 1.099453990829364347e+00 6.835882091431423335e-01 6.137920269933455630e-01 1.579559476022630296e-03 9.000000000000000000e+00
7.223000000000000000e+03 7.489894444929600104e-01 1.455853308881665642e+00 1.303227217954295636e+00 1.584601080504476123e+00 1.792475465695391845e+00 1.583034506869880120e+00 7.734436833671546330e-01 1.185528843865634840e+00 9.200761500503754631e-01 1.096885234700754275e+00 1.510802128887985596e+00 9.000000000000000000e+00
7.224000000000000000e+03 1.455853308881665642e+00 1.303227217954295636e+00 1.584601080504476123e+00 1.792475465695391845e+00 1.583034506869880120e+00 7.734436833671546330e-01 1.185528843865634840e+00 9.200761500503754631e-01 1.096885234700754275e+00 1.510802128887985596e+00 1.146128355802020549e+00 9.000000000000000000e+00
7.243000000000000000e+03 1.362742897336966408e+00 1.452054442400033452e+00 1.861988679920355994e+00 1.325671616243259576e+00 6.822105614134286178e-01 7.549703691569008557e-01 1.161235495569243437e+00 1.208069741269473862e+00 2.278247323157761794e+00 1.366108338829438829e+00 7.809680645592145254e-01 9.000000000000000000e+00
7.244000000000000000e+03 1.452054442400033452e+00 1.861988679920355994e+00 1.325671616243259576e+00 6.822105614134286178e-01 7.549703691569008557e-01 1.161235495569243437e+00 1.208069741269473862e+00 2.278247323157761794e+00 1.366108338829438829e+00 7.809680645592145254e-01 1.346213582136939424e+00 9.000000000000000000e+00
7.245000000000000000e+03 1.861988679920355994e+00 1.325671616243259576e+00 6.822105614134286178e-01 7.549703691569008557e-01 1.161235495569243437e+00 1.208069741269473862e+00 2.278247323157761794e+00 1.366108338829438829e+00 7.809680645592145254e-01 1.346213582136939424e+00 1.325885471526378367e+00 9.000000000000000000e+00
7.330000000000000000e+03 1.342204338758963056e+00 1.696277684984997869e+00 1.061465802605672470e+00 1.171809347236215437e+00 1.341820772546553853e+00 9.747780103088184989e-01 6.632043719993683251e-01 1.176781866849864189e+00 8.693427459769388355e-01 9.745314861352811775e-01 1.554998364103340469e+00 9.000000000000000000e+00
7.339000000000000000e+03 9.745314861352811775e-01 1.554998364103340469e+00 1.200068406689309475e+00 7.078532531882747447e-01 1.220203816645709649e+00 1.312070892307903414e+00 1.166824531450357139e+00 1.691601905526140204e+00 1.397312152052645029e+00 2.304050755691676500e+00 1.718537312678175111e+00 9.000000000000000000e+00
7.340000000000000000e+03 1.554998364103340469e+00 1.200068406689309475e+00 7.078532531882747447e-01 1.220203816645709649e+00 1.312070892307903414e+00 1.166824531450357139e+00 1.691601905526140204e+00 1.397312152052645029e+00 2.304050755691676500e+00 1.718537312678175111e+00 1.629721858077053387e+00 9.000000000000000000e+00
7.341000000000000000e+03 1.200068406689309475e+00 7.078532531882747447e-01 1.220203816645709649e+00 1.312070892307903414e+00 1.166824531450357139e+00 1.691601905526140204e+00 1.397312152052645029e+00 2.304050755691676500e+00 1.718537312678175111e+00 1.629721858077053387e+00 1.574446513212126586e+00 9.000000000000000000e+00
7.826000000000000000e+03 1.559492065854552134e+00 1.436967833184893628e+00 1.651952572217009640e+00 1.492999616736590207e+00 2.062307478390410509e+00 2.013517242755919590e+00 1.426714699922146945e+00 1.088898206292739035e+00 1.210929846411960220e+00 9.983868928113704966e-01 2.027820731260136178e+00 9.000000000000000000e+00
7.827000000000000000e+03 1.436967833184893628e+00 1.651952572217009640e+00 1.492999616736590207e+00 2.062307478390410509e+00 2.013517242755919590e+00 1.426714699922146945e+00 1.088898206292739035e+00 1.210929846411960220e+00 9.983868928113704966e-01 2.027820731260136178e+00 2.135777369701477468e+00 9.000000000000000000e+00
7.828000000000000000e+03 1.651952572217009640e+00 1.492999616736590207e+00 2.062307478390410509e+00 2.013517242755919590e+00 1.426714699922146945e+00 1.088898206292739035e+00 1.210929846411960220e+00 9.983868928113704966e-01 2.027820731260136178e+00 2.135777369701477468e+00 1.394691034873603241e+00 9.000000000000000000e+00
7.829000000000000000e+03 1.492999616736590207e+00 2.062307478390410509e+00 2.013517242755919590e+00 1.426714699922146945e+00 1.088898206292739035e+00 1.210929846411960220e+00 9.983868928113704966e-01 2.027820731260136178e+00 2.135777369701477468e+00 1.394691034873603241e+00 1.704660063082101606e+00 9.000000000000000000e+00
7.932000000000000000e+03 3.145034580339526098e+00 2.331731619248320619e+00 1.981841912438175424e+00 2.472175459623752847e+00 1.418648846974474242e+00 1.330726206566531955e+00 2.725080055057684358e+00 1.647863683365748955e+00 1.614476094522806271e+00 1.492877032041000085e+00 1.324564642443602835e+00 9.000000000000000000e+00
7.946000000000000000e+03 1.428225250160285675e+00 1.273233750820581989e+00 7.791755491702391234e-01 6.556224865144597569e-01 1.077240573996572026e+00 1.317592317395767321e+00 1.894909746233284453e+00 1.818380134224794276e+00 9.162227819373730542e-01 8.260043019947674869e-01 1.173646708019839169e+00 9.000000000000000000e+00
7.947000000000000000e+03 1.273233750820581989e+00 7.791755491702391234e-01 6.556224865144597569e-01 1.077240573996572026e+00 1.317592317395767321e+00 1.894909746233284453e+00 1.818380134224794276e+00 9.162227819373730542e-01 8.260043019947674869e-01 1.173646708019839169e+00 1.218657394392818283e+00 9.000000000000000000e+00
7.948000000000000000e+03 7.791755491702391234e-01 6.556224865144597569e-01 1.077240573996572026e+00 1.317592317395767321e+00 1.894909746233284453e+00 1.818380134224794276e+00 9.162227819373730542e-01 8.260043019947674869e-01 1.173646708019839169e+00 1.218657394392818283e+00 8.477207936435243729e-01 9.000000000000000000e+00
8.077000000000000000e+03 9.331800257569257129e-01 1.302042181434028167e+00 1.658508633964553836e+00 1.346258010551006690e+00 1.450364250964613966e+00 6.717339931698905753e-01 1.066737791915988387e+00 1.420921844040077486e+00 1.314933982299871795e+00 9.335314870225386308e-01 1.480534916860865691e+00 9.000000000000000000e+00
8.078000000000000000e+03 1.302042181434028167e+00 1.658508633964553836e+00 1.346258010551006690e+00 1.450364250964613966e+00 6.717339931698905753e-01 1.066737791915988387e+00 1.420921844040077486e+00 1.314933982299871795e+00 9.335314870225386308e-01 1.480534916860865691e+00 9.716396856840538998e-01 9.000000000000000000e+00
8.082000000000000000e+03 6.717339931698905753e-01 1.066737791915988387e+00 1.420921844040077486e+00 1.314933982299871795e+00 9.335314870225386308e-01 1.480534916860865691e+00 9.716396856840538998e-01 3.738676904804750234e-01 1.448979698057998311e+00 1.120828276699029180e+00 9.006959257895872373e-01 9.000000000000000000e+00
8.167000000000000000e+03 7.725031357181471048e-01 1.406273165235540690e+00 1.073472526733376009e+00 1.264549442154724312e+00 1.467308096931948969e+00 1.171085395523178141e+00 1.302972009758368355e+00 1.376299714758565162e+00 1.167579806569426504e+00 1.170860331146418964e+00 1.328329941547454984e+00 9.000000000000000000e+00
8.168000000000000000e+03 1.406273165235540690e+00 1.073472526733376009e+00 1.264549442154724312e+00 1.467308096931948969e+00 1.171085395523178141e+00 1.302972009758368355e+00 1.376299714758565162e+00 1.167579806569426504e+00 1.170860331146418964e+00 1.328329941547454984e+00 9.304658353423973516e-01 9.000000000000000000e+00
8.170000000000000000e+03 1.264549442154724312e+00 1.467308096931948969e+00 1.171085395523178141e+00 1.302972009758368355e+00 1.376299714758565162e+00 1.167579806569426504e+00 1.170860331146418964e+00 1.328329941547454984e+00 9.304658353423973516e-01 1.261431155260537729e+00 1.589268968147601546e+00 9.000000000000000000e+00
8.171000000000000000e+03 1.467308096931948969e+00 1.171085395523178141e+00 1.302972009758368355e+00 1.376299714758565162e+00 1.167579806569426504e+00 1.170860331146418964e+00 1.328329941547454984e+00 9.304658353423973516e-01 1.261431155260537729e+00 1.589268968147601546e+00 1.217503491939915694e+00 9.000000000000000000e+00
8.172000000000000000e+03 1.171085395523178141e+00 1.302972009758368355e+00 1.376299714758565162e+00 1.167579806569426504e+00 1.170860331146418964e+00 1.328329941547454984e+00 9.304658353423973516e-01 1.261431155260537729e+00 1.589268968147601546e+00 1.217503491939915694e+00 1.171747778747309399e+00 9.000000000000000000e+00
8.175000000000000000e+03 1.167579806569426504e+00 1.170860331146418964e+00 1.328329941547454984e+00 9.304658353423973516e-01 1.261431155260537729e+00 1.589268968147601546e+00 1.217503491939915694e+00 1.171747778747309399e+00 1.347349529328452089e+00 8.945571832541495683e-01 9.950994126499184134e-01 9.000000000000000000e+00
8.181000000000000000e+03 1.217503491939915694e+00 1.171747778747309399e+00 1.347349529328452089e+00 8.945571832541495683e-01 9.950994126499184134e-01 1.410667768876901818e+00 1.107686489627221160e+00 1.275579148051507072e+00 1.498733862529484817e+00 1.059252584620775872e+00 1.061094506021943440e+00 9.000000000000000000e+00
8.184000000000000000e+03 8.945571832541495683e-01 9.950994126499184134e-01 1.410667768876901818e+00 1.107686489627221160e+00 1.275579148051507072e+00 1.498733862529484817e+00 1.059252584620775872e+00 1.061094506021943440e+00 1.373595343286958537e+00 1.067581380804634605e+00 1.043891935104716895e+00 9.000000000000000000e+00
8.185000000000000000e+03 9.950994126499184134e-01 1.410667768876901818e+00 1.107686489627221160e+00 1.275579148051507072e+00 1.498733862529484817e+00 1.059252584620775872e+00 1.061094506021943440e+00 1.373595343286958537e+00 1.067581380804634605e+00 1.043891935104716895e+00 1.356183500302874601e+00 9.000000000000000000e+00
8.186000000000000000e+03 1.410667768876901818e+00 1.107686489627221160e+00 1.275579148051507072e+00 1.498733862529484817e+00 1.059252584620775872e+00 1.061094506021943440e+00 1.373595343286958537e+00 1.067581380804634605e+00 1.043891935104716895e+00 1.356183500302874601e+00 2.726530263545196231e+00 9.000000000000000000e+00
8.187000000000000000e+03 1.107686489627221160e+00 1.275579148051507072e+00 1.498733862529484817e+00 1.059252584620775872e+00 1.061094506021943440e+00 1.373595343286958537e+00 1.067581380804634605e+00 1.043891935104716895e+00 1.356183500302874601e+00 2.726530263545196231e+00 1.224436281066243248e+00 9.000000000000000000e+00
8.188000000000000000e+03 1.275579148051507072e+00 1.498733862529484817e+00 1.059252584620775872e+00 1.061094506021943440e+00 1.373595343286958537e+00 1.067581380804634605e+00 1.043891935104716895e+00 1.356183500302874601e+00 2.726530263545196231e+00 1.224436281066243248e+00 1.576873932236070308e+00 9.000000000000000000e+00
8.343000000000000000e+03 7.939486572253205976e-01 8.491232209841091949e-01 1.101479474613114240e+00 9.805209240903024481e-01 9.751512798035552043e-01 1.166900058962264008e+00 1.302963245450416307e+00 9.388628496259203704e-01 1.033347809214004709e+00 3.555583629131293222e+00 6.677318527686511906e+00 9.000000000000000000e+00
8.444000000000000000e+03 1.981290158102564591e+00 2.389468465917704343e+00 2.465376430176121403e+00 1.425399962070842408e+00 1.611692714933007808e+00 2.141960237680893719e+00 1.685579939662954052e+00 2.221140286749336834e+00 1.784165080150095006e+00 7.980546801828504178e-01 2.674285338985183280e+00 9.000000000000000000e+00
8.445000000000000000e+03 2.389468465917704343e+00 2.465376430176121403e+00 1.425399962070842408e+00 1.611692714933007808e+00 2.141960237680893719e+00 1.685579939662954052e+00 2.221140286749336834e+00 1.784165080150095006e+00 7.980546801828504178e-01 2.674285338985183280e+00 2.653810185874244443e+00 9.000000000000000000e+00
8.446000000000000000e+03 2.465376430176121403e+00 1.425399962070842408e+00 1.611692714933007808e+00 2.141960237680893719e+00 1.685579939662954052e+00 2.221140286749336834e+00 1.784165080150095006e+00 7.980546801828504178e-01 2.674285338985183280e+00 2.653810185874244443e+00 1.736608176714162344e+00 9.000000000000000000e+00
8.448000000000000000e+03 1.611692714933007808e+00 2.141960237680893719e+00 1.685579939662954052e+00 2.221140286749336834e+00 1.784165080150095006e+00 7.980546801828504178e-01 2.674285338985183280e+00 2.653810185874244443e+00 1.736608176714162344e+00 2.049963996720362669e+00 1.754574665965937585e+00 9.000000000000000000e+00
8.449000000000000000e+03 2.141960237680893719e+00 1.685579939662954052e+00 2.221140286749336834e+00 1.784165080150095006e+00 7.980546801828504178e-01 2.674285338985183280e+00 2.653810185874244443e+00 1.736608176714162344e+00 2.049963996720362669e+00 1.754574665965937585e+00 1.287766489432747186e+00 9.000000000000000000e+00
8.450000000000000000e+03 1.685579939662954052e+00 2.221140286749336834e+00 1.784165080150095006e+00 7.980546801828504178e-01 2.674285338985183280e+00 2.653810185874244443e+00 1.736608176714162344e+00 2.049963996720362669e+00 1.754574665965937585e+00 1.287766489432747186e+00 2.934130364548737546e+00 9.000000000000000000e+00
8.557000000000000000e+03 1.681771107631892193e+00 1.232220993836567358e+00 1.449398789655933939e+00 1.610097625892401130e+00 1.436843291800433464e+00 1.524364052829038085e+00 1.076040462138212028e+00 1.586629532163654765e+00 2.158288755554265137e+00 2.056481133816396412e+00 1.402356544670159133e+00 9.000000000000000000e+00
8.558000000000000000e+03 1.232220993836567358e+00 1.449398789655933939e+00 1.610097625892401130e+00 1.436843291800433464e+00 1.524364052829038085e+00 1.076040462138212028e+00 1.586629532163654765e+00 2.158288755554265137e+00 2.056481133816396412e+00 1.402356544670159133e+00 1.343283846376032153e+00 9.000000000000000000e+00
8.561000000000000000e+03 1.436843291800433464e+00 1.524364052829038085e+00 1.076040462138212028e+00 1.586629532163654765e+00 2.158288755554265137e+00 2.056481133816396412e+00 1.402356544670159133e+00 1.343283846376032153e+00 1.100435848484154544e+00 1.115014521404661840e+00 1.236949028680887741e+00 9.000000000000000000e+00
8.563000000000000000e+03 1.076040462138212028e+00 1.586629532163654765e+00 2.158288755554265137e+00 2.056481133816396412e+00 1.402356544670159133e+00 1.343283846376032153e+00 1.100435848484154544e+00 1.115014521404661840e+00 1.236949028680887741e+00 7.924123371380195069e-01 1.074105415166547006e+00 9.000000000000000000e+00
8.565000000000000000e+03 2.158288755554265137e+00 2.056481133816396412e+00 1.402356544670159133e+00 1.343283846376032153e+00 1.100435848484154544e+00 1.115014521404661840e+00 1.236949028680887741e+00 7.924123371380195069e-01 1.074105415166547006e+00 1.828718525529454242e+00 1.210479433332569910e+00 9.000000000000000000e+00
8.566000000000000000e+03 2.056481133816396412e+00 1.402356544670159133e+00 1.343283846376032153e+00 1.100435848484154544e+00 1.115014521404661840e+00 1.236949028680887741e+00 7.924123371380195069e-01 1.074105415166547006e+00 1.828718525529454242e+00 1.210479433332569910e+00 1.698701486333264787e+00 9.000000000000000000e+00
8.567000000000000000e+03 1.402356544670159133e+00 1.343283846376032153e+00 1.100435848484154544e+00 1.115014521404661840e+00 1.236949028680887741e+00 7.924123371380195069e-01 1.074105415166547006e+00 1.828718525529454242e+00 1.210479433332569910e+00 1.698701486333264787e+00 1.935605104707210256e+00 9.000000000000000000e+00
8.568000000000000000e+03 1.343283846376032153e+00 1.100435848484154544e+00 1.115014521404661840e+00 1.236949028680887741e+00 7.924123371380195069e-01 1.074105415166547006e+00 1.828718525529454242e+00 1.210479433332569910e+00 1.698701486333264787e+00 1.935605104707210256e+00 1.480468444893477287e+00 9.000000000000000000e+00
8.569000000000000000e+03 1.100435848484154544e+00 1.115014521404661840e+00 1.236949028680887741e+00 7.924123371380195069e-01 1.074105415166547006e+00 1.828718525529454242e+00 1.210479433332569910e+00 1.698701486333264787e+00 1.935605104707210256e+00 1.480468444893477287e+00 1.198884736601540046e+00 9.000000000000000000e+00
8.570000000000000000e+03 1.115014521404661840e+00 1.236949028680887741e+00 7.924123371380195069e-01 1.074105415166547006e+00 1.828718525529454242e+00 1.210479433332569910e+00 1.698701486333264787e+00 1.935605104707210256e+00 1.480468444893477287e+00 1.198884736601540046e+00 1.542167831683782797e+00 9.000000000000000000e+00
8.720000000000000000e+03 9.248153875846255589e-01 9.210937824513297789e-01 9.104501242392447624e-01 1.130539957276296414e+00 1.021887236100934127e+00 8.392084848707400679e-01 8.626879523710639930e-01 1.116327333687726853e+00 6.845619305359473827e-01 1.813844482435616801e+00 2.098909555893936574e+00 9.000000000000000000e+00
9.259000000000000000e+03 1.418893565436372572e+00 1.396881332718904467e+00 1.452371387971780115e+00 1.447950597692913899e+00 2.423360148113919532e+00 1.657871989317192263e+00 1.563014028444085435e+00 1.714474520287598391e+00 1.604061538609719673e+00 1.845334472345624865e+00 1.469727440456523260e+00 9.000000000000000000e+00
9.260000000000000000e+03 1.396881332718904467e+00 1.452371387971780115e+00 1.447950597692913899e+00 2.423360148113919532e+00 1.657871989317192263e+00 1.563014028444085435e+00 1.714474520287598391e+00 1.604061538609719673e+00 1.845334472345624865e+00 1.469727440456523260e+00 2.846410701779650054e+00 9.000000000000000000e+00
9.261000000000000000e+03 1.452371387971780115e+00 1.447950597692913899e+00 2.423360148113919532e+00 1.657871989317192263e+00 1.563014028444085435e+00 1.714474520287598391e+00 1.604061538609719673e+00 1.845334472345624865e+00 1.469727440456523260e+00 2.846410701779650054e+00 1.747249334947299282e+00 9.000000000000000000e+00
9.262000000000000000e+03 1.447950597692913899e+00 2.423360148113919532e+00 1.657871989317192263e+00 1.563014028444085435e+00 1.714474520287598391e+00 1.604061538609719673e+00 1.845334472345624865e+00 1.469727440456523260e+00 2.846410701779650054e+00 1.747249334947299282e+00 1.863716883815716985e+00 9.000000000000000000e+00
9.263000000000000000e+03 2.423360148113919532e+00 1.657871989317192263e+00 1.563014028444085435e+00 1.714474520287598391e+00 1.604061538609719673e+00 1.845334472345624865e+00 1.469727440456523260e+00 2.846410701779650054e+00 1.747249334947299282e+00 1.863716883815716985e+00 1.402927878779305138e+00 9.000000000000000000e+00
9.264000000000000000e+03 1.657871989317192263e+00 1.563014028444085435e+00 1.714474520287598391e+00 1.604061538609719673e+00 1.845334472345624865e+00 1.469727440456523260e+00 2.846410701779650054e+00 1.747249334947299282e+00 1.863716883815716985e+00 1.402927878779305138e+00 2.000484104650509742e+00 9.000000000000000000e+00
9.272000000000000000e+03 1.863716883815716985e+00 1.402927878779305138e+00 2.000484104650509742e+00 2.076699495109485927e+00 1.531368330525685773e+00 2.341985694411496510e+00 2.000874845438724847e+00 1.930578866623102963e+00 2.423211338656072300e+00 2.823093999512713115e+00 1.848803162065711714e+00 9.000000000000000000e+00
9.354000000000000000e+03 1.400632207313645461e+00 1.122990253584727371e+00 1.339782533717255752e+00 1.607484550784583188e+00 1.183703837507182666e+00 1.362422700052052571e+00 1.357523773400802325e+00 1.326832253257090644e+00 1.177398383117329139e+00 6.153181329889171325e-01 4.033214617010933978e-01 9.000000000000000000e+00
9.551000000000000000e+03 1.014223881513070635e+00 1.012674433972099663e+00 7.011218930321486686e-01 9.129934139733566489e-01 9.716885341210422800e-01 2.816565153678486144e+00 1.455497486839081978e+00 1.164908011394633069e+00 9.683382301589118502e-01 7.915398708800461813e-01 8.494128593767131807e-01 9.000000000000000000e+00
9.552000000000000000e+03 1.012674433972099663e+00 7.011218930321486686e-01 9.129934139733566489e-01 9.716885341210422800e-01 2.816565153678486144e+00 1.455497486839081978e+00 1.164908011394633069e+00 9.683382301589118502e-01 7.915398708800461813e-01 8.494128593767131807e-01 1.240796620398310068e+00 9.000000000000000000e+00
9.553000000000000000e+03 7.011218930321486686e-01 9.129934139733566489e-01 9.716885341210422800e-01 2.816565153678486144e+00 1.455497486839081978e+00 1.164908011394633069e+00 9.683382301589118502e-01 7.915398708800461813e-01 8.494128593767131807e-01 1.240796620398310068e+00 9.026122271641824346e-01 9.000000000000000000e+00
9.631000000000000000e+03 9.205293151218171266e-01 8.713467658458489140e-01 1.006252048971788327e+00 1.223316162196993018e+00 1.047613323052836165e+00 9.634323367599256782e-01 8.030085065946143130e-01 8.398423760142333938e-01 1.011513813104094606e+00 2.439366350804281769e+00 1.166749358593784258e+00 9.000000000000000000e+00
9.635000000000000000e+03 1.047613323052836165e+00 9.634323367599256782e-01 8.030085065946143130e-01 8.398423760142333938e-01 1.011513813104094606e+00 2.439366350804281769e+00 1.166749358593784258e+00 1.007265691028886190e+00 9.436407337653416327e-01 7.843135118442229325e-01 1.043084397897932503e+00 9.000000000000000000e+00
9.636000000000000000e+03 9.634323367599256782e-01 8.030085065946143130e-01 8.398423760142333938e-01 1.011513813104094606e+00 2.439366350804281769e+00 1.166749358593784258e+00 1.007265691028886190e+00 9.436407337653416327e-01 7.843135118442229325e-01 1.043084397897932503e+00 1.201097025567608112e+00 9.000000000000000000e+00
9.637000000000000000e+03 8.030085065946143130e-01 8.398423760142333938e-01 1.011513813104094606e+00 2.439366350804281769e+00 1.166749358593784258e+00 1.007265691028886190e+00 9.436407337653416327e-01 7.843135118442229325e-01 1.043084397897932503e+00 1.201097025567608112e+00 1.012656302098058125e+00 9.000000000000000000e+00
9.638000000000000000e+03 8.398423760142333938e-01 1.011513813104094606e+00 2.439366350804281769e+00 1.166749358593784258e+00 1.007265691028886190e+00 9.436407337653416327e-01 7.843135118442229325e-01 1.043084397897932503e+00 1.201097025567608112e+00 1.012656302098058125e+00 9.353744827420050756e-01 9.000000000000000000e+00
9.641000000000000000e+03 1.166749358593784258e+00 1.007265691028886190e+00 9.436407337653416327e-01 7.843135118442229325e-01 1.043084397897932503e+00 1.201097025567608112e+00 1.012656302098058125e+00 9.353744827420050756e-01 6.433433464233375698e-01 7.661208360259660344e-01 7.945263839782520376e-01 9.000000000000000000e+00
9.642000000000000000e+03 1.007265691028886190e+00 9.436407337653416327e-01 7.843135118442229325e-01 1.043084397897932503e+00 1.201097025567608112e+00 1.012656302098058125e+00 9.353744827420050756e-01 6.433433464233375698e-01 7.661208360259660344e-01 7.945263839782520376e-01 9.781685315182808704e-01 9.000000000000000000e+00
1.017900000000000000e+04 8.823011926117214632e-01 8.569351500961713830e-01 6.803553643113265936e-01 7.711139472427607222e-01 7.113282840355245051e-01 5.066416669320314980e-01 7.610552049680161524e-01 6.910012064366184426e-01 6.989283748156794873e-01 5.267556900158385513e-01 2.457794544691212779e-01 9.000000000000000000e+00
1.018000000000000000e+04 8.569351500961713830e-01 6.803553643113265936e-01 7.711139472427607222e-01 7.113282840355245051e-01 5.066416669320314980e-01 7.610552049680161524e-01 6.910012064366184426e-01 6.989283748156794873e-01 5.267556900158385513e-01 2.457794544691212779e-01 1.222084911943724705e+00 9.000000000000000000e+00
1.018200000000000000e+04 7.711139472427607222e-01 7.113282840355245051e-01 5.066416669320314980e-01 7.610552049680161524e-01 6.910012064366184426e-01 6.989283748156794873e-01 5.267556900158385513e-01 2.457794544691212779e-01 1.222084911943724705e+00 9.985891658908142565e-01 7.532358762479391956e-01 9.000000000000000000e+00
1.018300000000000000e+04 7.113282840355245051e-01 5.066416669320314980e-01 7.610552049680161524e-01 6.910012064366184426e-01 6.989283748156794873e-01 5.267556900158385513e-01 2.457794544691212779e-01 1.222084911943724705e+00 9.985891658908142565e-01 7.532358762479391956e-01 8.612678966643059209e-01 9.000000000000000000e+00
1.018400000000000000e+04 5.066416669320314980e-01 7.610552049680161524e-01 6.910012064366184426e-01 6.989283748156794873e-01 5.267556900158385513e-01 2.457794544691212779e-01 1.222084911943724705e+00 9.985891658908142565e-01 7.532358762479391956e-01 8.612678966643059209e-01 1.249113841170256478e+00 9.000000000000000000e+00
1.018500000000000000e+04 7.610552049680161524e-01 6.910012064366184426e-01 6.989283748156794873e-01 5.267556900158385513e-01 2.457794544691212779e-01 1.222084911943724705e+00 9.985891658908142565e-01 7.532358762479391956e-01 8.612678966643059209e-01 1.249113841170256478e+00 6.996395439129570182e-01 9.000000000000000000e+00
1.018600000000000000e+04 6.910012064366184426e-01 6.989283748156794873e-01 5.267556900158385513e-01 2.457794544691212779e-01 1.222084911943724705e+00 9.985891658908142565e-01 7.532358762479391956e-01 8.612678966643059209e-01 1.249113841170256478e+00 6.996395439129570182e-01 9.838128408618286302e-01 9.000000000000000000e+00
1.018700000000000000e+04 6.989283748156794873e-01 5.267556900158385513e-01 2.457794544691212779e-01 1.222084911943724705e+00 9.985891658908142565e-01 7.532358762479391956e-01 8.612678966643059209e-01 1.249113841170256478e+00 6.996395439129570182e-01 9.838128408618286302e-01 9.272613683271846430e-01 9.000000000000000000e+00
1.030200000000000000e+04 1.262528460851046530e+00 1.523913324250436796e+00 1.925724971091316906e+00 1.856033268148294502e+00 2.647632819858751319e+00 2.178844341225615988e+00 1.156403334454702003e+00 1.474783909182913133e+00 1.963337672020974534e+00 2.022366304200928333e+00 2.252469506216004724e+00 9.000000000000000000e+00
1.030300000000000000e+04 1.523913324250436796e+00 1.925724971091316906e+00 1.856033268148294502e+00 2.647632819858751319e+00 2.178844341225615988e+00 1.156403334454702003e+00 1.474783909182913133e+00 1.963337672020974534e+00 2.022366304200928333e+00 2.252469506216004724e+00 2.469799196708984734e+00 9.000000000000000000e+00
1.030400000000000000e+04 1.925724971091316906e+00 1.856033268148294502e+00 2.647632819858751319e+00 2.178844341225615988e+00 1.156403334454702003e+00 1.474783909182913133e+00 1.963337672020974534e+00 2.022366304200928333e+00 2.252469506216004724e+00 2.469799196708984734e+00 1.459886709201116961e+00 9.000000000000000000e+00
1.072700000000000000e+04 4.902215485818767426e+00 5.426646418890181955e+00 4.887588024206055870e+00 3.541636088340355037e+00 3.345106953328334853e+00 3.479619102613789483e+00 3.866445685408194333e+00 3.206797209291017747e+00 2.464696549935655678e+00 2.237804650290803998e+00 2.019894128741304584e+00 9.000000000000000000e+00
1.081800000000000000e+04 1.751756620733310621e+00 1.621273570594431224e+00 1.683741655346823629e+00 2.690788940356749759e+00 2.306578050853312689e+00 2.694041982640437372e+00 1.875481615559322135e+00 1.841511795315075917e+00 1.461879755124179114e+00 1.937922211848042364e+00 2.350384500321673897e+00 9.000000000000000000e+00
1.081900000000000000e+04 1.621273570594431224e+00 1.683741655346823629e+00 2.690788940356749759e+00 2.306578050853312689e+00 2.694041982640437372e+00 1.875481615559322135e+00 1.841511795315075917e+00 1.461879755124179114e+00 1.937922211848042364e+00 2.350384500321673897e+00 2.590111467425110447e+00 9.000000000000000000e+00
1.082000000000000000e+04 1.683741655346823629e+00 2.690788940356749759e+00 2.306578050853312689e+00 2.694041982640437372e+00 1.875481615559322135e+00 1.841511795315075917e+00 1.461879755124179114e+00 1.937922211848042364e+00 2.350384500321673897e+00 2.590111467425110447e+00 1.782068117644236782e+00 9.000000000000000000e+00
1.082100000000000000e+04 2.690788940356749759e+00 2.306578050853312689e+00 2.694041982640437372e+00 1.875481615559322135e+00 1.841511795315075917e+00 1.461879755124179114e+00 1.937922211848042364e+00 2.350384500321673897e+00 2.590111467425110447e+00 1.782068117644236782e+00 1.829578448433778926e+00 9.000000000000000000e+00
1.082200000000000000e+04 2.306578050853312689e+00 2.694041982640437372e+00 1.875481615559322135e+00 1.841511795315075917e+00 1.461879755124179114e+00 1.937922211848042364e+00 2.350384500321673897e+00 2.590111467425110447e+00 1.782068117644236782e+00 1.829578448433778926e+00 1.825416325917569527e+00 9.000000000000000000e+00
1.124300000000000000e+04 1.093242167397052489e+00 1.115541350865543180e+00 1.115711801662504499e+00 1.140016713289410122e+00 1.835448111138296312e+00 9.203258745538234198e-01 8.380171097641599953e-01 1.938262538067869523e+00 1.668718435246033138e+00 1.192875719939643142e+00 1.081892937110433550e+00 9.000000000000000000e+00
1.124800000000000000e+04 9.203258745538234198e-01 8.380171097641599953e-01 1.938262538067869523e+00 1.668718435246033138e+00 1.192875719939643142e+00 1.081892937110433550e+00 9.792668605582923735e-01 1.144963271791532788e+00 7.317105353544605117e-01 7.569294144453136974e-01 9.278565907069677987e-01 9.000000000000000000e+00
1.124900000000000000e+04 8.380171097641599953e-01 1.938262538067869523e+00 1.668718435246033138e+00 1.192875719939643142e+00 1.081892937110433550e+00 9.792668605582923735e-01 1.144963271791532788e+00 7.317105353544605117e-01 7.569294144453136974e-01 9.278565907069677987e-01 8.271626456105173331e-01 9.000000000000000000e+00
1.125300000000000000e+04 1.081892937110433550e+00 9.792668605582923735e-01 1.144963271791532788e+00 7.317105353544605117e-01 7.569294144453136974e-01 9.278565907069677987e-01 8.271626456105173331e-01 1.226160618422757143e+00 1.059888252580568624e+00 8.789891835729987113e-01 1.011373319443512164e+00 9.000000000000000000e+00
1.125400000000000000e+04 9.792668605582923735e-01 1.144963271791532788e+00 7.317105353544605117e-01 7.569294144453136974e-01 9.278565907069677987e-01 8.271626456105173331e-01 1.226160618422757143e+00 1.059888252580568624e+00 8.789891835729987113e-01 1.011373319443512164e+00 1.006300322037222417e+00 9.000000000000000000e+00
1.162300000000000000e+04 8.343233152351533510e-01 4.285762120644103779e-01 6.612188248078647579e-01 1.088502501602857553e+00 1.014415996932279906e+00 1.030774766212261717e+00 5.615860457085791735e-01 5.094633098790539716e-01 6.969390646620047258e-01 1.089710941793368804e+00 1.131432302021137426e+00 9.000000000000000000e+00
1.162500000000000000e+04 6.612188248078647579e-01 1.088502501602857553e+00 1.014415996932279906e+00 1.030774766212261717e+00 5.615860457085791735e-01 5.094633098790539716e-01 6.969390646620047258e-01 1.089710941793368804e+00 1.131432302021137426e+00 9.061337112616665301e-01 9.396272803033286491e-01 9.000000000000000000e+00
1.162600000000000000e+04 1.088502501602857553e+00 1.014415996932279906e+00 1.030774766212261717e+00 5.615860457085791735e-01 5.094633098790539716e-01 6.969390646620047258e-01 1.089710941793368804e+00 1.131432302021137426e+00 9.061337112616665301e-01 9.396272803033286491e-01 4.683927292057271652e-01 9.000000000000000000e+00
1.162700000000000000e+04 1.014415996932279906e+00 1.030774766212261717e+00 5.615860457085791735e-01 5.094633098790539716e-01 6.969390646620047258e-01 1.089710941793368804e+00 1.131432302021137426e+00 9.061337112616665301e-01 9.396272803033286491e-01 4.683927292057271652e-01 8.809490068759180392e-01 9.000000000000000000e+00
1.162800000000000000e+04 1.030774766212261717e+00 5.615860457085791735e-01 5.094633098790539716e-01 6.969390646620047258e-01 1.089710941793368804e+00 1.131432302021137426e+00 9.061337112616665301e-01 9.396272803033286491e-01 4.683927292057271652e-01 8.809490068759180392e-01 1.230343168964096012e+00 9.000000000000000000e+00
1.162900000000000000e+04 5.615860457085791735e-01 5.094633098790539716e-01 6.969390646620047258e-01 1.089710941793368804e+00 1.131432302021137426e+00 9.061337112616665301e-01 9.396272803033286491e-01 4.683927292057271652e-01 8.809490068759180392e-01 1.230343168964096012e+00 1.330664288421072206e+00 9.000000000000000000e+00
1.163000000000000000e+04 5.094633098790539716e-01 6.969390646620047258e-01 1.089710941793368804e+00 1.131432302021137426e+00 9.061337112616665301e-01 9.396272803033286491e-01 4.683927292057271652e-01 8.809490068759180392e-01 1.230343168964096012e+00 1.330664288421072206e+00 1.090874732677595160e+00 9.000000000000000000e+00
1.163100000000000000e+04 6.969390646620047258e-01 1.089710941793368804e+00 1.131432302021137426e+00 9.061337112616665301e-01 9.396272803033286491e-01 4.683927292057271652e-01 8.809490068759180392e-01 1.230343168964096012e+00 1.330664288421072206e+00 1.090874732677595160e+00 8.723380466247645515e-01 9.000000000000000000e+00
1.163200000000000000e+04 1.089710941793368804e+00 1.131432302021137426e+00 9.061337112616665301e-01 9.396272803033286491e-01 4.683927292057271652e-01 8.809490068759180392e-01 1.230343168964096012e+00 1.330664288421072206e+00 1.090874732677595160e+00 8.723380466247645515e-01 5.668367164685105264e-01 9.000000000000000000e+00
1.163300000000000000e+04 1.131432302021137426e+00 9.061337112616665301e-01 9.396272803033286491e-01 4.683927292057271652e-01 8.809490068759180392e-01 1.230343168964096012e+00 1.330664288421072206e+00 1.090874732677595160e+00 8.723380466247645515e-01 5.668367164685105264e-01 8.127763093624964519e-01 9.000000000000000000e+00
1.170100000000000000e+04 4.956657635759013636e-01 4.492682603425749988e-01 4.367559926644996593e-01 9.234748880861879394e-01 6.962026428986584081e-01 8.451165565530869284e-01 5.184114200306272346e-01 3.782569128425099514e-01 5.017735901277133870e-01 1.247336859143157950e+00 6.898003423493763719e-01 9.000000000000000000e+00
1.170200000000000000e+04 4.492682603425749988e-01 4.367559926644996593e-01 9.234748880861879394e-01 6.962026428986584081e-01 8.451165565530869284e-01 5.184114200306272346e-01 3.782569128425099514e-01 5.017735901277133870e-01 1.247336859143157950e+00 6.898003423493763719e-01 7.169515678258095992e-01 9.000000000000000000e+00
1.170300000000000000e+04 4.367559926644996593e-01 9.234748880861879394e-01 6.962026428986584081e-01 8.451165565530869284e-01 5.184114200306272346e-01 3.782569128425099514e-01 5.017735901277133870e-01 1.247336859143157950e+00 6.898003423493763719e-01 7.169515678258095992e-01 6.381420283131425952e-01 9.000000000000000000e+00
1.170400000000000000e+04 9.234748880861879394e-01 6.962026428986584081e-01 8.451165565530869284e-01 5.184114200306272346e-01 3.782569128425099514e-01 5.017735901277133870e-01 1.247336859143157950e+00 6.898003423493763719e-01 7.169515678258095992e-01 6.381420283131425952e-01 3.920516116946197172e-01 9.000000000000000000e+00
1.188600000000000000e+04 7.070555894118389917e-01 5.516874729921706910e-01 4.395492679694976701e-01 3.529204770446885964e-01 6.860919181626671248e-01 8.779392337381788369e-01 1.050373630778466794e+00 7.361800197916138488e-01 1.315199129195465666e+00 9.577982295274115598e-01 1.230796334035537676e+00 9.000000000000000000e+00
1.188900000000000000e+04 3.529204770446885964e-01 6.860919181626671248e-01 8.779392337381788369e-01 1.050373630778466794e+00 7.361800197916138488e-01 1.315199129195465666e+00 9.577982295274115598e-01 1.230796334035537676e+00 1.424606955886774884e+00 9.908046680329074540e-01 1.130016849146589619e+00 9.000000000000000000e+00
1.189000000000000000e+04 6.860919181626671248e-01 8.779392337381788369e-01 1.050373630778466794e+00 7.361800197916138488e-01 1.315199129195465666e+00 9.577982295274115598e-01 1.230796334035537676e+00 1.424606955886774884e+00 9.908046680329074540e-01 1.130016849146589619e+00 5.033497501605053159e-01 9.000000000000000000e+00
1.189100000000000000e+04 8.779392337381788369e-01 1.050373630778466794e+00 7.361800197916138488e-01 1.315199129195465666e+00 9.577982295274115598e-01 1.230796334035537676e+00 1.424606955886774884e+00 9.908046680329074540e-01 1.130016849146589619e+00 5.033497501605053159e-01 4.552358643871461941e-01 9.000000000000000000e+00
1.189200000000000000e+04 1.050373630778466794e+00 7.361800197916138488e-01 1.315199129195465666e+00 9.577982295274115598e-01 1.230796334035537676e+00 1.424606955886774884e+00 9.908046680329074540e-01 1.130016849146589619e+00 5.033497501605053159e-01 4.552358643871461941e-01 8.749862254419307206e-01 9.000000000000000000e+00
1.229400000000000000e+04 4.328481707386883648e-01 3.781794562080848521e-01 4.181895658547662431e-01 4.590199837321763399e-01 6.199776586374333709e-01 4.484749357081291854e-01 3.702358633678329292e-01 4.365608305238150022e-01 6.341149875410607706e-01 6.443549622521649312e-01 5.629177679309793625e-01 9.000000000000000000e+00
1.229500000000000000e+04 3.781794562080848521e-01 4.181895658547662431e-01 4.590199837321763399e-01 6.199776586374333709e-01 4.484749357081291854e-01 3.702358633678329292e-01 4.365608305238150022e-01 6.341149875410607706e-01 6.443549622521649312e-01 5.629177679309793625e-01 5.000833579579591071e-01 9.000000000000000000e+00
1.229600000000000000e+04 4.181895658547662431e-01 4.590199837321763399e-01 6.199776586374333709e-01 4.484749357081291854e-01 3.702358633678329292e-01 4.365608305238150022e-01 6.341149875410607706e-01 6.443549622521649312e-01 5.629177679309793625e-01 5.000833579579591071e-01 5.299765510510165978e-01 9.000000000000000000e+00
1.230200000000000000e+04 6.341149875410607706e-01 6.443549622521649312e-01 5.629177679309793625e-01 5.000833579579591071e-01 5.299765510510165978e-01 6.196919818790207479e-01 6.488865455638656021e-01 5.086181512792868897e-01 5.936423244652238029e-01 4.080220457786772892e-01 4.774094027637845739e-01 9.000000000000000000e+00
1.230300000000000000e+04 6.443549622521649312e-01 5.629177679309793625e-01 5.000833579579591071e-01 5.299765510510165978e-01 6.196919818790207479e-01 6.488865455638656021e-01 5.086181512792868897e-01 5.936423244652238029e-01 4.080220457786772892e-01 4.774094027637845739e-01 6.023233645473050624e-01 9.000000000000000000e+00
1.230400000000000000e+04 5.629177679309793625e-01 5.000833579579591071e-01 5.299765510510165978e-01 6.196919818790207479e-01 6.488865455638656021e-01 5.086181512792868897e-01 5.936423244652238029e-01 4.080220457786772892e-01 4.774094027637845739e-01 6.023233645473050624e-01 5.881590292478900972e-01 9.000000000000000000e+00
