1.000000000000000000e+00 -1.169331900638334544e-03
6.000000000000000000e+00 7.427779123394644134e-04
1.900000000000000000e+01 -7.541850032329952417e-04
3.700000000000000000e+01 -3.020165071632807219e-04
2.100000000000000000e+01 1.843404000325056698e-03
3.000000000000000000e+00 -1.467287700300236265e-03
2.290000000000000000e+02 -4.258487629473969296e-04
3.000000000000000000e+00 4.661069890061419856e-03
2.750000000000000000e+02 -7.356712051560092065e-06
4.200000000000000000e+01 5.941753732524023566e-04
1.000000000000000000e+01 1.350004097621458361e-03
1.000000000000000000e+00 -4.182394447101673261e-03
2.000000000000000000e+00 1.979050347803954033e-03
5.500000000000000000e+01 3.600193506567438861e-05
3.500000000000000000e+01 5.860745519515044938e-05
1.700000000000000000e+01 -1.764291380601149418e-03
7.000000000000000000e+00 3.861084601692104431e-03
1.000000000000000000e+00 -1.891687670740660465e-02
1.300000000000000000e+01 3.359892814404343237e-05
2.300000000000000000e+01 4.935720515575881245e-04
4.500000000000000000e+01 -7.356043282559047303e-06
9.300000000000000000e+01 2.375910626776209559e-04
1.000000000000000000e+00 6.009407104839730243e-03
2.100000000000000000e+01 -2.382623118794096034e-04
1.000000000000000000e+00 4.003616169443397453e-03
6.100000000000000000e+01 2.704897894728219734e-04
1.700000000000000000e+01 6.919739579663774175e-05
8.200000000000000000e+01 6.509608825575880072e-04
2.520000000000000000e+02 1.065823604095875845e-05
1.900000000000000000e+01 9.395531110647616438e-04
9.000000000000000000e+00 8.096024771873923343e-04
1.300000000000000000e+01 4.767281035309555576e-04
6.000000000000000000e+00 1.480069711220730402e-03
1.000000000000000000e+00 -5.547605676188674438e-04
4.000000000000000000e+00 -2.266789852116503183e-03
7.000000000000000000e+00 1.630433522098697968e-03
2.700000000000000000e+01 7.092668014094818084e-04
1.000000000000000000e+00 7.391220515456413875e-04
1.000000000000000000e+00 6.453463358669152099e-03
2.000000000000000000e+00 -1.960854369528176443e-03
7.000000000000000000e+00 1.177429314341020680e-03
1.400000000000000000e+01 -1.081973054997253892e-03
1.000000000000000000e+01 4.861092016517383073e-04
2.000000000000000000e+00 -2.590060221065616265e-03
3.000000000000000000e+00 1.081495662348190860e-03
1.000000000000000000e+00 -1.008827238335496639e-03
2.000000000000000000e+00 6.325537678033690608e-04
1.300000000000000000e+01 -9.835840783326272978e-04
1.000000000000000000e+00 9.386904345136678303e-04
6.000000000000000000e+00 2.075829500888337707e-03
3.000000000000000000e+00 1.764286340789211359e-04
2.000000000000000000e+00 -1.156077480522763870e-03
5.000000000000000000e+00 3.028798280297987375e-04
8.000000000000000000e+00 -1.326322444894177492e-03
2.000000000000000000e+00 -1.014744342499587434e-02
1.000000000000000000e+00 1.263731292100606605e-02
1.000000000000000000e+00 -8.352435886429402170e-03
1.000000000000000000e+00 8.565555047967108454e-03
1.000000000000000000e+00 -5.055387589977916943e-03
1.000000000000000000e+00 7.074864934397584633e-04
1.000000000000000000e+00 -9.169842679886001978e-04
1.000000000000000000e+00 -1.920973354662108487e-02
3.000000000000000000e+00 3.058067115709959660e-04
7.000000000000000000e+00 -2.307630564239518140e-03
8.000000000000000000e+00 -1.385033930473289921e-03
7.000000000000000000e+00 1.799199642754513049e-03
1.000000000000000000e+00 -2.018545385731436003e-03
1.000000000000000000e+00 7.157493722762482691e-03
1.000000000000000000e+00 2.208857599886092891e-03
1.000000000000000000e+00 2.088277171333620830e-03
1.000000000000000000e+00 -5.202823398831510869e-04
1.000000000000000000e+00 4.546746234725802978e-03
1.000000000000000000e+00 2.942257073299236678e-03
1.300000000000000000e+01 4.661376467786008232e-04
2.000000000000000000e+00 6.929202155019653121e-04
1.000000000000000000e+00 -6.980193700375449031e-04
3.000000000000000000e+00 2.620343125562995461e-04
4.000000000000000000e+00 1.642568650869999022e-03
1.000000000000000000e+00 1.298058732791987704e-02
2.000000000000000000e+00 -3.153146282800448758e-03
8.000000000000000000e+00 3.775878044199034388e-04
2.900000000000000000e+01 2.639880725733347258e-05
2.000000000000000000e+00 -5.159006092129764590e-03
2.600000000000000000e+01 -1.076435920518896937e-03
2.000000000000000000e+00 -5.715248107826162959e-03
2.000000000000000000e+00 7.620330791427171874e-03
1.000000000000000000e+00 1.632589838909535851e-02
1.000000000000000000e+00 8.339842852547978483e-03
1.300000000000000000e+01 -9.566389972538144647e-04
2.100000000000000000e+01 -1.500376937081313847e-04
2.750000000000000000e+02 3.359017962812103516e-06
7.200000000000000000e+01 -1.953189248310460984e-04
1.930000000000000000e+02 4.194386444792934506e-04
1.000000000000000000e+00 1.308263135325417369e-03
5.300000000000000000e+01 -5.282852043080790011e-04
7.000000000000000000e+00 -7.935234426672956671e-05
4.000000000000000000e+00 6.975437192721794274e-05
1.000000000000000000e+00 -7.121644609751089788e-03
1.000000000000000000e+00 3.701902487533232831e-04
1.000000000000000000e+00 1.893026034506416298e-03
1.000000000000000000e+00 6.292870178096811329e-05
1.000000000000000000e+00 -1.618585166143033218e-03
8.000000000000000000e+00 2.366395859922142478e-03
2.000000000000000000e+00 8.050408831942030240e-04
1.000000000000000000e+00 3.737567183542320464e-03
1.700000000000000000e+01 -5.760982701846085585e-04
1.000000000000000000e+00 -1.257238099343362461e-03
2.000000000000000000e+00 -4.344458968307674104e-04
1.000000000000000000e+00 -7.215171607160833153e-04
1.000000000000000000e+00 -3.411437292395977025e-03
1.000000000000000000e+00 -2.072343632253316904e-03
5.000000000000000000e+00 4.144807735905118554e-04
4.000000000000000000e+00 -3.972093065773869315e-03
1.000000000000000000e+00 -1.135032879920733206e-02
1.000000000000000000e+00 -2.640883815784616411e-04
1.000000000000000000e+00 1.150962764799203647e-02
1.000000000000000000e+00 1.350141618115485243e-03
1.000000000000000000e+00 -6.228657687630152762e-04
1.000000000000000000e+00 3.053546112180343872e-04
1.000000000000000000e+00 -2.042594314413241543e-03
2.000000000000000000e+00 6.056687823902723658e-03
1.000000000000000000e+00 1.539803931632805585e-03
2.000000000000000000e+00 -4.837727250516280463e-03
4.000000000000000000e+00 -4.125821720969676323e-03
3.000000000000000000e+00 -3.248374371209261733e-03
1.000000000000000000e+01 -1.855067841581409336e-03
1.000000000000000000e+00 -4.397699664790641512e-03
1.600000000000000000e+01 8.826190817006721208e-05
5.000000000000000000e+00 -3.524019076640651270e-04
1.000000000000000000e+00 1.104432597752865895e-03
2.000000000000000000e+00 1.863039168803147169e-03
4.000000000000000000e+01 1.870690204191174000e-04
1.700000000000000000e+01 -1.341598262789258939e-03
9.000000000000000000e+00 6.161923817123825767e-06
4.000000000000000000e+00 -2.802698217507539925e-03
1.000000000000000000e+00 1.263200154853148967e-02
2.000000000000000000e+00 -5.457412496418907744e-03
2.000000000000000000e+00 -7.057961784876408623e-04
3.000000000000000000e+00 -7.803421082922664884e-04
1.300000000000000000e+01 5.964614458117793727e-04
7.000000000000000000e+00 5.170888300681800642e-04
2.500000000000000000e+01 -1.163487811522208098e-03
4.500000000000000000e+01 -3.320808103696611373e-04
2.370000000000000000e+02 3.589814518369094376e-04
1.140000000000000000e+02 -3.603393599419152426e-04
3.800000000000000000e+01 -9.963440318155184546e-04
5.000000000000000000e+00 -9.396529144047977792e-04
1.000000000000000000e+01 -7.715905398538138913e-05
5.000000000000000000e+00 -2.078948418883011344e-03
1.400000000000000000e+01 2.350225540269415526e-04
1.000000000000000000e+01 1.390286401851111920e-04
7.000000000000000000e+00 2.562180238079268270e-04
6.100000000000000000e+01 -2.518093965072058945e-04
1.000000000000000000e+01 -2.623218727862934065e-03
1.100000000000000000e+01 -2.184552173279165083e-03
3.000000000000000000e+00 8.382702065123714486e-04
2.000000000000000000e+01 1.731490464920723907e-03
6.000000000000000000e+00 1.948528405022939168e-03
6.900000000000000000e+01 8.097915381546473904e-04
1.200000000000000000e+01 1.365561192700019731e-03
1.600000000000000000e+01 3.048084242365451443e-04
5.000000000000000000e+00 -1.212173420455823353e-03
5.000000000000000000e+00 -1.473339750191196215e-03
4.000000000000000000e+00 -7.657115661060685721e-04
1.000000000000000000e+00 9.699027066346854698e-04
6.000000000000000000e+00 -2.050189336390262004e-03
4.000000000000000000e+00 6.554836617278307328e-04
1.000000000000000000e+00 -4.678439800719356653e-03
6.000000000000000000e+00 -3.695802510587431911e-03
5.000000000000000000e+00 -5.244567051464300378e-04
3.000000000000000000e+00 -1.115857835544460273e-03
4.000000000000000000e+00 2.235012360405147763e-03
5.000000000000000000e+00 -2.961810991298026896e-04
3.000000000000000000e+00 -3.858885241181804395e-03
4.300000000000000000e+01 4.995415436458887706e-04
1.900000000000000000e+01 1.092425706113686786e-03
3.000000000000000000e+00 2.096945299449071674e-03
4.500000000000000000e+01 2.347057191571339462e-04
3.000000000000000000e+01 2.534173410799342918e-04
1.810000000000000000e+02 -7.728213676278383607e-04
8.000000000000000000e+00 3.312055643056177265e-03
6.700000000000000000e+01 1.770856673746004368e-04
1.400000000000000000e+01 1.613553873783554618e-03
2.610000000000000000e+02 -3.485816176501857597e-04
3.000000000000000000e+00 1.574469290085349837e-03
3.000000000000000000e+00 -1.044259534045057598e-03
4.000000000000000000e+00 4.417633945089527274e-03
1.000000000000000000e+00 1.225100818770633211e-02
4.000000000000000000e+00 5.231374709913752356e-03
1.000000000000000000e+00 -2.409199866492691550e-02
2.000000000000000000e+00 -6.119514890437376120e-03
5.000000000000000000e+00 2.445869655806798444e-03
1.400000000000000000e+01 4.669824335166019116e-04
2.000000000000000000e+00 2.157322579331112308e-06
2.000000000000000000e+00 -7.609852021396889318e-04
2.000000000000000000e+00 1.253544761753588909e-03
5.000000000000000000e+00 1.293376135631445255e-03
4.000000000000000000e+00 -3.062846589868180921e-03
9.000000000000000000e+00 1.377787005958625954e-04
1.500000000000000000e+01 -6.133473443438412363e-05
2.000000000000000000e+00 -2.193410719505948549e-03
4.000000000000000000e+00 -6.393348994667164692e-04
2.800000000000000000e+01 -3.136892533484437031e-04
9.800000000000000000e+01 -8.365634463957420793e-07
2.700000000000000000e+01 3.265660526896131200e-04
2.000000000000000000e+00 -2.304712698096687221e-03
2.700000000000000000e+01 -9.292338983992877010e-04
1.000000000000000000e+00 -1.035337710813879434e-03
2.000000000000000000e+00 5.064283631354396867e-03
4.900000000000000000e+01 -1.798477367951022393e-04
1.000000000000000000e+00 8.554507567449076699e-03
5.000000000000000000e+00 6.654855002908245578e-04
3.000000000000000000e+00 8.868354760884327717e-04
1.000000000000000000e+00 -5.923502200157960279e-03
1.000000000000000000e+00 7.462686567164231004e-03
1.900000000000000000e+01 -2.145446994568598882e-04
4.500000000000000000e+01 -8.135791260211403930e-04
2.420000000000000000e+02 3.870972259548467222e-04
2.100000000000000000e+01 2.297209415184575340e-04
2.000000000000000000e+00 3.145244774210095504e-03
1.000000000000000000e+00 2.797046319087044303e-04
1.000000000000000000e+00 5.984005368827272249e-03
8.300000000000000000e+01 -1.420431623087834577e-03
1.400000000000000000e+01 4.669754886404396958e-04
7.000000000000000000e+00 7.545222049497738240e-04
8.800000000000000000e+01 -1.159870468857180856e-04
2.200000000000000000e+01 1.268178092601026470e-03
1.500000000000000000e+01 7.102989985069088240e-04
3.000000000000000000e+00 -2.513976064270094252e-03
2.000000000000000000e+00 -4.136324722063237577e-03
2.500000000000000000e+01 -4.381012057984812690e-04
9.000000000000000000e+00 -2.626558651908622328e-03
2.000000000000000000e+00 1.055736667760133907e-03
1.900000000000000000e+01 -3.481572553779205053e-04
1.000000000000000000e+00 7.182087029995775154e-03
2.200000000000000000e+01 8.822170821352548964e-04
9.000000000000000000e+00 3.449255945244568411e-03
3.000000000000000000e+00 8.201115487053772454e-03
1.000000000000000000e+00 1.032977144294880325e-04
1.000000000000000000e+00 1.201504688114092036e-02
1.000000000000000000e+00 -6.429070580014484412e-04
1.000000000000000000e+00 -1.755181271867107141e-03
1.000000000000000000e+00 1.822310200279523380e-03
1.000000000000000000e+00 7.788959008471099503e-03
2.000000000000000000e+00 1.489447057044266005e-02
1.000000000000000000e+00 2.173846483573653454e-03
5.600000000000000000e+01 -2.114917745183496681e-04
2.500000000000000000e+01 -1.889846091518456968e-04
1.100000000000000000e+02 -1.837085119150615392e-04
2.800000000000000000e+01 7.385534775641285164e-04
4.700000000000000000e+01 -5.951757353769976649e-04
7.100000000000000000e+01 9.347008151076543385e-05
9.000000000000000000e+00 3.758871262748863032e-03
3.000000000000000000e+00 1.275992148035858843e-02
1.000000000000000000e+00 -4.384735003951284460e-03
4.000000000000000000e+00 -1.637932339840895372e-03
1.000000000000000000e+00 1.725718989407314758e-03
7.000000000000000000e+00 1.929576998281942691e-03
5.000000000000000000e+00 3.836875577662867852e-04
5.000000000000000000e+00 -3.304531585555247394e-03
2.000000000000000000e+00 4.589188411197891830e-03
2.000000000000000000e+00 1.204180410737091156e-04
5.000000000000000000e+00 -1.321609766327238060e-03
4.000000000000000000e+00 -1.037525521990896767e-03
6.200000000000000000e+01 6.093512145650907389e-05
1.000000000000000000e+00 1.095144456209342504e-02
1.000000000000000000e+00 1.883067577828342670e-03
1.700000000000000000e+01 -2.065936897270704339e-03
1.000000000000000000e+00 3.400266876738330685e-03
1.600000000000000000e+01 -1.136910895449198822e-03
1.000000000000000000e+00 -8.732225115160570459e-04
8.100000000000000000e+01 -3.023365285399787108e-04
7.000000000000000000e+00 -2.358770810048497080e-03
1.000000000000000000e+00 -1.427726741754514229e-02
2.000000000000000000e+00 -2.546537600225968513e-03
5.000000000000000000e+00 1.250767171813883718e-03
8.200000000000000000e+01 -4.517021246761900597e-04
1.140000000000000000e+02 -3.225906901800912330e-04
1.000000000000000000e+01 -2.336309100436307555e-04
1.000000000000000000e+00 9.615524807908244070e-03
1.000000000000000000e+00 -3.537675884963708758e-03
6.000000000000000000e+00 1.670942558506125592e-03
5.600000000000000000e+01 -1.889898711934390879e-04
2.300000000000000000e+01 1.613215624526496365e-03
1.000000000000000000e+00 7.015259469502947189e-03
3.830000000000000000e+02 -1.804347550426978392e-04
1.040000000000000000e+02 1.285738790422733696e-04
3.100000000000000000e+01 5.294377597609063214e-04
3.000000000000000000e+00 5.550063910335323010e-04
8.000000000000000000e+00 1.839593098144683614e-03
3.000000000000000000e+00 2.324081676886816539e-03
5.000000000000000000e+00 1.547914233553202880e-03
3.000000000000000000e+00 -2.175042550252805854e-03
8.000000000000000000e+00 3.335340870822776742e-03
2.400000000000000000e+01 2.435854396497557489e-04
6.000000000000000000e+00 -5.618675347154543885e-04
6.400000000000000000e+01 6.269278858922235076e-04
6.200000000000000000e+01 1.230483339115705449e-03
6.900000000000000000e+01 6.680433752808865536e-04
6.000000000000000000e+00 -6.087257994909088706e-03
2.800000000000000000e+01 1.144957279002414537e-03
2.400000000000000000e+01 -2.660228430533607730e-04
8.000000000000000000e+00 -1.969668864663619290e-04
2.000000000000000000e+00 1.858429278155757092e-03
5.000000000000000000e+00 2.166982358874120114e-03
5.000000000000000000e+00 -5.195729587246148036e-03
2.000000000000000000e+01 3.319197751676067169e-04
3.000000000000000000e+00 2.113311483584694953e-03
5.000000000000000000e+00 2.913787510765284382e-03
2.000000000000000000e+00 7.754676664439554001e-03
6.000000000000000000e+00 -3.162813192437571516e-03
1.000000000000000000e+00 -2.253612887941256956e-02
1.200000000000000000e+01 -3.313454232054048251e-03
2.900000000000000000e+01 6.661350550933924043e-04
4.000000000000000000e+00 -5.058332707328856530e-03
3.900000000000000000e+01 -2.348558667256649937e-04
5.000000000000000000e+00 3.360229485852569281e-03
3.000000000000000000e+00 6.207364660954914869e-03
3.000000000000000000e+00 -1.191524187678299156e-04
1.100000000000000000e+01 1.018739458026933064e-03
9.000000000000000000e+00 3.999478814605272881e-03
6.000000000000000000e+00 -1.630188350040120450e-03
3.000000000000000000e+00 -3.408582625270198310e-03
3.000000000000000000e+00 -2.095420830028781132e-03
2.200000000000000000e+01 -1.021913191317865873e-04
2.000000000000000000e+00 -3.522207961807932199e-03
1.000000000000000000e+00 -1.056462931260422709e-03
1.000000000000000000e+00 1.538981384776061563e-02
1.000000000000000000e+01 -4.376314126166892977e-03
1.000000000000000000e+00 3.967162320645183787e-03
1.000000000000000000e+00 -2.456851544744570871e-04
1.000000000000000000e+00 1.109508401231922188e-02
1.000000000000000000e+00 -5.793909557431808910e-03
2.000000000000000000e+00 -2.392019744960918737e-02
1.000000000000000000e+00 6.075523429710655288e-04
1.000000000000000000e+00 3.810933436618153813e-03
1.000000000000000000e+00 -3.927377958452475670e-02
2.000000000000000000e+00 -1.507956980627137879e-02
1.000000000000000000e+00 5.400268854586582658e-03
7.900000000000000000e+01 -1.470142394975341895e-04
2.000000000000000000e+00 -5.577943402435874692e-03
1.000000000000000000e+00 6.357683260214193766e-05
1.000000000000000000e+00 2.680213170442972102e-03
1.000000000000000000e+00 -2.476636845404294948e-02
1.000000000000000000e+00 -1.162402298082710304e-02
1.000000000000000000e+00 -1.602454077347263001e-02
1.000000000000000000e+00 2.450527580639113093e-02
1.000000000000000000e+00 1.837628538783789289e-02
1.000000000000000000e+00 6.863413059848793088e-03
1.000000000000000000e+00 1.912303214296889181e-02
9.000000000000000000e+00 2.343763707583022132e-03
1.000000000000000000e+00 -1.611371456150407491e-03
1.000000000000000000e+00 -6.900195816367846180e-03
1.000000000000000000e+00 1.847996598689325212e-02
1.890000000000000000e+02 -5.327278731915612497e-04
1.400000000000000000e+01 -1.118149231054237080e-03
3.000000000000000000e+00 -6.482480913701272078e-04
4.000000000000000000e+00 -9.976505096092646088e-04
3.000000000000000000e+00 1.834869596098889473e-03
1.000000000000000000e+00 5.695102212097868846e-04
3.000000000000000000e+00 -6.225905696163204885e-04
5.000000000000000000e+00 1.426209906146819314e-04
4.000000000000000000e+00 3.244390135841367334e-04
2.300000000000000000e+01 8.300708109413738661e-04
2.000000000000000000e+00 -8.772246077811884576e-03
4.000000000000000000e+00 -2.510087286486203939e-03
1.600000000000000000e+01 -1.189325903170143249e-04
4.200000000000000000e+01 -3.331024437484521512e-04
2.900000000000000000e+01 -6.928978598092141051e-04
7.000000000000000000e+00 -2.804202181500005994e-03
1.200000000000000000e+01 -1.602841131244894758e-03
1.050000000000000000e+02 1.172901954072223823e-04
1.800000000000000000e+01 2.055439669329799264e-04
6.100000000000000000e+01 5.011694397445600867e-04
5.000000000000000000e+00 -1.980324063049790535e-03
1.000000000000000000e+00 -2.462906229350715452e-03
1.000000000000000000e+00 -1.128451083255261299e-02
4.000000000000000000e+00 2.073054849573459715e-03
1.400000000000000000e+01 -8.833027414755347060e-04
8.800000000000000000e+01 8.424260129315962924e-04
5.900000000000000000e+01 3.357526445737840843e-04
7.000000000000000000e+00 1.132914557126394337e-03
5.000000000000000000e+00 -6.199024504651443274e-04
6.100000000000000000e+01 2.214818787955353272e-04
4.600000000000000000e+01 -3.953574889042490515e-04
5.000000000000000000e+00 -3.943713929992560992e-03
4.100000000000000000e+01 1.771310714819919788e-04
3.000000000000000000e+00 1.665179983238229038e-03
5.000000000000000000e+00 5.216898853423161545e-04
2.000000000000000000e+00 1.063403655211978731e-03
1.700000000000000000e+01 -9.286796020267583775e-04
1.600000000000000000e+01 2.353627482305256126e-03
1.000000000000000000e+00 -2.134439634439606881e-03
1.000000000000000000e+00 0.000000000000000000e+00
2.000000000000000000e+00 7.648912261166433864e-03
1.000000000000000000e+00 2.438503977810168298e-04
2.000000000000000000e+00 9.123997229096615386e-04
2.000000000000000000e+00 5.303885534515683387e-04
1.000000000000000000e+00 -1.092660373723757482e-02
8.000000000000000000e+00 -2.342382663473909117e-03
3.000000000000000000e+00 -2.145078583796058774e-04
1.260000000000000000e+02 9.637051749510353668e-07
6.000000000000000000e+00 5.669351413230857943e-04
4.000000000000000000e+00 9.540821850450285392e-04
1.000000000000000000e+00 1.370698576529528383e-03
1.300000000000000000e+01 6.158577515663100910e-04
7.000000000000000000e+00 -5.498593902706613639e-04
7.000000000000000000e+00 -2.232464420704345469e-03
9.000000000000000000e+00 -1.258459774350267684e-03
2.000000000000000000e+00 8.379178352945106448e-03
1.800000000000000000e+01 2.815008029058410546e-04
2.400000000000000000e+01 6.218562378350339518e-04
8.000000000000000000e+00 3.038625897602501968e-04
5.900000000000000000e+01 2.944925100457665662e-04
6.600000000000000000e+01 1.788538709064322067e-04
8.000000000000000000e+01 5.965135163831667895e-05
3.000000000000000000e+00 1.143321303098991312e-05
2.000000000000000000e+00 -1.326722922950242505e-03
4.000000000000000000e+00 -1.764562884900526454e-03
1.000000000000000000e+00 -1.558154210522569826e-04
4.000000000000000000e+00 3.143503860590220363e-03
8.400000000000000000e+01 3.520550664108028447e-04
1.090000000000000000e+02 5.932336476732022641e-04
3.000000000000000000e+00 -4.512988660306924593e-04
1.800000000000000000e+01 -1.262921398778858784e-05
1.800000000000000000e+01 2.003124135069988404e-04
2.000000000000000000e+00 2.085355168871647243e-04
2.000000000000000000e+01 -1.242140103152563127e-04
3.000000000000000000e+00 -1.181229007925820159e-03
6.400000000000000000e+01 -3.504994472751134238e-04
1.000000000000000000e+00 8.013737836290757074e-03
3.400000000000000000e+01 1.739669716259559695e-04
7.000000000000000000e+00 6.716902578028942274e-04
4.100000000000000000e+01 2.483310862607507308e-04
2.000000000000000000e+01 -1.208742465373230032e-03
8.000000000000000000e+00 9.160982796597555954e-04
1.700000000000000000e+02 2.119935204932103280e-04
8.000000000000000000e+01 4.274439518989336527e-04
3.200000000000000000e+01 1.199726176075750360e-04
6.000000000000000000e+01 -5.126553099123514140e-04
4.200000000000000000e+01 3.794950484279653981e-04
2.000000000000000000e+00 1.432093515210369327e-03
1.900000000000000000e+01 -5.091500871488158220e-04
3.000000000000000000e+00 2.219412420352097782e-03
1.500000000000000000e+01 2.355065113765615571e-04
2.600000000000000000e+01 5.008745561833281959e-05
2.000000000000000000e+00 7.153440358746258887e-03
3.300000000000000000e+01 1.553707325597859963e-03
4.000000000000000000e+00 -1.532463222036298169e-03
3.600000000000000000e+01 -2.005366674782246481e-04
9.500000000000000000e+01 5.235307201558541366e-04
2.000000000000000000e+00 -2.560316306745941128e-03
2.000000000000000000e+00 -1.051214412593285243e-03
1.000000000000000000e+00 4.469408709307159250e-03
1.000000000000000000e+00 -2.517770094952577389e-03
2.000000000000000000e+00 6.054932461277556799e-03
3.000000000000000000e+00 2.432313526697003469e-03
1.300000000000000000e+01 -5.404013790203950713e-04
1.000000000000000000e+00 -7.577223821161903350e-03
1.000000000000000000e+00 -5.780558470504795592e-03
4.000000000000000000e+00 -7.965809464183075134e-04
1.000000000000000000e+00 7.696384877329724185e-03
3.000000000000000000e+00 -2.415368565534151395e-03
1.000000000000000000e+00 -6.277192147016202178e-03
1.000000000000000000e+01 3.127034659217607583e-04
1.000000000000000000e+01 -1.322608208435674176e-03
5.900000000000000000e+01 -9.220711857543595954e-04
3.100000000000000000e+01 2.867285569243043452e-04
4.000000000000000000e+00 7.570860719676220422e-05
2.000000000000000000e+00 -4.888543145125898680e-03
1.000000000000000000e+00 3.661819971472103034e-03
1.000000000000000000e+00 4.599554233033262122e-04
1.000000000000000000e+00 1.192217391880276900e-03
1.000000000000000000e+00 1.632154373824257166e-04
3.000000000000000000e+00 1.583344494266007013e-03
1.000000000000000000e+00 1.754598257502475297e-03
1.000000000000000000e+00 -7.226901655054128980e-03
9.000000000000000000e+00 6.318705746752474725e-04
8.700000000000000000e+01 -5.877974475994846406e-04
1.100000000000000000e+01 2.284376313498308764e-03
4.500000000000000000e+01 2.652753235406224452e-04
1.900000000000000000e+01 -2.210259967575647433e-04
1.000000000000000000e+00 1.844185171245773733e-02
8.000000000000000000e+00 -1.007839006908969014e-03
9.700000000000000000e+01 4.572673255376980602e-04
3.000000000000000000e+00 6.492516568821145827e-03
3.310000000000000000e+02 6.880678498538853147e-05
3.800000000000000000e+01 4.482679491510854959e-04
5.000000000000000000e+00 -2.290538490285179592e-03
4.000000000000000000e+00 3.705100871590880432e-03
4.000000000000000000e+00 -6.981374990286714002e-04
3.200000000000000000e+01 -4.913808226712073355e-04
7.400000000000000000e+01 -1.687465894780388237e-05
1.000000000000000000e+00 7.211848036059203236e-03
4.000000000000000000e+00 2.133086383565747652e-04
6.000000000000000000e+00 7.086489515631505011e-03
1.800000000000000000e+01 -5.460236032507087989e-04
2.610000000000000000e+02 2.042068149549065262e-04
1.000000000000000000e+00 9.405029966777087502e-04
1.000000000000000000e+00 7.462143130639161889e-03
1.000000000000000000e+00 3.137389121816263216e-03
1.000000000000000000e+00 1.417624521072794255e-02
2.000000000000000000e+00 -7.839011084347544903e-04
1.000000000000000000e+01 -2.372297290308016116e-03
1.000000000000000000e+00 -1.435746105609634823e-02
5.000000000000000000e+00 5.323244259695918829e-04
2.300000000000000000e+01 3.130967299441485404e-04
5.200000000000000000e+01 2.699540211706424799e-04
2.000000000000000000e+00 -8.603610673092547661e-04
1.100000000000000000e+01 -2.777307290930108378e-05
1.280000000000000000e+02 -5.601031811950059943e-04
3.100000000000000000e+01 -3.538474188150517196e-04
2.200000000000000000e+01 -8.446484375935695964e-04
6.100000000000000000e+01 7.828011176957849369e-04
3.000000000000000000e+00 -5.956556038507328406e-03
1.000000000000000000e+00 -3.185028043358239212e-03
2.600000000000000000e+01 -6.979421653477513397e-04
2.900000000000000000e+01 6.734726818184220802e-04
1.000000000000000000e+00 5.864251291877253282e-03
1.000000000000000000e+00 -1.738917109212711988e-03
3.000000000000000000e+00 1.962044316356658562e-04
1.000000000000000000e+00 1.549251243137595747e-02
5.400000000000000000e+01 6.720635214500862145e-04
1.800000000000000000e+01 3.778384608513941792e-04
1.000000000000000000e+00 1.469998663637578406e-03
2.000000000000000000e+00 7.904914531375284784e-03
1.000000000000000000e+00 2.047141110574130299e-03
1.200000000000000000e+01 1.557460337651611409e-03
1.000000000000000000e+00 -2.064227944908771095e-03
1.000000000000000000e+00 -8.625223519511933043e-03
1.000000000000000000e+00 1.633526320734935734e-03
1.000000000000000000e+00 -4.603938604530248037e-03
3.000000000000000000e+00 -3.403113122163248846e-03
3.000000000000000000e+00 -2.562685919003141691e-03
1.200000000000000000e+01 3.673244342172272601e-04
3.000000000000000000e+00 2.260792021619383984e-03
2.000000000000000000e+00 -7.619770847038434937e-04
1.000000000000000000e+00 -1.568932262429110353e-02
1.000000000000000000e+01 -2.307521499491242516e-03
2.000000000000000000e+00 -4.457134979338274287e-03
1.000000000000000000e+00 1.260917030567680619e-02
5.000000000000000000e+00 -3.950435066833029099e-03
4.000000000000000000e+00 -4.704275397571889639e-04
5.000000000000000000e+01 3.953568620504696097e-04
3.000000000000000000e+00 -4.637000942621124014e-03
5.000000000000000000e+00 -3.036076909558137324e-04
5.000000000000000000e+00 5.631989241088944251e-05
2.000000000000000000e+00 7.614213909545673037e-03
1.000000000000000000e+00 1.241931816194154952e-03
1.000000000000000000e+00 -1.746900930560627051e-03
1.000000000000000000e+00 -2.972187629721878901e-02
1.000000000000000000e+00 1.517534420439808907e-03
2.000000000000000000e+00 -1.092297228368649051e-02
1.000000000000000000e+00 9.393014581213908476e-03
1.000000000000000000e+00 8.540415449886795555e-04
1.000000000000000000e+00 1.020706598034630715e-02
1.000000000000000000e+00 -5.182855811786682247e-03
5.000000000000000000e+00 5.875967371687674731e-03
8.900000000000000000e+01 -5.404078057613760427e-04
4.000000000000000000e+00 2.564162015455151195e-05
3.000000000000000000e+01 1.829480633137281996e-04
5.000000000000000000e+00 4.398389594493978187e-04
2.000000000000000000e+00 1.632956128776519040e-03
7.800000000000000000e+01 5.175909042621870031e-04
1.000000000000000000e+01 4.824692452101515187e-04
3.000000000000000000e+00 9.313693358223920909e-05
7.000000000000000000e+00 -1.074136889410654775e-03
2.100000000000000000e+01 3.201759097675856646e-04
1.000000000000000000e+01 -1.229321178967572115e-03
8.000000000000000000e+00 -1.262492384051868474e-03
1.000000000000000000e+00 6.946688206785186538e-03
4.700000000000000000e+01 -4.375003700575633776e-04
1.100000000000000000e+01 2.116518501865618032e-03
4.100000000000000000e+01 -8.002513953513615448e-04
4.100000000000000000e+01 -2.307203291744081496e-04
1.400000000000000000e+01 7.614668076439311479e-04
3.000000000000000000e+00 7.232265550434544389e-04
6.000000000000000000e+00 -2.003751852831743389e-03
1.000000000000000000e+00 -2.714470006450323426e-03
7.000000000000000000e+00 3.523315042681247054e-04
1.000000000000000000e+00 9.367744722207298202e-03
2.000000000000000000e+00 -1.591125013227899553e-03
1.000000000000000000e+00 3.230230077708337328e-03
7.600000000000000000e+01 6.260335483298670950e-04
6.700000000000000000e+01 -1.657532558528857359e-04
1.300000000000000000e+01 -3.174288516093670340e-04
1.000000000000000000e+00 1.077890882618474369e-03
5.000000000000000000e+01 -1.499484472379653335e-03
3.600000000000000000e+01 -8.818384981055881573e-04
2.520000000000000000e+02 4.912821230781200461e-05
4.000000000000000000e+00 -5.414848245004625846e-03
7.000000000000000000e+00 8.942689220479859607e-04
3.000000000000000000e+00 2.804414329516358075e-03
2.000000000000000000e+00 -2.948576643132179952e-03
3.000000000000000000e+00 6.440000377680254020e-04
1.000000000000000000e+00 4.238924545304007495e-03
1.000000000000000000e+00 -9.164631232301103173e-03
1.000000000000000000e+00 -8.193621580738400618e-04
1.000000000000000000e+00 -4.389223494604488698e-03
1.000000000000000000e+00 1.450941471828314476e-02
1.000000000000000000e+00 -1.636043292222587710e-03
1.000000000000000000e+00 -1.053468211352341123e-02
1.000000000000000000e+00 -3.141885164014950570e-03
1.000000000000000000e+00 -1.962436981765939767e-02
2.000000000000000000e+00 -3.756357598436073798e-03
4.700000000000000000e+01 -9.038702372188249100e-05
1.150000000000000000e+02 -2.135812763744891177e-04
3.300000000000000000e+01 -6.058416154528461052e-04
1.000000000000000000e+00 1.392510402219135010e-02
4.000000000000000000e+00 2.285670975213494223e-03
1.000000000000000000e+00 1.757750079897689357e-03
1.100000000000000000e+01 -5.189946273218869807e-04
3.000000000000000000e+00 -7.557842241009926588e-04
3.000000000000000000e+00 6.360387629194182179e-08
1.500000000000000000e+01 -5.788967279524106667e-04
