1.790000000000000000e+02 7.677265145919538458e-01 8.125502490088150065e-01 7.313037838137836921e-01 6.593091114226814486e-01 5.581913693389957132e-01 3.249974207847614038e-01 3.371471698901264968e-01 2.508032192581860498e-01 1.769302209497569112e-01 2.110941361067509014e-01 5.184546858450099771e-01 3.520500771085120495e-01 2.320432811114482297e-01 3.599920783245316724e-01 2.372464601705703557e-01 2.415610197348747046e-01 4.215440103197429234e-01 4.644795780630981974e-01 1.523239936087995294e-01 5.121906386541161815e-01
2.170000000000000000e+02 7.347831434914083859e-01 7.422025725228305060e-01 6.601817496008931530e-01 6.454482545312354436e-01 5.642219517638272785e-01 4.306061674334816791e-01 3.569280440530677723e-01 2.956447897421144999e-01 2.010239892010515506e-01 2.518115656320109030e-01 2.775270043030013123e-01 3.758709289635868145e-01 2.537623231431084259e-01 3.729866076804233543e-01 3.069726188076237205e-01 2.226685161620045317e-01 4.522389928962576300e-01 3.187771241465144345e-01 4.721714589186746802e-01 4.111811247202440400e-01
2.740000000000000000e+02 7.662335970515107286e-01 7.330001071529851364e-01 6.733511833933503166e-01 6.622344535456257120e-01 5.719418707466386032e-01 4.130944023590942260e-01 2.977966285653145251e-01 2.891044602649459616e-01 2.166879805688533001e-01 2.483507268161486148e-01 4.158079086648168166e-01 2.711567337977604519e-01 2.088401259530447696e-01 5.471004632676894630e-01 2.992144259961007080e-01 2.690115885212149283e-01 4.238334114316371637e-01 4.758518939452884289e-01 3.011521426248761624e-01 2.911091237995772074e-01
6.060000000000000000e+02 7.820318971371088557e-01 7.351587198836648795e-01 6.486723174479139820e-01 6.093639864333308953e-01 5.756709646211596310e-01 3.584655637276087936e-01 3.391134317497504491e-01 2.900945881129791681e-01 2.368862825903480518e-01 3.163618572843674426e-01 3.602199292236434314e-01 4.135604834029201204e-01 2.639179606985082027e-01 3.270868669810922391e-01 4.745218463584086610e-01 4.896149829184585078e-01 2.515122061799755504e-01 3.310169510102637380e-01 2.636262254837045682e-01 3.159677391522254242e-01
8.430000000000000000e+02 8.160377122077853151e-01 7.558836964186582685e-01 6.413441441192236914e-01 5.864874420931697196e-01 6.317443733894150260e-01 4.358487466336578575e-01 3.865644473173184270e-01 1.953112039358739227e-01 1.624465336154138073e-01 2.220003926789910487e-01 1.933798924460910507e-01 2.646335839539564194e-01 2.749652305492364945e-01 2.329881878091443481e-01 4.530290103744237240e-01 4.127596747771073993e-01 2.734502851980405991e-01 8.737118884090950832e-01 2.583678622364540267e-01 2.001662157218614402e-01
1.273000000000000000e+03 7.866967251373092607e-01 8.182443296788790565e-01 6.988605994561795098e-01 6.249615870515292659e-01 5.589734793051998052e-01 3.270224767681109146e-01 3.726473877184218741e-01 1.685748162760741520e-01 2.545648683718431671e-01 2.291717793230456657e-01 3.733432558311201022e-01 4.045640748091300920e-01 3.354341534095618416e-01 3.460483377335905608e-01 3.400751182737344336e-01 2.864448986417053589e-01 2.989067243996162970e-01 4.836557331100659884e-01 3.168586715130971565e-01 3.080690721157892109e-01
1.508000000000000000e+03 7.349190964175962293e-01 6.830396145761046256e-01 7.151766465779195725e-01 6.554455266499555899e-01 5.301598810295931052e-01 3.997944189605828202e-01 3.894662311555562306e-01 2.695723820799669213e-01 1.065044593100101245e-01 3.992986288340990009e-01 4.929641531702746993e-01 3.657324466384094253e-01 3.783505399918484224e-01 3.045969870901997223e-01 1.933062451528280157e-01 4.167565369860302127e-01 3.272026564039994811e-01 3.883450370725349821e-01 3.893061865513302577e-01 2.597984956662340861e-01
1.602000000000000000e+03 7.700998973797831271e-01 7.168935830062010961e-01 6.270125905152514889e-01 5.948647731334455457e-01 6.257108608091197510e-01 4.131625288452888678e-01 3.062649055925620867e-01 2.663446322007065326e-01 2.452252383162457916e-01 3.306192468630485548e-01 4.850192419666675692e-01 4.876477717905733922e-01 2.706540505985600142e-01 3.506391633394335128e-01 3.733034179982189227e-01 3.201956972128280898e-01 2.418098948812998916e-01 3.248568408632611648e-01 3.524059641995139769e-01 3.137188470071515245e-01
1.654000000000000000e+03 6.880193799532022814e-01 8.605798145227309126e-01 7.412921929735751814e-01 6.715576140428889396e-01 6.227765817117250080e-01 4.131710116657753562e-01 3.394321107521192649e-01 1.496064774846876388e-01 1.401569922393376966e-01 1.731359695415744249e-01 4.945530271845004489e-01 3.422159576082373089e-01 2.206855222348103329e-01 4.864484804951910712e-01 3.418662036760454215e-01 3.661342344059824172e-01 3.478799244414705893e-01 3.104033200451881136e-01 1.857827183784806213e-01 4.169944564667860676e-01
2.174000000000000000e+03 6.898068595706969841e-01 6.900025117176034062e-01 5.870327397394603519e-01 6.550008053515585793e-01 5.719602074966869676e-01 4.505795188584518218e-01 4.290375078588711255e-01 2.926587899901716971e-01 1.964834491124134996e-01 3.641348106805534779e-01 5.626713691482307933e-01 3.769392308799049962e-01 3.952901603562364308e-01 2.851670612834330543e-01 1.848158194493665363e-01 5.101823428624888690e-01 2.785616644547596610e-01 3.541692890729288279e-01 3.271191051466384447e-01 2.560347679532229415e-01
2.647000000000000000e+03 6.951713061480583322e-01 7.019361706257285505e-01 7.254745692038619964e-01 6.473723189307112325e-01 5.770951728418236559e-01 4.378764950631321984e-01 3.695491903908673104e-01 2.783727399653928014e-01 2.121715413375672432e-01 2.394596364647576803e-01 4.295357759219995408e-01 3.226357338906877259e-01 3.644011039922860906e-01 2.778057341484632681e-01 3.779273865270145749e-01 3.521188516924365630e-01 4.297602088573807544e-01 3.740178387134242000e-01 3.351968057586967031e-01 2.409676849637753526e-01
2.648000000000000000e+03 7.488953376455106392e-01 8.088729849616378420e-01 7.216315856275125062e-01 6.545000877461830679e-01 6.019241043061648311e-01 4.187263081493774464e-01 2.835855781123788888e-01 2.353251672760706958e-01 2.110192788962134136e-01 1.428031073632206882e-01 3.774445582378503916e-01 3.441549771327394591e-01 2.684260042619270314e-01 3.949317303445217253e-01 3.572514912486763339e-01 4.255479017945028586e-01 3.712847937827616907e-01 3.172948474235922078e-01 2.540725837508457374e-01 3.780883295636057739e-01
2.827000000000000000e+03 7.139549563161330381e-01 6.900784537437537614e-01 6.931297936249640745e-01 6.325359880440747373e-01 5.724801223464759392e-01 4.221725220333443773e-01 2.959549450413454519e-01 3.624310767035626712e-01 2.641321703592066639e-01 2.715764599150055636e-01 4.636244878534738767e-01 3.597522231621758104e-01 2.975363902966278173e-01 3.174537655885071308e-01 4.958823094020815003e-01 3.731544055649750335e-01 3.887946679790251769e-01 3.541695969206860028e-01 2.702821849488007966e-01 1.979482584063167183e-01
3.851000000000000000e+03 7.539441436994577250e-01 6.279358804676392625e-01 6.314143133378576911e-01 6.696358442970108404e-01 6.082486758913746572e-01 4.311387431038106177e-01 2.980946156330752661e-01 2.609972917316006336e-01 2.831062030393683981e-01 3.516492957429278032e-01 4.644603679488277792e-01 3.008293143692005178e-01 3.312656886632422415e-01 3.991400031131949744e-01 2.038319600772099116e-01 4.127250185044151198e-01 3.972768974969388966e-01 3.393871569275466182e-01 3.900359318614820547e-01 2.736075251888859805e-01
4.246000000000000000e+03 6.667904134676175820e-01 5.620710323998988622e-01 6.909216962161702780e-01 7.233383134539159709e-01 6.257453186669670320e-01 4.823470850764983164e-01 3.587678831431512227e-01 2.713746639852963050e-01 2.546472996038489089e-01 2.799013512994367736e-01 2.854287157080424020e-01 3.172062397336414818e-01 4.050006781398115541e-01 3.231393000251872039e-01 2.158890025337396046e-01 4.766351879998285135e-01 4.764674530194735191e-01 3.403106786212477530e-01 3.794891572273361713e-01 2.572526751438886095e-01
4.257000000000000000e+03 7.653966599096638790e-01 7.087592947473271288e-01 6.384797876562140484e-01 6.210387490811187794e-01 5.950459281697372260e-01 4.046668646609926090e-01 3.158951878463807650e-01 2.885576563446273224e-01 2.472839276997395030e-01 3.144577865971171504e-01 5.201430838850629179e-01 3.514109197588272671e-01 3.741175445484645756e-01 4.431521208112619847e-01 2.875045017560377003e-01 1.777002872097051267e-01 3.165134944389890181e-01 3.605397246306882297e-01 3.696421896585128652e-01 3.317744036736633428e-01
4.453000000000000000e+03 6.500002514857552427e-01 6.750249402411039323e-01 5.853105514063984272e-01 7.438350353907405843e-01 6.216462524691114266e-01 4.414931359029841684e-01 3.196625612272753214e-01 3.334692940533207639e-01 2.314051642005673926e-01 3.241844357732933668e-01 4.668474778322189711e-01 2.989861861088305983e-01 3.058330815140242187e-01 4.373298168015167242e-01 2.899258708458410383e-01 2.718147554081926098e-01 4.368911148114163479e-01 4.258057932191610107e-01 2.705535622750130376e-01 3.072636495064566819e-01
4.833000000000000000e+03 6.997878318131206532e-01 7.643485883726707231e-01 6.856592413842540479e-01 6.005297768116665269e-01 5.790227935805389858e-01 3.869221446446345913e-01 3.604019163140109172e-01 2.452311986723861026e-01 2.929905045903840044e-01 2.876292859586573880e-01 4.023700760698967760e-01 3.765572153077759721e-01 3.169903825328333480e-01 2.905942425305029220e-01 4.952831918351530138e-01 3.362393723864172679e-01 3.150585460144322836e-01 3.323062545476425100e-01 3.250424259246246228e-01 3.094246662363244194e-01
5.295000000000000000e+03 7.188290235410526030e-01 7.155199730818696535e-01 7.299236557143873316e-01 6.326770268925629992e-01 5.621517616265350181e-01 3.696822333165616370e-01 3.128267332819109625e-01 3.249939480378060130e-01 2.693214923057578036e-01 2.657746414298741700e-01 4.252570390296216973e-01 3.070936474410871919e-01 4.726331959213972422e-01 2.024547681100045404e-01 5.537567784352964706e-01 3.365397763055053559e-01 3.069371097326997200e-01 3.603606199829534340e-01 3.284350652102160373e-01 2.200521102830593767e-01
5.463000000000000000e+03 8.457303930676484116e-01 7.969161928638751613e-01 6.827366173308619945e-01 6.955513023508322901e-01 5.889283908103388754e-01 3.099393044266278152e-01 2.861311120283223097e-01 2.309375403386710601e-01 1.849202945659183528e-01 1.836212731525225239e-01 4.477406578361873835e-01 3.900885530695198944e-01 1.888913686725535723e-01 4.897042735091407528e-01 4.712090692492738597e-01 3.653105426110858089e-01 3.048014853949148617e-01 3.778971828024954571e-01 2.470615817735826447e-01 2.379078270651232008e-01
6.115000000000000000e+03 7.730910512946387314e-01 7.806866805715921842e-01 7.285141438555103877e-01 6.424450941246583335e-01 6.010617330516501156e-01 4.226286593977167660e-01 3.355242167745841608e-01 2.119973395145245132e-01 1.708588017959977445e-01 1.493564379242419138e-01 4.014299246526276677e-01 3.588967354725438597e-01 3.021067596163851121e-01 3.169940071067992027e-01 3.667863711224439438e-01 3.178529544739699397e-01 3.352898665669555855e-01 4.239768490832287462e-01 3.262168699562432161e-01 3.415102758314998432e-01
6.453000000000000000e+03 6.227493716363152743e-01 7.033737917509368387e-01 7.819519946444553060e-01 6.669345190900445308e-01 5.616387351685814266e-01 3.973318189343251761e-01 3.238860827587984326e-01 3.198193465773537802e-01 2.358880893217160102e-01 2.971521979814647496e-01 4.526686642446345887e-01 3.613174325798493292e-01 4.683424086449614054e-01 3.682989520460677180e-01 1.846659371402762928e-01 3.155929952843775643e-01 3.491557698227611417e-01 3.375592054087326321e-01 3.652645953255473366e-01 3.149201487288704748e-01
6.519000000000000000e+03 8.737766118911191038e-01 7.985324102884392428e-01 7.180871482891493240e-01 6.531950901969201251e-01 5.690790682578853454e-01 3.707935915703839957e-01 3.334649089081136997e-01 1.990587755011891946e-01 1.058752682074875495e-01 1.560452009885845981e-01 4.739347146928958865e-01 4.307633212825128233e-01 3.840776303023565319e-01 3.409797508897455809e-01 2.483491717336348548e-01 3.501438304317093242e-01 3.537631418102664127e-01 3.579702686054073157e-01 3.336666157456618098e-01 2.483534059187640086e-01
6.560000000000000000e+03 7.451272432774509458e-01 7.061743858054428946e-01 6.475275109287730313e-01 6.840885738860382759e-01 5.909355519451063854e-01 3.963647287600610136e-01 3.264068087527144946e-01 2.696195034156761428e-01 2.258105807165642909e-01 2.919492461165961728e-01 4.201613217649845522e-01 4.756330168184748630e-01 4.422305000765346938e-01 3.609012629779188019e-01 3.893320329667633861e-01 1.607694656865968352e-01 2.790147899547226751e-01 2.955671218087138064e-01 3.483444839901293499e-01 3.479503733651319042e-01
7.200000000000000000e+03 7.059504178188563683e-01 6.650088063231550661e-01 6.182167652754145815e-01 7.320248451431341508e-01 6.623544620969166186e-01 4.318466002929992054e-01 3.261913827862655268e-01 2.250577359295419522e-01 2.346808687899843149e-01 2.791862674223881124e-01 3.347214544507010614e-01 2.255879114559367904e-01 2.483957662490751117e-01 5.874207403716268372e-01 4.452510384974943114e-01 3.115000841969478018e-01 4.363426450016059110e-01 3.536474941288845764e-01 2.579992720762993019e-01 2.976371274735252759e-01
7.635000000000000000e+03 7.983901109686759590e-01 7.114558310348326753e-01 6.906099659760777110e-01 7.164799064994783473e-01 6.338483569590191991e-01 3.765615474054491707e-01 3.120471631983167682e-01 1.579509311887587475e-01 1.862805233488016299e-01 2.326374174020441055e-01 5.338887442495594549e-01 3.831723691797745412e-01 3.457943910855776903e-01 3.879420995649247028e-01 3.765442601507846265e-01 2.827686496877151456e-01 2.641086640493045534e-01 2.949122434125118208e-01 3.220527031325077227e-01 3.418521516756471423e-01
7.735000000000000000e+03 7.780857823348821256e-01 7.524100580817176809e-01 6.564790454146663956e-01 5.858325960341445038e-01 5.600269316724221236e-01 4.029054328616973324e-01 3.287974603689798880e-01 2.854019500431526080e-01 2.487756566139877612e-01 2.952529938076497440e-01 4.441407217824946962e-01 4.193699216035668975e-01 3.685096892748176978e-01 3.501598380003496103e-01 4.174917561272676880e-01 3.947667145894419582e-01 3.031785973113013122e-01 3.078230172211420812e-01 2.568295872921049772e-01 2.587093760212478832e-01
7.876000000000000000e+03 7.638042681868543182e-01 7.989350134404722414e-01 6.438242355876477863e-01 5.861450014169435896e-01 6.413345698607968437e-01 3.762505588795653777e-01 3.872637386436075801e-01 2.286466078693799031e-01 2.154978297727442593e-01 2.093939067694372547e-01 4.115321747131905905e-01 5.084499786599285809e-01 3.698338070398774491e-01 3.693697515420660826e-01 2.798769925695528960e-01 2.113409603987489727e-01 3.769722473635624960e-01 3.056930139658542434e-01 3.824416369665555315e-01 2.981134965320047514e-01
8.116000000000000000e+03 6.811720906916063356e-01 7.807232642258988831e-01 7.142445649182621592e-01 6.454313746914484007e-01 5.442612137159692498e-01 3.869388184817947329e-01 3.480578880612762438e-01 3.047954918450681561e-01 2.330292814781052269e-01 2.523493946805351884e-01 4.283081266738522075e-01 3.764912603502879596e-01 2.844934037609060939e-01 5.503893287763728104e-01 2.992927645433964834e-01 2.343848943716901057e-01 4.016599626714028037e-01 4.049957917572525323e-01 3.547927223949574049e-01 1.918448122939705458e-01
8.122000000000000000e+03 8.864928730808615542e-01 8.123236757519546325e-01 6.934723261101020109e-01 6.133702891204966257e-01 5.396329123626230073e-01 4.215735591398750426e-01 3.366362732025536264e-01 1.943222784464980479e-01 1.416467054956106475e-01 1.547590718083442785e-01 4.937513909735490869e-01 4.224983782208650007e-01 3.710180985189373559e-01 2.184227266443005966e-01 3.549180544325479247e-01 3.969286341384476446e-01 3.752569932470884995e-01 4.186681532361244962e-01 2.755548911037212223e-01 1.914192019748990059e-01
8.286000000000000000e+03 7.983363164835519665e-01 7.499046911649901448e-01 6.302842459429537358e-01 5.585982160136339081e-01 5.735167899282498372e-01 4.025815875412455114e-01 3.087426081953519863e-01 2.936688189769417479e-01 2.493232642972354196e-01 3.378286949490556523e-01 4.251948381718849146e-01 3.807600606765896845e-01 3.717171605235946030e-01 3.072872560677795128e-01 4.216864486170968651e-01 2.846524849960166414e-01 3.398712773764017703e-01 3.031221138866908582e-01 3.546350182133075624e-01 3.192530805007103845e-01
8.397000000000000000e+03 7.319498971546808397e-01 6.865323884826958212e-01 6.801294604456680215e-01 6.560197315148107444e-01 5.841073855374359081e-01 4.304766785278654750e-01 2.886952018054956826e-01 2.518703113416633221e-01 2.935349007756504203e-01 2.994885792494962895e-01 5.681930218982756964e-01 4.370370788450197996e-01 3.455498170275776437e-01 4.353093579558499626e-01 4.045788320479360989e-01 2.328450869269133860e-01 2.599300181050622216e-01 3.438118152158874952e-01 2.394349153274959452e-01 2.833889826399936807e-01
9.301000000000000000e+03 7.562113783701940317e-01 6.951459480025703463e-01 6.837569573914508148e-01 6.195481608980333288e-01 5.975067857515564684e-01 3.710771811448331792e-01 3.447355728620204451e-01 2.482795989130895387e-01 2.449670877769359878e-01 3.298759105221923393e-01 4.107053489270900415e-01 3.204144477585033068e-01 3.627229383647813110e-01 3.143370890787652305e-01 4.800263955561025475e-01 3.282958804452014712e-01 2.937995767747538789e-01 4.065224688546820175e-01 2.933695495941899822e-01 2.934753045745386868e-01
1.004300000000000000e+04 7.523546899949591360e-01 7.121690474303356000e-01 6.609276107146695445e-01 5.914450990328914415e-01 5.792267798275763102e-01 4.522627512074484102e-01 3.402394891857181136e-01 3.312769578796025960e-01 2.069578890927250003e-01 2.727599901937822202e-01 4.551468000780571899e-01 4.090281123476114389e-01 2.036498339114767853e-01 2.146726689987638881e-01 3.784193075951922669e-01 5.008236329491887462e-01 4.003084367772453689e-01 3.525546001774748084e-01 3.616525520848567488e-01 2.207957848477951901e-01
1.013600000000000000e+04 7.448538833339053422e-01 7.497513000898413660e-01 6.466459109943307748e-01 6.301256835117190480e-01 5.581168898520614263e-01 4.360942349753058611e-01 3.461939997470717678e-01 2.991069450228465709e-01 2.342515304407621346e-01 2.460738285468609121e-01 3.846850257601147072e-01 3.312022235789501834e-01 4.775096022540732399e-01 3.483212400998705882e-01 2.707186610902075907e-01 3.568691704838645173e-01 4.611855214029886296e-01 3.086802714580001994e-01 3.524020087547749536e-01 2.193322348441959779e-01
1.042200000000000000e+04 7.672540726432296454e-01 7.174436376773951629e-01 6.445757110139777035e-01 5.890445965323048982e-01 5.736132272706759849e-01 4.114490245570631699e-01 3.201631697312815050e-01 3.020196623456675722e-01 2.575747170998444746e-01 3.279271407401274097e-01 4.661733814078733995e-01 2.974356454233146319e-01 4.369425772411093534e-01 3.789616573085753393e-01 4.316837440245112623e-01 4.999331884732916564e-01 2.574730963091963476e-01 2.366295998373608434e-01 3.075824517538577330e-01 2.211478846495344430e-01
1.067800000000000000e+04 7.995647454724635894e-01 7.973444128139222098e-01 7.209130037021557191e-01 7.019474220858342717e-01 5.666446155767305148e-01 3.825683570745130324e-01 3.597410698712705246e-01 1.240420492364390920e-01 1.623098664955015258e-01 1.759256088237216298e-01 2.997826923481645145e-01 3.438048486224443145e-01 3.289316489370384122e-01 3.706715777772520704e-01 3.452313325698196933e-01 2.409924887966212181e-01 2.937659785984114702e-01 5.608962218878031925e-01 4.298867269272729219e-01 2.664414436327707247e-01
1.077400000000000000e+04 8.179930930989662841e-01 7.887144697155994422e-01 7.122677908779471156e-01 6.766944228525093585e-01 6.110812137055683380e-01 3.748645162853996848e-01 2.941553787016886745e-01 1.786622976449816491e-01 1.916778232575342134e-01 1.515454394714552122e-01 4.361778813503798813e-01 3.700622613401689520e-01 3.351808133372687903e-01 4.691713707642753417e-01 2.927474666466666764e-01 2.838856201855660122e-01 3.113322582910141856e-01 4.143309895370584361e-01 3.615158380597158772e-01 2.465136695890082774e-01
1.093300000000000000e+04 8.187069391192141055e-01 7.712342134465013377e-01 7.685303731586496934e-01 6.645184208814168825e-01 5.517733876444288477e-01 4.061990865122225847e-01 3.141368496898903073e-01 1.593677320126362651e-01 1.629863486939654160e-01 1.801235229841895713e-01 3.674573533132503012e-01 2.413406434704706560e-01 4.648623682733335483e-01 4.163366272794133405e-01 2.895814584357868648e-01 3.379640712319185725e-01 2.958670089371561174e-01 3.021352363145965447e-01 3.387272711460270758e-01 4.406455382366630258e-01
1.098500000000000000e+04 8.057424808835342844e-01 7.656248833403277443e-01 6.323771536522907466e-01 6.055132746925405707e-01 5.401757905861405140e-01 3.678633125423995121e-01 3.343562154878718662e-01 2.638383146777724675e-01 2.728133224574955662e-01 3.024338631125091936e-01 5.755363981130791062e-01 3.785515696078424752e-01 3.278849056070527457e-01 2.443455794293094840e-01 3.014904708565842029e-01 4.673768530252543352e-01 2.767565343533793243e-01 3.333317278213723811e-01 3.080843810780008463e-01 3.111959361306163574e-01
1.183600000000000000e+04 8.196871036261050847e-01 7.518663514810630666e-01 6.399899482786669536e-01 6.301133010334643014e-01 5.741082553027708757e-01 4.156357016195170173e-01 2.963072837588421882e-01 2.870051024273219120e-01 1.979066990651049129e-01 2.486306171290040001e-01 7.070461546154296339e-01 3.009032849201561666e-01 3.502972100425996160e-01 3.444574732929197580e-01 2.412880487515576544e-01 2.689732634932433530e-01 5.391892234725851329e-01 2.961667457001883053e-01 3.282727492940722414e-01 1.874317443113877324e-01
1.187200000000000000e+04 7.425040413596261102e-01 7.533446340222662574e-01 7.238648948139617678e-01 6.273309860126139448e-01 5.283020067620152194e-01 3.705642064533820612e-01 3.414666796749460942e-01 2.953811212897540783e-01 2.368341546342645487e-01 2.653158811802606154e-01 5.117175456422624613e-01 3.622990491990870643e-01 3.483668242179445707e-01 2.698463971941429396e-01 2.959918514843704607e-01 2.837808959924897345e-01 4.231889575017159788e-01 4.307030752864429712e-01 4.135970714151276373e-01 1.822586345840787325e-01
