2.160000000000000000e+02 7.248531811697573879e-01 6.923504396911638326e-01 6.637747499044953647e-01 5.907018536459238689e-01 5.736157876417403711e-01 4.001305372531434590e-01 3.877966185957089640e-01 3.735688710351164343e-01 2.835022181790891604e-01 2.376578957688336158e-01 5.719716557085973152e-01 2.309899159725735673e-01 3.876296499847932120e-01 2.557532404242983670e-01 3.476362250608526216e-01 2.947042909355954698e-01 2.189603307894932849e-01 4.437234589199327006e-01 3.279867829544301783e-01 4.344555163485120941e-01
2.730000000000000000e+02 6.970711368946198583e-01 7.287684359154154023e-01 6.575049873111001864e-01 6.070864783633707074e-01 5.934102458228770471e-01 4.127732511023554651e-01 3.739754553336192555e-01 3.072252553406459863e-01 2.810643171204368906e-01 2.560778478184161377e-01 2.255569338302164939e-01 3.631916238289433774e-01 2.933623056019753483e-01 2.208281528091330659e-01 5.348813851553474441e-01 3.013842667994642843e-01 2.775801842643799144e-01 4.362547988677230038e-01 5.136044007043880644e-01 2.914072361095332298e-01
1.271000000000000000e+03 6.444336290413790191e-01 6.888698306144094285e-01 6.801291167916783120e-01 6.831202190050102985e-01 5.691842507223703329e-01 4.001996442952168165e-01 3.643862716326290996e-01 3.031680424613931168e-01 4.011697033798213852e-01 2.057214167712053121e-01 3.964522993014277241e-01 3.265116897651384464e-01 3.261292529940137963e-01 4.280459264757821014e-01 3.207026471410598378e-01 3.150595526150290482e-01 3.267162713534013663e-01 2.812242868428240783e-01 3.070128668523428583e-01 4.657270292664085765e-01
1.557000000000000000e+03 7.644325504126452397e-01 7.059249722291035534e-01 6.206485739344376196e-01 5.400394671181268924e-01 5.699755565499146082e-01 4.302040610636909679e-01 4.029411493531548927e-01 3.504309420093998928e-01 2.874738867499910810e-01 2.595607924231487229e-01 5.135876925746721833e-01 2.789441815026093563e-01 7.757183872978611061e-02 0.000000000000000000e+00 7.267465883490036305e-01 4.612796053282246511e-01 4.613459914857308553e-01 4.001359898560754025e-01 3.138770078369478855e-01 2.465304169427598446e-01
1.558000000000000000e+03 7.540040813569393041e-01 7.062717870427640543e-01 6.170648573186440222e-01 6.488390285500550414e-01 5.968648408814677397e-01 4.541362943779159167e-01 3.457065309625724225e-01 3.091542758897992682e-01 2.350751425476108603e-01 2.246848028335772518e-01 2.994210155536258799e-01 6.713495644671083062e-02 0.000000000000000000e+00 6.971136525463285105e-01 4.295100531747104711e-01 4.192032855411571557e-01 3.644727793062281229e-01 2.725725962371896571e-01 2.384905832988210572e-01 6.616999178175095864e-01
2.646000000000000000e+03 7.135795315513786541e-01 6.505484229403643015e-01 6.235070110919973541e-01 6.571496981566605777e-01 5.758562699835741983e-01 4.156236671867826193e-01 3.953832261367100642e-01 3.890765959926835160e-01 2.658441138934251602e-01 2.483117705579551970e-01 3.971730925570203241e-01 3.527828102327151827e-01 3.281977544258339319e-01 3.623982936206933680e-01 2.554249171025154697e-01 3.578761888245506895e-01 3.416366254297848459e-01 4.159546946294097602e-01 3.796079935137618433e-01 3.048571226123024669e-01
3.825000000000000000e+03 8.028616560639847410e-01 7.103232773489410734e-01 6.376478995074047473e-01 6.069213351975401016e-01 5.807503003055939361e-01 4.081773347422546494e-01 3.476491356752853257e-01 3.093404959143841726e-01 2.580400069076406733e-01 2.271865740539576184e-01 1.917903748226589822e-01 5.025427026339019942e-01 4.548697293008105436e-01 3.632183691656523106e-01 4.447920326768545762e-01 2.886656046105997020e-01 1.753052349372467844e-01 4.008854767093106841e-01 3.351444309947004818e-01 3.216428334594800265e-01
3.952000000000000000e+03 7.489335971304712514e-01 6.687952799061563924e-01 6.119800859698349971e-01 5.608194096585886745e-01 5.571247368161944546e-01 4.131210003528584807e-01 4.366282983688737351e-01 4.117339946383622440e-01 3.777476274488948960e-01 1.723989511952606080e-01 5.502319728729974102e-01 3.358046681644183407e-01 3.511386654837720944e-01 3.370043940017918849e-01 2.940545651998137111e-01 1.656008793212455643e-01 5.347602210904184306e-01 3.631956110795901416e-01 2.566381513734508069e-01 3.339220810611633894e-01
4.788000000000000000e+03 6.300329433250899669e-01 7.722894811025092787e-01 6.841496504930231204e-01 6.049049498079840381e-01 5.624077509239673311e-01 4.400323082549714160e-01 3.679786060958488703e-01 3.639317921295309732e-01 3.513673125276582931e-01 1.589253905457922722e-01 4.538728908797898809e-01 5.831017374884379656e-01 3.436052386406959758e-01 3.163490104400984992e-01 2.573964193030656711e-01 2.889287356373789750e-01 3.930122024691731775e-01 3.141775757628488264e-01 2.222210861967977846e-01 3.397369100091119920e-01
6.113000000000000000e+03 7.285448371016071123e-01 6.791779990347837082e-01 6.410469427164443568e-01 6.198766217150525337e-01 5.743027324010400170e-01 3.915342209891531366e-01 3.844657532348310647e-01 3.818776231248233177e-01 3.184907928348190143e-01 2.145817620852714103e-01 3.238219049916526981e-01 2.721851692668809108e-01 3.709585853765892671e-01 4.016378718911193246e-01 3.055451093925445893e-01 3.053241564203522107e-01 3.727360063624649555e-01 3.301284064744088309e-01 3.642948098587947547e-01 4.319812169961032011e-01
6.559000000000000000e+03 7.510622223271032905e-01 7.035514742783817166e-01 6.276674776785411414e-01 5.780940945938036757e-01 6.123673961110829289e-01 4.317426584173807980e-01 3.540726395610339083e-01 3.374357175279953380e-01 2.564948109843215862e-01 2.606746848798957572e-01 3.246516850113416175e-01 3.651545907629905607e-01 5.120263288718478467e-01 4.654524454153863844e-01 3.511361979404316602e-01 3.901136035243146782e-01 1.650406320051307496e-01 2.857581054862419756e-01 3.174601462090014814e-01 3.350536058628666991e-01
7.013000000000000000e+03 7.178170328121853405e-01 6.815144132876725935e-01 6.761268839114070728e-01 6.148154407574297764e-01 6.122574595448002643e-01 4.462228629581954653e-01 3.837620541150613684e-01 3.257731725979261528e-01 2.339764877051125624e-01 2.059296822230792523e-01 1.891030571057077392e-01 5.422549526118768393e-01 5.326425677663600977e-01 3.646958728293934748e-01 4.134403624116015918e-01 3.002463711243421596e-01 1.580769843545420938e-01 5.474605080777130706e-01 2.682106231497590754e-01 1.760165832194107161e-01
7.199000000000000000e+03 6.931240303541419401e-01 6.676380605885428032e-01 5.919625509972117339e-01 5.542807184741878057e-01 6.661076590793262309e-01 5.225618297399582390e-01 3.961408439159308514e-01 3.453503724541913678e-01 2.182653184501616439e-01 2.766485245679654037e-01 2.317514842603738412e-01 2.925586054597967278e-01 2.442385431788809680e-01 2.628807121276254266e-01 5.747111619178983943e-01 4.486887708079716486e-01 3.216647616016147238e-01 4.494621510482174620e-01 3.820190156801529513e-01 2.501450100432400792e-01
7.505000000000000000e+03 6.321256389945730803e-01 5.572427678724719557e-01 5.639560146755410175e-01 7.121256966824049961e-01 6.667048805196328365e-01 4.940471702246996832e-01 4.186905368992509535e-01 3.893589472217310887e-01 2.924959361693991733e-01 2.371636574629712446e-01 3.694551673962438443e-01 2.790282484581937394e-01 4.010800935782414256e-01 5.121943991284630959e-01 3.243513100399943450e-01 4.550179264540662460e-01 2.612700177413422309e-01 2.759583423300855376e-01 3.124642869342759144e-01 3.207499341375120161e-01
7.633000000000000000e+03 7.389099244217228746e-01 7.360266698885880032e-01 6.686582211821552324e-01 5.498004177332346254e-01 5.365752496432912855e-01 4.787997033478186837e-01 4.232432593826425671e-01 3.281298820275529438e-01 2.898902472745789050e-01 1.632993854643808307e-01 2.957130160201427715e-01 3.409178132317925436e-01 4.852807426024394744e-01 4.217275227724815445e-01 3.439430932787825301e-01 3.673951361688014838e-01 3.763195050347971082e-01 2.888177215739735071e-01 2.822204041174709022e-01 2.962064230905326889e-01
7.903000000000000000e+03 6.437483397819453446e-01 6.083299581223232666e-01 5.876568576486895790e-01 7.196942488825398554e-01 6.303085057309733008e-01 5.344374641438978113e-01 4.435116458345065293e-01 2.681500669978245099e-01 3.173246539413666634e-01 1.773278757355318258e-01 4.122313934237870625e-01 2.438658261422756435e-01 3.897722928156008293e-01 4.023460308263278606e-01 3.652130212437960655e-01 4.120699995606066368e-01 3.582382170651353115e-01 3.587750436241888274e-01 3.120125162351021775e-01 2.558821542159570583e-01
1.013500000000000000e+04 7.163094838673785825e-01 7.035910848702254805e-01 6.719224085390553824e-01 5.775388118833660878e-01 5.588777224002061672e-01 3.936028711952172521e-01 3.938778560787201677e-01 3.615181582068418553e-01 2.879289888424011457e-01 2.688684610453063728e-01 3.971751458959564829e-01 3.135737312184794234e-01 3.344125524704095742e-01 4.714565056173159463e-01 3.178671233739162605e-01 2.544786151090355220e-01 3.436757943355998601e-01 4.430672666691032879e-01 3.109605366171138696e-01 3.180355770982327135e-01
1.067600000000000000e+04 7.475097457289842096e-01 7.347608441460453665e-01 6.616284554957423403e-01 6.289856490407080836e-01 5.587701217273890464e-01 4.519080339739758867e-01 3.352640084221573114e-01 3.235925490986600317e-01 3.373347927015633019e-01 1.195900789316595020e-01 3.526821343375006745e-01 2.476127476896682056e-01 2.793069366200794934e-01 3.879735472837094190e-01 3.354749286714739376e-01 3.599581008122792469e-01 3.537905532470702608e-01 2.523967707828730922e-01 3.218763329777537541e-01 5.755325925376091334e-01
1.209200000000000000e+04 7.819917201696037212e-01 7.133148590085610641e-01 6.340854654702545723e-01 6.113187423251668084e-01 5.313765598826964975e-01 4.128157272569224490e-01 3.519183059441002293e-01 3.813010640625933423e-01 2.669063987010410477e-01 2.304325014847875552e-01 4.359560828042629010e-01 3.596682420500307287e-01 3.693207763403857369e-01 4.128812203579998452e-01 3.249398918168334288e-02 1.869651981845243949e-01 2.430458671865673159e-01 3.239832452983315014e-01 5.149035432966998505e-01 6.078560632949656650e-01
1.215000000000000000e+04 7.620517855974711097e-01 6.911745684294480219e-01 6.419272511631562983e-01 6.246131706474652434e-01 5.790461218666141940e-01 3.941810980762468497e-01 3.885239373213161818e-01 3.371627484253767459e-01 2.508558824989627900e-01 2.336978219119324462e-01 4.951639303494094757e-01 2.701296745765511820e-01 2.664090195720959509e-01 4.873191272046378253e-01 4.753011527325128327e-01 3.775819980189893954e-01 3.136230540815684309e-01 2.946854059085124433e-01 2.575102965934490951e-01 2.911360933625569691e-01
1.232300000000000000e+04 7.171317701703204817e-01 6.928067452260285863e-01 7.036381863125408254e-01 6.290733262711487583e-01 5.849084967695107329e-01 3.776469952240688599e-01 3.375758351576169103e-01 3.161991878538634726e-01 3.284019354948575775e-01 2.256280327107354489e-01 3.783719072551607332e-01 2.805543867524065149e-01 3.743702399398545766e-01 3.853881353921920772e-01 4.285844516196236631e-01 3.427644807461170395e-01 2.886646136648681749e-01 2.522777748137364218e-01 2.779210299327148359e-01 4.820553605813955311e-01
