2.710000000000000000e+02 7.306596312802225990e-01 6.583882881884672855e-01 5.811296160122915166e-01 5.887809421295474577e-01 5.244395762040866549e-01 3.757947108484110399e-01 4.010862818311258793e-01 4.006463044361284753e-01 3.985316803260358087e-01 3.353615080588991937e-01 3.982921822954730851e-01 1.821402182064884578e-01 2.212135242470877339e-01 4.314360687473111078e-01 3.149699450979069892e-01 2.259487258913964181e-01 5.768114965393399407e-01 3.322809893480369037e-01 3.201761981498971177e-01 4.715788214090179120e-01
3.470000000000000000e+02 7.597665178633963290e-01 7.294100529794289578e-01 6.393389946528638124e-01 5.607067065631986535e-01 5.286912052122890726e-01 4.290031365058512569e-01 3.544041941475749580e-01 3.156627609334570206e-01 3.036693630245234643e-01 3.124875902944956874e-01 4.478301987859127919e-01 1.740554273916998240e-01 3.980632325932395021e-01 3.491379844404614019e-01 3.249571602452003272e-01 6.897234422013003297e-01 3.492239352798904850e-01 2.117381387151772709e-01 3.749380978362872319e-01 1.973609261648409940e-01
5.060000000000000000e+02 6.795439881803362336e-01 6.413958736205029876e-01 5.796879065507649642e-01 6.917210330990137823e-01 6.604221092445047292e-01 3.208501560444149137e-01 3.376639494621368476e-01 3.477122023590537014e-01 3.358665362551885858e-01 3.592704653563828510e-01 1.077384418795755694e-01 6.888762274028537025e-02 2.229573365446398947e-01 3.139043012219216999e-01 3.816036291972271233e-01 9.210858468964637780e-01 4.837399755377639332e-01 2.339084411979145128e-01 3.138230940983045003e-01 3.657649880461131819e-01
6.520000000000000000e+02 8.109391807305277311e-01 7.422924530148483635e-01 6.357250307178655691e-01 5.520573099691050700e-01 4.437861622069597667e-01 3.905362492077046888e-01 3.366985126952533602e-01 3.258127513400472242e-01 3.409723376628168157e-01 3.709980896514444848e-01 5.841861860586716748e-01 2.849097993542319407e-01 2.730912125064696716e-01 2.065482807482222904e-01 2.691961524957063867e-01 6.749185436467889376e-01 4.439413491732748795e-01 2.367012579011036899e-01 4.142231909922938216e-01 1.393490388477972575e-01
1.269000000000000000e+03 6.844363778132760423e-01 6.893094100480128272e-01 5.324561114305228493e-01 5.559397722886366688e-01 5.552269848623222481e-01 4.742371708542236775e-01 3.820974073138060922e-01 3.967817898026702594e-01 3.980931410353915623e-01 3.420353398272029666e-01 5.339499679243364660e-01 4.152544970930860946e-01 3.417152816368504431e-01 3.407785777800815818e-01 3.076388530867641968e-01 3.844614644470939480e-01 3.039946883973447811e-01 3.052050103079391175e-01 3.311015973035534299e-01 2.680795076838865532e-01
1.556000000000000000e+03 7.398132936048807951e-01 7.227496951400269598e-01 6.260800250934674960e-01 5.495194398194027663e-01 4.673314257366308344e-01 4.055377046925312534e-01 3.860581517874601132e-01 4.268778142841589962e-01 3.393188226595180712e-01 3.154384186516421829e-01 4.749950682516284051e-01 4.140438510921639059e-01 2.784551349798116138e-01 7.543457091758079547e-02 0.000000000000000000e+00 6.753582824985832067e-01 4.393013508974887849e-01 4.382569255158463850e-01 3.985855608394542893e-01 2.803279891140643132e-01
1.600000000000000000e+03 3.338238692097545979e-01 7.095921576902910477e-01 7.097270624311483589e-01 6.275552348043739181e-01 5.443574747578707740e-01 4.211895285693027513e-01 4.983459134865206308e-01 4.720276048765018606e-01 3.878638458515931697e-01 3.638821727285351249e-01 4.496284428268957356e-01 3.551456542909503522e-01 4.193091423490866165e-01 5.105880843022574389e-01 2.560005255724303042e-01 3.158644252739350455e-01 3.548489922119781870e-01 3.110581932568702856e-01 2.457314129930801838e-01 3.102163654933294823e-01
1.651000000000000000e+03 7.038583795542859844e-01 6.943285205525749904e-01 5.088985705368830326e-01 4.832887012310273511e-01 6.336407742340980365e-01 4.320975872884327273e-01 3.877791285925512033e-01 4.424975145435583457e-01 3.684358468317661672e-01 3.555746623532505257e-01 4.502078851718220309e-01 3.617774990840955107e-01 3.732799357961846809e-01 4.179631704746715748e-01 3.236674625606853484e-01 1.942741051181869627e-01 4.178226591250390753e-01 3.090989100530750489e-01 3.548309895635656797e-01 3.159507393165932321e-01
1.717000000000000000e+03 7.363681350043257412e-01 7.012627132856154022e-01 5.852247166636046494e-01 4.941297819106867384e-01 5.752062863830418316e-01 4.360177724864195969e-01 3.618882465032698392e-01 3.803132043056837164e-01 3.519085182942582324e-01 3.604799912610634482e-01 5.374241119981573167e-01 2.537136752623302960e-01 3.607990010114912049e-01 3.951289828212015687e-01 3.281988624188204029e-01 3.004759316384513212e-01 4.038123031722781198e-01 2.291680117602346300e-01 3.849416482613534085e-01 3.355888047042915323e-01
2.369000000000000000e+03 6.913946142484787005e-01 6.490526995774101859e-01 5.745147522417639596e-01 5.463484415885679901e-01 5.736061396199781948e-01 4.834572958611764726e-01 3.802480272393530258e-01 3.919318511704155128e-01 3.692275255679952073e-01 3.410068104440385772e-01 3.323128358274099470e-01 3.949388089432051552e-01 3.529402552921270253e-01 5.073894585747980024e-01 4.534753009840537530e-01 3.177901022319252755e-01 2.100728701353751782e-01 3.111285596978113910e-01 2.742163861615062870e-01 3.522935721758036487e-01
2.645000000000000000e+03 7.163301460804818444e-01 6.705195021177725589e-01 5.721150449565874929e-01 5.542880485092889220e-01 5.860192914055134539e-01 4.146501686848378943e-01 3.737861886227546449e-01 4.204761924944180884e-01 3.826107604285637342e-01 2.980993474917338348e-01 5.052648772925211196e-01 3.240809552982915065e-01 3.565654005143753524e-01 3.242550273442956765e-01 3.310386940739412087e-01 2.403449402755625519e-01 3.449859636913029659e-01 3.285066435254221928e-01 4.194541574970271358e-01 3.427683638775679276e-01
3.331000000000000000e+03 7.651022528359463504e-01 7.266438579030320977e-01 6.585303604821940437e-01 5.526478141954420664e-01 4.957984184746673795e-01 4.097467851050185517e-01 3.538514300356700448e-01 3.390332112540585530e-01 3.113020017388498650e-01 3.303497360278735417e-01 3.207308330646971295e-01 1.231548106500469364e-01 5.786023456736280046e-01 4.387708725368133500e-01 4.080845616287677724e-01 6.384421293131171682e-01 2.321473194240296911e-01 1.059559761579321607e-01 3.808642931191732472e-01 2.857263730660527523e-01
3.549000000000000000e+03 6.990542980209800694e-01 6.496971847481169959e-01 5.805236125170381012e-01 6.772906033243912827e-01 5.505673766483576426e-01 3.540854427232625889e-01 3.838775777149210366e-01 4.156515701682298447e-01 4.282027539787881532e-01 2.437699943258203883e-01 5.944156121491251943e-01 3.062232157539137023e-01 3.750008980758204880e-01 4.768815367173491193e-01 2.660810056326494144e-01 1.308855018038613260e-01 3.042085069845467116e-01 3.510383646215052278e-01 3.260214826878458094e-01 4.111467895243098858e-01
3.849000000000000000e+03 5.271505092418367067e-01 6.849673570779202247e-01 6.748969295990118189e-01 5.188359888247674467e-01 5.311912691292796085e-01 4.882481517800352777e-01 4.572446233921994563e-01 4.687265958379621678e-01 3.518444472198485884e-01 3.351359556453562538e-01 2.065654255923741744e-01 5.581491921285237634e-01 4.007514676539796206e-01 3.142232020530675851e-01 3.127663897443174745e-01 3.588341852804755594e-01 1.933921314633484656e-01 4.002343839760498234e-01 4.029825790227238858e-01 3.233812202942645264e-01
4.245000000000000000e+03 6.626362108613159663e-01 6.296036553162474014e-01 4.918042620057754832e-01 6.316670856213428831e-01 6.611799656393329006e-01 4.839435004469890833e-01 4.506065742364243620e-01 3.894106998743163683e-01 2.722869611297033532e-01 2.999273662900306947e-01 3.742713435827608737e-01 2.370972763324541988e-01 3.264550967963903427e-01 4.075288045774994594e-01 3.005850124463970707e-01 2.068870314197145677e-01 4.679122766641232167e-01 4.665679740801131903e-01 3.494426394514882905e-01 3.488872699827215706e-01
6.135000000000000000e+03 7.267407517620002588e-01 6.239507193946034480e-01 5.487574937756465321e-01 5.502257248214981189e-01 6.053258174785649537e-01 4.836043334078470868e-01 3.628041139874880194e-01 3.879675661597644098e-01 3.462150633049859705e-01 3.560882712368619307e-01 3.090278697733678803e-01 2.053244048854819259e-01 2.216285225936472647e-01 1.693057509457684684e-01 5.074115848423799147e-01 5.057419076539168001e-01 4.855671541583321260e-01 3.844008376282805339e-01 3.852931782776977676e-01 2.805016806907024707e-01
6.451000000000000000e+03 7.069055910495266604e-01 6.594571291849260497e-01 5.044158533449029091e-01 5.658770705241250587e-01 6.532732735667799995e-01 4.495019824887019344e-01 3.675992588201030253e-01 3.865809625930141102e-01 3.402006830474884613e-01 3.515478563469154882e-01 2.881499120806909064e-01 4.657235863530651554e-01 3.968641391526669948e-01 3.835766163511475368e-01 4.493837598079632456e-01 3.364651690238906756e-01 1.780528072893682590e-01 3.109352383084233451e-01 3.598752909027711500e-01 3.268059184232634529e-01
6.459000000000000000e+03 7.215955316285661558e-01 6.682604905601849943e-01 5.399586906167523903e-01 4.894550614699362256e-01 6.025753032188755354e-01 4.236966151027007910e-01 4.217306271385815597e-01 4.547120424373854997e-01 3.854125018605504827e-01 3.001533588958588683e-01 4.782685643633581840e-01 3.924170632849588447e-01 4.255999928758607553e-01 4.013790834224401083e-01 3.645286752212024139e-01 3.030202823444163029e-01 2.391471429863095410e-01 2.492918399932015638e-01 3.490511879155605013e-01 3.294660048219112958e-01
6.778000000000000000e+03 6.252277564020038980e-01 6.839613822464521986e-01 5.776217227818800648e-01 5.320520881635522059e-01 5.641770023350185514e-01 4.543932591258181275e-01 3.980974961744118690e-01 4.260102111096352728e-01 3.983473727294073452e-01 3.693742926334891985e-01 3.052961006175666236e-01 7.240763983273699189e-01 2.108208693694466063e-01 3.666607642364836939e-01 4.371659237955944355e-01 4.067657109265310766e-01 3.679690665483418832e-01 2.734742857501619162e-01 1.476113090027566799e-01 2.559184474106141471e-01
7.003000000000000000e+03 7.089413340952188669e-01 6.538265751595156994e-01 7.254218933377759582e-01 6.094565160003837523e-01 5.412148227350636054e-01 2.712600520131523418e-01 4.235591777246984213e-01 3.482244966635192895e-01 3.332655981290361114e-01 3.322207028176877297e-01 3.368034477814786376e-01 2.362452432724875817e-01 4.059337847849815439e-01 3.079535768837408094e-01 1.482838525920359973e-01 7.020158353521329664e-01 4.592411836482495069e-01 3.059584795011788816e-01 3.639219173113767414e-01 2.170322988646636864e-01
7.011000000000000000e+03 7.400571500947494830e-01 6.783952403423718636e-01 5.910023782364500766e-01 5.279895660439072325e-01 5.307015023245224006e-01 3.700970320776609257e-01 4.083505956732607634e-01 4.227302912381824540e-01 3.924150287771753232e-01 3.364267395617320244e-01 4.298169200178166283e-01 2.308945901467816253e-01 1.578420487019285556e-01 5.491022574233932474e-01 4.873617464680300992e-01 3.176744786024145450e-01 3.800383007541326963e-01 2.820269299939051622e-01 1.552771628331549580e-01 5.042611632559922397e-01
7.874000000000000000e+03 6.305315501886346041e-01 5.686641715909476202e-01 6.673260280246883225e-01 6.753488091843379282e-01 5.254118476699746187e-01 3.686454404242154315e-01 4.743241511024941515e-01 3.780151081611694552e-01 4.368840471627203903e-01 2.794252591343193703e-01 2.990050603245748562e-01 2.139390390991338653e-01 3.917108167289574117e-01 5.861554424213938352e-01 3.852727502114258740e-01 3.663790490005152112e-01 2.930092255713181992e-01 2.260997981126267597e-01 4.218551133135143294e-01 3.213964022407094778e-01
7.902000000000000000e+03 6.840571895822823434e-01 5.942762105401435679e-01 5.275478475590426042e-01 5.159317586530886013e-01 6.463409388495023888e-01 4.761657210644404947e-01 4.892373236299261130e-01 4.750391697684574477e-01 2.527249385693775552e-01 3.425841876849554657e-01 3.074850704862837625e-01 3.483346125259141335e-01 2.552122437152814505e-01 3.988482245320733033e-01 3.805921654053918135e-01 3.558230110176994754e-01 4.113647658873885171e-01 3.567240504933846257e-01 3.746497195330822372e-01 2.920588750799445465e-01
8.113000000000000000e+03 6.258843444166846126e-01 6.598493711113803117e-01 5.709566204725148308e-01 5.173221449958327334e-01 5.941231985076184108e-01 4.490823142562709869e-01 4.060977528956816740e-01 3.913840417349854772e-01 3.967189686881812394e-01 4.213131059649192767e-01 2.031111967448369637e-01 5.857434199976934153e-01 3.648934525289408426e-01 3.639406360644003580e-01 3.581422162567290401e-01 2.518941917069676961e-01 4.754178265329926378e-01 2.721291937263078387e-01 2.283507146851706526e-01 3.665496066667529584e-01
8.114000000000000000e+03 6.866199677857630634e-01 6.314170188780063864e-01 5.688650750548958079e-01 6.467275550841383724e-01 5.866656206806601936e-01 4.264573528518259549e-01 3.494814424672612607e-01 3.768215521799710976e-01 3.731684490610643889e-01 3.395249403723202275e-01 6.530370915770509210e-01 3.284506812279389121e-01 3.350845004670129357e-01 3.566743488320834321e-01 2.434825946766706051e-01 4.486990585474978088e-01 2.574448078164525699e-01 2.059493479118362225e-01 3.694726071485323060e-01 3.497781313253132129e-01
8.279000000000000000e+03 7.021530879180235551e-01 6.384835591065425309e-01 6.133620970700572883e-01 5.783357146018608397e-01 5.626871705404091761e-01 4.147150518335716574e-01 3.885439051933179400e-01 3.889640978184343290e-01 3.665227481104744167e-01 3.336077661945260342e-01 4.083649848509064428e-01 2.632337512091382226e-01 4.791906869888362674e-01 3.585431443709931609e-01 3.063584522890880346e-01 4.027975415816583138e-01 3.372573062041740455e-01 3.105833907155450824e-01 3.437322821790061989e-01 3.000232624172408658e-01
8.394000000000000000e+03 6.720464566733078682e-01 6.319503714599546962e-01 5.892234143038320715e-01 5.724123889259553621e-01 4.979015976156280776e-01 4.083848351138246735e-01 4.182762817993111448e-01 4.467034795224890664e-01 4.507230852737748039e-01 3.528090007890732349e-01 5.305973757645037203e-01 3.281537064301496276e-01 2.396974258852598572e-01 4.877543759827398517e-01 4.198657927164934356e-01 3.089708349267232812e-01 3.797056724394365923e-01 3.715042323317504502e-01 2.290811068188045863e-01 2.402169467124538327e-01
8.728000000000000000e+03 7.033510098046688030e-01 6.015823635255076463e-01 6.054819197463544578e-01 6.261721988712054543e-01 5.115352170014784150e-01 4.503726911514147058e-01 3.832427685523403516e-01 3.711657462338158742e-01 3.301181320845694156e-01 4.130994331213751480e-01 1.845378460691168565e-01 4.128052849953631198e-01 4.960252368767331110e-01 3.102605038064174536e-01 2.478005612097271548e-01 8.567597638791829562e-01 2.144454778723508537e-01 2.773989883387700250e-01 2.408674554882838104e-01 2.317548972953500375e-01
9.575000000000000000e+03 6.923949085110542301e-01 6.457936659443761496e-01 5.642206550332662385e-01 5.242157208173842120e-01 5.749712058619317334e-01 4.378292482723314949e-01 4.181708014581855259e-01 4.101759105579033671e-01 3.625263367233095835e-01 3.823628485430127233e-01 3.372248630166818084e-01 3.593670966473481165e-01 2.416574913920895296e-01 2.138992842496217905e-01 5.006330624287649300e-01 4.881176404775843247e-01 5.126402650904131608e-01 3.680885494911428357e-01 2.436475482487416022e-01 2.108935520742566128e-01
9.581000000000000000e+03 7.861864292284548306e-01 7.213698945618518543e-01 6.149982756164752429e-01 5.423624157331345952e-01 4.614777209386875523e-01 4.246240588648265701e-01 3.700271146564677038e-01 3.591824291280281689e-01 3.279549908160732108e-01 3.550063004648109644e-01 6.058584882234551161e-01 3.692431682383159885e-01 2.449827299349888743e-01 2.310661290358396736e-01 2.863636945849176718e-01 6.559795751386434670e-01 3.600342903066570677e-01 3.232412023906682252e-01 2.608526356929833367e-01 1.916138184890817386e-01
1.006100000000000000e+04 7.585843058812625772e-01 7.216636167877167329e-01 5.940888413727480888e-01 4.995432094386730859e-01 4.791374511776370082e-01 4.031463910062893508e-01 3.811353590892066490e-01 4.205483707702077911e-01 3.908376011614232426e-01 3.507690816988757176e-01 3.296992201394894351e-01 2.592668481355170362e-01 2.989553024148642324e-01 2.110897762043358883e-01 2.433924708159395101e-01 7.483525839527305212e-01 2.095773598673434657e-01 4.629981343504760982e-01 3.765926480075537097e-01 3.200596448162597030e-01
1.006200000000000000e+04 7.573584600904280650e-01 6.677668571706163458e-01 5.648424979629323994e-01 5.453171335504736206e-01 5.613603429731864880e-01 4.175079361303162262e-01 3.899595520040132768e-01 3.903784417552914054e-01 3.164106453455692303e-01 3.652170649084741649e-01 2.943358750097305743e-01 2.739692988612074664e-01 1.979279370896472601e-01 2.467142678667738898e-01 7.370246188415993105e-01 2.013775211611152915e-01 4.459912609862677346e-01 3.459090200025116690e-01 3.281634683269080699e-01 3.891113562601539733e-01
1.207700000000000000e+04 8.191340112054845690e-01 6.475259639890270646e-01 5.805994110585547263e-01 4.962851873450010998e-01 5.637304556977195125e-01 3.829469595186819064e-01 4.100894540041086778e-01 3.671597933215185461e-01 3.629158011760653668e-01 3.404541227818120297e-01 5.101016248036721601e-01 1.000000000000000000e+00 2.410243114062278480e-01 2.404236974117210934e-01 2.700906607384394587e-01 2.611558001487799263e-01 3.336098337251512391e-01 4.004360182798381018e-01 1.329269662642982852e-01 1.495865546193051454e-01
1.222000000000000000e+04 6.781759609173764192e-01 6.474695422620492247e-01 5.676483121486648464e-01 5.489593422326405348e-01 5.755234453671712602e-01 4.731280462525889741e-01 3.971081363142739407e-01 4.148599132633304376e-01 3.580076736061930665e-01 3.460184006584002270e-01 4.555244908202931153e-01 3.123777305723764441e-01 2.959452256131132608e-01 3.254860657337242391e-01 4.928791404915269792e-01 4.187732233602703413e-01 4.185969069989835534e-01 3.198516840923366633e-01 2.502268011754167909e-01 2.240032503018583865e-01
1.223800000000000000e+04 8.022896374757740867e-01 7.669983368074837493e-01 6.590602226162185495e-01 5.462567497078200107e-01 4.590652897276153444e-01 3.825590379807498054e-01 3.045402905999596843e-01 3.212618559735673784e-01 3.044898572540474246e-01 3.897093962120425914e-01 3.707858624502058387e-01 3.018838945250698069e-01 2.928998718558257219e-01 2.571404313409772491e-01 2.242358207475687870e-01 8.123689079192752960e-01 3.678068738496871326e-01 2.638153887528467134e-01 3.042649906239843771e-01 2.830798018095957436e-01
1.232100000000000000e+04 7.066301260988077093e-01 6.417306028779208305e-01 6.091028079436268117e-01 5.586111516973739644e-01 5.776442454647382485e-01 4.092801176064588264e-01 3.988500221275769753e-01 3.681764307387223600e-01 3.625118415921701476e-01 3.527838500025006208e-01 4.123348089736895150e-01 3.455075597557980549e-01 3.456504030101388292e-01 3.103249554371195207e-01 3.743172257807551584e-01 3.668859223216555110e-01 4.305462735451713319e-01 3.519460516064038536e-01 3.100693410460590993e-01 2.550202296418283554e-01
1.244700000000000000e+04 7.800932423606022903e-01 7.370212062066893166e-01 6.142789790397154004e-01 5.673298428991480069e-01 4.311676249284745466e-01 3.776445090765809809e-01 3.965320782819147238e-01 3.959392082135880786e-01 3.685028422564022854e-01 3.012722253287705709e-01 2.960099021658122442e-01 1.323939219791038235e-01 2.425480655061824642e-01 3.842489165083510794e-01 2.813229826748920859e-01 9.037804040498489400e-01 3.567052837257855269e-01 1.918154469661362549e-01 2.815828787022267576e-01 3.887657573888578244e-01
