2.080000000000000000e+02 7.634192407278950210e-01 7.534464122390677199e-01 6.859144114143361781e-01 6.137851126141523617e-01 5.171325795935397540e-01 3.596329350697591298e-01 3.139186681190027639e-01 2.556960456966225204e-01 3.001686320512700346e-01 3.430523278449859048e-01 4.341268268661944152e-01 4.476157716124546937e-01 2.782775892982574106e-01 1.783828729447319017e-01 3.443488281290318920e-01 2.239103132123760331e-01 3.538479463467490427e-01 4.247226798412829796e-01 5.592437974463645434e-01 2.505140629968500288e-01
7.270000000000000000e+02 8.004075342911047830e-01 7.586585176194138302e-01 6.707206840521103830e-01 6.019804307236130692e-01 5.287834979563792448e-01 3.482952909410152453e-01 2.815983941670008872e-01 2.365149630840231998e-01 3.386847555131459742e-01 3.364358078563600696e-01 3.101471763831322170e-01 2.910292156127105012e-01 4.395798977158291709e-01 4.744285167301403039e-01 2.132793323661705542e-01 4.300799231241589360e-01 1.406886022004929793e-01 2.346390760166097156e-01 5.669738222618035950e-01 3.948159554263739879e-01
4.961000000000000000e+03 8.274794359640716968e-01 7.779109914663963066e-01 6.663395308720447829e-01 6.278079893133465816e-01 4.744484997055817277e-01 3.153458322535834246e-01 2.717964723984156450e-01 2.351766946742442355e-01 3.457679098142826257e-01 3.589004307027576779e-01 3.640155522601230542e-01 4.321009867915462932e-01 2.462334740303527558e-01 3.473491454002261558e-01 3.293804491620072605e-01 3.268149164725998035e-01 2.828387888569866004e-01 3.733316072670701535e-01 4.721534699429922877e-01 3.150959895175270975e-01
5.241000000000000000e+03 7.378204475237265525e-01 7.845228610238162981e-01 6.903669977555944026e-01 6.051349552413315402e-01 4.895281838004029717e-01 2.997798615541614753e-01 2.967151523403174229e-01 2.984575132262762276e-01 3.559811487067575664e-01 3.755208173724833842e-01 4.179160515725083846e-01 2.992648596901923419e-01 3.163550958514775857e-01 2.281208421830162036e-01 4.022431132718681801e-01 3.720034213484502694e-01 3.124508132984066822e-01 2.466404261694635780e-01 6.830515846937238456e-01 2.244930785346687663e-01
8.307000000000000000e+03 8.346714293641240845e-01 7.408857697080459825e-01 6.936928266118558284e-01 5.855669488713074466e-01 5.185554614361558290e-01 2.848003990507403382e-01 2.432701287648151856e-01 2.545803581000388172e-01 3.331125156086669481e-01 4.195685489760046516e-01 3.989490546783746594e-01 3.260955205528311973e-01 2.213560885894436392e-01 2.561600105471186772e-01 3.592034062841977238e-01 2.841181249173426737e-01 2.581970902690534087e-01 2.469023938208859681e-01 8.137822134843735178e-01 3.235160224030954601e-01
8.885000000000000000e+03 8.590679971386674385e-01 7.714463729546787718e-01 6.416129770992016201e-01 5.968902480927272824e-01 5.394961408624719956e-01 2.955167422054674753e-01 2.211878060948093139e-01 2.668692102852544545e-01 3.400851239371420198e-01 3.651139507135887641e-01 2.998289176032632453e-01 2.867546263975012666e-01 3.400149490731622648e-01 2.000656104540170233e-01 3.104023274090905726e-01 3.053370594122262194e-01 2.340702745538088547e-01 2.967447575927787962e-01 7.029208444909782472e-01 4.794989034930952077e-01
9.190000000000000000e+03 7.842927466348282861e-01 7.320113783746834413e-01 6.829396495304087544e-01 6.073662857074570987e-01 5.371900080333052996e-01 3.423000207032945164e-01 2.779444438382753235e-01 2.727214511427529797e-01 2.956945239132695580e-01 3.764967408910126490e-01 2.329525870486682249e-01 3.419603878613525771e-01 2.419728632824712511e-01 2.659690123450365040e-01 3.400144462858162298e-01 2.780733882973134841e-01 2.359191610683623319e-01 4.515020775966813171e-01 6.749692193111868077e-01 3.837993372340077758e-01
9.556000000000000000e+03 8.327354397763370164e-01 8.004969676304023452e-01 6.714337908357442819e-01 5.921579902679885432e-01 4.984676824337808121e-01 2.981724546042454072e-01 2.292428023691697181e-01 1.900317014584632924e-01 3.829663498073678785e-01 4.068300287453650577e-01 7.686289491244645555e-01 3.317843904923997722e-01 2.750516166054724487e-01 2.314244589062697255e-01 1.769900906096906201e-01 1.836852152982645925e-01 2.664773150935729751e-01 1.907230504069361288e-01 9.040679110446782074e-01 2.381125850346441364e-01
1.091700000000000000e+04 7.594442858500171090e-01 8.041725479039377733e-01 7.020207457007356933e-01 5.863012156468011549e-01 5.113627527519273297e-01 3.371912982034980799e-01 2.347941830162559584e-01 2.396379942697761667e-01 3.615080929931300258e-01 3.780276737369044904e-01 2.782044094417231439e-01 6.142337957517163272e-01 4.257660891465071540e-01 2.384285671945662877e-01 2.582365808288580311e-01 2.975994106937814299e-01 3.198189112322313288e-01 2.544451070544060944e-01 5.722308039744772312e-01 2.328896198861682976e-01
1.223500000000000000e+04 7.798631993363379644e-01 7.470508163944031832e-01 6.777552799659448679e-01 6.207335164318462661e-01 5.518924314215202243e-01 3.504076387361302336e-01 2.579114797397231706e-01 2.337078499816013510e-01 3.500916608391845819e-01 3.335144047495802733e-01 3.266474753481415916e-01 2.768793265760583489e-01 3.310883890617879466e-01 3.325954127913742786e-01 3.031649253008512623e-01 2.738484914269562198e-01 2.345842144543862640e-01 2.152940779249508385e-01 8.361328085418059386e-01 3.544586957449012421e-01
