8.310000000000000000e+02 8.393182344116815186e-01 8.233547359701206547e-01 7.420690725687780764e-01 6.458374832113268349e-01 5.961269503673859438e-01 2.980222725228544589e-01 2.224258551962930430e-01 2.157992005977779626e-01 1.824916109698818401e-01 2.370679792290477650e-01 3.845115436360260208e-01 4.240660573648352138e-01 2.226415307364887353e-01 3.082095545539984549e-01 4.504520007030011208e-01 6.207883036093718720e-01 2.885920781555985082e-01 3.080071899057851836e-01 2.133565427213084120e-01 2.725414690357333414e-01
9.030000000000000000e+02 9.757576450324796369e-01 8.737246763900641255e-01 8.345875209602980904e-01 6.164698547401407103e-01 4.697519473261700385e-01 2.430732042953462901e-01 2.478603296402120126e-01 1.945626154919987139e-01 1.295548606351112075e-01 1.580155148712575619e-01 5.492813256608291006e-01 4.762304403085994009e-01 3.225500599622109221e-01 3.527785997259802464e-01 3.377220290226106703e-01 3.014236233146922461e-01 2.572764052592059758e-01 4.727721375142815430e-01 2.400810917605908090e-01 2.271187345369910515e-01
1.164000000000000000e+03 9.350929192069363793e-01 8.723134278795144914e-01 7.275798966353723696e-01 6.795663784656411632e-01 5.287704391947760652e-01 3.512361406430924982e-01 1.262778544325618979e-01 1.773461129065125041e-01 1.851727328330248223e-01 1.817921675330789744e-01 4.700766770873236466e-01 2.927419110017031034e-01 3.208200540505307119e-01 4.058092801882886569e-01 3.459270011359463215e-01 3.873749657895386722e-01 4.005138706909462387e-01 3.130878426594972397e-01 2.375742522650488298e-01 3.381917352722119130e-01
1.165000000000000000e+03 9.293262094314104216e-01 8.322670669432390422e-01 7.749312454162528008e-01 6.277036215601926594e-01 5.497166178774458567e-01 1.985180794623086498e-01 2.239031530216833432e-01 2.394610996762746857e-01 1.794271932243053647e-01 2.287605954523489471e-01 3.591147174543968812e-01 3.177163222490391736e-01 4.110253918371736814e-01 3.790348867307328229e-01 4.121073792743184527e-01 4.158185408185796628e-01 3.258967769810551807e-01 2.358182863238523497e-01 3.748419672325170038e-01 2.754139653672059151e-01
1.655000000000000000e+03 8.911885259997768260e-01 8.171769830783263133e-01 7.380675448320853649e-01 6.927538805529940280e-01 5.733590774219008424e-01 3.795421979048296812e-01 1.669813719323202938e-01 1.563323764990054154e-01 1.278546842427678021e-01 2.224498604529742130e-01 4.195519944422270719e-01 2.185012019444800002e-01 4.923997958030438826e-01 3.744056005965746836e-01 3.893185993556465552e-01 3.610242022424071107e-01 3.229487247109134040e-01 1.843293099975222005e-01 4.624872458080115933e-01 2.955066987327237826e-01
2.392000000000000000e+03 8.605341701927934350e-01 8.089857636954541631e-01 7.472524527394818206e-01 6.505907345469635894e-01 5.849790410334039237e-01 3.759125228060675727e-01 2.211887133808610462e-01 2.024237718207032577e-01 1.462461438560387350e-01 1.866205995260169503e-01 3.505486718019688586e-01 1.925007349138881663e-01 4.417262725239843313e-01 3.873587777732379611e-01 4.747994681077989942e-01 4.403199662188326813e-01 3.651837734140421787e-01 2.031906144702486927e-01 3.396473703816452749e-01 3.070764269361095367e-01
2.649000000000000000e+03 8.544495059790551128e-01 8.103052841561145803e-01 7.339604520907955232e-01 6.847627277330327056e-01 5.909509511396124903e-01 3.382773768871928377e-01 2.536762780703802345e-01 2.415945925791817828e-01 1.133208227562911702e-01 1.561561179808269584e-01 4.125453497411804560e-01 2.598067954274946301e-01 3.909313851812664664e-01 3.825454946029179237e-01 4.424505697772482260e-01 3.767327501908567244e-01 3.227657263223939199e-01 2.464458473399994409e-01 4.098059686536561497e-01 2.710534961504315055e-01
2.836000000000000000e+03 8.416813388230358628e-01 8.190174736897277707e-01 7.312152969423026949e-01 6.733779840681806128e-01 5.708957262116070019e-01 3.357206790083838710e-01 2.622571931249406685e-01 1.884705658498729286e-01 1.618852084063719388e-01 2.078653183106397850e-01 2.691267477864139890e-01 5.784340720315218620e-01 3.716220851636680145e-01 4.136276776822467305e-01 3.214131006960030401e-01 2.217463915664199536e-01 1.755397001052533268e-01 4.835939224700032679e-01 3.037931597824497509e-01 3.485230105139576762e-01
3.684000000000000000e+03 9.148973936925559602e-01 8.557339122534830533e-01 7.823657406715257556e-01 6.797510824187084078e-01 4.719920901408083402e-01 2.450065803682965337e-01 1.968242222362749927e-01 1.821994380805572744e-01 1.988158861975732328e-01 2.576935672307336667e-01 4.650025474937868331e-01 2.093082956145745910e-01 4.580787582635487687e-01 3.428511071089916373e-01 3.919969084780708934e-01 4.764091494044607189e-01 3.065878141867076079e-01 1.505204389889495675e-01 3.678351284975045488e-01 3.507215142722061030e-01
5.902000000000000000e+03 8.768122381957161871e-01 8.424723262099965693e-01 7.921896624903376205e-01 7.197087366983219159e-01 5.941967279269514401e-01 2.150186544642291864e-01 1.257213854044123280e-01 9.482716203499476360e-02 2.403213431699238734e-01 2.627496320703123778e-01 3.379411732606566465e-01 2.982347741502184846e-01 2.720174350335630709e-01 3.072860880991602484e-01 3.275240950132914386e-01 4.883480165708338205e-01 4.090489268080003682e-01 3.598716801539456611e-01 3.746769826610293896e-01 3.001346741092005277e-01
5.953000000000000000e+03 9.799786501176502851e-01 8.898736620580711687e-01 7.293205980960209001e-01 6.645959018166558430e-01 4.324918346810349146e-01 3.088127036680028414e-01 2.156614600579881691e-01 1.643118493580391637e-01 1.764697645042977436e-01 2.055946005873031945e-01 4.519855133723563734e-01 4.481655213025891871e-01 4.696291714203356116e-01 3.743128573134880677e-01 3.875888322689953203e-01 3.263947210640436580e-01 2.817570406066580713e-01 2.523592007556877959e-01 3.150781027302607673e-01 2.303369208082267638e-01
7.015000000000000000e+03 8.025433714276269948e-01 7.722002131040071049e-01 7.625508200154798022e-01 6.855671996027665749e-01 5.968593839957078151e-01 3.709829076654247992e-01 2.638135987141042027e-01 1.980514270677332656e-01 1.766671359228706717e-01 1.700030055552595176e-01 6.651727648099015067e-01 3.762951320666867439e-01 4.719328225705916036e-01 3.600014922010696394e-01 1.796968995933721780e-01 6.083625374552235066e-01 2.850903753789586492e-01 1.981362786230167483e-01 2.236886759396961577e-01 2.025179167571790062e-01
8.125000000000000000e+03 8.735308828123699021e-01 8.379046146326847300e-01 8.028629576271422152e-01 6.986979642726771633e-01 5.146330139032105899e-01 3.131526265439776302e-01 2.464201339131512070e-01 1.388107162852952603e-01 1.170989224044807347e-01 2.141384728320615827e-01 2.491545791267756882e-01 3.612315344116542870e-01 4.339926142903581807e-01 4.205943449923897903e-01 4.457495447214467332e-01 2.737690247749538508e-01 2.020491488428023674e-01 3.831988091794336637e-01 3.196971536881346165e-01 3.929264793392427402e-01
9.397000000000000000e+03 8.739882399431749826e-01 8.865136863704899950e-01 8.026176107378421021e-01 6.160333251871685789e-01 4.930301042933174505e-01 2.905354317481766424e-01 2.364829891426822872e-01 9.141171231945169340e-02 2.184774226691055810e-01 2.762970323844887166e-01 2.143327369630096679e-01 1.758745675739264991e-01 2.136723803109651099e-01 4.518099637295764914e-01 6.541104381710813875e-01 6.179845340607287296e-01 2.725621127777408947e-01 2.382573926774077533e-01 3.054251437368492028e-01 3.225986555984785564e-01
9.593000000000000000e+03 9.174053296262194568e-01 8.442087281700552115e-01 7.219176997063075918e-01 6.075543949282780076e-01 5.548443481046573256e-01 3.095148961552264821e-01 2.386072287084251842e-01 1.851664796942321112e-01 1.931331985149942754e-01 2.176075325261468407e-01 6.031365279613726260e-01 4.112558965132483979e-01 2.267327102133637751e-01 2.013011924726302859e-01 3.034819155500074195e-01 5.002125523801977947e-01 3.740414411690966556e-01 3.631517522165830236e-01 2.621613082015626373e-01 2.743706794516685421e-01
1.067900000000000000e+04 8.453843408365373513e-01 8.114904985346025335e-01 7.827616656798672690e-01 6.513063834231361815e-01 5.620659661393202500e-01 4.173697955660325976e-01 1.625827683550324365e-01 1.978050350390176959e-01 1.522376116186162365e-01 2.058923492178706405e-01 4.023376732656699373e-01 3.107719220207340038e-01 3.582119280644850967e-01 3.608779047001691720e-01 2.445266919505052483e-01 2.910119103351167524e-01 5.569818556813923571e-01 4.070887553653658175e-01 2.812683122670083247e-01 2.823514960920866512e-01
1.068600000000000000e+04 8.646161002374901372e-01 8.109176592409408357e-01 7.427492673263508260e-01 6.301293690863505326e-01 5.655046355702578742e-01 3.393568602384939847e-01 2.634136938979093068e-01 2.342889666221948664e-01 1.864364678418934940e-01 1.629792824655551531e-01 5.275770059665216838e-01 2.951085402458775708e-01 3.311346542820226002e-01 2.920152053490508437e-01 3.692026748190558871e-01 3.482900954334138821e-01 4.063828013088364721e-01 3.295540563374338427e-01 3.497960576469981708e-01 2.712810647145957876e-01
1.077500000000000000e+04 8.421837788962011073e-01 8.081406516710093468e-01 7.630935277610598755e-01 7.012473098402647320e-01 5.608199013649919351e-01 3.574339562902997258e-01 2.145411128554782498e-01 2.331636997536619405e-01 1.333258023296457484e-01 1.686801504580113242e-01 4.575567439315142426e-01 3.346206122583154641e-01 4.789957650678141055e-01 3.233656477932286832e-01 3.044353686727653829e-01 3.258901124973807573e-01 4.347313977804734830e-01 3.617314187926395919e-01 2.748335240493672837e-01 2.261001041225585151e-01
1.093400000000000000e+04 8.233458789389065391e-01 8.614862053612678539e-01 7.485027772993413375e-01 6.391417166849089337e-01 5.849590487236738801e-01 3.745824487371680611e-01 1.953827179325886843e-01 2.022411288811847563e-01 1.607907286335607255e-01 2.005105449846478205e-01 2.887513861497891798e-01 4.488752039936819704e-01 4.112172528782394032e-01 3.093979027539450199e-01 3.505993918114989616e-01 2.995868945427783148e-01 3.066853459593100739e-01 3.278551527643179253e-01 4.769547739918749696e-01 2.697659595378696373e-01
