2.520000000000000000e+02 7.175146308959301500e-01 6.631505134625679254e-01 6.032193417941971170e-01 5.624653280645207643e-01 5.246480315206476508e-01 4.064419478710075695e-01 4.141243798622556982e-01 3.586102896502302850e-01 3.341511627836645792e-01 4.024658685807598335e-01 4.614344099794895349e-01 2.462684258293376949e-01 1.750682316663755567e-01 2.931345185304213286e-01 5.840908007104778088e-01 4.929285051509131321e-01 3.765348566833930377e-01 3.631161610468481848e-01 2.188573528547738678e-01 2.852162233461716379e-01
4.030000000000000000e+02 7.367738677890158794e-01 6.944385081810870997e-01 5.368124213694697167e-01 4.530414686809423608e-01 5.792371997670410222e-01 4.551175944801631457e-01 3.464366956072429948e-01 3.700028748316116500e-01 3.885385856003992222e-01 4.557339645291113017e-01 3.190661095086657628e-01 1.885710849277860979e-01 2.774391160085139529e-01 4.901015344421323361e-01 5.200322451532378709e-01 3.970449279419575039e-01 3.896614726954884533e-01 1.912187402027712146e-01 2.951819065962790201e-01 4.170077315329568379e-01
4.470000000000000000e+02 6.426993896739041645e-01 7.030455448910144511e-01 6.691280557789769379e-01 6.206130590348161169e-01 5.533482912970076883e-01 3.653087787063626357e-01 2.671639128208653235e-01 3.095156716970997035e-01 4.266069707296598623e-01 4.295513695608502158e-01 3.270707342768079950e-01 4.842224184499249184e-01 4.533757976740522833e-01 2.741513757050601519e-01 3.717951936533085422e-01 1.832402298465750368e-01 2.965069860545936353e-01 4.364888822722470807e-01 4.090356067996193112e-01 2.613624427227912994e-01
4.530000000000000000e+02 7.060845702078488717e-01 6.921812327566588818e-01 7.003533141248589056e-01 6.201326048132838054e-01 5.167288518936200559e-01 3.350036448692149116e-01 2.618117774869554437e-01 3.607577764245296081e-01 3.846575875568906122e-01 3.903591682394235152e-01 3.661604532762266495e-01 4.572715066420569574e-01 4.295475165837308040e-01 2.997703308669850686e-01 2.805320287802681722e-01 1.590238608699473255e-01 2.353976472245573603e-01 5.153382128181183131e-01 5.615767835160694332e-01 2.014888899389751797e-01
4.930000000000000000e+02 7.119647492180312121e-01 6.602145065269472424e-01 5.523825219534069797e-01 5.072229074472514032e-01 5.474126766250498877e-01 4.152046734220090629e-01 3.795092261462015282e-01 3.964540640409828787e-01 4.079093890983312987e-01 4.514988126814553082e-01 4.330791605715714199e-01 1.610308657270977106e-01 2.136277116058489245e-01 3.102957733370618754e-01 5.575727580686935525e-01 5.976442797593570777e-01 3.812499941270613424e-01 2.440604522810248811e-01 2.163297833464155606e-01 3.722939081292224173e-01
9.140000000000000000e+02 7.174335419715088813e-01 7.002724880168768040e-01 5.864844996093360185e-01 5.356981053000661186e-01 5.668973758932511764e-01 3.564227742042547220e-01 3.713653843750305272e-01 4.071108629736006623e-01 3.586929630955178472e-01 3.907834262863477126e-01 4.107149021535835276e-01 3.605947672578532215e-01 4.774028408888035813e-01 2.860887404399198308e-01 3.315744382809326374e-01 3.996064591757405027e-01 3.838664587836052022e-01 2.863533164030648837e-01 3.489418367520990549e-01 2.290929985407295089e-01
1.270000000000000000e+03 7.147399303353498823e-01 5.937331697618433157e-01 6.074268100596789122e-01 6.082641692232161335e-01 6.085480811874675044e-01 4.028600393134947888e-01 3.545629491552196866e-01 3.788024208464996767e-01 2.875629070037757362e-01 4.177440001620963961e-01 5.148502991937049522e-01 3.421104269895722250e-01 3.490010051075080333e-01 3.407827316046748156e-01 4.134922529622776510e-01 3.191194847059991568e-01 3.211827603175840817e-01 3.322466331853796695e-01 2.999252998867196207e-01 2.934809646502337666e-01
1.529000000000000000e+03 6.904987237390879384e-01 6.423965883239268759e-01 5.950499405499961592e-01 5.660154455570531873e-01 5.440204192222206636e-01 4.373491767192327351e-01 3.577410062931945522e-01 3.547159269108091650e-01 3.565451742103500909e-01 4.625651184648860714e-01 4.099764594138065599e-01 1.826908575885903552e-01 4.662367856515408082e-01 3.725566050883450941e-01 4.102947013604635873e-01 4.185628051434717167e-01 2.869419297592860074e-01 1.960695475178503566e-01 4.531273330143714695e-01 3.172583674731773717e-01
1.718000000000000000e+03 7.306826738904924623e-01 6.510266277964146253e-01 5.514983434009327334e-01 6.334154997663271613e-01 5.811753204534018113e-01 3.885342736064822389e-01 3.467536528411115371e-01 3.419650898732407018e-01 3.151141727923203462e-01 4.308887730750284861e-01 3.128845867704982964e-01 3.591258945622047283e-01 4.022769327458408650e-01 3.614626024382512903e-01 3.212861057436043333e-01 4.213983136822807007e-01 2.398107593402326598e-01 3.840392439772663535e-01 3.738553027752876678e-01 3.125042840795905774e-01
2.371000000000000000e+03 6.616692741438122694e-01 6.560575345206368647e-01 6.745478012179800809e-01 6.668322368697643387e-01 5.435840298457219610e-01 3.679210912871369588e-01 3.134170334251225598e-01 2.688375048320373883e-01 4.065476684444436772e-01 4.117285924833116173e-01 3.876020724180695987e-01 4.600453284983735402e-01 4.550033614128312642e-01 3.348518601439133269e-01 2.097221674363498323e-01 3.040062181419347365e-01 2.561109036232482317e-01 3.504801513966815385e-01 4.737936518213504145e-01 2.788314714831645613e-01
2.479000000000000000e+03 7.859553174249042096e-01 7.043994365478426500e-01 6.095695163657659510e-01 5.889727188265079239e-01 4.929267181567442146e-01 3.157750794293115448e-01 2.694673348998816165e-01 2.838262517244771743e-01 4.721289190641259625e-01 4.609227445870015538e-01 3.170411276582808524e-01 3.341080080770062466e-01 4.694843992021996981e-01 3.563841533816392571e-01 1.771434136648106228e-01 3.043960178901652935e-01 2.605585566564896371e-01 4.844360258610992398e-01 5.179125334701321082e-01 2.691383225308489613e-01
2.482000000000000000e+03 7.523517828467264357e-01 6.871472888352049280e-01 6.077467609560832651e-01 5.337993770725283360e-01 4.727543092875771125e-01 4.542992763897296671e-01 3.891782552894407221e-01 3.625993069748300046e-01 3.583179288460214829e-01 3.692871130971666083e-01 4.474836459875702332e-01 1.989436716425599383e-01 3.667945105869086508e-01 3.218659094045156488e-01 5.682870996863195190e-01 5.667636307439806176e-01 3.140726963400232163e-01 1.999520667567821208e-01 3.511810785634331133e-01 1.871530237178350153e-01
2.491000000000000000e+03 7.117380932419827833e-01 6.716375312687528076e-01 5.885050295228728690e-01 4.489750448264547278e-01 5.331503416490699365e-01 4.141433471447195647e-01 4.064110123124079488e-01 4.071427443893593789e-01 3.721127600515232170e-01 4.771013147120443665e-01 1.793671985870404773e-01 2.868282377385196757e-01 3.735630138453107651e-01 2.704383331860210626e-01 4.174501046568385165e-01 3.133540279858527677e-01 4.704583887505148776e-01 3.998085353264300701e-01 4.455334021459091409e-01 2.935371569574089512e-01
3.547000000000000000e+03 7.107368599117436236e-01 7.330974178054645574e-01 5.879018495448276038e-01 5.127325367893531549e-01 4.513283439687756915e-01 4.636339663917867226e-01 3.566657678744052928e-01 3.377010594953851474e-01 4.178494698323423351e-01 4.461409631662617836e-01 3.517475619813579812e-01 3.886926915241970537e-01 5.386308158120852729e-01 3.359183360131174356e-01 3.718261977756002756e-01 4.501273009465496799e-01 2.651254756601235107e-01 1.332146388501011802e-01 3.240393394509727409e-01 3.510621143924139709e-01
3.548000000000000000e+03 7.570693696879725598e-01 6.499426386744425743e-01 5.660849655057037522e-01 5.055130622203097834e-01 6.008272267842227343e-01 3.787720872414309103e-01 3.066168096326968850e-01 3.994107146798901997e-01 4.027981798504690070e-01 4.399889963862486653e-01 4.564884730998945983e-01 5.106875783724108553e-01 3.258240043302105815e-01 3.900987599561226982e-01 4.585588078372450083e-01 2.636007556416814501e-01 1.327853164453268731e-01 3.079515730196116796e-01 3.726587390196879346e-01 3.101131835529262748e-01
4.599000000000000000e+03 7.669455893685477310e-01 7.442805260495457542e-01 6.532933288078732748e-01 5.837462121092937828e-01 5.097689353284532432e-01 3.378475615858248515e-01 2.439908906399610444e-01 3.324006773000932058e-01 3.818728613690361429e-01 4.001930298277778797e-01 4.100958228156089125e-01 3.111152725658720142e-01 3.909614381280532291e-01 4.133930443351385708e-01 3.796146560278645943e-01 3.243752638497730545e-01 2.597472237751665136e-01 3.324732134654162508e-01 4.207403757642206310e-01 2.737915536188451626e-01
4.724000000000000000e+03 6.759330460978939525e-01 6.497713522850662171e-01 6.477079505458963604e-01 5.988685011445756823e-01 5.055040211154068208e-01 4.445038267007045407e-01 3.587491801587918694e-01 3.432525222274396270e-01 3.744100397003852221e-01 3.958122862666752506e-01 4.717419557005018138e-01 3.510037494202793984e-01 3.996408774476875592e-01 3.352107982217112925e-01 3.873871084515683183e-01 5.319163735082925726e-01 3.646203685525799543e-01 2.955581798492835088e-01 2.509424047388398860e-01 1.433826351440805058e-01
4.785000000000000000e+03 7.136389659073014702e-01 6.880993402498523093e-01 5.090116216517330816e-01 4.607643164061517860e-01 5.845616372733961619e-01 4.121888387547057442e-01 3.578040928116853481e-01 4.153265760555953645e-01 4.614021382186030973e-01 4.429620862463485853e-01 3.900420172212847314e-01 2.907441948511695351e-01 2.877105776995233510e-01 4.085115731006513373e-01 5.876014418087280866e-01 3.222423456376695139e-01 2.894548758349588247e-01 2.478976042948541625e-01 2.982195051328068169e-01 3.797712819147235908e-01
4.830000000000000000e+03 6.769131858477394070e-01 7.237719110141023204e-01 6.276605163077457750e-01 5.159305880076068274e-01 5.556861331659681547e-01 3.895900115886872239e-01 3.285380253758816149e-01 4.095290924697674306e-01 3.649865711854334838e-01 4.064046425969912724e-01 2.001938742277982464e-01 5.402177211436971493e-01 3.476877200984181959e-01 3.543246738206146662e-01 3.712521552290966032e-01 2.909090268219422515e-01 2.601929586689087914e-01 4.667842850516313313e-01 3.396298784055902242e-01 2.983615341898449569e-01
5.737000000000000000e+03 7.495663405662449374e-01 7.039873428796318278e-01 6.240029990613300548e-01 6.340263242334645000e-01 5.758830347042283027e-01 3.408332942194478576e-01 2.832098431459736942e-01 2.647325523851741802e-01 3.696484937683783278e-01 3.921039622581424799e-01 4.731409620981794073e-01 4.507217420771616467e-01 3.198765802105210665e-01 4.137952748553738735e-01 3.175112540341522016e-01 3.428021716765444205e-01 3.114523044797007922e-01 2.895018819463051618e-01 2.887504451958473051e-01 3.158805489612435680e-01
6.108000000000000000e+03 7.014932526108882405e-01 6.916554781523479578e-01 6.652021776595253844e-01 6.199081872325908904e-01 5.775841527764874472e-01 3.123347362893364454e-01 2.627076071346960973e-01 3.185004071359084921e-01 3.782329664363324184e-01 4.353393806837547730e-01 3.896132842771047322e-01 4.336019476677312467e-01 3.553958262588622352e-01 3.677328674453780866e-01 3.151802627039712035e-01 2.846181344551312331e-01 2.826429751625184617e-01 3.664917962126325035e-01 4.049228117753188028e-01 3.047704483835264599e-01
6.144000000000000000e+03 7.213461120750842559e-01 6.672356704999680144e-01 5.815563511909506156e-01 4.918857177587926399e-01 5.821480196030154319e-01 3.250884843414343361e-01 3.908333639097092971e-01 4.137799255287730182e-01 3.621126530696376356e-01 4.780906444063596772e-01 2.888515311638862881e-01 1.936758639768789148e-01 3.491073882044048449e-01 3.360311636440354022e-01 3.986666416998791984e-01 3.863358383580113298e-01 3.554716159781078910e-01 3.570481056811734555e-01 3.189031434347697758e-01 4.749722531630128364e-01
6.146000000000000000e+03 6.745289260781333063e-01 6.095300272540982167e-01 6.897989241734221455e-01 5.388253350604848002e-01 5.595399241112941624e-01 3.944227722107251921e-01 3.157599599691640058e-01 4.204765116705304617e-01 3.898506571098110940e-01 4.212337217569959713e-01 3.659378412191602314e-01 2.908712885552668936e-01 3.818043397353521051e-01 3.886103344596388287e-01 3.388016295099184338e-01 3.329751550193768006e-01 2.842736675293591753e-01 4.517676624830219700e-01 3.437351945370484274e-01 3.162273093828774639e-01
6.421000000000000000e+03 7.424643501844121474e-01 6.832554996763811062e-01 6.231950905989156464e-01 6.105752387724245889e-01 5.329282650754042505e-01 3.093033542555905235e-01 2.692375411164404930e-01 3.101671670795186353e-01 5.168030670855170428e-01 3.931048914885532097e-01 3.930676347479763466e-01 3.557668706985709361e-01 3.049148745424746787e-01 4.037999989864692885e-01 2.916303534450198631e-01 1.752720644184930232e-01 3.441810422464146590e-01 3.975639673504650085e-01 4.435476714056008629e-01 3.841363159086407242e-01
7.001000000000000000e+03 6.898705413884899107e-01 7.123748695800629083e-01 6.039941978934970646e-01 5.225062293209271624e-01 6.034169524004380225e-01 3.906690643770183713e-01 3.522618291919947797e-01 2.472908419195192775e-01 4.757574533208918655e-01 3.886440339581263559e-01 2.216477135082982053e-01 2.437138853057944365e-01 3.118917027188621849e-01 2.648809827870498013e-01 4.114646738317143115e-01 2.972829680569581412e-01 1.511304303625092826e-01 7.307924086851456114e-01 5.000314486355598165e-01 3.130408728405070229e-01
7.007000000000000000e+03 7.773763631961208009e-01 6.525625947622369916e-01 7.379167185665808093e-01 5.939084534962509876e-01 5.185015764669516081e-01 3.229974707627695230e-01 2.710701467882391524e-01 2.813278332613438071e-01 3.770518229458383885e-01 4.098070789250576329e-01 1.624349644829238826e-01 6.663169203332907076e-01 4.569835956813831368e-01 3.127835596148910713e-01 3.370652869236010485e-01 2.087010864079408556e-01 1.359880328003985062e-01 4.608242071326365541e-01 4.515362918363309830e-01 2.827812347307809282e-01
7.043000000000000000e+03 6.784982377726439529e-01 6.260396574594686570e-01 6.027260612850112720e-01 4.954859778119943825e-01 5.260445923423706649e-01 4.198631330165926157e-01 3.622793064188399303e-01 4.507773588073867299e-01 4.110813042819448926e-01 4.816038724713337382e-01 1.965482905003946013e-01 2.794795782027049147e-01 3.493215712146681695e-01 2.763376951272903392e-01 4.210462346568025760e-01 6.404596269895395100e-01 2.455252460004849757e-01 3.845861756169241530e-01 3.601539642518455930e-01 2.998921439635325314e-01
7.263000000000000000e+03 7.478950695949425631e-01 6.225253687538890857e-01 5.559655277353432457e-01 5.620856739518623746e-01 5.684468447342385655e-01 4.290980670575816891e-01 4.113523238000805216e-01 3.770397782037488432e-01 3.360029726755247026e-01 3.774474611222022324e-01 4.074873896323163991e-01 5.705343806264765449e-01 2.013793202129934012e-01 3.551412416684152085e-01 4.423645291009432601e-01 4.122287868876686190e-01 4.250266022243767150e-01 3.182808266333286840e-01 1.505556971592781901e-01 2.251244628871060249e-01
7.264000000000000000e+03 6.556021794436160954e-01 6.208661836660819278e-01 6.173719500887903111e-01 6.254544730165864097e-01 5.740984819236836234e-01 4.369589419036996047e-01 3.426302013155859139e-01 3.251726946515811068e-01 3.318627548301578134e-01 4.616337629796312125e-01 6.723544579689543221e-01 1.916730121389808861e-01 3.456962980403095465e-01 4.657983746120937796e-01 4.214434166228001599e-01 4.240502238978735017e-01 3.183566981217280101e-01 1.435692010241478578e-01 2.390254641220162513e-01 3.409643761750730251e-01
7.265000000000000000e+03 6.451398573345550336e-01 6.722244498303803217e-01 6.702515140856578624e-01 6.213463878859405431e-01 5.710296938136576461e-01 3.563186793460597634e-01 2.878885021795504207e-01 3.077150053870593149e-01 4.092894505853155729e-01 4.457761127361486997e-01 2.501332634156383516e-01 3.639370369609854494e-01 5.014618348229386013e-01 4.909052752436270928e-01 4.795696005391427708e-01 3.514199431070338386e-01 1.590275835944406080e-01 2.522776605887310231e-01 4.017768202448400716e-01 2.596263987134619367e-01
7.628000000000000000e+03 6.430294815621805382e-01 6.314407797774099773e-01 5.981494948379562082e-01 5.345479109350118607e-01 5.408299703760678367e-01 4.014096535562325374e-01 4.056889137375288001e-01 4.474411714449595956e-01 3.703908130282637101e-01 4.715776433013141866e-01 3.245894151824009199e-01 3.301096314662634312e-01 3.472363341952341420e-01 3.812721206886184877e-01 2.787501462262000906e-01 2.540354815596336802e-01 3.460463024439261459e-01 4.686431271733337844e-01 4.155901189618181335e-01 3.351088657431863238e-01
7.747000000000000000e+03 7.136878880780178624e-01 6.586730612764762904e-01 5.604603659182896269e-01 4.576807695176489665e-01 5.554757508124853471e-01 4.257179056156877861e-01 3.470970820721698824e-01 3.755652115877469721e-01 4.086727955426087688e-01 5.398808512548121108e-01 2.150203843479915333e-01 2.429154688927837036e-01 2.617012459626312793e-01 3.489889792829159454e-01 4.543860092931567007e-01 5.645351712689362644e-01 3.247996089611074888e-01 3.138136455901519017e-01 3.476821356824511544e-01 3.774846162581622644e-01
7.752000000000000000e+03 7.375078128520673459e-01 6.652271752138434469e-01 5.959013351957093141e-01 5.537964674746324034e-01 5.651058281590293220e-01 4.250417950677826684e-01 3.688516027319385104e-01 3.469541401395850322e-01 3.277426679634529716e-01 3.861798048091358293e-01 6.444162057298354895e-01 3.138800202862793709e-01 3.187525247095439607e-01 3.460312594540447262e-01 3.803270248873587001e-01 3.974378412187494769e-01 3.893747358933718483e-01 2.408154417083414323e-01 2.599716284450366843e-01 2.601624703590723064e-01
8.282000000000000000e+03 7.298320452015722992e-01 7.419632924084564873e-01 6.773133808004186962e-01 6.222270720237580433e-01 5.344263023151285541e-01 3.531762099265121635e-01 2.624667477491870460e-01 2.583162694317748254e-01 3.704936279409228317e-01 3.834940160975867651e-01 4.202795281776844916e-01 3.208167650586477015e-01 4.530576506351620125e-01 3.888644540928460902e-01 3.401994168259892537e-01 3.512775231076111782e-01 3.270545165337256921e-01 2.630980736952384658e-01 3.985885305932921896e-01 2.586852516212821973e-01
8.380000000000000000e+03 6.549882389675690808e-01 6.590812571184008206e-01 5.676898770781341197e-01 5.904171794475095991e-01 5.550086919251899786e-01 3.803612666372254703e-01 3.373022031310858315e-01 4.171644643749105597e-01 3.909429786858290568e-01 4.773535746421777581e-01 4.517488608031066111e-01 3.962363900082340740e-01 2.858257122141397710e-01 4.778706803927885161e-01 3.532151791214375725e-01 2.021598658609311261e-01 2.354579075843591107e-01 4.081816271488144521e-01 2.462467504355021208e-01 4.518500346111018473e-01
8.508000000000000000e+03 7.950105006544202491e-01 7.257660706619207813e-01 6.207989815802303912e-01 6.010146432994083465e-01 5.116983228740816791e-01 3.163642442940017840e-01 2.180246206068518489e-01 3.495866558674349811e-01 4.087267480212524173e-01 4.160888053769567496e-01 5.697031360729729599e-01 3.058371505647789479e-01 2.521994182741215673e-01 3.443406627298420397e-01 3.225741239771017788e-01 2.138664987981563348e-01 4.041480389946042751e-01 4.723467817530769275e-01 3.451644166232539779e-01 2.912646757442972634e-01
8.895000000000000000e+03 8.164909727572035036e-01 7.202329855642174428e-01 6.385908712585900426e-01 5.433278015148691464e-01 4.997730927568287407e-01 3.032409853062868477e-01 2.896468184287319669e-01 3.358515688601708682e-01 4.080220347657987356e-01 4.079649942986783850e-01 4.831860377594618394e-01 3.168545718364349506e-01 3.419610399134797030e-01 3.522320211652840705e-01 2.940831461746332698e-01 3.274526516730402736e-01 3.322776359079201436e-01 3.316389400858136272e-01 4.011222372246234236e-01 3.324744041980485787e-01
9.162000000000000000e+03 7.570426932643504747e-01 6.806682203991843982e-01 6.438995939208959074e-01 6.136490079474853365e-01 5.120914027094886078e-01 3.345131258436568888e-01 2.417295913412524366e-01 3.804446739059091365e-01 4.304572410770935997e-01 3.860037552779789771e-01 4.093023313711722233e-01 2.723979321965649958e-01 4.196864259520281526e-01 3.280878118913603814e-01 2.895692151128498870e-01 2.379767876781195279e-01 3.960016327573009365e-01 4.223615770647397016e-01 3.917318022125902965e-01 3.304326238563126683e-01
9.376000000000000000e+03 7.466101819314082677e-01 6.870498503712064720e-01 5.872651645787118069e-01 5.173121490955102653e-01 5.722048958729138990e-01 4.070285695187292885e-01 3.471776986806426879e-01 3.369443310155187388e-01 3.375638744693636450e-01 4.400738005556438792e-01 6.936549178359070478e-01 3.084010435313347398e-01 2.484068050710742659e-01 2.960228354309392129e-01 4.992966646083707993e-01 3.457386313495610652e-01 3.342926868382090633e-01 2.722263548123877164e-01 3.058132468185412733e-01 2.515850347094094053e-01
9.485000000000000000e+03 7.038331333959442215e-01 6.385485006468699654e-01 5.854954856053884438e-01 5.964292930825003669e-01 6.126862830979008523e-01 4.080524668887794970e-01 3.483362596979093784e-01 3.500824950653198542e-01 3.385360788365873730e-01 3.945650477655302524e-01 4.199113302122545743e-01 3.251484981302423249e-01 2.658289339103682147e-01 2.782362138798822326e-01 3.634779489004825170e-01 3.041310129928064265e-01 4.397714902292491623e-01 3.775257545681297011e-01 4.496756400861464109e-01 2.694449601659205107e-01
9.795000000000000000e+03 7.618238818265398171e-01 6.805687081106681635e-01 5.579984921277267862e-01 4.746819876511764180e-01 5.485942509209535967e-01 4.002561734423984441e-01 3.800617379922374139e-01 4.097088044313227928e-01 3.896711379120587626e-01 4.066919199609515534e-01 5.172167078444743771e-01 3.008024288127133516e-01 4.226873032673832409e-01 3.206016749823829559e-01 4.290533174498499247e-01 4.547220567036558414e-01 3.641929856090643236e-01 2.576968593872776547e-01 3.033138064814426826e-01 1.694325235666556961e-01
9.796000000000000000e+03 7.182155138849050102e-01 6.314373014917554761e-01 5.397652122091293192e-01 6.143765734179559290e-01 5.583512792393796609e-01 4.157811800897273646e-01 3.802393068891289363e-01 3.885040727386203652e-01 3.765452126122337262e-01 3.764306232392670704e-01 3.811547431538632735e-01 4.323193194867208655e-01 3.355061341767976990e-01 4.856079393842585024e-01 4.996939215335204354e-01 3.905806457826755396e-01 2.771218481956875812e-01 3.109958670250680957e-01 1.928624054769058904e-01 2.184904635914672322e-01
1.057500000000000000e+04 7.274567015794429770e-01 6.754781012946621255e-01 5.944106435817806400e-01 5.436738887964712719e-01 5.386941855215813257e-01 3.049445986049437174e-01 3.833740656000930169e-01 4.158532237843874380e-01 3.630551521795511438e-01 4.585725837025324547e-01 3.591833487442837591e-01 2.531514882564838698e-01 3.216275508703426711e-01 3.151220595283253378e-01 4.208960133476234988e-01 4.426143108090971889e-01 2.849218487952602241e-01 3.001200573780939407e-01 3.915152299541583836e-01 3.922413229923650269e-01
1.062400000000000000e+04 7.540129554313272919e-01 7.151029155403143545e-01 6.260160499419905600e-01 5.596429032765938283e-01 5.276130974817951902e-01 3.787093020517244835e-01 2.515442791316210847e-01 3.271724704359191827e-01 4.101943180423071045e-01 4.271605768083164278e-01 4.458014301393699030e-01 2.969550930828077084e-01 2.979694694702192392e-01 3.511679053450237897e-01 3.358069061726772220e-01 3.231638598596885958e-01 2.957276641927549243e-01 3.355869092539408571e-01 4.191724070308122663e-01 3.970570158993622090e-01
1.066900000000000000e+04 7.622871515125858588e-01 7.176394635664056221e-01 6.245308512880317631e-01 5.561718553585870417e-01 5.139608789974587921e-01 3.211253993376818050e-01 2.790322977940959959e-01 3.709592477317177339e-01 4.056257500804317240e-01 4.326380762314632755e-01 4.351235209744910293e-01 3.778760268759470131e-01 2.883471452574634664e-01 3.585194948571676088e-01 3.207849643327891909e-01 3.495785870015597485e-01 3.165053430804118384e-01 3.845766337414455727e-01 3.337912634432406711e-01 3.363977187645404432e-01
