3.990000000000000000e+02 7.777777472745109888e-01 7.462783132370718331e-01 6.337492646072319102e-01 5.678482819060808318e-01 5.200873755153380129e-01 3.482732130517081637e-01 2.131108239401711402e-01 1.842639653573655556e-01 4.555853198875974286e-01 5.138942185664108209e-01 2.917086072623201187e-01 2.946508847199568182e-01 2.755931823123267677e-01 1.936408902347952488e-01 3.136831648119563498e-01 2.138893968210131558e-01 3.000358378545963101e-01 5.155243477793737261e-01 6.038194392806348620e-01 4.419493598741706664e-01
4.890000000000000000e+02 7.868580844550344677e-01 6.694943100551838944e-01 6.114398272465750850e-01 5.810832395014973173e-01 5.156526405408712321e-01 3.336436117227420950e-01 2.576293684521506200e-01 2.908514908002085009e-01 4.420559724694483328e-01 4.986303282424033312e-01 3.071247906687356588e-01 3.859014991311381371e-01 3.981330424296297688e-01 2.478471787656830461e-01 3.653736654485446600e-01 1.566021654993625112e-01 1.981577482575468119e-01 2.801554251288799202e-01 5.556695222288950964e-01 5.703291473028252456e-01
8.870000000000000000e+02 8.137959628167510395e-01 8.976975876511734675e-01 5.024496242858161876e-01 5.309998117452433553e-01 4.315955760386018247e-01 3.489961125246863194e-01 1.859524778584178695e-01 2.874525704126436598e-01 4.692276430830589762e-01 5.191184384085089087e-01 5.711104559246135137e-01 3.649303298073190982e-01 3.032436302640010850e-01 2.484328345849512731e-01 5.099407152156734124e-01 5.031904885248298376e-01 2.550792727729855325e-01 2.667943432001219084e-01 2.582866379645700206e-01 2.530374534329511982e-01
1.553000000000000000e+03 7.397870430668527231e-01 7.409462907947156340e-01 6.581623781870689083e-01 5.691413180772527669e-01 5.230399554750611024e-01 3.302907688469867153e-01 2.805561368406456202e-01 2.676832170717567960e-01 4.023846911814464300e-01 4.489968091160991270e-01 4.446792392000825656e-01 2.158825925194474415e-01 5.984188222439915661e-01 4.246595625018164677e-01 4.143552088616769269e-01 2.593836731338524104e-01 6.867298773940029577e-02 0.000000000000000000e+00 6.925375585857932448e-01 4.214064012119237979e-01
1.713000000000000000e+03 6.745537921725255348e-01 7.075959011949756183e-01 6.834148412859559762e-01 6.429799599092406170e-01 5.112198714912294939e-01 3.465557588539580625e-01 2.604433852857859222e-01 2.297202065568354767e-01 4.373193042332543246e-01 4.807029998558463579e-01 4.937113233346424046e-01 4.300368261202502929e-01 3.107214494814690697e-01 2.485245023519586649e-01 4.593564710410152907e-01 2.499657229352503784e-01 3.390408893298585413e-01 3.613234942143314643e-01 3.313184601889970771e-01 2.914086488228437299e-01
2.487000000000000000e+03 8.128433724946823036e-01 7.567526400415148791e-01 6.433373179190203794e-01 5.767645032679034056e-01 4.956632188611676537e-01 3.241710943454061966e-01 2.773206364101557519e-01 1.824229623789010712e-01 3.922115730149443591e-01 4.707822673294110305e-01 6.237561235705181284e-01 2.925914450696798785e-01 1.957483307824000318e-01 3.369315211343333893e-01 1.806192312002935785e-01 3.331261072038484983e-01 4.137292526381570190e-01 2.916406455683865362e-01 4.965954191082740943e-01 3.577412346923130593e-01
2.488000000000000000e+03 7.861493530684355857e-01 7.121562821232656493e-01 6.365722245935914181e-01 5.573312310982065920e-01 4.895874148416567984e-01 3.075613294550619825e-01 1.852195686208386871e-01 3.853477756641544572e-01 4.405103067219998669e-01 4.976136666110962947e-01 3.411393629791683035e-01 1.842681832271365339e-01 3.243932119748397236e-01 1.880156377804841350e-01 3.368103480443823128e-01 4.082725850983119353e-01 2.885191216747459708e-01 4.684950882103269820e-01 3.769903178034866298e-01 5.288721211438996983e-01
2.886000000000000000e+03 7.909914808261226948e-01 7.426209735741986506e-01 6.610272692757706015e-01 5.670971277654542897e-01 4.839812449918417525e-01 3.125293931502882705e-01 2.695018724355207618e-01 2.463912569926916818e-01 4.649507119168503344e-01 4.199804568769675006e-01 4.246536334978351923e-01 4.080057305378606003e-01 2.685575432490321934e-01 1.234636475055819610e-01 3.723602226362816570e-01 2.690006429193299575e-01 4.107415520200397574e-01 3.392243742523854966e-01 2.861585587263464903e-01 5.597710464876154424e-01
3.853000000000000000e+03 7.198973649521540619e-01 7.821695328252949997e-01 7.144347388027396661e-01 6.280211600555659635e-01 4.789329856665509588e-01 2.642721808543052053e-01 2.514554638944775378e-01 2.878044267359350372e-01 4.267273348061531024e-01 3.934350486459408103e-01 3.522305039736525756e-01 3.504306156422863916e-01 1.980001375696904820e-01 4.211487030069164805e-01 3.841115961138157897e-01 3.210501210867200972e-01 3.527103385832937033e-01 2.630385555442298906e-01 3.723746772771497904e-01 4.629607994163900120e-01
4.823000000000000000e+03 7.664196245583487777e-01 6.981034677307164094e-01 6.201429832898732730e-01 5.515006079579125586e-01 5.333144449867945891e-01 3.753770322911292312e-01 2.938060142704615463e-01 2.959981857521558624e-01 4.227637806699611756e-01 4.172337505061670115e-01 3.690448349990837484e-01 1.856967981442123050e-01 4.251715889339956478e-01 3.658282040695215453e-01 3.211205180717083829e-01 3.498798137918590068e-01 3.205971165563965553e-01 1.855367182888167377e-01 6.188977221868713352e-01 3.558188950341730772e-01
5.748000000000000000e+03 8.272316109588505606e-01 8.011162687265628302e-01 7.053868058367664950e-01 6.034914735113581230e-01 4.523265183311825921e-01 2.470192624596551090e-01 1.461581545706963914e-01 3.191766980627464556e-01 4.338837999767383158e-01 3.972236742242127305e-01 3.409537020580455380e-01 3.474650850533589352e-01 3.331189242437287423e-01 2.674777713738851759e-01 2.225239029078640018e-01 3.243229237266037623e-01 2.826754209788157057e-01 3.123159409419739019e-01 5.038479046451781462e-01 5.281098726929296383e-01
6.455000000000000000e+03 8.446633587680664190e-01 7.631863150613765745e-01 6.519574290223092428e-01 5.825722311501599915e-01 4.844510111203940705e-01 2.944044343620323967e-01 1.945927719724385163e-01 2.083329156161059514e-01 4.615254532287543787e-01 4.521431364008006160e-01 5.553713530878005011e-01 3.607608138860966540e-01 2.002556261498199264e-01 3.592149695827105971e-01 3.766115572986855620e-01 3.562507838650129655e-01 3.685037202291052139e-01 3.381680568386031815e-01 3.390386886461005944e-01 2.708828777780367125e-01
7.259000000000000000e+03 8.207892241003715839e-01 7.687264472080269639e-01 6.739560306007444934e-01 5.252099905982888783e-01 5.152922497527300250e-01 2.423481840003471888e-01 2.161537413866748414e-01 3.124333009576850118e-01 4.150705225968939760e-01 4.614388221530668077e-01 2.110825202082775576e-01 3.926588029066246932e-01 3.197181648853815172e-01 3.366752159975147096e-01 3.372327049068788996e-01 5.445087600644721304e-01 1.832292200551678130e-01 3.145433435399431765e-01 4.325084856055548266e-01 3.865686642613835877e-01
7.756000000000000000e+03 7.748481925785919433e-01 7.548534815154936961e-01 6.651512008581254021e-01 5.663675532088526809e-01 4.881725962339733549e-01 3.390583366855615122e-01 1.787841974073857143e-01 2.603875114567892335e-01 5.629947757372192330e-01 3.869767043515215943e-01 4.804118606138826353e-01 4.354316678715615674e-01 4.472987360206609475e-01 2.843209628013816936e-01 2.780550870490730020e-01 2.893956207079303455e-01 2.944965776790935408e-01 3.853581898013681006e-01 4.499088443194955156e-01 1.855179423234690761e-01
8.138000000000000000e+03 8.194720821071634909e-01 7.291490968591433086e-01 7.328815954038081504e-01 5.422957602682089151e-01 4.702502214898333643e-01 2.918505155092662728e-01 2.262612663527739931e-01 2.601306864988079393e-01 4.125798879928930241e-01 4.597785020255870658e-01 3.584484757019315571e-01 3.075209210279053473e-01 3.421182451938887259e-01 4.100321282494214792e-01 4.774866920115747870e-01 2.277115233467236488e-01 3.491141089532716624e-01 2.681548138582109386e-01 3.440254995260849658e-01 4.100288622802062410e-01
8.507000000000000000e+03 7.747065821858217793e-01 7.639822727416031301e-01 6.548526992644383427e-01 5.585453863437951361e-01 5.370275738380448916e-01 3.475273740125325306e-01 2.834596556503442555e-01 2.185030940956788070e-01 3.513974251039205243e-01 4.386006366267861667e-01 3.447433483684141375e-01 4.827995838654905447e-01 3.209794771996059004e-01 2.587026035388969025e-01 3.266416630934761978e-01 3.151708426584394762e-01 2.140456493523272552e-01 4.035585475815154921e-01 4.945955691995971848e-01 3.237563474806837704e-01
9.161000000000000000e+03 8.069703479684019465e-01 7.173441804096590824e-01 6.030903957818735117e-01 5.755678758516142857e-01 5.432524883255258619e-01 3.405073422571952002e-01 2.940514819261600410e-01 2.379743876967542748e-01 3.744673145918969714e-01 4.499688584186466445e-01 4.752412290740078982e-01 3.397692940732975342e-01 2.800547602059862418e-01 4.219167739249647942e-01 3.048977147742674143e-01 2.771856435330606883e-01 2.333321819462822189e-01 3.873931151158489516e-01 4.332842146702195474e-01 3.597375704028674681e-01
9.372000000000000000e+03 7.868476948103988455e-01 7.617519539296543352e-01 6.918504656728631241e-01 5.453557674435914882e-01 5.088060195356379767e-01 3.136581082605894855e-01 2.471329103689484941e-01 2.431813596309231884e-01 4.130929714704016376e-01 4.293911568595263906e-01 3.737666037997646740e-01 2.832292066978046030e-01 2.912451319767125346e-01 4.154398169013423514e-01 5.670915464883267143e-01 2.905321800492533524e-01 2.231542192983293205e-01 2.588448522503682958e-01 4.819634909013350565e-01 3.204182906476344406e-01
9.571000000000000000e+03 7.812723439460753649e-01 6.699422477867693626e-01 6.336655053162441043e-01 5.659014016114423118e-01 4.874204315898157391e-01 3.081608899686243963e-01 2.635179338075077093e-01 3.048271408394609416e-01 4.721828608579533015e-01 5.151155214287373996e-01 2.944259087155551846e-01 2.627190794932185436e-01 3.539365185645993450e-01 4.206814539890816884e-01 3.022291931053709968e-01 3.714194128064586820e-01 2.382355243235940445e-01 2.052983243178667094e-01 5.300758923482652429e-01 4.951398126656570420e-01
9.578000000000000000e+03 6.607274758875536502e-01 7.332554264600666949e-01 6.758166710963285917e-01 6.264357745831869995e-01 5.285096070716654992e-01 3.251890847836328979e-01 2.802242441334103495e-01 2.690703194125824704e-01 4.362049964796744783e-01 4.398003819239940104e-01 2.083875363794651658e-01 4.354397486864096112e-01 4.561736179124087354e-01 4.911381587053569309e-01 3.348819185212193461e-01 2.067677279551289604e-01 1.902757264823857764e-01 2.482185755567763719e-01 6.098355527100336460e-01 3.135528337900318485e-01
9.792000000000000000e+03 8.290044904211425481e-01 7.477373650006077233e-01 6.512653683535069016e-01 5.923263389243399457e-01 4.793101267752136185e-01 2.485783690466362439e-01 1.926518214359531078e-01 3.797608442925692329e-01 3.947468654088523432e-01 4.411173262286934849e-01 3.644554354045838607e-01 3.314515605565616641e-01 3.237396777696580630e-01 4.280881927017198274e-01 2.785460410868759173e-01 3.644659199723148668e-01 2.696619925471200330e-01 3.799213042216651459e-01 4.316174151748686239e-01 3.238613036587419947e-01
1.178600000000000000e+04 8.251614277161669619e-01 7.599793342343482694e-01 6.456572205956755406e-01 5.753494381190067397e-01 5.025198414205181985e-01 2.801341106338994247e-01 2.701634762278464219e-01 2.723596281361070348e-01 3.982905883610174946e-01 4.045396966512572745e-01 3.510786331679902061e-01 3.767150356231879771e-01 4.066801240732254019e-01 4.118217032884010087e-01 4.304452440018258219e-01 3.302069683727102412e-01 2.468243194959836018e-01 2.216963398907188243e-01 3.631806195028579043e-01 3.669861155775449579e-01
1.231700000000000000e+04 7.654824488719210729e-01 7.340203848476999360e-01 6.694886894149071344e-01 5.772198225493692103e-01 4.755272835266077247e-01 2.711979725344047520e-01 2.846100317350796494e-01 3.145576772737428972e-01 4.358449669055173281e-01 4.455399848544314145e-01 4.431437423763432415e-01 3.368392195416050061e-01 2.421526099391135556e-01 1.919024398777083029e-01 3.927849086923841382e-01 3.794735354848599029e-01 3.620906549745511738e-01 3.164200059236795259e-01 4.212125486735002755e-01 3.959007575195250261e-01
