2.120000000000000000e+02 7.499134641392377620e-01 7.207896721400259832e-01 6.392451065093156526e-01 5.215861162219084246e-01 4.901609061655581301e-01 3.258121755419554066e-01 3.430738673979872311e-01 3.519819724329805166e-01 4.224137579973626377e-01 4.281747828757316854e-01 3.840097509376635410e-01 2.165279934381738880e-01 3.588097103682981182e-01 4.426088296165087699e-01 5.279665728014975024e-01 2.458351451798390375e-01 3.933908432860239168e-01 2.526954924987238060e-01 3.790192789594487022e-01 3.085786344658361657e-01
2.130000000000000000e+02 7.494208357661205078e-01 7.049905625542065568e-01 5.789995478324666545e-01 5.486474661114295603e-01 4.878190227667305590e-01 3.700774094989947027e-01 3.235222215667115653e-01 4.096842257409146759e-01 3.894538459415590181e-01 4.452939078548520668e-01 2.632533876519400073e-01 3.520504422280993917e-01 4.441496907265932159e-01 5.732012973511558807e-01 2.590829024992076790e-01 4.046742054787619836e-01 2.606338867727990283e-01 3.727354366805868402e-01 3.386774319895569652e-01 2.364254974466639125e-01
2.140000000000000000e+02 7.381948011002203991e-01 6.491047097598843241e-01 6.095773912615090051e-01 5.502329916580207536e-01 5.294199226456346441e-01 3.550018932449945375e-01 3.764332571923121873e-01 3.837824196854144332e-01 4.138605442518615840e-01 3.974432527337068422e-01 3.852040456105090827e-01 3.923432485957588645e-01 5.178707834140583444e-01 2.531145271759066007e-01 3.840433560121256917e-01 2.413710637057475406e-01 3.460713949035898462e-01 2.998259292900514184e-01 2.330615994751656928e-01 4.428247727766135844e-01
2.490000000000000000e+02 7.698480109292620277e-01 6.893512640333794295e-01 6.319783683994794066e-01 5.533095447783374921e-01 4.706523691998305003e-01 3.129808223356512764e-01 3.053966480413723983e-01 3.591481306813134600e-01 4.158170658406251108e-01 4.926027373215915994e-01 4.931625813970785810e-01 4.218092118078706765e-01 3.672158673259088846e-01 3.670783960018996206e-01 2.191304366053958563e-01 1.450049356569131642e-01 2.370049575999430280e-01 4.973184051469984324e-01 4.498531161092865771e-01 3.219157323477591648e-01
2.500000000000000000e+02 7.253416143521016490e-01 7.036064396664348797e-01 6.161601887517246245e-01 5.350388260736839152e-01 4.828257212702942169e-01 3.390967289054808154e-01 3.364515975499591804e-01 4.116949465775995853e-01 4.683472281625095657e-01 4.026919333266115730e-01 5.124005914292268926e-01 3.601839046913735687e-01 3.682954529182044801e-01 2.378002598533206502e-01 1.527224751467127495e-01 2.437911815034439211e-01 5.126805551355153590e-01 4.422557322964875137e-01 3.533040288565809095e-01 3.200682248263196361e-01
4.000000000000000000e+02 7.778582259375870223e-01 7.042984037072393955e-01 6.294364240815043532e-01 5.834882269338285132e-01 5.117829790046164451e-01 2.448370962667007766e-01 1.887092700938325651e-01 4.480572484715876769e-01 4.899475853448829743e-01 4.270981531954678445e-01 3.287438546216136515e-01 2.482151445343148410e-01 1.784404334158125327e-01 3.125579649274062843e-01 2.068291998589491809e-01 2.833380464471936810e-01 4.880831317174766926e-01 5.451995366289783540e-01 4.462128336971926679e-01 4.097699117286459081e-01
4.900000000000000000e+02 7.018568745800415343e-01 6.781103490891345897e-01 6.383910483671545455e-01 5.748836960093917092e-01 4.951820266105565471e-01 2.848308911745005556e-01 2.731515174241145871e-01 4.293655109972766559e-01 4.672155263536827419e-01 4.899293531284664160e-01 4.412458463680754006e-01 3.675269397480900313e-01 2.340786485548840001e-01 3.731877090834325172e-01 1.551581165157430997e-01 1.918067441771007520e-01 2.718268818982489954e-01 5.141902627158480010e-01 5.908189589842024469e-01 3.528933266141386915e-01
9.120000000000000000e+02 6.373639531170119943e-01 5.392934534891672405e-01 6.493082790907651614e-01 6.066974352955489813e-01 4.994535373282892876e-01 3.471539717683631010e-01 4.251149594790579189e-01 3.992892787087825579e-01 4.640801901802313889e-01 4.947531748469498059e-01 4.235409915223613542e-01 3.763150316493903969e-01 3.430266558191417126e-01 3.646991468626916699e-01 4.364460592252739635e-01 2.490366849867134136e-01 3.045334416446081605e-01 3.751455550105052827e-01 3.769553047151458780e-01 2.645079109590428024e-01
1.525000000000000000e+03 7.520964810249335386e-01 7.420127733903315592e-01 6.923776574656224092e-01 6.081220852769898544e-01 4.556829137220932968e-01 2.692432911472089629e-01 2.653030835080651961e-01 3.215720204696153051e-01 3.832519078069414054e-01 4.744245424753473772e-01 6.132790714986825487e-01 3.181492811338515470e-01 3.918252806697202772e-01 4.090959750757344748e-01 2.987779196310649255e-01 1.533641997255545675e-01 3.737729665560451386e-01 2.905661004639059630e-01 3.533051789718719693e-01 3.459275583737935755e-01
1.526000000000000000e+03 7.717171985726144490e-01 7.601681304352081447e-01 6.668968485481902020e-01 5.166513939600746452e-01 4.422162715595342464e-01 2.947224163035971900e-01 3.010248577098587064e-01 3.759438117373596899e-01 4.435610138921969869e-01 4.178997191667317979e-01 4.082718529445671374e-01 4.059001896405843302e-01 4.334756573771122445e-01 3.425148845464670022e-01 1.706904218710609822e-01 4.059766552478654700e-01 3.164472267928654103e-01 3.668733422535246924e-01 4.011739346954561469e-01 2.580654121556144043e-01
1.554000000000000000e+03 7.670875621447363901e-01 7.223877141500598675e-01 6.245515266642183150e-01 5.801971727302531745e-01 4.902497450440688742e-01 3.054850809645512921e-01 2.513327713455134615e-01 3.886840336995356360e-01 4.101048216392681467e-01 4.473369041214899089e-01 2.503592051181430245e-01 5.600922690231500134e-01 4.065517121320080252e-01 4.291484221757039808e-01 2.607557477136900337e-01 6.743941934642450065e-02 0.000000000000000000e+00 6.497863245556195766e-01 4.420336152786524253e-01 4.136462735490968323e-01
1.555000000000000000e+03 7.589046447664312689e-01 6.988998771704939550e-01 6.453813643346654194e-01 5.573921292636089264e-01 4.791522070110057485e-01 2.877962801297759832e-01 3.643626157447961700e-01 4.100429404229101182e-01 4.230091583416407675e-01 3.661778611159178798e-01 6.330888459829231429e-01 3.710299739370316874e-01 4.005890396878162840e-01 2.632328526108541622e-01 6.589285738306169260e-02 0.000000000000000000e+00 6.233545468816266144e-01 4.043623327539131451e-01 4.230229509785737307e-01 3.444750715430654475e-01
3.949000000000000000e+03 8.484987769301797211e-01 7.219132238702730131e-01 6.216637206221863332e-01 5.571781312409924691e-01 4.462713860423830892e-01 2.879523890660882768e-01 2.682849758129308704e-01 3.621910259257759557e-01 3.798172836455541157e-01 4.777055411007130603e-01 5.527052712773276033e-01 3.136989604198772152e-01 1.642629779420806679e-01 5.037328101118172530e-01 3.440278518257445239e-01 3.348792963826273672e-01 3.135651492587184230e-01 2.880007350916330422e-01 1.737867823309176829e-01 5.246721926106956424e-01
3.962000000000000000e+03 7.473060443295282962e-01 7.394137664489967010e-01 6.676352763801673973e-01 5.459231904507330091e-01 4.451848968995949507e-01 2.942665697799579094e-01 3.415570221247898330e-01 3.736531881995573401e-01 4.370050146471767816e-01 3.995405002358290436e-01 4.357669875595291953e-01 3.162299203352011423e-01 5.113588252142802215e-01 4.256951087007130319e-01 2.957479272100040912e-01 3.213697436231438553e-01 2.946724189059470866e-01 2.322521703926815062e-01 4.269425583022979920e-01 2.718885662525530877e-01
4.568000000000000000e+03 7.591408181065580907e-01 7.170304918949738093e-01 6.304851440641298099e-01 5.570309325584508198e-01 4.737927650668656288e-01 3.090470778671559615e-01 3.540556943785107546e-01 2.841492169144798630e-01 3.959713782497580881e-01 5.023964058384409181e-01 3.712935082198063341e-01 2.001757080591625160e-01 3.151005181326392290e-01 3.522528416370335203e-01 5.812394130681511895e-01 2.677855671600762322e-01 3.994266816596001024e-01 2.372812044271386256e-01 3.168988341551512433e-01 4.440989062897559014e-01
4.569000000000000000e+03 7.439764200647650538e-01 6.942749730812950437e-01 6.119223443951800068e-01 5.301799866108709569e-01 4.714850874448552331e-01 3.786995665474513495e-01 2.643151930693750096e-01 3.816140141067971836e-01 4.672420097326325794e-01 4.833976621325698497e-01 2.330517074895211427e-01 2.960787994724809469e-01 3.385609455558047376e-01 6.043687954723647726e-01 2.702463850064841799e-01 3.934943786081526729e-01 2.343452060407574256e-01 2.984332068899032686e-01 4.677463871921306859e-01 3.498824505629896109e-01
4.600000000000000000e+03 7.739623318414647901e-01 7.215359223952823031e-01 6.429655062758722339e-01 5.709613266582468372e-01 5.007262979178398465e-01 2.733956718189911594e-01 3.102364289112170548e-01 3.748018973429277922e-01 3.628821604675803170e-01 4.377412509166588306e-01 3.399358436551385698e-01 3.448619755956163768e-01 3.729726251592202502e-01 3.704880263076290037e-01 3.073338057929692613e-01 2.402084054737038954e-01 3.082386243352481237e-01 3.719985302638441627e-01 2.698694080921578142e-01 5.468150755381837591e-01
4.601000000000000000e+03 7.556588014286714783e-01 7.145652966561489849e-01 6.336448906222486022e-01 5.652390804576827854e-01 4.491922706064473414e-01 3.440484382557429388e-01 3.496379140956077380e-01 3.613609195415597997e-01 4.086686713185689879e-01 4.078340223829716726e-01 4.041258143816037762e-01 3.528535258459888913e-01 3.585244410487597455e-01 3.216866788119002174e-01 2.440649418050069297e-01 3.057630989748643113e-01 3.699145614577004637e-01 2.558832991119193156e-01 5.804049134096692653e-01 3.078207044466590991e-01
4.697000000000000000e+03 7.092179946134072877e-01 7.134165530131992838e-01 6.376092413445706431e-01 5.713260239901586379e-01 5.328322355476627914e-01 3.600731959184921283e-01 3.088871853241553223e-01 2.966479445193792586e-01 4.111215428466538091e-01 4.397336354841641648e-01 4.864055517231678505e-01 3.668079109463115439e-01 4.266536910794411774e-01 2.274786838820634649e-01 3.780004273852007324e-01 3.229950450632619874e-01 3.013966570343968865e-01 2.457784216422969903e-01 3.997730301381630658e-01 3.592380430659763979e-01
4.701000000000000000e+03 7.516123076982434981e-01 7.075741100631349756e-01 6.212930880812863599e-01 5.372238069017458706e-01 5.522077960261511098e-01 3.941848511977169567e-01 3.201680091172625642e-01 2.535547484427304044e-01 4.023302233943604755e-01 4.258951085199021991e-01 4.343318509319009091e-01 3.218935670407636063e-01 3.149348624798800622e-01 2.638473418026766604e-01 3.888594611949663382e-01 3.641888740983060813e-01 2.977273396272254180e-01 3.299755864934306726e-01 4.258125347031933572e-01 3.539431551120295061e-01
4.714000000000000000e+03 7.876697395814564739e-01 7.909325518468389715e-01 6.526255585816383986e-01 5.714625949966699592e-01 4.574487732546326235e-01 2.656786964020589892e-01 2.618166243550543726e-01 3.394791963280497926e-01 3.813586464074749660e-01 4.494014709891018255e-01 3.785311955777376780e-01 3.211259048083805467e-01 4.465684246050597994e-01 3.152240728370125367e-01 3.189948116947725620e-01 2.413488134034524335e-01 2.858618388834381352e-01 3.153647451909013522e-01 4.992530296507587395e-01 3.749422441685185681e-01
4.715000000000000000e+03 8.223842094573904360e-01 7.257152395199686357e-01 6.357205991215814089e-01 5.234684020010268446e-01 4.442152242079855373e-01 2.971314802425712442e-01 3.219158868867920686e-01 3.811910301927711187e-01 4.237180846600869244e-01 4.083350077402788103e-01 3.744624495426857047e-01 4.203763693536031743e-01 3.035650305701480534e-01 3.322428268869300205e-01 2.440069905490084290e-01 2.821666474564767935e-01 3.120484919061229379e-01 4.710933851780481074e-01 3.953013315424755425e-01 3.498929908194553517e-01
4.716000000000000000e+03 7.631231783706161620e-01 7.111361086889180783e-01 5.905463902620800010e-01 5.124321161644551648e-01 4.732173260135928428e-01 3.603185626568947697e-01 3.594646502400503651e-01 4.246619711224745020e-01 3.822372719581091371e-01 4.314299045712186031e-01 4.969766062760930803e-01 2.897782710134269024e-01 3.244176263325030951e-01 2.576679566464259441e-01 2.893039577595740708e-01 3.123143904663861492e-01 4.726355295036879234e-01 3.781991981341850662e-01 3.738929545212358319e-01 3.080021223045974477e-01
4.717000000000000000e+03 7.365658290065948410e-01 6.527016425007732270e-01 5.659276790495005871e-01 5.275745865877808916e-01 5.130769992379476951e-01 3.817567791886756212e-01 3.795751724612426714e-01 3.657069687618338394e-01 3.869874243574335515e-01 5.134640281131256367e-01 3.497818674898119928e-01 3.161242824354741909e-01 2.569035070909233553e-01 3.118952763820914686e-01 3.269039524662893381e-01 4.828118495518906594e-01 3.873376585132768946e-01 3.651578408838425105e-01 3.357068929686303771e-01 3.414917551566484244e-01
4.720000000000000000e+03 6.506294598487923908e-01 6.586344010961537876e-01 6.145200563060785326e-01 5.789247162571360406e-01 4.822792688858713595e-01 3.279225254273306911e-01 3.770743569266730710e-01 4.265825793180352821e-01 3.891766816434216181e-01 5.400178870224402461e-01 3.175759826969425936e-01 2.972638999581114772e-01 4.717199059239652881e-01 3.878654404668682720e-01 3.473426607904641639e-01 2.979351152359279165e-01 3.235434443519951131e-01 2.640422732929887384e-01 3.369073208280258247e-01 4.435258508176824765e-01
4.721000000000000000e+03 6.793026890876497914e-01 6.680070991600444152e-01 6.229719752566789115e-01 5.280141991527126377e-01 4.768923986782608870e-01 3.893130322366954998e-01 3.710745968999598632e-01 3.602667383911125065e-01 4.925034503985252776e-01 4.557123178485048554e-01 3.471937042183801392e-01 4.447429683398712030e-01 3.740580142022874033e-01 3.623487548213297216e-01 3.017382567298982354e-01 3.198523604095192541e-01 2.616776223452057515e-01 3.183784058801282235e-01 4.687525351772234283e-01 3.011034468514375284e-01
4.755000000000000000e+03 7.671555483166021538e-01 7.240407820701918462e-01 6.179459167461101021e-01 5.702870270216598980e-01 4.629870733725265364e-01 3.259268567696646524e-01 3.768145337787918159e-01 3.309711322209605844e-01 3.964220115521748244e-01 4.043664806298943870e-01 3.217105622605586079e-01 2.839112476503406479e-01 3.081340497830502567e-01 5.588471630274904900e-01 5.311448918402117414e-01 3.641817259701980447e-01 3.217955355229618619e-01 3.121807727969366231e-01 3.087336004671890066e-01 2.026972888848947996e-01
4.826000000000000000e+03 7.062386506335920355e-01 7.143306352083047539e-01 6.453865471818331923e-01 5.420563197505210429e-01 4.688732016412794357e-01 3.997121306824868991e-01 3.364366693455769219e-01 2.908948776513892720e-01 4.414088036621325872e-01 4.576022777491763893e-01 3.818646962617389118e-01 2.994145093216816211e-01 3.504429731446014329e-01 3.291177338150996778e-01 1.808829243450065238e-01 5.632143437138974473e-01 3.457588925660391999e-01 3.429103957585928342e-01 3.965989552628543247e-01 2.985315468449833975e-01
4.828000000000000000e+03 7.355790352919714392e-01 6.602837102535925595e-01 5.796179957561344853e-01 6.041560791510357520e-01 5.146788636167126674e-01 2.928693621716609297e-01 3.809930749743820066e-01 4.016725026469996074e-01 3.714641028098507602e-01 4.613794597865439329e-01 3.784536124192801054e-01 2.935218224767879858e-01 1.784794123088137285e-01 5.838727272237013155e-01 3.395196556383689446e-01 3.294715000512331571e-01 3.642715533394121907e-01 2.917116247059957090e-01 2.729588154739221451e-01 4.590846592631839806e-01
4.829000000000000000e+03 6.936546283342639452e-01 6.470449335327477236e-01 6.616451790565586188e-01 5.744035078096387803e-01 4.609769515657390349e-01 4.096796120677592690e-01 3.665241344997086648e-01 3.628345694583577918e-01 4.273689595225425020e-01 4.103971550277977776e-01 3.460478365024965419e-01 1.699064689854390686e-01 5.682628229720285695e-01 3.575158546697467243e-01 3.368370476430401217e-01 3.634891899853017194e-01 2.918176014293969445e-01 2.603629633736040949e-01 4.898279726613066209e-01 3.192841579942153896e-01
5.244000000000000000e+03 7.772252868966305073e-01 6.944231318661138186e-01 6.049691255242685139e-01 5.680564367514780999e-01 4.940778443961904576e-01 3.736853120442126253e-01 3.275941060538705152e-01 3.161247916350120035e-01 3.389179849631456798e-01 4.780856336346561708e-01 2.432240831895179367e-01 3.827692207158990279e-01 3.803053023544919475e-01 3.273797180756578551e-01 2.454882281121166521e-01 6.343925705419369843e-01 2.218512775273421556e-01 3.620033571606691702e-01 3.748586537722721213e-01 2.976319371669699509e-01
6.102000000000000000e+03 8.100674706186180574e-01 7.646949047558576629e-01 6.117919397525553027e-01 5.743597108697999776e-01 4.912183287255936781e-01 2.759476942438793823e-01 2.730806148790064225e-01 3.227893354999542552e-01 3.894255743106800338e-01 4.428132030889531667e-01 4.293526822302819457e-01 3.577347755423231357e-01 4.064207777840553870e-01 2.841431598683455406e-01 2.886151074652720805e-01 2.613106122714280444e-01 3.346478648436232439e-01 4.389307736389524428e-01 3.589149589449540101e-01 3.393897008362883883e-01
6.103000000000000000e+03 7.953279466219609350e-01 6.826898492880186797e-01 6.360298636877109724e-01 5.547305621411133814e-01 4.503884129158915450e-01 3.054596419036553767e-01 3.049292672450827912e-01 3.852774535225802488e-01 4.127576032440797293e-01 4.714270635075190063e-01 4.285701498534438825e-01 3.930822492629014731e-01 2.811807659881082611e-01 3.088565172824188632e-01 2.714769043870958742e-01 3.393779102936216874e-01 4.462165812634818485e-01 3.479484405049617091e-01 3.674216525505278885e-01 3.114897726137190181e-01
6.132000000000000000e+03 7.116831052090426546e-01 7.486440217879064551e-01 6.596421892443302681e-01 5.589603843017203477e-01 4.263170128905388601e-01 2.431516418747478314e-01 2.860573300580387945e-01 4.653619680772693723e-01 5.053959317507701332e-01 4.276546072576125623e-01 5.058979626919887229e-01 3.693575461475286370e-01 3.815154155380726109e-01 2.683126250739220064e-01 1.995685862288985035e-01 2.006436204656926459e-01 1.495845242296448829e-01 4.717858191485346242e-01 5.040577862425532629e-01 4.525954058397478885e-01
6.142000000000000000e+03 7.745162867317959554e-01 7.116725937976806637e-01 6.221161517685062092e-01 5.410813007343346914e-01 4.627738594916416814e-01 2.585025849984038393e-01 4.057038014540392257e-01 3.178613113893166142e-01 4.418839496230093089e-01 4.583901060373663516e-01 4.076699540602510830e-01 3.306449279166215338e-01 2.690224645375234869e-01 2.183828891979266162e-01 3.559289916244574026e-01 3.262451363683266381e-01 4.083794166144262827e-01 4.044977973863850274e-01 3.893273056676653243e-01 3.670570906051400240e-01
6.143000000000000000e+03 7.464883432410814867e-01 6.939972539177774458e-01 6.042640808477369729e-01 5.273187863599476666e-01 4.366251182856725199e-01 4.403773889261904939e-01 3.020731117624367301e-01 4.367695845233913188e-01 4.313290683195949993e-01 4.072952618988031070e-01 3.932674113879492395e-01 2.583469655389812880e-01 2.145955999235582279e-01 3.781514230047786640e-01 3.365183254997173856e-01 4.111272266494003236e-01 4.082417274680172348e-01 3.746995344957699259e-01 3.946791940153605016e-01 3.158353043436378793e-01
6.145000000000000000e+03 6.967845339651900227e-01 6.453491220297611353e-01 5.472298791699728993e-01 6.382669170898067623e-01 4.846980664091246060e-01 4.152255216490188805e-01 3.723309240511591955e-01 3.487706047544787968e-01 4.401336142792717232e-01 4.343914011275418763e-01 2.218623044540921629e-01 3.227678481056879822e-01 3.177976213345659606e-01 4.078367120431862780e-01 3.837322916960722585e-01 3.445874426730297646e-01 3.469740625025619640e-01 2.955018781655500137e-01 4.924131058316666976e-01 3.355608887247130689e-01
7.008000000000000000e+03 6.852876733242794227e-01 8.027951989675459199e-01 6.503377887405301649e-01 5.770216587159685551e-01 4.854091858039604745e-01 2.975329276927967115e-01 2.643462792011998519e-01 3.664704447663779674e-01 3.694279639794009751e-01 4.848870446495664455e-01 7.434294274371707756e-01 4.116691132880151427e-01 2.882193598518808519e-01 3.359282317592565681e-01 2.018363527899887933e-01 1.284249122088443884e-01 4.363535850845585151e-01 4.077212000500476941e-01 2.847412069228424381e-01 3.192879425250244596e-01
7.009000000000000000e+03 8.193406979786153066e-01 7.084226967180941026e-01 6.260693518756311748e-01 5.361774967605996700e-01 4.560685996866731262e-01 2.817476138847199163e-01 3.266543441636748923e-01 3.484873596390535289e-01 4.398961411281349654e-01 4.450539994198991489e-01 5.462330883335754228e-01 3.088982109770198048e-01 3.682414098801696234e-01 2.393876938752669270e-01 1.478865994832239961e-01 4.901241530733198015e-01 4.591472316112348295e-01 3.058593981098499115e-01 3.827993930456364824e-01 2.672076086616554380e-01
7.260000000000000000e+03 7.996367576359134643e-01 7.448872769281222883e-01 5.880763348883968344e-01 5.794148787663014888e-01 4.223457364688859017e-01 2.487558382398436796e-01 2.969083066761910028e-01 4.104869746635018690e-01 4.338718282955026928e-01 4.800988908123393073e-01 4.348968494138921725e-01 2.858739296578236555e-01 3.079306199771901786e-01 3.336058305556158787e-01 5.231959473839291608e-01 1.717607900406173393e-01 2.956088536560419477e-01 3.876458704179614467e-01 3.871920270901490491e-01 3.737405120977243533e-01
7.279000000000000000e+03 6.556799594604141301e-01 6.457726229375616578e-01 6.267899179009873700e-01 5.762045566971155663e-01 5.062815077806104291e-01 3.963289546773336447e-01 3.531289409318442707e-01 3.691724306651970045e-01 3.962922149806583083e-01 5.037019304690467658e-01 4.379976210175996476e-01 2.914322612330756401e-01 4.177852687101403784e-01 3.128094022207929537e-01 1.902873896783735530e-01 4.109297446198147963e-01 2.886569392214043406e-01 3.497217932095504911e-01 3.638645137944537811e-01 4.308111418880500865e-01
7.280000000000000000e+03 6.669040779372896743e-01 6.798188705673096077e-01 6.199449332344112440e-01 5.516881902907284640e-01 5.347051938200704235e-01 3.648015292512447605e-01 3.226354293634796644e-01 3.665491148387624576e-01 4.524695082489844644e-01 4.671496980546701039e-01 3.591476741907210224e-01 4.155826671592035004e-01 3.183594301434589102e-01 2.094472281013158577e-01 4.391732491696513918e-01 3.011121775046553539e-01 3.656818744270059485e-01 3.628087785613702820e-01 4.803017624607414660e-01 2.376576410735754818e-01
7.624000000000000000e+03 7.853171060228513189e-01 6.934268156077451062e-01 6.658581873441216104e-01 5.501840170959433340e-01 4.410708368754538422e-01 2.995213477318159345e-01 3.121373820417303047e-01 3.294058096960159610e-01 4.329470722905643942e-01 4.833322531289779289e-01 4.339890392061600544e-01 3.613252852084267719e-01 3.505461375114145017e-01 2.525764951132141167e-01 3.225251664921245931e-01 3.782168331232440006e-01 3.794518635658537531e-01 4.054384553037251870e-01 3.273200777912240178e-01 2.866018126458445003e-01
7.625000000000000000e+03 7.220799515748616004e-01 7.296400711258934635e-01 6.054718030126412520e-01 4.977134323542625194e-01 4.636871550414930487e-01 3.368432822920588987e-01 3.025622424986602610e-01 4.172473563486936432e-01 4.469337543628735254e-01 5.172731562152477203e-01 4.220843464957215185e-01 3.306028817168678580e-01 2.437202172816319845e-01 3.365361209582367064e-01 3.832007638651157011e-01 3.752087050175940686e-01 4.019036858477366692e-01 3.093972967256818363e-01 3.021851802676103760e-01 3.852439195899334812e-01
7.629000000000000000e+03 6.455912224539633870e-01 6.430735094978534683e-01 5.704351996054120022e-01 5.776723008220032707e-01 5.304387285696378074e-01 4.075927867566735974e-01 3.780829362362017054e-01 3.299702711522633503e-01 4.049406559070194422e-01 5.518131150832117360e-01 3.787424519917353405e-01 3.216248002017843000e-01 3.612216654903548929e-01 2.856237026149305303e-01 2.527003313166209519e-01 3.360643390880959647e-01 4.562598268991522321e-01 3.858315381193089810e-01 3.473840515148977626e-01 3.560439396304617143e-01
7.744000000000000000e+03 7.774075591771152371e-01 7.092774454224410885e-01 6.611438547421819578e-01 5.647747984362342377e-01 4.816603804840101088e-01 2.804357117443433967e-01 2.015182798915405860e-01 4.238837273765767577e-01 4.627329814489294368e-01 4.364577128013863438e-01 2.721727035569613262e-01 3.533538406869813908e-01 3.408517695197861297e-01 2.059836044616381312e-01 2.607362315820197507e-01 2.615566227130239896e-01 3.402302828279929470e-01 4.662362948772859061e-01 6.208878944475691997e-01 3.346733980120697449e-01
8.102000000000000000e+03 7.542357945483728621e-01 7.354003118964432817e-01 6.908083354366149065e-01 5.893580711741228662e-01 4.618107213746155959e-01 2.417996191807338657e-01 2.713111267996436982e-01 4.012291102852856839e-01 3.495168013123153838e-01 4.778122915255314518e-01 3.444813015718383165e-01 2.251742903059867906e-01 2.621754263684161756e-01 3.386954435374409100e-01 5.744634478400657551e-01 1.787305937450238136e-01 5.171205785929080534e-01 4.001584123381259350e-01 3.010157510225107691e-01 3.361995136064300782e-01
8.103000000000000000e+03 7.615293509229618119e-01 7.543795783493902896e-01 6.441241211942029254e-01 5.184941110250437246e-01 4.145827861492185074e-01 2.957338544108649714e-01 3.627024351490278908e-01 3.378253683386768236e-01 4.409340223142638737e-01 4.725749371854794378e-01 2.639451316670887171e-01 2.480614846462819711e-01 3.277845408353786127e-01 6.014320450413104258e-01 1.815531950478759260e-01 5.129268487825245915e-01 3.979243340599121215e-01 2.854295606848387679e-01 3.559926948318177797e-01 3.110781955253445474e-01
8.104000000000000000e+03 7.810312687929655828e-01 7.098727563444755528e-01 5.759945202391445473e-01 4.729866094211009897e-01 4.622703531676043420e-01 3.899031056405397044e-01 3.117227521782595101e-01 4.273836706312929001e-01 4.378780467368924567e-01 4.614115087769476986e-01 3.000749837426480715e-01 3.200523908686213614e-01 6.004765270992576953e-01 1.961041041832924381e-01 5.380631344199233723e-01 4.073393040998350978e-01 2.929431352419640811e-01 3.483819622293020668e-01 3.397709652405821457e-01 1.599567200484114937e-01
8.292000000000000000e+03 7.581087996216988589e-01 7.013476200201991251e-01 6.008423636137417700e-01 5.723899887761879635e-01 5.030899953109054801e-01 3.468304973617373776e-01 3.206505121957362037e-01 2.917230366051675183e-01 4.201773952634798581e-01 4.714018804583909317e-01 3.528047183435624179e-01 2.669772235199681654e-01 3.130670970570232359e-01 3.082216744412052400e-01 3.530024592415431095e-01 3.452353779453156690e-01 4.128792353529364689e-01 4.882385695986296015e-01 3.778342927284756292e-01 2.624329167377025263e-01
8.293000000000000000e+03 7.362274603609697543e-01 6.723112159161753754e-01 6.345707494739484256e-01 5.671172662482426574e-01 5.112144852122527672e-01 3.539667096798980728e-01 2.794798237174491717e-01 4.152533379520867429e-01 4.446233715824414179e-01 3.909464289179576113e-01 3.119527999494246528e-01 2.952937548392692291e-01 2.973996474848630278e-01 3.683896014126958329e-01 3.498024872720781886e-01 4.082977987284294730e-01 4.840279691407260998e-01 3.571929531709241434e-01 2.765406052479207344e-01 3.257624724253992965e-01
8.308000000000000000e+03 7.735045204958158616e-01 7.645046386107161585e-01 6.476894819484173560e-01 5.827298431282680324e-01 4.585273084432955892e-01 2.761315261712007918e-01 2.485032050468803377e-01 3.324824916277624998e-01 3.883206348008787501e-01 4.994916811376571841e-01 3.490228262401183223e-01 1.912175915339065224e-01 2.263899384827003092e-01 3.433811437342886297e-01 2.636367220716787085e-01 2.338839461628849647e-01 2.241808030485316905e-01 7.050492113638531233e-01 3.127626687851877696e-01 5.922309156041363210e-01
8.309000000000000000e+03 7.866382432455654161e-01 7.092619341191040983e-01 6.351900195892630219e-01 5.127874545876275336e-01 4.413819141335595941e-01 2.699283958992481081e-01 3.023244325020781331e-01 3.713920089248844980e-01 4.609829783960784355e-01 5.292715403456096368e-01 2.124576548353348249e-01 2.030226202642619604e-01 3.150068747982835426e-01 2.615261471357867573e-01 2.252247608999601580e-01 2.107924441387995784e-01 6.647156135873759641e-01 2.811133001050539759e-01 5.961672940509927798e-01 4.611251387941268098e-01
8.376000000000000000e+03 7.508745955913860293e-01 6.986501449567977806e-01 6.496916295176804468e-01 5.647725417909379431e-01 4.492714374311143066e-01 3.270539487231014508e-01 2.705355808737540113e-01 4.004726281706046387e-01 4.466398250364462807e-01 4.527519958025720270e-01 2.678812982590027536e-01 4.273011311282288172e-01 3.854882609141209171e-01 2.926626610322664579e-01 4.002697304895627139e-01 4.047636943090658912e-01 2.784860632862621865e-01 4.530244192563168126e-01 3.696952363167398392e-01 2.039078545130612041e-01
8.378000000000000000e+03 7.405526804786355388e-01 6.835185702178957490e-01 5.612814095045337570e-01 5.432888304124801060e-01 4.592538822767215367e-01 3.864874429726581351e-01 3.863861929866407308e-01 3.981040377317162648e-01 3.901976356745313068e-01 4.758648428489742899e-01 4.329906535931737910e-01 2.715408921695783850e-01 4.108005932286010742e-01 4.363482665580413755e-01 2.844379641650905954e-01 4.527200731782046739e-01 3.532011098577309549e-01 2.065703982927589999e-01 2.517458352877129935e-01 4.093474511878242295e-01
8.379000000000000000e+03 7.138500081487549886e-01 6.271241216049036060e-01 5.998285639516101053e-01 5.170980591734015697e-01 5.388581290514830036e-01 4.130082832696807538e-01 3.614498651278674202e-01 3.781844199441875554e-01 4.405261067808861064e-01 4.389436752685009768e-01 3.332388434101885566e-01 4.069094883030578980e-01 4.420767090799712085e-01 3.117579819638038319e-01 4.817989138824806949e-01 3.668393515367777691e-01 2.151361385463566311e-01 2.499649064274441224e-01 4.543306609730718981e-01 2.460837469070747685e-01
8.381000000000000000e+03 6.785572304034249713e-01 6.203808510440426138e-01 6.330465155690842005e-01 5.995356402078972913e-01 5.202089247715957487e-01 3.477926525429173021e-01 3.617115584661410033e-01 3.601784212789745365e-01 4.224482589805770849e-01 4.771835735297683678e-01 4.903445348898043954e-01 2.856392858810838375e-01 4.883178642275996517e-01 3.905177082812823497e-01 2.169703189689946854e-01 2.467433532793158468e-01 4.286741707173341576e-01 2.466389424300333422e-01 5.060948361916252081e-01 2.354563419811634417e-01
8.382000000000000000e+03 6.459460463642745509e-01 6.891021682821494299e-01 6.460616078437918519e-01 5.687833837122271419e-01 4.965851979308771313e-01 3.771463406168103494e-01 3.187848580800205500e-01 3.958318638053801020e-01 4.282344138512621523e-01 4.621750857985522654e-01 3.625615863657957183e-01 5.002325269939389418e-01 4.092584665247124276e-01 2.460063548524703547e-01 2.715856805431742238e-01 4.604494431620647088e-01 2.656800541240821878e-01 5.196945774234330573e-01 2.693383544330533730e-01 1.923818408881556585e-01
8.900000000000000000e+03 7.014438889078680184e-01 6.806081597097356495e-01 6.319257616748813478e-01 6.185108139091625157e-01 5.321415426081883560e-01 3.395105207588105523e-01 2.961693494950883854e-01 3.211298977812233058e-01 3.876168688925182293e-01 4.771500714661036091e-01 3.595271195860323954e-01 3.088002951011342700e-01 3.239466620686037301e-01 3.839653275381725295e-01 3.218707687005585849e-01 3.839292651155974401e-01 3.419903897392111425e-01 3.909629162097480459e-01 3.253853788478353048e-01 3.468237390264976572e-01
8.901000000000000000e+03 7.042936846672099849e-01 6.898894193181431822e-01 6.666900923481808849e-01 5.826709343742827452e-01 4.914768068489569486e-01 3.134404322338480431e-01 2.883653201339554939e-01 3.653868468184760521e-01 4.310407052705488851e-01 4.717710553966472098e-01 3.625070857865644314e-01 3.070069733058141126e-01 3.721946578967965658e-01 3.374868415014862788e-01 3.908807098460343465e-01 3.398158213874326594e-01 3.894364527317518698e-01 3.090637071273942271e-01 3.679334528382913749e-01 3.173388587979952824e-01
9.164000000000000000e+03 7.361101156829062964e-01 7.323260745199986488e-01 6.243701216969913537e-01 5.506792298212916936e-01 4.355983928416803375e-01 3.708159488776090473e-01 3.746963557661122102e-01 3.303397334161506382e-01 3.578016156661369407e-01 4.791412077600738506e-01 4.715363666691905764e-01 3.044767652444502204e-01 2.973187607988769798e-01 2.565012698853151307e-01 4.046427858444987535e-01 4.222317118419541826e-01 3.743838058539787905e-01 3.362268424389173171e-01 3.259444917765764727e-01 3.085528636758907428e-01
9.165000000000000000e+03 7.610531388377879125e-01 6.910828815332725750e-01 6.085478623809017495e-01 4.948456551422803495e-01 5.269714384647385952e-01 4.029386761464613942e-01 3.063990049040963837e-01 3.493538059785136207e-01 4.462188356995704930e-01 4.152111218307801832e-01 3.668612821729140272e-01 2.892179265545453126e-01 2.552887927608167296e-01 4.354990320752455402e-01 4.412240132651182867e-01 3.817997766573026364e-01 3.437531283802600646e-01 3.177674056982798256e-01 3.357170483346442746e-01 3.272940170654936587e-01
9.192000000000000000e+03 7.803271297891147817e-01 7.345261991104808930e-01 6.575802434188149359e-01 5.658213479448402916e-01 4.751074106966585719e-01 2.899283182889589305e-01 2.771574825986056201e-01 3.323050733730489870e-01 3.636487124776897617e-01 4.916042764928905684e-01 2.603656409491197921e-01 2.363217305036529048e-01 3.341854298037954529e-01 2.869432515340863410e-01 2.307033323801027658e-01 4.321134934199787891e-01 6.176204566967452569e-01 3.742036192467612654e-01 3.586867769982090004e-01 3.211017386259337747e-01
9.193000000000000000e+03 7.699107385926707847e-01 7.312273898439972664e-01 6.307541301815786650e-01 5.417743025896009090e-01 4.654669833166039661e-01 3.133051376430069923e-01 3.166160076761542208e-01 3.651683903373712514e-01 4.705980858372959541e-01 3.904873709237676738e-01 2.755579415259417075e-01 3.145281478253175167e-01 2.762838850911060740e-01 2.401849578974753208e-01 4.369380934213233925e-01 6.094178966975030143e-01 3.701803157343432904e-01 3.383560988381478785e-01 3.381353212496596150e-01 2.645572441780718598e-01
9.209000000000000000e+03 7.443937833890125200e-01 7.028176806222036221e-01 6.629914878467252359e-01 6.146435120158739718e-01 5.056483945235321631e-01 3.272170515788229705e-01 2.647780189484073010e-01 2.682735629056776094e-01 3.898249650926195464e-01 4.827478837283421531e-01 4.814601522724681337e-01 3.501732649663756858e-01 4.716810064851142403e-01 4.857696460758713086e-01 3.508484285628091781e-01 1.565896168417734713e-01 1.048334499352607529e-01 3.083704644847128917e-01 4.477108385329880980e-01 3.820096264921360452e-01
9.210000000000000000e+03 7.325421364542434866e-01 7.285438731664550804e-01 6.708216480329001197e-01 5.641736558193332085e-01 4.890267670851965454e-01 2.912267141509166657e-01 2.534473366728963173e-01 3.786706098880847637e-01 4.489076629768649074e-01 4.372241519847681612e-01 4.038230579401537179e-01 4.391290412485831518e-01 4.625496033140008567e-01 3.614062969805109660e-01 1.564821209586005346e-01 1.023642226802766592e-01 3.017637313827506995e-01 4.178018183270651442e-01 3.983605559695695963e-01 4.546466157010144449e-01
9.295000000000000000e+03 7.418371897068071208e-01 6.923160386041279368e-01 6.214647550839963452e-01 5.832897803698324779e-01 5.142341155805537634e-01 3.874560592791625457e-01 3.216632338126877988e-01 3.031329433652572569e-01 3.909222688790919276e-01 4.185267168903513690e-01 4.684448116534907225e-01 1.927936186283524811e-01 2.774835327345950842e-01 3.357691031500915080e-01 5.322151497930693864e-01 5.696576743112984342e-01 3.004891521819318956e-01 2.762189048126895141e-01 3.120173579446850476e-01 2.476589018263053443e-01
9.296000000000000000e+03 7.203267447461716433e-01 6.848804113376117941e-01 6.373680633154817921e-01 5.702213046796258400e-01 5.377338586244966301e-01 3.455321181521920915e-01 2.796695722846624932e-01 3.761613710790908671e-01 3.752334987432000557e-01 4.641167348517857283e-01 2.265258282652359845e-01 2.631301854584767730e-01 3.256828123716101198e-01 5.584357940173385604e-01 5.803861832008174737e-01 2.987531765587322363e-01 2.753005787559545392e-01 2.965274428814196894e-01 2.622339023228103527e-01 3.956282006543575536e-01
9.297000000000000000e+03 7.180249761930080910e-01 7.056348730119281765e-01 6.295080593258384205e-01 5.988652569062442588e-01 5.071535712460131240e-01 3.092073805484576443e-01 3.467515674928282055e-01 3.683214621964659430e-01 4.323476170092405146e-01 3.721745517594841068e-01 3.034778201908580608e-01 3.032134700451571407e-01 5.317063139631970081e-01 5.979606794271455916e-01 2.987554170604609927e-01 2.687413821427278582e-01 2.901684265448690181e-01 2.446701790948351551e-01 4.126344744738741910e-01 2.711889343991220613e-01
9.377000000000000000e+03 7.156917290171004309e-01 6.513143721149320386e-01 5.726205828456444324e-01 6.286239270354195829e-01 5.547275842211554231e-01 3.716285166788028116e-01 3.083722489544232781e-01 3.258358241443611303e-01 3.991957348211092049e-01 4.668827969284534696e-01 4.067288169680147725e-01 2.645762107089025816e-01 3.224877078000642494e-01 5.881468846448445476e-01 3.954447769586982853e-01 3.731757026568890967e-01 3.047085554440095989e-01 3.263780211251265384e-01 2.992276584940186113e-01 2.445721928691680647e-01
9.572000000000000000e+03 6.993025885337957881e-01 6.969731248147617020e-01 6.202147975034529859e-01 5.433654879557368034e-01 4.702687022405093731e-01 2.869725310636501159e-01 2.810870587928043229e-01 4.535237104582797718e-01 4.804109132789135539e-01 5.207163287660810935e-01 2.858606374300388109e-01 3.108918356732874311e-01 3.779633172534373475e-01 2.936649570134891585e-01 3.504866435639018007e-01 2.193860797318107625e-01 1.894860260177562983e-01 4.667687474337791076e-01 4.878296490038311894e-01 4.790325072338592616e-01
9.794000000000000000e+03 7.600417269934612863e-01 7.296360104226746746e-01 6.102362361904526411e-01 4.958820107062988369e-01 4.119181376457473065e-01 3.920161938532257806e-01 3.678540719902175793e-01 4.133181056389450547e-01 4.159419100815844872e-01 4.224165879433497417e-01 3.813547297589565677e-01 4.163228725132692709e-01 2.998227648941478307e-01 4.119693625541190896e-01 2.888349927564347608e-01 3.981224568517779394e-01 4.323798118512609534e-01 3.453961286153776622e-01 2.562742325502783136e-01 2.705414801764083887e-01
1.003900000000000000e+04 7.224669022077824243e-01 7.202113276343499182e-01 6.302768547484390860e-01 5.974640766443038986e-01 4.976609977861130019e-01 3.233337423735452854e-01 3.136674449953462673e-01 3.219278491060463820e-01 3.978705989251926090e-01 4.575990175862535425e-01 5.123488071450034154e-01 2.193865595497925813e-01 4.234353812627788538e-01 6.012651625015731360e-01 3.398778460572467464e-01 3.521876518164709369e-01 1.670665303708599447e-01 1.714499630803117403e-01 3.337945678634742785e-01 4.236144896379994140e-01
1.005900000000000000e+04 8.101627664478741053e-01 7.370555588341758391e-01 6.447607820772723874e-01 5.791769823917423121e-01 4.580090008434208881e-01 2.470331225529770469e-01 2.651920851079723196e-01 3.859759541853724496e-01 4.040680963846045581e-01 4.413606072647873191e-01 9.950769023532898827e-02 3.208699848753100436e-01 3.221348130922794262e-01 3.067610241390817394e-01 3.197295404215472203e-01 2.151701851110792152e-01 2.616311998742111844e-01 8.217640932474049587e-01 2.408602516798446225e-01 4.984187023464320410e-01
1.006000000000000000e+04 7.736991265786854477e-01 7.200099981659394688e-01 6.454475645747852486e-01 5.261625195338354155e-01 4.304655192003424835e-01 3.030352139435498748e-01 3.633619189537478089e-01 4.058065316141647449e-01 4.180876908785716717e-01 4.150235605776448344e-01 3.479084425772515088e-01 2.819602069333487226e-01 2.746540157895946410e-01 3.095996868932848201e-01 2.021810721465078231e-01 2.400941357816709920e-01 7.562379771967910891e-01 2.112297892760476303e-01 4.893611754542154801e-01 3.563451072620790194e-01
1.010700000000000000e+04 7.258991618136924062e-01 7.006737699193025248e-01 6.158040442516344859e-01 5.701152613606054187e-01 5.050373186443398721e-01 3.413424616085923846e-01 3.226892205690882198e-01 3.778114967363175869e-01 3.826875508049328856e-01 4.544629666835291459e-01 7.248118971279887690e-01 4.346688588020544142e-01 3.322616285141564707e-01 3.076458469101296389e-01 2.504738377215464107e-01 2.088672074637562270e-01 3.464282418839464972e-01 3.967542511295636398e-01 4.106099662643371562e-01 1.592735740125125199e-01
1.013200000000000000e+04 7.479478936146840562e-01 6.999531167486530148e-01 6.042392648225124452e-01 5.392365869052351268e-01 4.991457159882325967e-01 3.795990897356568694e-01 3.080624019012007664e-01 3.889973513977194042e-01 3.811474154040523366e-01 4.521125103217574215e-01 5.033680409389396093e-01 3.642902776547348176e-01 2.048102705375534627e-01 3.753749767591772479e-01 3.317687225310445021e-01 3.293778191212881623e-01 4.529231244613036722e-01 3.215213916156660634e-01 2.758685859484987790e-01 3.489446665099709133e-01
1.013300000000000000e+04 7.341271007263576731e-01 6.748416062492971212e-01 6.010052721464084202e-01 5.623072158206641191e-01 5.382500359038956406e-01 3.402767086780565942e-01 3.599546800476203234e-01 3.768817071231981286e-01 4.223513871406428533e-01 3.866355985178919763e-01 4.242604879470635582e-01 1.925999116143455869e-01 3.610180059974473221e-01 3.451372517093194148e-01 3.326814048262071166e-01 4.464922277707624731e-01 3.177571033053346872e-01 2.599615593872937058e-01 3.672934756714431037e-01 4.439908054226068823e-01
1.040000000000000000e+04 7.703806242525840231e-01 7.378055485523216106e-01 6.563770254031289220e-01 5.497550023159457622e-01 5.244577294133063727e-01 3.183515979484200509e-01 2.806052592537905954e-01 2.762188583465415292e-01 4.148015485798388080e-01 4.294392293997841281e-01 4.867285754005197806e-01 2.857278718714080235e-01 3.204098922681329897e-01 3.197706640912279519e-01 4.017587572661600603e-01 4.078913054572991803e-01 3.028264699965864670e-01 2.535202385609865439e-01 3.564551637217909241e-01 3.748558397803130604e-01
1.057300000000000000e+04 7.551863479604796758e-01 7.129244790841463564e-01 6.293565237668456991e-01 5.501981744975577016e-01 4.764676095806737455e-01 3.200584472663267621e-01 3.558232564509302143e-01 2.949413541501957892e-01 4.335436091334938791e-01 4.613196692135825838e-01 4.575223137338763624e-01 3.250589109879239436e-01 3.281237285475597232e-01 2.799997487357279158e-01 3.215900610969372742e-01 3.000728231029520243e-01 4.228436893561661747e-01 4.545122289714589869e-01 3.060632919146489828e-01 3.029775865415287872e-01
1.057400000000000000e+04 7.456227156362233988e-01 6.990068448895374598e-01 6.110753584751332790e-01 5.388267011941001439e-01 4.868137755741162587e-01 3.875072393283024996e-01 2.802970928714769716e-01 4.257288927038148096e-01 4.312705028612498492e-01 4.061131743347530798e-01 3.833244892492182476e-01 3.123851600445200494e-01 2.727173037352209062e-01 3.387342418179481451e-01 3.068597460186322512e-01 4.220516360654286148e-01 4.547974160231209595e-01 2.920366084810595564e-01 3.226014957482715717e-01 3.766034574077578578e-01
1.057600000000000000e+04 7.058184743412967421e-01 6.594605580196639671e-01 5.996984649471264195e-01 5.961520990127497921e-01 4.689573681390140636e-01 4.093650908946194766e-01 3.757060624870274812e-01 3.516203951326824506e-01 4.209355221390224111e-01 4.263487756060460043e-01 2.844599382771674234e-01 2.917370625362469272e-01 2.923900518747341026e-01 4.224501407032509870e-01 4.313636197711376852e-01 2.709744062610016102e-01 2.861269928142500252e-01 3.559529650899537767e-01 3.985761582573819628e-01 4.377872821992637720e-01
1.062500000000000000e+04 7.432971692558978383e-01 6.910478395580619271e-01 6.157114935189502702e-01 5.853160439518754199e-01 5.319848720864230884e-01 2.768931983366633709e-01 3.017644631642401598e-01 3.968691543629521146e-01 3.871113667231739774e-01 4.613139220528031381e-01 3.499331293132171283e-01 2.834677782528166046e-01 3.417140551903611323e-01 3.534432677459450334e-01 3.302338426748114286e-01 2.949747977015825806e-01 3.355499012040740192e-01 3.996738421202466474e-01 4.231492261497705187e-01 3.700973200331479362e-01
1.062600000000000000e+04 7.230046454646736898e-01 6.832927285093843839e-01 6.435245677123928587e-01 5.922150669227679298e-01 4.478526502121179531e-01 3.304245200058577026e-01 3.630552632925001522e-01 3.783950506228767607e-01 4.279920369154594506e-01 4.157977855301285275e-01 3.345614527053553111e-01 3.255687378601390125e-01 3.444539953126224407e-01 3.481086420860941000e-01 3.018742707811077342e-01 3.351964571069021570e-01 4.002348123809932323e-01 4.040840355740399903e-01 3.948689750945054699e-01 2.952521748167616922e-01
1.067000000000000000e+04 7.463722492022397681e-01 6.903099227503727287e-01 6.130273947805796597e-01 5.723923540602742221e-01 4.837355871463214219e-01 3.054583365237442116e-01 3.393004845891085530e-01 3.935655972295182270e-01 3.941749836542961516e-01 4.641981884186662799e-01 4.326089550320682542e-01 2.665185284318781211e-01 3.389563993918780493e-01 3.280284296666454158e-01 3.470977268986914499e-01 3.067278017202961227e-01 3.736190413248184350e-01 3.092125053832621151e-01 3.479910738170935991e-01 4.409126032669681838e-01
1.067100000000000000e+04 7.201945461824282857e-01 6.783810527886708908e-01 6.285003751973414765e-01 5.415795887757051119e-01 4.698691824758287616e-01 3.655338065365886235e-01 3.576020766868244216e-01 3.819143138328466303e-01 4.277602619182710453e-01 4.477874591434181095e-01 3.100110439759363734e-01 3.182650207290564914e-01 3.150687380644997537e-01 3.605895894376939248e-01 3.093588984455673541e-01 3.678143733659010595e-01 3.051680654295213513e-01 3.274898750485943921e-01 4.640468419606040840e-01 3.963586913780369758e-01
1.067200000000000000e+04 7.030904780772296858e-01 6.874420025589034200e-01 5.917813782787572086e-01 5.212890581073111873e-01 5.145766208487467797e-01 3.764260341409952915e-01 3.403631862199626990e-01 4.049416622420410894e-01 4.004943701206249429e-01 4.870790620758187472e-01 3.563506531703909963e-01 2.847866696246988960e-01 3.333909653173731114e-01 3.093474507819480857e-01 3.571619514098073878e-01 2.892141535284630804e-01 3.111338663296774887e-01 4.204503006050444025e-01 4.013754925144598085e-01 4.128471266362987446e-01
1.067300000000000000e+04 7.176264601170992963e-01 6.574543756755485413e-01 5.782201630583257979e-01 5.726102541618486308e-01 5.303940225921345286e-01 3.667665484507519613e-01 3.672883186158107383e-01 3.881239913064785108e-01 4.528816949596846109e-01 3.840126718407278483e-01 3.251636741997424584e-01 3.072911421459886827e-01 2.916740855485074335e-01 3.642332851619909939e-01 2.863186287727083612e-01 3.006837046514062028e-01 4.073383850643909621e-01 3.708095235043918914e-01 4.263995112031082058e-01 3.922599100922063431e-01
1.091900000000000000e+04 8.037572168660744865e-01 7.199018390870748352e-01 6.380788662665382027e-01 5.675736923648858623e-01 4.441829047362911287e-01 2.691516162789279187e-01 3.367661940341155069e-01 3.423864090400804971e-01 3.830287092745935928e-01 4.706356750685558588e-01 5.259442693150915282e-01 2.434779898095671968e-01 2.916387269519936654e-01 3.528682668334012229e-01 3.593642331540576884e-01 2.798166754558039093e-01 6.012533341460225556e-01 2.599438997535829521e-01 3.115516738721263446e-01 2.916852396753141230e-01
1.092000000000000000e+04 7.548865452864590431e-01 7.105311884715970194e-01 6.311199152705375681e-01 5.094043030808290684e-01 4.464040974683927132e-01 3.717551137280327156e-01 3.234519985457648406e-01 3.817065670938836752e-01 4.457233658094323925e-01 4.406824792160543569e-01 3.004340791116660303e-01 2.904766107945762066e-01 3.594787523045048783e-01 3.959977304036317869e-01 2.993486146122588676e-01 6.276746765489439328e-01 2.721411950263007418e-01 3.109957410417217294e-01 3.248233748342719274e-01 3.021756193365433552e-01
1.099200000000000000e+04 7.442344195128898221e-01 7.176733986016582412e-01 6.382490418649607866e-01 5.797226640839718836e-01 4.900833416418204913e-01 3.334498323952398979e-01 2.769985602218131837e-01 2.847419483776094662e-01 4.125982822237864167e-01 5.054547628138367221e-01 4.047312476539455806e-01 3.027120737370325720e-01 3.420317453721225531e-01 4.081140047235864432e-01 4.829130383183148356e-01 2.127020262244447568e-01 2.333439345847228286e-01 2.428828923922686789e-01 3.652012490614354179e-01 5.042241120570670754e-01
1.099300000000000000e+04 7.499386007426612766e-01 7.076671067121381720e-01 6.400522329652044151e-01 5.523081750354851271e-01 4.980512242575042547e-01 3.079016644766081057e-01 2.715681075219620322e-01 4.055556495550643459e-01 4.791136416076723359e-01 3.923182822125121927e-01 3.342010514724029213e-01 3.048362612286274476e-01 3.720442200079627226e-01 4.762925344627667035e-01 2.035166576884650247e-01 2.180388061285711832e-01 2.274968458580883257e-01 3.262296618769890966e-01 5.040868587934232981e-01 5.161714465791815698e-01
1.231800000000000000e+04 7.620424945461466981e-01 7.351723531135914147e-01 6.340882272598398206e-01 5.341918662973872411e-01 4.415479715660206028e-01 3.114266050779689321e-01 2.924232757135016847e-01 4.227571074184684474e-01 4.086640442687565211e-01 4.652042380230684282e-01 3.852397703845368282e-01 2.235899283879437816e-01 1.813114709460970642e-01 4.012786868985105393e-01 3.764072460646414875e-01 3.505335187424699628e-01 3.070771595144354826e-01 3.898177958891168582e-01 4.095143320029882017e-01 4.494592609243682757e-01
