9.320000000000000000e+02 6.156905504946211805e-01 5.770077595096473333e-01 5.634144351519136951e-01 5.764546219832075158e-01 6.507988819861917351e-01 3.821423816687396502e-01 2.804696530943704413e-01 2.985315663406648556e-01 4.867754413484116638e-01 6.308433618155526723e-01 2.830693221399145365e-01 2.498324782367706831e-01 3.438869950988578950e-01 3.991480308343118288e-01 3.608280758520672760e-01 4.242001326604453726e-01 2.644418142401346872e-01 2.303075814627153495e-01 5.846677726093144623e-01 3.410718202561069945e-01
9.360000000000000000e+02 7.742497325819212017e-01 6.350794059902687971e-01 5.058763914476919199e-01 4.460160601725448037e-01 5.108143144912677958e-01 4.514237941175482383e-01 3.764457394741203000e-01 3.001490824448331263e-01 5.038731850952299363e-01 5.554899477594859025e-01 4.309773393720225942e-01 4.394233221566776759e-01 2.872531702763615469e-01 2.570301500848114484e-01 5.911651328713226627e-01 3.593138096217096122e-01 3.145194754112059510e-01 2.987276176682505113e-01 2.846470118319577858e-01 2.479726069253785914e-01
1.218000000000000000e+03 3.675685316808199321e-01 7.222837415800584804e-01 6.508987487764137381e-01 6.270270805948413573e-01 6.232015951308615964e-01 4.130348069249568099e-01 3.373780856655746452e-01 4.048953182601794376e-01 4.445126869958053728e-01 4.792044854946816979e-01 3.714893943034021095e-01 4.144040291188115788e-01 3.724623247752807953e-01 4.757652318691587001e-01 3.455135979552324543e-01 3.086605134179745691e-01 3.438292792374663120e-01 3.028522616011240509e-01 2.456003203834948023e-01 3.297417258108772398e-01
1.265000000000000000e+03 7.685096675426420498e-01 6.452848716812659147e-01 6.022328652805624127e-01 4.701917642037098943e-01 4.984869145785320588e-01 3.836115723982463921e-01 2.489210693101231442e-01 3.765001262872558763e-01 4.722785958269091755e-01 5.834964899484992307e-01 4.207662662374211937e-01 4.284662586452333000e-01 2.838811603239946302e-01 1.743654381353753891e-01 4.559577633185131207e-01 4.087627114992875010e-01 3.208051078843981441e-01 3.113496423975332106e-01 3.102763555321497169e-01 3.719579161816390922e-01
3.961000000000000000e+03 4.145862413928005363e-01 7.541660567668526660e-01 7.099533264876383143e-01 6.478855823244089596e-01 5.236898267254731509e-01 3.181950081105351935e-01 3.100309210579709207e-01 4.241463113334866808e-01 4.377409336421628772e-01 5.207626617105226563e-01 4.019475039121710447e-01 3.613170475420093286e-01 3.247497096193777688e-01 5.135203148733900047e-01 3.951086978558214780e-01 2.827559580053400357e-01 3.147657806182416751e-01 2.878973041012964362e-01 2.379713296870057393e-01 3.914188689778422270e-01
4.718000000000000000e+03 6.787147785598209859e-01 6.251685059407620093e-01 5.776987977691782072e-01 5.642755171594804331e-01 5.280994664627621793e-01 3.982245932351840545e-01 3.264773224447206079e-01 3.657511911067058419e-01 4.715864103963805509e-01 5.138689962807870826e-01 3.749505232647840636e-01 2.460189024067745422e-01 3.055168366888428855e-01 3.463281588158919622e-01 4.966981811183218687e-01 3.888546671136808852e-01 3.675078152155503708e-01 3.221809649757930161e-01 3.660017548273167831e-01 2.809039380056980728e-01
6.130000000000000000e+03 5.195742679116115426e-01 5.506248397838913178e-01 6.732865506180001347e-01 6.869473020780865191e-01 6.042193380971423444e-01 4.103623854084843536e-01 2.962484645595474531e-01 3.070495087767015630e-01 4.014843122301725575e-01 5.922660490816458179e-01 3.965695845939931075e-01 3.394378287142283956e-01 5.028558306358771324e-01 4.446066100910703311e-01 4.150317507807781969e-01 2.780781459534004685e-01 2.182985370756661270e-01 2.242008825537499528e-01 1.749699793986833340e-01 5.165445940487048970e-01
7.045000000000000000e+03 6.587335524336815906e-01 5.753835789253974875e-01 5.961697910592000937e-01 5.807473121825873497e-01 4.963769538566466522e-01 3.800270761221875016e-01 3.096331937558827185e-01 3.701092238442637017e-01 5.714062494485701027e-01 5.498251531804490000e-01 3.479387627624396795e-01 2.272889862943286154e-01 3.831815284912911124e-01 6.125365404938104552e-01 2.222483440690947998e-01 3.408135964771263904e-01 3.050755500202216308e-01 2.702491216376263772e-01 4.357600003203723760e-01 3.623784604193821535e-01
7.630000000000000000e+03 6.609695724539512707e-01 6.203805517413896187e-01 6.177291583844821687e-01 5.721516577719315544e-01 5.405671401661694686e-01 3.855510800203759136e-01 2.855215418127313720e-01 3.696070833640796582e-01 4.993670598899707103e-01 4.971465471186859442e-01 3.738634184439062480e-01 3.389773002854856720e-01 2.742104043161927018e-01 2.623308615573932689e-01 3.387778562213124012e-01 4.489065397913627464e-01 3.805700820117164374e-01 3.267352992660000344e-01 3.740820512271665343e-01 3.588096966728305803e-01
7.748000000000000000e+03 6.802928856486230025e-01 6.154701721400238634e-01 5.044677606817620230e-01 6.023197016686695493e-01 5.610858440356534249e-01 3.603633758963436517e-01 3.296041808227756498e-01 3.802652902867394991e-01 4.938831025281979481e-01 5.336893901799639739e-01 2.688568870198075333e-01 2.338055023820756473e-01 3.189385703847847364e-01 4.492425944802028170e-01 5.420235691419174051e-01 3.042633112728708733e-01 2.946901425425378918e-01 3.113364477474429015e-01 3.777424385909099458e-01 3.786364865662857904e-01
7.759000000000000000e+03 7.201446715043422486e-01 6.703578742595024398e-01 6.151010637478963039e-01 4.435577918819216814e-01 4.435757721878260118e-01 5.126387057954201465e-01 3.104677756066679950e-01 3.146119326588435738e-01 4.362006978684472291e-01 5.858208091858997379e-01 3.627593675808675755e-01 3.168280063864070684e-01 3.541582095430889088e-01 3.694368528254108330e-01 4.591449630804801951e-01 5.000442513911012021e-01 2.191942650038249674e-01 2.064776157366811082e-01 3.127490078422852093e-01 3.951108747264551746e-01
8.106000000000000000e+03 6.641734014660729546e-01 5.855615764571165949e-01 5.658215082828951248e-01 5.883885844517990904e-01 4.861265247489034991e-01 3.992422961344160304e-01 3.695396543829699287e-01 3.953088408359059502e-01 5.135205706020088412e-01 5.108943808101326089e-01 6.189304235128232357e-01 1.669821192526363129e-01 5.068103801728242042e-01 4.029801223032994928e-01 2.745317288413540169e-01 3.195135943893236963e-01 2.978669896822592200e-01 1.481650747978784932e-01 5.293916451644389287e-01 2.947665584595836052e-01
8.109000000000000000e+03 6.709227886087816284e-01 5.946415621560541265e-01 5.910616003607565005e-01 5.316854210736141617e-01 4.649186441593743946e-01 3.837894656848840902e-01 3.297254007144774235e-01 3.648192452042455791e-01 5.739273322934727029e-01 5.956554786103792631e-01 4.937009155272467642e-01 3.006046661336211345e-01 3.757312058583984760e-01 3.590677488453275501e-01 1.697910690561340308e-01 5.654038241909179474e-01 3.358955991439767641e-01 3.260241758317639071e-01 3.541670590471049374e-01 2.396562050202223348e-01
