9.110000000000000000e+02 6.714800172804240574e-01 6.147163709533746134e-01 4.853273593614459425e-01 6.064053322958554704e-01 5.616559597972038409e-01 3.553526904341584025e-01 3.360757223332663801e-01 4.922436746135537833e-01 4.313095898566129405e-01 5.149283265452274660e-01 4.101341679342311308e-01 3.495160066204224258e-01 3.846568471014160662e-01 3.427537421160130049e-01 3.369057724892965400e-01 4.152436522792062323e-01 2.427330392149039673e-01 2.961279858687954070e-01 3.825697894578284908e-01 3.442082096018292403e-01
9.380000000000000000e+02 5.958484111521475945e-01 5.559595112612076839e-01 6.104613806516684393e-01 6.374271735093987035e-01 5.382131437645105709e-01 2.881068271016802296e-01 4.181986775565705861e-01 4.881135380548462521e-01 4.491774767101584520e-01 4.949119164777123214e-01 3.107223620166245093e-01 2.296256351851551358e-01 5.841661635733511604e-01 3.729067665965146716e-01 3.092952399645933492e-01 2.874602883311544455e-01 2.618140380964678604e-01 2.423017830495075020e-01 5.927460622990611272e-01 3.122240750111838770e-01
9.940000000000000000e+02 5.084460729833175652e-01 4.506304197102720677e-01 5.518624043766974241e-01 6.413779030599887632e-01 5.775391961962027532e-01 4.847778119094864890e-01 3.920866346622727261e-01 3.945228987603622284e-01 5.857800924445382140e-01 5.554891291581484092e-01 2.399825456829188242e-01 1.379991179713039862e-01 4.615350631294700134e-01 6.015608959191115490e-01 2.855126180783942869e-01 2.524544399921386795e-01 4.982074730849472832e-01 3.343594977571315296e-01 4.432270849244921429e-01 2.398867980937556821e-01
9.950000000000000000e+02 4.630898214769815779e-01 5.834727157411973009e-01 6.616653819603151021e-01 6.001835670425103020e-01 5.870566943265328463e-01 3.772491323046396894e-01 3.173228901126688428e-01 5.149124820750908826e-01 4.753869983503226093e-01 5.286712957091920240e-01 1.681965711633336136e-01 4.536318030088667963e-01 6.046586533671651775e-01 3.105245888046387348e-01 2.665555522150813150e-01 5.134005489295829783e-01 3.454666499137424296e-01 4.366809966863999248e-01 2.632720266385018548e-01 1.216415083343464348e-01
1.217000000000000000e+03 4.650487419186480342e-01 3.497748066848265780e-01 6.932472013943369316e-01 6.315036358478713918e-01 6.054608461028953004e-01 5.286040412369336083e-01 4.289342096847678087e-01 4.200064371497516102e-01 4.715335872405683748e-01 5.285057592967914442e-01 3.911632842400550314e-01 3.152393620029803056e-01 4.356199308063917752e-01 3.827640623415520804e-01 4.519539083186899231e-01 3.380869815519977339e-01 3.094332762707087126e-01 3.438467458458668302e-01 3.176205204814904204e-01 2.313236373144538505e-01
1.266000000000000000e+03 6.759002742160957755e-01 6.655686395800023414e-01 5.255538738308377367e-01 5.541949504580103714e-01 5.342079483762348646e-01 2.719747648790581951e-01 3.407929368873011677e-01 4.532594786658268315e-01 5.544984280360404361e-01 5.054461156301203184e-01 5.143063279426631773e-01 2.751652281854983784e-01 1.730077569419788686e-01 4.889860080160265965e-01 4.256206381928391846e-01 3.260112551337425724e-01 3.171880460637768739e-01 3.014108644864720854e-01 4.037205004087771609e-01 2.992778184194975766e-01
1.267000000000000000e+03 6.877410841804457720e-01 5.819205706824329694e-01 6.006628633914524729e-01 5.820926434641329195e-01 4.314095748652878592e-01 3.552623706615055665e-01 3.958498053688890295e-01 5.205035521338805538e-01 4.579630547847513555e-01 4.667966597250735594e-01 3.372049980643691547e-01 1.712289604519633968e-01 4.946664686253250953e-01 4.658565196742333603e-01 3.464332849720951346e-01 3.289885304075997330e-01 3.134058833279053657e-01 4.002740792526676694e-01 3.310919938209964664e-01 3.123325286065330997e-01
1.599000000000000000e+03 4.216715746888076710e-01 3.095462357511792328e-01 6.760181537396828810e-01 6.867937259914836945e-01 6.015287404375336822e-01 4.304999734061177308e-01 4.318446625170536679e-01 6.064471777621937010e-01 5.356616815231715067e-01 4.703936558937908963e-01 4.176812030666585684e-01 3.763131341107951999e-01 3.681538048950279141e-01 4.249795250446580797e-01 4.783288483849256756e-01 2.470742134514609945e-01 3.122763500171895634e-01 3.499617524529071155e-01 3.217114406723003417e-01 2.282653578436777131e-01
3.847000000000000000e+03 5.793641484111424766e-01 5.193217246999795034e-01 4.490939904373990599e-01 5.955298421016741450e-01 5.935936755070602144e-01 3.326114369567655937e-01 3.886423355000908075e-01 5.621960706242650208e-01 5.786275643734173357e-01 5.603575272247915962e-01 5.271820515143967878e-01 2.763590027064623533e-01 1.834315323706148804e-01 6.008688841677979342e-01 3.897949985011169294e-01 2.910538868968640669e-01 3.056783168227203973e-01 3.584221205028877977e-01 2.020733451759752775e-01 3.923816721512272121e-01
3.848000000000000000e+03 5.438643398777576188e-01 4.992290864777203518e-01 6.343220570201125730e-01 6.343235931393437221e-01 4.758140518577253508e-01 3.949768975755681422e-01 4.785622930127128583e-01 5.333861545159328532e-01 5.071640591230106576e-01 4.144071021579228131e-01 3.313055826252484515e-01 1.775698322732844336e-01 5.946025600958708690e-01 4.173739120544119330e-01 3.025470667480615883e-01 3.101660326167244852e-01 3.645685285678306187e-01 1.959920155763345273e-01 4.253556627256583900e-01 3.832490734952383460e-01
3.960000000000000000e+03 6.026060446624351696e-01 3.874578434807339766e-01 7.125906784417113116e-01 6.784154742290668949e-01 6.132758568493499318e-01 3.961089490845806083e-01 3.194309803118197677e-01 3.691817737577254843e-01 4.727262577635333862e-01 5.047621691681039025e-01 3.036020254054571099e-01 3.567807871990695823e-01 3.972610366335503906e-01 3.490672746079421795e-01 5.102034692092122237e-01 4.043486148787509005e-01 2.965080448971986193e-01 3.292630954662173481e-01 3.158393672988048517e-01 2.344494000014780977e-01
4.719000000000000000e+03 6.510487715689271537e-01 6.349125131305627390e-01 6.119489796740570364e-01 5.773453788172563383e-01 5.401355321281499089e-01 3.424549704270798967e-01 3.242197089386161801e-01 4.435170168913011857e-01 4.691360386205492006e-01 4.544672662460523260e-01 2.878062803815972792e-01 2.885019180782789627e-01 3.345231071095091102e-01 5.189999601351753533e-01 3.944729686800791946e-01 3.638508474754991728e-01 3.197717919029611777e-01 3.463982790393187461e-01 2.965004644699744674e-01 3.387362660189520147e-01
7.046000000000000000e+03 5.963178341043161579e-01 6.446847861146127734e-01 6.195651683214161709e-01 5.368589183477170401e-01 5.159255150318827754e-01 3.152580083743869444e-01 3.176843598120525636e-01 5.262493839466045875e-01 4.954247662736073754e-01 5.304875868576928166e-01 2.767474541338723615e-01 3.765296429700809022e-01 6.154929806884853472e-01 2.416313754095295863e-01 3.597780290021386218e-01 3.143440854477829727e-01 2.791604426316916521e-01 4.291903819344310977e-01 3.987283519786860575e-01 2.045790502304711822e-01
7.627000000000000000e+03 6.973826536279463806e-01 6.158445946918283953e-01 5.734007586493405917e-01 5.494738898447953934e-01 4.845451131629304187e-01 3.980915257471282498e-01 3.840970903199788511e-01 4.619788758750320024e-01 4.745247954033324223e-01 4.220657228599909438e-01 2.509482496428379061e-01 2.861111033630319711e-01 3.604493279822338914e-01 3.706731432000626159e-01 3.762611500673210818e-01 2.833863260883560109e-01 2.645525657673293840e-01 3.594842526137162486e-01 5.104908814072680601e-01 4.050047041303810880e-01
7.749000000000000000e+03 6.397977362993597650e-01 5.600837557964324365e-01 6.471463153500333076e-01 6.080197161509091064e-01 5.055981894792762610e-01 3.428550417903918346e-01 3.336348821463598902e-01 4.614601114268863102e-01 4.872686783640375885e-01 4.847848474270330943e-01 2.645488656251749893e-01 2.912993812623251300e-01 4.196678813868310320e-01 5.478509628420301647e-01 2.984911037686683311e-01 2.822045056166277432e-01 2.988769077095664306e-01 3.458000162823082757e-01 3.873312901769750405e-01 3.553582431165998035e-01
7.873000000000000000e+03 6.249454852044332709e-01 5.953787949884775665e-01 5.028327483307986068e-01 6.122416033321348428e-01 6.177782255660995148e-01 3.713124494417961441e-01 3.429646961922765414e-01 5.336653117553302739e-01 3.908010869828787426e-01 4.732394466270413158e-01 3.603338480136020205e-01 2.549907013844454062e-01 2.259973992450031444e-01 4.046087138007721795e-01 5.596217007796464582e-01 3.788900124549064441e-01 3.691844788274729061e-01 2.945139674998276114e-01 2.383514281160140913e-01 3.978293734835834927e-01
8.107000000000000000e+03 6.090530428938133456e-01 6.180273105760356600e-01 6.305369954161763602e-01 5.300813272124585973e-01 5.357447877368504141e-01 3.796289744341887484e-01 3.428255763290770641e-01 4.760706747560330410e-01 4.581877997429552041e-01 4.965400924951900996e-01 2.111791892644267199e-01 5.168837186291026509e-01 4.204459605344816331e-01 3.098804522779278203e-01 3.501381665582833369e-01 3.186150850241538657e-01 1.589786821554295959e-01 5.412215137736016146e-01 3.362597077337565743e-01 3.066979872278734476e-01
8.110000000000000000e+03 6.140193492974533873e-01 6.392240306604465294e-01 5.708097384897924398e-01 5.049714149331662183e-01 5.187111294970877529e-01 3.349896024254551685e-01 3.127795694681936300e-01 5.280685030262070034e-01 5.446746761458192143e-01 5.529031236717859565e-01 3.493131002404155638e-01 3.524621890206994235e-01 3.445442368001750966e-01 1.761427669114097871e-01 5.699098390081682730e-01 3.303772271533246818e-01 3.214615995879150923e-01 3.329949190594494457e-01 2.509694393984560623e-01 4.431992905646637282e-01
8.111000000000000000e+03 6.559049577943911746e-01 6.192080475416351648e-01 5.445223235139943219e-01 5.588320875760395268e-01 4.772720961224312664e-01 3.179856683524666106e-01 4.493561062537652084e-01 5.003008057363638184e-01 4.982236467147196368e-01 4.708616611508308902e-01 4.213009688402026276e-01 3.325000461980024413e-01 1.740106273358789923e-01 6.085869607520152380e-01 3.424921423975104684e-01 3.252711249535598648e-01 3.377725907020361351e-01 2.427437717907513504e-01 4.794061496144694789e-01 2.581784303973616579e-01
