2.510000000000000000e+02 7.359743525884089310e-01 6.849765089459320944e-01 5.951639761944349516e-01 5.442322925381571919e-01 5.020538513330859987e-01 3.668553328815519765e-01 3.769502520477741037e-01 4.575261702260124408e-01 3.659913427518974305e-01 3.748440628187917345e-01 4.586786085205204477e-01 3.786693775284377672e-01 2.502559769219581676e-01 1.737919018269587779e-01 2.692807673374856825e-01 5.525607045095323189e-01 4.779018699083250610e-01 3.641080899533031823e-01 3.682214236777200944e-01 1.995799780040502514e-01
4.010000000000000000e+02 7.385735068038076223e-01 7.002128323169042323e-01 6.450645078801907628e-01 5.753627231257133490e-01 4.239327316620775665e-01 2.204783853163796714e-01 4.098797008594929903e-01 4.810601448869961660e-01 3.956749090563438931e-01 4.248725298610578349e-01 3.003876903177662427e-01 1.743718703719686347e-01 3.123345599849383092e-01 2.235099626898877090e-01 2.972902992390287769e-01 4.998082295875920789e-01 5.596997842139335155e-01 4.368557324020260757e-01 4.484684740545213932e-01 2.076246147265758679e-01
4.540000000000000000e+02 7.275448143397978962e-01 7.709269382958015004e-01 6.816195067961365872e-01 5.807132062577896603e-01 5.010764486161440878e-01 2.945968774101918597e-01 3.372201546127558403e-01 3.813213580640383293e-01 3.562255537718206355e-01 3.171006480831055629e-01 5.528370671016366034e-01 4.193081064585481577e-01 2.993975348029899175e-01 3.030072207945020968e-01 1.667019293688320192e-01 2.409924689858781721e-01 5.287493461074255219e-01 5.494864393875948938e-01 2.192487916899379108e-01 2.375217001742029321e-01
6.230000000000000000e+02 7.610229023139145621e-01 6.855622093165657516e-01 6.515239980710414436e-01 5.680413507671975282e-01 4.997931649319774516e-01 3.927732571352995361e-01 3.510862818551414022e-01 3.726260607885534260e-01 3.288256947978503986e-01 3.495586741074601655e-01 7.051050079299544526e-01 3.039025577659813515e-01 3.064249834357742897e-01 3.078539719472290215e-01 3.863849870451251944e-01 3.981700168414408214e-01 3.911852597387230346e-01 2.296574697703500367e-01 3.394883835085861779e-01 1.961231639849765340e-01
9.080000000000000000e+02 7.510265380462852747e-01 7.486284449185204304e-01 6.353302644816426481e-01 5.325028403308872393e-01 4.503980642583919614e-01 2.070049521988475694e-01 3.907946159101185479e-01 4.516268657565624123e-01 3.951142616217965808e-01 4.421582816565860496e-01 4.659464531042143975e-01 3.367993796874099721e-01 6.498886342935473737e-01 3.237457069435673573e-01 3.088789916192650753e-01 3.164707457649466593e-01 2.750734023826095220e-01 2.846108060839997456e-01 3.760762846862844566e-01 2.066311449586645255e-01
9.340000000000000000e+02 6.271260889768606184e-01 6.596027658599509236e-01 7.244516014706869900e-01 5.540619864079706636e-01 4.318009508862100110e-01 2.582714987281033991e-01 3.760938432134572906e-01 5.319790048940069571e-01 4.912517894324815448e-01 4.104136671702744432e-01 3.768912458690369949e-01 3.612153271813334232e-01 3.613106985475316724e-01 4.461833523310324567e-01 2.634936124517403555e-01 2.245927933186832592e-01 5.450130525255206804e-01 3.385493293367973777e-01 3.099841842679472714e-01 2.768723350848523168e-01
9.960000000000000000e+02 5.893828269229347550e-01 6.939388285647234422e-01 6.229859177630153733e-01 6.115981948900200971e-01 4.976543381312061309e-01 3.043308184574359254e-01 4.201201342491212576e-01 4.126789173053201920e-01 4.490267901984652532e-01 4.410000450301427288e-01 4.957716246528005022e-01 5.335419566426978788e-01 2.802469909387572122e-01 2.601230982932775659e-01 4.867589743845668893e-01 3.195878925945393467e-01 4.049977265969685325e-01 2.327550688837166926e-01 1.186763764247886349e-01 3.810536056029439900e-01
1.225000000000000000e+03 7.389133372154883528e-01 7.277515023943791350e-01 6.625536897524071378e-01 5.431438964804423675e-01 3.470418578506036522e-01 2.081303925594251703e-01 4.758279922694219621e-01 4.481095435606337052e-01 4.668479765887716959e-01 4.137383373629963113e-01 4.047043599642303202e-01 2.656533607020519772e-01 3.989717897118021939e-01 3.820888511448740643e-01 3.271075375418551756e-01 3.944041241061071457e-01 3.470422855811486351e-01 2.725964461361809477e-01 3.967682446302088772e-01 3.167358728993969752e-01
1.649000000000000000e+03 7.422546837406163167e-01 6.815014657470409576e-01 6.005922949329067784e-01 5.659778204863468165e-01 3.864950798359931827e-01 2.451535382900488225e-01 4.624846967767379802e-01 4.408087492161175680e-01 4.339524286694801947e-01 4.823088157247455432e-01 3.759975364052898228e-01 1.512068617857968145e-01 4.269790381316601602e-01 4.154990155787324779e-01 3.874472273066298378e-01 4.130103842276748316e-01 3.375819023217617176e-01 2.070824633331264375e-01 4.658512214876708302e-01 3.237761148878459116e-01
1.715000000000000000e+03 7.706606625761460716e-01 7.586034476701032370e-01 6.210941632140937196e-01 5.584955102957664952e-01 4.492005735862348303e-01 2.408655110602919425e-01 3.773066990325182890e-01 4.251109291168002624e-01 3.801773765298185892e-01 4.028135128528280151e-01 3.730985542769851282e-01 2.465506588779941555e-01 5.038207724472433258e-01 2.879439609545215162e-01 3.701487184692274779e-01 3.859449578723843088e-01 3.383320827765316507e-01 3.165626741521714305e-01 4.450176131865307694e-01 2.378666853876316434e-01
1.716000000000000000e+03 7.924911541683746785e-01 6.949754432063628418e-01 6.234597970250609356e-01 5.157463401876333231e-01 4.236327657786712608e-01 4.141592658794138737e-01 3.942878507507500685e-01 3.808260263642995747e-01 3.737526764545550662e-01 3.773710964552540181e-01 2.848344633311268304e-01 4.698089197474523138e-01 2.746970206775141699e-01 3.819175810568181118e-01 3.866510101711550518e-01 3.308044864536913710e-01 3.102846518984359592e-01 4.159622868719465849e-01 2.476007323077470679e-01 3.721626161173923197e-01
2.481000000000000000e+03 7.166919577695598509e-01 7.215909319192542748e-01 6.189141884711650832e-01 5.483621255829630448e-01 4.729827727761432010e-01 3.053410530139751833e-01 4.239188751786435172e-01 4.270954683478428993e-01 3.695092401705095675e-01 3.964153846106215351e-01 5.520198659829714805e-01 3.461483800131412436e-01 1.904714447742262562e-01 3.435254673549977822e-01 2.786712996136821996e-01 5.068289422396968780e-01 5.180421622101593071e-01 2.862389805252991692e-01 1.910555282085988904e-01 3.008219294553496348e-01
3.330000000000000000e+03 7.830960589205105959e-01 7.241660206643575348e-01 6.476707867985488365e-01 5.886011611589285764e-01 4.806231679212724095e-01 3.192860917295038403e-01 3.666055680154776675e-01 3.693020894819334377e-01 3.284077721696161967e-01 3.382584701146694184e-01 4.473503260668683645e-01 2.639732998525760599e-01 1.254714393364882441e-01 5.769434412701012205e-01 4.043359134071636274e-01 3.873243000603544539e-01 6.210055241582177477e-01 2.251655973169272573e-01 1.077775742258483688e-01 3.469158711045484123e-01
3.823000000000000000e+03 8.206284312754158483e-01 7.404188251314792746e-01 6.675954159969239576e-01 5.427408225381755713e-01 4.772251626470048746e-01 3.436499256567380756e-01 3.545478327307702293e-01 3.572961071613749429e-01 3.258092463280357620e-01 3.010278874207896749e-01 4.579483400755127720e-01 2.282738022450144788e-01 1.722109342274135702e-01 5.470204587759236459e-01 4.473966068777288640e-01 3.401562587986506347e-01 4.395365430013237207e-01 2.915404912121970504e-01 1.852389239160672219e-01 3.973896679008723232e-01
3.855000000000000000e+03 8.271139808252332415e-01 7.732497307114402085e-01 6.185570718990508476e-01 5.180601542964167194e-01 4.711483951845463203e-01 3.247134470960059693e-01 4.036871975570297533e-01 3.760973160048984298e-01 3.223514326750378522e-01 3.043458656580551036e-01 2.250719235816354136e-01 3.950142983207101111e-01 3.986600520234435119e-01 3.499376613711066009e-01 3.643319607034935514e-01 2.658834708441106254e-01 3.597680174128706776e-01 4.771045694607682353e-01 3.454296543106168405e-01 2.895495338437898969e-01
3.992000000000000000e+03 7.180915340364303345e-01 6.976932250639240607e-01 6.026516983414712536e-01 5.457471782676116545e-01 4.314294956686380855e-01 2.228013510453093204e-01 4.580055324628264923e-01 4.913330082824526324e-01 4.237595881008689447e-01 4.506623081658213681e-01 4.155141875878990421e-01 1.898868291669867370e-01 4.434045973785389338e-01 3.359528396575444109e-01 2.858391622281232780e-01 3.189615953116464175e-01 3.503232889359838009e-01 2.610226689224450780e-01 6.121654110978416163e-01 2.938542753075644165e-01
4.254000000000000000e+03 7.707753757194937272e-01 7.255065881910285341e-01 6.316218973609654119e-01 5.747582745959368689e-01 4.866739184279921804e-01 3.190499391468038515e-01 3.379116961224450377e-01 4.144982390083493118e-01 3.689017509345936530e-01 3.386388520403925129e-01 4.926038178247517108e-01 3.012989913272448028e-01 2.351421882826346954e-01 4.974416284299852942e-01 3.761350109250580775e-01 3.727440171465462582e-01 4.306890033628409387e-01 2.942051699198656167e-01 1.948840307831815888e-01 3.252507203466795116e-01
4.603000000000000000e+03 7.448022251667322235e-01 7.043855831627222619e-01 5.817176079343632233e-01 5.786350150461138098e-01 5.479018553067219743e-01 3.780052585389411246e-01 3.804781187265530717e-01 3.805734485831459013e-01 3.172802111581158324e-01 3.490765790534700042e-01 4.501873578268905107e-01 3.336604430162030677e-01 2.801568792677627262e-01 3.684672801952620369e-01 4.224053492568600743e-01 2.859900070987996257e-01 6.197556187249255721e-01 3.498991673958891102e-01 2.422610949995191720e-01 1.627809558118957500e-01
4.699000000000000000e+03 7.427849781736838297e-01 7.042682773506082627e-01 6.583261154389096204e-01 5.860937528272676111e-01 5.067404864109652518e-01 3.161003919866932077e-01 3.751856813976711114e-01 4.050337184703660665e-01 3.587773206234053935e-01 3.089542221544853695e-01 5.006115506735538956e-01 2.206161111155119647e-01 4.053112961325588959e-01 3.637357006779986524e-01 3.216445860385532263e-01 2.566961097487328036e-01 3.990260749260988171e-01 3.819665787169067572e-01 3.266666643583562291e-01 3.399791958208335796e-01
4.723000000000000000e+03 7.114151861213878769e-01 6.430643153058385186e-01 5.840189878430617210e-01 5.917108157149003622e-01 5.407786488265583502e-01 3.471604937285246995e-01 4.175272577616330749e-01 3.947257033244375157e-01 3.533504340845072256e-01 4.150086213533870083e-01 4.606950415435535628e-01 3.685786547712545103e-01 3.396412684335732290e-01 3.780725501536942312e-01 2.931359222500290462e-01 3.489393140505974156e-01 4.910250871347451862e-01 3.356685791070332381e-01 2.853118329231656980e-01 2.176440636622342661e-01
4.783000000000000000e+03 8.078500490818897317e-01 7.548184187581651328e-01 6.091994947659518100e-01 5.576981583056530578e-01 3.847132814961688463e-01 2.165082573569281077e-01 4.030059962489877523e-01 4.145413378077981159e-01 3.935686878095663310e-01 4.535439034910900280e-01 2.922893308786134736e-01 3.320665842462258155e-01 3.581734903083405586e-01 3.232829990575305512e-01 2.891602118970376667e-01 3.908997553627720500e-01 5.932998762884855726e-01 3.325927615051793573e-01 3.125381885198287857e-01 2.519274138221059278e-01
5.080000000000000000e+03 8.184219927005949025e-01 7.300385737477567138e-01 6.429832719090821103e-01 5.199489101032698235e-01 5.135693336318303270e-01 3.240215383672256366e-01 4.034444216007689321e-01 3.552837275733012334e-01 2.959938960471211189e-01 3.286886279751967677e-01 3.876980497062816888e-01 3.463361433167980730e-01 2.839443709990511211e-01 4.359100554630600532e-01 5.044021246318061147e-01 3.324469571769155807e-01 3.512289346011548963e-01 2.690856564846073606e-01 3.795389171335180056e-01 2.242763488444032560e-01
5.336000000000000000e+03 7.749092437558577906e-01 6.837720360175543188e-01 6.520160997515597190e-01 5.843854140856659107e-01 4.971750402937247237e-01 3.289804726829895221e-01 4.059730444377058212e-01 3.610096599751884683e-01 3.098674357152058634e-01 3.512397988956588168e-01 3.565040840839727165e-01 3.323755581404291282e-01 5.988776454664492821e-01 2.867976114004813226e-01 3.254174790911995019e-01 4.118567935829016702e-01 5.348829124858490713e-01 3.129973050066514051e-01 2.331833096104796721e-01 1.231020492608784905e-01
6.105000000000000000e+03 7.494703078012371344e-01 6.966929522176303902e-01 5.855123104238219023e-01 5.483580557986877935e-01 5.121901204779115702e-01 4.013186709659627427e-01 3.868423852858536294e-01 4.502981444744899031e-01 3.169101967940007869e-01 3.350286643324906222e-01 3.330035174874586001e-01 3.020499560158529384e-01 2.937406509391402576e-01 3.855916416431979798e-01 4.804110488536702528e-01 3.665325122177368056e-01 3.699978478854556996e-01 3.338452718393310481e-01 3.231051551000882482e-01 3.008285330933601065e-01
6.133000000000000000e+03 7.737488783594306252e-01 7.232464927941671951e-01 6.138962233068115948e-01 4.827007025496860559e-01 4.154905421263033749e-01 3.102994704749468258e-01 4.161089361431263289e-01 4.858937330591570070e-01 3.859556620953484285e-01 4.144351568339975644e-01 4.430619177274361942e-01 3.694823898786985805e-01 2.658770533588780127e-01 2.138170338898415235e-01 2.086872800624285373e-01 1.519684026953571354e-01 4.802352272947931211e-01 4.892977379237689051e-01 4.913664890512469130e-01 3.651175338344692101e-01
6.423000000000000000e+03 7.339682387105082029e-01 7.476133869075233251e-01 6.633892892973178856e-01 5.478066403344707958e-01 4.777382293718749340e-01 3.333976464845199161e-01 4.653935014815110405e-01 3.636370814969896448e-01 2.848559336540956721e-01 3.301869295502103951e-01 3.700184729663708039e-01 4.045367411297376981e-01 3.233546560889994925e-01 2.040068918706392787e-01 3.797445587687866553e-01 4.291237755865979775e-01 4.576853382595909570e-01 4.224213079985450481e-01 3.087058882943259364e-01 1.884588348152889947e-01
6.449000000000000000e+03 7.181152188338714160e-01 6.557544999649009831e-01 6.075123417570860163e-01 5.340338133753682603e-01 3.856300272803261930e-01 3.463539057921192210e-01 4.897342004543373539e-01 4.666165594466791244e-01 4.140736474813270229e-01 4.333841709885751792e-01 4.509442451430358823e-01 3.861626880700598230e-01 2.480897783374860499e-01 4.858946858465447716e-01 3.741298369233299059e-01 3.442939971286598233e-01 4.256573082449101042e-01 3.257184850495264961e-01 1.802824454738002624e-01 2.959692087694946738e-01
6.457000000000000000e+03 7.556971139748424049e-01 7.147811748381357466e-01 6.099834341269050331e-01 5.295784674038228612e-01 4.082109616873439983e-01 2.409789898439644307e-01 4.148077130132563073e-01 4.172078455440851319e-01 4.621736047410988091e-01 4.809172710522490735e-01 2.544455471875327057e-01 3.765185944663317352e-01 4.367336393909636016e-01 4.339322367106465128e-01 4.253157437264332708e-01 3.818877328474516442e-01 3.660218888960528050e-01 3.109602301454651441e-01 2.567532070861637816e-01 2.518925803187572754e-01
6.557000000000000000e+03 8.477143391475210343e-01 7.359950710516237615e-01 6.120749829418336008e-01 5.357557279523190719e-01 4.670740633688320043e-01 3.098312401260707727e-01 3.912357050432706540e-01 3.850449033567833745e-01 3.337246991651441896e-01 3.279343275496567900e-01 5.773982733571085824e-01 3.821315338170062081e-01 2.658910934917069757e-01 3.622835179642601156e-01 4.592199278121560924e-01 3.973755819768463038e-01 3.163624060470275334e-01 3.592594168446749392e-01 1.588860141854424868e-01 2.589695341721141020e-01
7.197000000000000000e+03 7.318186101463243221e-01 6.438060423273764821e-01 5.751470742098692135e-01 5.245755759997281498e-01 4.564235742778817162e-01 3.118304332338540097e-01 4.837144301180477668e-01 5.281781966306889897e-01 4.236942820139322219e-01 3.696992920324468357e-01 3.360398612630484116e-01 2.661297023762430602e-01 2.103794679872269258e-01 3.217238824381486451e-01 2.427603254580363024e-01 2.489124633582632529e-01 5.739320309590397740e-01 4.580476415801097989e-01 3.434923767777939285e-01 4.500013080194220638e-01
7.267000000000000000e+03 7.618118341209352273e-01 7.410826408099967511e-01 6.838470532445549699e-01 5.705155781888378019e-01 4.764029541455336858e-01 3.109549652746003701e-01 3.592851356700130783e-01 3.940600534231710750e-01 3.270037519167647844e-01 3.223331230402494696e-01 5.757755396897662470e-01 4.654727685158426831e-01 5.031998605580120243e-01 3.873099745411182071e-01 1.660634836670269454e-01 2.578405016386469129e-01 3.924669362854740773e-01 2.695498631378385190e-01 3.134179236277503944e-01 2.271528822612646215e-01
7.282000000000000000e+03 7.114233937522033147e-01 6.692123946861514572e-01 6.441627607773291464e-01 5.739075243055522524e-01 5.023537686357091303e-01 3.560674272007164909e-01 3.892235496480725421e-01 4.108721805829126383e-01 3.681111097671822541e-01 3.668992775390721994e-01 3.655816634622581218e-01 1.987525224298223314e-01 4.607063108192546719e-01 3.317385084335390810e-01 3.818137864467483489e-01 3.706326307884337812e-01 4.690424010032571145e-01 2.464910651743394687e-01 3.614099208349615400e-01 3.104836527201905172e-01
7.568000000000000000e+03 7.336936712620123480e-01 6.847217550890929427e-01 6.313400882167390371e-01 5.596386587829093040e-01 5.096787268370676083e-01 3.769977878337257282e-01 4.109430644594769255e-01 3.708879395119182298e-01 3.431626247137058994e-01 3.529505144888495649e-01 4.988845295621026632e-01 3.435343590890854726e-01 3.179534919316575059e-01 2.180844958426411129e-01 4.141255127980306705e-01 4.476410606935770642e-01 4.713655559659137295e-01 4.172859297068134410e-01 2.023615850699127527e-01 1.812180828449646564e-01
7.632000000000000000e+03 7.111467560036771607e-01 6.911229210311571336e-01 6.518766079353215392e-01 5.935364908712602583e-01 4.724914258275716983e-01 3.609291135813175178e-01 4.288790759753092208e-01 4.446863536557260077e-01 3.092230728261101125e-01 3.115193622832421183e-01 3.196688899888134872e-01 2.525881838508181043e-01 3.607613266857732648e-01 5.021185667040847234e-01 4.033234836097320808e-01 3.388105808413293119e-01 3.708043342972232037e-01 3.788679183177027787e-01 3.049403886937824271e-01 2.672734066894866811e-01
7.751000000000000000e+03 7.202975930253440184e-01 7.067560111650424970e-01 5.977696223990757174e-01 5.373337113799643294e-01 4.939183493231109057e-01 4.150055997045984379e-01 3.960204196350099459e-01 4.041863234702714469e-01 3.545092882742719165e-01 3.696555852272085940e-01 4.832799032168271780e-01 5.208885854972136187e-01 3.141436617982834578e-01 3.118511701562222127e-01 3.130176773390583311e-01 3.543545508741288153e-01 3.794247618266956557e-01 3.707938233625288627e-01 2.404610580347303073e-01 2.331074352590714049e-01
7.758000000000000000e+03 7.680652062542023817e-01 6.989939996127542132e-01 6.137363920730001254e-01 5.677385732014428310e-01 3.947255877656487000e-01 2.849951569513889948e-01 4.958440029873860122e-01 3.496878773197594770e-01 3.365189259965238322e-01 4.839691317180901398e-01 5.715345921602881241e-01 3.002594435861290489e-01 3.248388373946233254e-01 3.549923975284515754e-01 3.423480347202763618e-01 4.381956912567792073e-01 4.890573111723885980e-01 2.137852031825321075e-01 2.112190725262284852e-01 2.868148862420566436e-01
7.810000000000000000e+03 7.614377055145754580e-01 6.912393624736740128e-01 6.020427225406042027e-01 5.285114567484762160e-01 4.033579080606145562e-01 1.950733701973606238e-01 4.564473138623048043e-01 5.423828249929728562e-01 4.399774297496684139e-01 4.275436674200743803e-01 4.250774683607361215e-01 3.796298267874311239e-01 2.778910064343063091e-01 3.626650466919864035e-01 2.727388986060848564e-01 2.474463130975338154e-01 3.608578712154380530e-01 5.284311801343264392e-01 3.124770132369588116e-01 3.268972839465004721e-01
7.854000000000000000e+03 7.100320441926017967e-01 6.847894657532550555e-01 6.702381977844071859e-01 5.114215641810294644e-01 4.716040508551934129e-01 3.752515148313385063e-01 4.375644977476624287e-01 4.106415824135732917e-01 3.290442799956190267e-01 3.955844799538821843e-01 4.870911481742583038e-01 3.886153295893803317e-01 3.648793319091855891e-01 2.948005326292473249e-01 2.623311583626454224e-01 4.168337694123809278e-01 3.995440351233091603e-01 3.323021237744117617e-01 3.091018118831475592e-01 2.606743850716692346e-01
8.027000000000000000e+03 7.272598584601470684e-01 6.567892047873370442e-01 6.383156409649904939e-01 6.280109733802844429e-01 4.968563251492615351e-01 3.596449187980980677e-01 4.004995060543856678e-01 4.042137485963654409e-01 3.448848819471083682e-01 3.149805015321298085e-01 3.672117664624663380e-01 2.803099875479848069e-01 4.425359345906100805e-01 4.097887314890002464e-01 4.223876857583925837e-01 3.625044908335305349e-01 3.709345218517972054e-01 3.009224311712916933e-01 2.801151228454887288e-01 2.729213593200530141e-01
8.294000000000000000e+03 7.087481217519521204e-01 7.055662214121394271e-01 6.291718114269596596e-01 5.750606234932171823e-01 5.170915917379810267e-01 3.122509057446068437e-01 3.827166930306719617e-01 4.382625761377118012e-01 3.566800513502305647e-01 3.618985560715676231e-01 3.569054314756509583e-01 2.901922440971631545e-01 3.676580091204663114e-01 3.776317336205437525e-01 4.279773305376089465e-01 4.950983707034985470e-01 3.663123492265462633e-01 2.704382916604368692e-01 3.556641122231560814e-01 1.982640296242022260e-01
8.509000000000000000e+03 7.645908092238706821e-01 6.978412992809100990e-01 6.686239161947309384e-01 5.816132524334242104e-01 4.911289845745023253e-01 2.574052001558203018e-01 3.347807114394261707e-01 4.125265976306957683e-01 3.929399375233120772e-01 3.736672372655193142e-01 3.838865493776466020e-01 2.556187512064732048e-01 3.569304371506417106e-01 3.616724270193975577e-01 2.327875472583758876e-01 4.293343273619208422e-01 5.030163241585251521e-01 3.505638374371952692e-01 3.300232387621159780e-01 2.869815261860861333e-01
8.510000000000000000e+03 7.356361336904186921e-01 7.424154111225973462e-01 6.465780627649868606e-01 5.580698633261775843e-01 4.380147365285194661e-01 3.716573967441207937e-01 3.840989549125284896e-01 3.934060793233355446e-01 3.424345696013445517e-01 3.650316844033325014e-01 3.116899311921091376e-01 3.512909502690369501e-01 3.641110819878286553e-01 2.534875242414578178e-01 4.539593043804198147e-01 5.189972487352760844e-01 3.626539444503884546e-01 3.255591696082307807e-01 3.157916527217778935e-01 2.273682486425670224e-01
8.887000000000000000e+03 7.735163710465458031e-01 7.580379715142709918e-01 6.939184242716057716e-01 5.602840387168683822e-01 4.606501845037304088e-01 3.252574771903973816e-01 3.526531972032996842e-01 3.683397077381045381e-01 3.525112001491498281e-01 2.962974329461003364e-01 3.859831144012625392e-01 1.876952923776806781e-01 3.219592098917524736e-01 3.325635825031084125e-01 2.415913628351744336e-01 2.997247612446056197e-01 6.786381537138823639e-01 4.938822061472979974e-01 3.124847091196441551e-01 2.272989644887078442e-01
8.897000000000000000e+03 7.529957249072247727e-01 6.867330192681629919e-01 6.355953894920638447e-01 5.476967457123104177e-01 5.003061347843872353e-01 3.610307804120194697e-01 3.845038118186693277e-01 3.861243080133638927e-01 3.498654861978449104e-01 3.727544821102211636e-01 3.772829124873385842e-01 3.209158192915382291e-01 2.964534853454499630e-01 3.466365904588434854e-01 3.333358110854410805e-01 3.255353060241438223e-01 3.763910015613117777e-01 3.321636101815852449e-01 4.246236507307181163e-01 3.542300225050452611e-01
8.903000000000000000e+03 7.698356445816918470e-01 7.153066617174059783e-01 6.173629735010112141e-01 5.462519414343725010e-01 4.890728142328445993e-01 3.740343905327371266e-01 3.909995107216315824e-01 4.381868697373109134e-01 2.759572434730665491e-01 3.467634753682198312e-01 4.036280473994854900e-01 3.022534279515523004e-01 3.873045314647546866e-01 3.536060354842855968e-01 3.840479575813701141e-01 2.982118724334438253e-01 3.393645000462848227e-01 3.115405123500377127e-01 4.441578441324597337e-01 2.838761647727114368e-01
9.163000000000000000e+03 7.153250903579648767e-01 7.134535241514493586e-01 6.737168876707617660e-01 5.745461767500552597e-01 4.991429997384623785e-01 2.725866539950416723e-01 3.519372840603062769e-01 4.228260121457488308e-01 3.492619880284181799e-01 4.084635741820373811e-01 3.249248790131000764e-01 4.040819378346530155e-01 3.231620369505953660e-01 3.084789442949479876e-01 2.461044391637479400e-01 3.997684079912631749e-01 4.274431321684366569e-01 3.780537587886699802e-01 3.560539320098380922e-01 3.092769453695254356e-01
9.212000000000000000e+03 7.749183181872266735e-01 6.985086810780196664e-01 6.162556502486720156e-01 5.286357066245422898e-01 4.604519135464776314e-01 3.868133474218019008e-01 4.068145187486920666e-01 4.041970913998470527e-01 3.179573796411043762e-01 3.867418016987352325e-01 5.614305843874639601e-01 3.623733237367485205e-01 1.737659249415532681e-01 1.191726968836707840e-01 3.331900870545627114e-01 4.512692405124284489e-01 4.113640768809873616e-01 5.007129953862459182e-01 3.662483560187840825e-01 2.201921104206047419e-01
9.379000000000000000e+03 6.744022810147923819e-01 7.519943670739268615e-01 6.715618767137615519e-01 5.874331939006846026e-01 4.978131749276420992e-01 3.307649205713457663e-01 3.557471848470896703e-01 4.213380967121579945e-01 3.316476249944423915e-01 3.498230850637037426e-01 3.610917001285915418e-01 5.436044750090097688e-01 4.045203675878424332e-01 4.009511389072704657e-01 3.102079897893795790e-01 3.251258907012720689e-01 2.849370700884157337e-01 2.473881804069133217e-01 3.077491766029246123e-01 3.258233452624395010e-01
9.558000000000000000e+03 7.961896693889793930e-01 7.478945424479631621e-01 6.477305686315211197e-01 5.569510283694319996e-01 4.619915228919894701e-01 2.537487309618767783e-01 3.803773281819140539e-01 4.038925731601832325e-01 4.046985739056245257e-01 3.095790501680206197e-01 3.580225797191737835e-01 2.489167244853805472e-01 2.106610860523749351e-01 2.293835584080155532e-01 3.153652289827839073e-01 2.210074184849121770e-01 1.000000000000000000e+00 2.799597193120962890e-01 3.147986740508295078e-01 2.823490923211695591e-01
9.580000000000000000e+03 7.707491696418260485e-01 7.500549300856530488e-01 6.458501980863536884e-01 5.480482027248682053e-01 4.738876613854038355e-01 2.831226074372191759e-01 3.854966907217146632e-01 3.935343473101722833e-01 3.547168119457156932e-01 3.582710823839113656e-01 5.311014525241646300e-01 4.721769607946688652e-01 3.563334307257954303e-01 2.309652469580492085e-01 2.014888231303800792e-01 2.572404262638998129e-01 6.039706299301875747e-01 3.305431040276134436e-01 3.111991126473996894e-01 2.255523466643055419e-01
9.793000000000000000e+03 7.835571032271647640e-01 7.262638589975010106e-01 6.582284004559051382e-01 5.473107644258018434e-01 4.315801043634329703e-01 2.296869632702640829e-01 3.579185945963924698e-01 3.966433421963241890e-01 4.175261177901822274e-01 4.445074071375639813e-01 4.008684459006616185e-01 3.161138534373352238e-01 4.275050660070127684e-01 3.009145244610840764e-01 3.822998844765524429e-01 2.760980849402450144e-01 3.899017496851209241e-01 4.224005449098808818e-01 3.538357723739570249e-01 2.357273426365877611e-01
9.995000000000000000e+03 7.566971337674281983e-01 6.787701149512934684e-01 5.657502948594574921e-01 5.001471036749242094e-01 4.327122516849283840e-01 2.390823918691475647e-01 4.880666328056041392e-01 4.905244945272808632e-01 4.456397805900639830e-01 4.569921159388063425e-01 7.236202195896183076e-01 4.254769728529536055e-01 3.180531920546641467e-01 2.582473625158888120e-01 4.238703003399835745e-01 1.376291983419669629e-01 5.091070808950821647e-01 3.082737239016919428e-01 2.924072727067812405e-01 1.726472385306327961e-01
1.040200000000000000e+04 7.692283286192647118e-01 6.926457415589312161e-01 6.596363848583739475e-01 5.602035066692305776e-01 4.921572717699402855e-01 3.102153253633264662e-01 3.894598838012907627e-01 4.078785825255256681e-01 3.449057300599857601e-01 3.390311145664040016e-01 3.545160030247038185e-01 2.921840637892219039e-01 4.061114157261345725e-01 4.330902466290623143e-01 3.046335449347714608e-01 2.495762166415352312e-01 3.354120052392086659e-01 3.758380475868610682e-01 4.985895389565077052e-01 2.553031527857094751e-01
1.062800000000000000e+04 7.478599153259996024e-01 7.242445510142164755e-01 5.738175015818648417e-01 5.603274213904101408e-01 5.527217866738602936e-01 3.845292669585076983e-01 3.880866702687629233e-01 3.795296749451782525e-01 3.377600162114074989e-01 3.124136366805608800e-01 4.269804992701619617e-01 3.563706140539779077e-01 3.419603883349185414e-01 3.987398634615386128e-01 4.511357954851495933e-01 4.455948136237992685e-01 4.162963058709858166e-01 3.312011318404791127e-01 2.200338658948918225e-01 1.366815929094060689e-01
1.091200000000000000e+04 7.172182266837854314e-01 6.869176805190302382e-01 5.934526664691049946e-01 5.516271245096696640e-01 5.136015684002859238e-01 3.671316276722266236e-01 4.265904273069592301e-01 4.226211624004833634e-01 3.485348949556152376e-01 3.686229889692912431e-01 2.268300264238402308e-01 2.718021556177268594e-01 1.984033264297723476e-01 2.535992133136341642e-01 3.236727337357169221e-01 2.930084238158396359e-01 7.637336311327891369e-01 5.037970392553746679e-01 2.882630793159305371e-01 3.086707140947121952e-01
1.165200000000000000e+04 7.885413931090321515e-01 7.741493906602747721e-01 6.621406038353875312e-01 5.366912419927329925e-01 4.764684802583437073e-01 2.641255463950643034e-01 3.564362275134032032e-01 3.924147579444852152e-01 3.618389429454299533e-01 3.392611511785920686e-01 4.766728785733378992e-01 3.454663518782338238e-01 2.097029496012669525e-01 2.370915879327390730e-01 4.588290389652585621e-01 5.561494073315025322e-01 4.282849790987490191e-01 3.831296611294795484e-01 1.779543770188416751e-01 2.269727384578893448e-01
1.178800000000000000e+04 7.735735885116405974e-01 7.329618583515351560e-01 6.532984366890288719e-01 5.431128300612863002e-01 4.987100632387317933e-01 3.251750233617948238e-01 3.944600080072026005e-01 4.037052544921475028e-01 3.078897404602660148e-01 3.159271024511088322e-01 4.436781802519349505e-01 3.710152531299875101e-01 4.290914505363118137e-01 3.456839803446237758e-01 2.448288647184528322e-01 2.152302608505816950e-01 3.370134000330028412e-01 3.628136162094268702e-01 4.212387849817518792e-01 3.408788351365129587e-01
1.207500000000000000e+04 7.929069697594618438e-01 7.444215654752942557e-01 7.077007671123047849e-01 5.014996005048112382e-01 4.424057981247594973e-01 2.409031576134911257e-01 3.614455356963998112e-01 3.592972621318660797e-01 4.374319855487999176e-01 3.872869091639453143e-01 2.181661885697453451e-01 2.847326312810803950e-01 4.209727192373796112e-01 1.000000000000000000e+00 2.175459967250698567e-01 2.067630734184420227e-01 2.450392384147005442e-01 2.420994308485294455e-01 3.236122568567507685e-01 3.646400051316496249e-01
1.214800000000000000e+04 7.990073833450374030e-01 7.561759941267659491e-01 6.248132685546619047e-01 5.241241617713071621e-01 4.824482795868393903e-01 3.654131953835969004e-01 3.536248478163371289e-01 3.420108541710749628e-01 3.782600951763856467e-01 3.289946333525146649e-01 2.344178532417211247e-01 4.006103042459069341e-01 4.298220588407689613e-01 2.838093333854324607e-01 2.530082497780692941e-01 4.406773883093942357e-01 4.536289278449442408e-01 3.683296561880067266e-01 3.200205651766855341e-01 2.827337852339067426e-01
1.223700000000000000e+04 7.939939219567535567e-01 7.672872207835192970e-01 6.919565308669896053e-01 5.927911536309981022e-01 4.778826996511680858e-01 2.804181213461817146e-01 3.438899742118712854e-01 3.155246940760418339e-01 3.150779151954048452e-01 3.368865627650600714e-01 3.746764536285255298e-01 3.108274313954721424e-01 3.134648210849020344e-01 2.972954380303613475e-01 2.413574618589096887e-01 2.168118572481341488e-01 8.047146478394389124e-01 3.633713469665827978e-01 2.733270297571211427e-01 2.826303906148781020e-01
1.244600000000000000e+04 8.045983258256007575e-01 7.351943450304442296e-01 6.531826470678633312e-01 5.387905048307199962e-01 4.902770727262684147e-01 2.375616384605342135e-01 3.289310077971176471e-01 4.132515674333618882e-01 3.808026070214055037e-01 3.840273298427739901e-01 1.592924938056649031e-01 2.722006562315246736e-01 1.508631231645860826e-01 2.701010499375958163e-01 3.955750644727153986e-01 2.983670045072559507e-01 9.817119005027370449e-01 3.865582457738561128e-01 2.181015693920790866e-01 2.869270616727534473e-01
