4.480000000000000000e+02 7.273546608156049587e-01 7.288681839927241279e-01 6.708989564858700572e-01 6.060668421940051953e-01 5.155741739068691043e-01 2.867624157027570675e-01 2.811538294316236475e-01 4.055039529839959966e-01 3.823827946365336294e-01 3.616389873480123640e-01 5.751179292020108802e-01 4.347771133498655738e-01 2.690018910986055056e-01 3.945285120826133585e-01 1.887035891757786465e-01 2.981660539558234624e-01 4.399848549274609777e-01 3.931864306713760415e-01 2.800380979403743198e-01 2.595360888740293470e-01
2.887000000000000000e+03 7.771867434106425332e-01 7.342899173444447092e-01 6.316547161645035269e-01 5.503047762306496615e-01 4.843466978423126568e-01 3.051645491474514471e-01 2.442217156914340825e-01 4.611689119778968893e-01 3.920205651584543483e-01 4.101546846429490745e-01 4.777990680271578805e-01 2.539399364944413540e-01 1.195462535097463058e-01 3.895475430529972694e-01 2.731796744099904140e-01 4.071736339994957987e-01 3.371244241287820187e-01 2.711695612378731135e-01 5.938557796017872592e-01 3.714357358662334074e-01
4.698000000000000000e+03 7.425649567938779061e-01 7.034468393855274337e-01 6.281513058807636218e-01 5.914712983682958169e-01 5.170525735260367295e-01 3.357355877736364902e-01 2.772835392099458618e-01 3.990429585362985088e-01 4.021592491411540293e-01 3.859304655317932764e-01 4.474190074520346672e-01 4.201431854733780891e-01 2.292734036187392410e-01 4.118993192279460369e-01 3.417068681052482515e-01 3.112338932269321234e-01 2.544486276914443290e-01 3.946070614630908802e-01 3.961161281039785043e-01 3.035829885684240836e-01
5.242000000000000000e+03 8.156810354988237588e-01 7.624299446820220760e-01 6.682339502491114747e-01 5.548871166428476220e-01 4.725186584209033480e-01 3.314435038499251585e-01 2.867020245834203118e-01 3.559979415460927110e-01 3.421487475868098538e-01 3.455154892602588790e-01 3.509369324559655778e-01 2.994875912102655247e-01 2.209739386290579810e-01 4.213346031698617655e-01 3.783205292441731982e-01 3.101329330725025590e-01 2.454194664913222912e-01 6.481499490481754666e-01 2.371034547117349123e-01 3.631368572459064969e-01
6.109000000000000000e+03 7.207578202966752334e-01 7.293550273364924896e-01 6.746223310941246165e-01 6.348182247327599503e-01 4.749603841131893045e-01 2.874951475629424769e-01 2.938652763959063163e-01 3.656732528391392623e-01 3.952152516353442113e-01 3.925150689720136588e-01 5.137465919397709024e-01 3.399955140872654713e-01 3.598477175979690190e-01 3.336055166884123180e-01 2.924711772373194685e-01 2.835248592988315885e-01 3.685213397972625371e-01 3.882692908006705745e-01 3.261114791538263225e-01 3.129045337715150032e-01
6.141000000000000000e+03 7.794905655349593232e-01 7.450862903395462089e-01 6.435635195207670689e-01 5.628375319019799372e-01 4.801644401488087133e-01 2.935121322469100846e-01 2.294632917079813261e-01 4.467075446905272029e-01 3.224049273974392005e-01 4.730160016050113381e-01 5.061882990697321727e-01 3.400475311202010298e-01 3.416118658908174344e-01 2.716596821470161904e-01 2.039560135126762264e-01 3.423219670433935158e-01 3.214745873469820325e-01 4.014325050748318024e-01 4.169609991005300276e-01 3.592581726289356125e-01
7.002000000000000000e+03 7.410324087219241074e-01 6.695345981633117338e-01 5.793940755060038583e-01 6.615716666250185396e-01 5.424862038803295317e-01 3.787191981141400654e-01 2.352594272002608011e-01 4.597484215033857402e-01 3.456391603939766854e-01 3.653667888583844725e-01 2.741202608934612539e-01 2.831755294543565338e-01 2.460255013751563857e-01 4.133720553409645504e-01 2.899079386557055216e-01 1.438643879092139088e-01 6.974799689952748682e-01 4.550877583684201366e-01 3.179442636117352783e-01 3.386524494777698457e-01
7.266000000000000000e+03 6.983830805039370482e-01 7.299637776500165209e-01 6.716042761274075845e-01 6.237537043775589485e-01 5.079089048076780299e-01 3.076088404506967522e-01 2.796256478818618940e-01 3.889951812676699094e-01 4.000202499897305697e-01 3.653572978850191944e-01 4.205779567885221115e-01 4.678396175744281016e-01 4.684271769318318901e-01 4.951146518030086763e-01 3.522158215666515990e-01 1.555911845659604664e-01 2.473951118436347463e-01 3.757206320410961253e-01 2.705906837972014700e-01 2.820989161465116135e-01
7.757000000000000000e+03 7.894145797196794323e-01 7.391516554166468467e-01 6.317106467621502741e-01 5.552909865163058178e-01 5.077171064397816291e-01 2.146580748537947059e-01 2.568590285648541527e-01 5.556752770459025825e-01 3.572067515029719864e-01 3.775541773504336729e-01 5.518248042928577402e-01 4.576898119836970702e-01 2.977251177025353468e-01 3.148729356693851789e-01 3.181562938632963022e-01 3.160309413765963193e-01 4.144970523237311300e-01 4.614629207309570713e-01 2.114844391597645867e-01 1.880260504054820647e-01
8.896000000000000000e+03 7.611269699670534239e-01 7.173414758958446269e-01 6.135308545641676714e-01 5.715472741774585419e-01 4.818351500470272608e-01 3.318118260977830358e-01 3.254708090069952098e-01 4.144881492713076154e-01 3.868464159671562985e-01 3.819066972781913760e-01 3.725143165819747026e-01 3.245607817247201377e-01 3.419641427393738109e-01 3.088020652003161115e-01 3.338526587038489479e-01 3.306620962373692518e-01 3.308436678506541107e-01 3.815862498801808056e-01 3.531462376239628553e-01 4.038516962383097431e-01
9.373000000000000000e+03 7.952949071998273167e-01 7.649895825441287434e-01 6.103223694873599614e-01 5.753141042745512079e-01 4.854371893602418830e-01 2.827737893304637651e-01 2.416834466716731855e-01 4.119473891259082254e-01 4.024650247371184264e-01 4.026475501766441645e-01 3.346282984451238729e-01 2.777871915904484013e-01 4.052545786252134685e-01 5.984998205253443393e-01 2.976350357831819560e-01 2.231833574365393591e-01 2.594926688247780611e-01 4.607335785585606747e-01 3.419183758335994083e-01 3.098697054814823493e-01
9.557000000000000000e+03 8.360139051895099094e-01 7.492837567065657733e-01 6.610978503876664414e-01 5.695825488974423090e-01 4.768650824180033498e-01 2.701518678124901762e-01 2.025151589613206626e-01 3.896965738328321271e-01 3.846501600793403308e-01 4.130975445703961579e-01 4.404605774361095571e-01 2.948844190884483130e-01 2.539266318069139938e-01 2.099999760610337385e-01 2.115429256080524623e-01 2.995418581729105689e-01 2.150101698497703662e-01 9.708918466546186954e-01 2.849863068440268155e-01 2.872770308332422418e-01
9.579000000000000000e+03 7.558833638945321454e-01 7.356540836600926614e-01 6.768004481954539298e-01 5.813556725908053391e-01 4.816073954055510864e-01 3.001007407811147054e-01 2.474875370052524448e-01 4.148637385439341574e-01 3.937758168598565200e-01 3.855811300054164392e-01 4.993084810457332767e-01 4.223188075562287480e-01 4.650450463963790582e-01 3.430173293475312080e-01 2.055379012287099905e-01 1.847138176982811852e-01 2.415345926930193565e-01 5.659527625057859668e-01 3.247402146169398596e-01 2.741711306253217240e-01
1.040100000000000000e+04 7.733470584510182544e-01 7.304089832871791810e-01 6.152721155292841804e-01 5.916171673420734800e-01 4.900471908645390173e-01 3.172276547680325520e-01 2.700749239439224070e-01 4.144342501430121617e-01 4.034187741895846058e-01 3.716222630475407018e-01 3.289951039799534072e-01 2.978234720478671882e-01 3.040467236407399243e-01 4.131999405621545884e-01 4.073224061062847845e-01 2.951299561647324210e-01 2.476805822814376890e-01 3.320792929496106938e-01 3.902207230231867774e-01 4.628058462189553746e-01
1.178700000000000000e+04 8.034567677230742833e-01 7.295983155179651680e-01 6.504363457308518504e-01 5.796548894692742371e-01 4.674831604071690294e-01 3.184360201405040947e-01 2.784805405765632957e-01 4.126762104192822078e-01 3.909378405877041995e-01 3.302554610785856104e-01 4.294002347429740629e-01 3.742438908514443829e-01 3.876288910626224937e-01 4.383137020284330609e-01 3.264178641154427130e-01 2.381588806156028637e-01 2.144243004352591742e-01 3.349790976019478284e-01 3.781814964467689610e-01 3.928602026692254445e-01
1.207400000000000000e+04 8.307185559381691231e-01 7.527863037664920265e-01 6.646409100784869128e-01 6.374354674856456127e-01 4.286540405515684160e-01 2.554758149429249836e-01 1.980151041433950432e-01 3.770304575138359038e-01 3.482729443402813319e-01 4.526833866584975552e-01 2.389261419137740650e-01 1.949236539708961991e-01 3.151777108729993393e-01 4.555883555124491391e-01 1.000000000000000000e+00 2.242740116151606400e-01 2.182920647016695359e-01 2.580761350138491284e-01 2.674215247495212999e-01 3.201667282474504606e-01
1.223600000000000000e+04 7.853653019911164268e-01 7.551509585362076171e-01 6.889044511459557762e-01 6.227271802618385976e-01 5.209374351253551749e-01 2.985698095721434076e-01 2.386365115044649376e-01 3.577956192812478120e-01 3.041384203418500132e-01 3.420883163151722806e-01 3.292003313376385409e-01 3.177735271532043382e-01 3.265407509496072169e-01 3.219234637657124587e-01 2.823101128951560068e-01 2.360971204512435917e-01 2.172098582271176637e-01 8.043709713424231911e-01 3.808742025748655946e-01 2.570632231325536976e-01
