2.530000000000000000e+02 6.956464804227012744e-01 6.696962702448336913e-01 6.197550845543996489e-01 5.836239994189308389e-01 5.568606259897678212e-01 4.421516904470848552e-01 3.295733617811019700e-01 3.262390759831128029e-01 3.620826760604424210e-01 3.936394054572197043e-01 2.818672504373221366e-01 1.617554805951512686e-01 2.770487205900093453e-01 5.971908939924122084e-01 4.893239842849280707e-01 3.647418577597341116e-01 3.526177239288753595e-01 2.026155367211973091e-01 2.945766567526285074e-01 4.608590647173370081e-01
4.040000000000000000e+02 7.279807602945088663e-01 6.069598812845112823e-01 5.149157364408913917e-01 6.415074213658712443e-01 6.014796848830303855e-01 3.777120387034056392e-01 3.428260733859010423e-01 3.824641888360752473e-01 4.247640948962121410e-01 3.831271785667410557e-01 2.155694721004301484e-01 2.559803833028810871e-01 4.624791055760825720e-01 5.309559148802259765e-01 3.935603836432702840e-01 3.769467421557840536e-01 1.854242642924791296e-01 2.729458683944409048e-01 4.311520007690391454e-01 3.629050076218662824e-01
4.940000000000000000e+02 6.935079862048372235e-01 6.199561353731165569e-01 5.659168718712840329e-01 6.071063801923005654e-01 5.649952355457075193e-01 4.080802033607198731e-01 3.620506010078974879e-01 3.974160952873605490e-01 4.164768782733814789e-01 3.775673129358725344e-01 1.810078670324358208e-01 1.937977981560717322e-01 2.879557574431804712e-01 5.597935105449669546e-01 5.826392932067032682e-01 3.626444910206537142e-01 2.327024582599434566e-01 1.966401320023180854e-01 3.782471919006550332e-01 4.892344253118300346e-01
1.855000000000000000e+03 6.785391596391100455e-01 6.292668953929886344e-01 5.063094094183491212e-01 5.968419592638970483e-01 5.733529109901988052e-01 4.380489450694306508e-01 3.784589656786807033e-01 3.868356650504981564e-01 4.026214058440498178e-01 4.391151170217224564e-01 5.778148058431794576e-01 3.203264201125612387e-01 4.241747694687966197e-01 4.623758212021204517e-01 3.000249016730838214e-01 2.260065004181991966e-01 3.418358230360186711e-01 2.375063431082121979e-01 3.269277856051684972e-01 3.339047092265040040e-01
2.492000000000000000e+03 7.001681287941841081e-01 6.514367313454054731e-01 5.040983439792254828e-01 5.883724952296069954e-01 5.596450599238593782e-01 4.299479785588425362e-01 3.658173498411048108e-01 3.571503435880458155e-01 4.378546191888824102e-01 4.304233418343209605e-01 3.327496599433001911e-01 3.498373027179371153e-01 2.591077111818484435e-01 4.325774965493100477e-01 3.152203448351277859e-01 4.619259297247512719e-01 3.935473580556624884e-01 4.182140580685408948e-01 3.073800485767559931e-01 2.201470297350156258e-01
2.533000000000000000e+03 6.237010896211603317e-01 5.801923982773579125e-01 4.956147889131005124e-01 6.809468889755587728e-01 6.337311616591514429e-01 4.473429330361091694e-01 3.957401230215253918e-01 3.643412860080387228e-01 3.863880461091825924e-01 4.127274908211080451e-01 3.675264052425689099e-01 4.239941569710641289e-01 3.917180518831226421e-01 4.574292176415518663e-01 2.763297391074599485e-01 4.263474691362482139e-01 3.061447922307710678e-01 4.278510343534596139e-01 2.880936931308205051e-01 1.528296756025626368e-01
4.786000000000000000e+03 7.180032881706028824e-01 5.751477157288805708e-01 5.182517463993672191e-01 6.424489497127952031e-01 5.605624141559899520e-01 3.840256273112974128e-01 3.756771805957583865e-01 4.457518771272745983e-01 4.044515788057867489e-01 4.022921319376768223e-01 3.453895082066049671e-01 2.759271881847390473e-01 4.006888264066756355e-01 6.235508682684988147e-01 3.319560861115700701e-01 2.910565120495429703e-01 2.498890489699454598e-01 2.866349814188211553e-01 4.078988666606664371e-01 3.064205899266060906e-01
5.251000000000000000e+03 5.338386883293381180e-01 5.011705624082367638e-01 5.037018374974259194e-01 7.125500258760063543e-01 7.160030350227076790e-01 5.086000391188837400e-01 4.297770082385837243e-01 3.333072115036511129e-01 3.845193278181520125e-01 4.093527862183198862e-01 3.672144833959757326e-01 3.076778323767436762e-01 2.731337789067405653e-01 3.706899825997319042e-01 5.893510672259711924e-01 3.588887838654924445e-01 3.442871884256961668e-01 3.331998455037664120e-01 2.780590294412846886e-01 2.759753911114449787e-01
6.626000000000000000e+03 6.198140984495981165e-01 5.542973778007074248e-01 6.084524155543111767e-01 7.026964012599037357e-01 5.907361755451505658e-01 3.905074845937850370e-01 3.286097926089905363e-01 3.314472103547003168e-01 3.957264149243587825e-01 4.946626006439591716e-01 3.609381171541115041e-01 3.442932297613041093e-01 4.086697831551073801e-01 4.319201317116379002e-01 3.960905625516466522e-01 1.901515875416566470e-01 2.711454099453892153e-01 3.736337230283544586e-01 3.973307892693972443e-01 3.319961773558534057e-01
7.050000000000000000e+03 6.787741159766019772e-01 6.094008394132077733e-01 5.673356798762567710e-01 6.396276999410458464e-01 5.473347326179978101e-01 4.001225842066920002e-01 5.012710901000582142e-01 2.838363966050985177e-01 3.352059964743249187e-01 4.246286870394928581e-01 3.854591456497262758e-01 2.920622097161126862e-01 2.719271509975138557e-01 4.297159687503781522e-01 3.616020124410311287e-01 1.924783430643009774e-01 4.961971916469665178e-01 3.538402321758006286e-01 3.021300968016633059e-01 4.026623392622144526e-01
7.766000000000000000e+03 5.676249273980968901e-01 6.027619958961204505e-01 6.197703970018845210e-01 7.178145071112576048e-01 5.509099912735389015e-01 4.376829168559628891e-01 3.472945786498812804e-01 3.056293062896036083e-01 4.461950715512580379e-01 4.254427889296225063e-01 2.400246162648918824e-01 2.940267249580172937e-01 4.161245906511472081e-01 4.696764800866836120e-01 5.268165221819607336e-01 2.063542979813695055e-01 2.765402380523699910e-01 3.020919526017946111e-01 3.736407106238296416e-01 3.807551724424753647e-01
7.813000000000000000e+03 6.917887585835221786e-01 5.940849280970846857e-01 5.008851541332297597e-01 6.890393679463500121e-01 6.530367841918617300e-01 4.221137367764665194e-01 3.538861237335410581e-01 2.614191135332731841e-01 4.022941982107313130e-01 4.134389876708554623e-01 4.246100980382983558e-01 2.853180689497962774e-01 2.780268007959657561e-01 4.155981310109664317e-01 5.780721997723436978e-01 3.189878245476130969e-01 3.561298547805431536e-01 3.323234631343147671e-01 3.064388014333636057e-01 2.218919657343552398e-01
9.998000000000000000e+03 6.562001297246433662e-01 6.127510914620376559e-01 5.277294375608951871e-01 7.057251404020742358e-01 6.053717149786292939e-01 4.144381047175662580e-01 3.673447608363971661e-01 3.689713527635423151e-01 3.709192289193644632e-01 3.633090343772088504e-01 3.183479218938726762e-01 4.662562076813293044e-01 1.627879943049115319e-01 6.168182712972244408e-01 3.548434571421821837e-01 3.140629255851084545e-01 1.968583273885507745e-01 2.609871796041631220e-01 3.318896623881298358e-01 4.691885744130939728e-01
1.011400000000000000e+04 6.124449185227116565e-01 5.708882299218338563e-01 5.276760203490874490e-01 7.121062155460391452e-01 6.084935957683291763e-01 4.661469796372034180e-01 3.790098101458131419e-01 3.818015138037391121e-01 3.580619824937439910e-01 3.976628262578600359e-01 4.568132772743769277e-01 3.825842778432804736e-01 1.649077548025312534e-01 6.421795261758983520e-01 3.986682869781799088e-01 4.187680929391821572e-01 2.017333949124043568e-01 1.543311066089707029e-01 2.709561186447573267e-01 4.334225021083614182e-01
