5.010000000000000000e+02 7.620023812283379661e-01 7.388320895668718524e-01 6.178650187694207929e-01 5.698826012987440182e-01 4.735090279809412439e-01 2.694765068235427385e-01 2.372057490907216182e-01 2.553570888656325755e-01 5.074829154154290034e-01 5.733479825007411490e-01 2.670725152874602881e-01 4.151868279106280535e-01 6.021089320921112487e-01 3.343616337648214754e-01 2.891131734275505516e-01 1.380492566314567848e-01 1.046257134774588315e-01 3.201915784404608112e-01 4.596827046842490438e-01 5.507129476273349145e-01
9.880000000000000000e+02 7.605484048186853530e-01 6.959280994620444805e-01 5.819260380764488261e-01 5.676639732856587628e-01 5.018800923477459985e-01 2.688415830327164913e-01 2.321266228258589970e-01 2.230856749453732357e-01 4.793956101414425519e-01 7.102446951177396883e-01 6.012864223792373508e-01 3.167873232159819086e-01 4.260931973457330324e-01 4.373083942103938582e-01 3.107465344284516262e-01 1.695429852254364822e-01 1.935888287138807784e-01 1.311431834771142890e-01 4.381219811151642607e-01 5.206345576045754431e-01
1.223000000000000000e+03 7.577460742304644725e-01 6.890842035907359664e-01 6.489717320271483070e-01 6.110642118317500815e-01 5.528250532239614712e-01 3.281172669304545653e-01 1.407990746508588908e-01 1.903956128400553227e-01 5.604040923086365256e-01 5.024024248729066500e-01 4.085120879958536455e-01 3.851685028016756385e-01 3.566504739864256313e-01 2.834126860353459731e-01 3.848194771547054360e-01 3.508934952237410254e-01 3.170157577785088776e-01 3.906723753432200241e-01 3.595832991683022284e-01 2.657046974776046677e-01
2.528000000000000000e+03 7.790635944817282388e-01 7.593145935436683702e-01 6.464735842226504436e-01 5.343638500807881275e-01 4.457723850580429525e-01 2.544624501055762211e-01 2.201551877677696833e-01 2.034738214765173525e-01 5.626507899747262842e-01 6.026708874775688063e-01 4.490235564887721798e-01 4.138950636495346558e-01 3.635785054530472071e-01 2.395708298565882854e-01 2.876936060970601283e-01 2.999216706112509123e-01 4.088262237420550171e-01 3.593161736992024902e-01 4.281667673042223732e-01 2.562248877014596804e-01
2.556000000000000000e+03 7.683974948390553950e-01 8.095544055589861676e-01 6.517505538213633764e-01 5.826945906129570307e-01 4.714761165630727002e-01 2.220166248337095694e-01 1.497726710608470735e-01 1.509309942069335386e-01 5.152304137298154840e-01 6.559572917367603173e-01 3.515887304050469009e-01 4.606922588699511323e-01 4.913020136899806656e-01 3.267790657925660480e-01 2.116937526980746942e-01 3.359259087728851401e-01 3.435685464975867798e-01 3.429750520438832884e-01 4.358675082120399003e-01 2.090339593699342136e-01
2.581000000000000000e+03 8.704971297635696326e-01 7.538641147121263320e-01 6.166200042743539278e-01 5.263385417892152418e-01 4.490447191845761132e-01 2.525214501726484317e-01 1.777496987784769611e-01 1.594029827784239906e-01 6.058248257034125617e-01 5.785940671062308471e-01 5.323545295465471616e-01 4.142674797614439575e-01 3.238864700815727304e-01 2.367855748795762716e-01 3.596525642228564634e-01 2.365897996616316834e-01 3.353485783484662641e-01 3.294456134632333111e-01 3.645069442665467840e-01 3.807570290153469705e-01
3.990000000000000000e+03 7.108660441920056083e-01 7.423851460695857218e-01 6.259389654546333448e-01 5.796356055243071514e-01 4.915088272302266525e-01 3.303684147078671529e-01 2.384898295053271833e-01 2.068484227686083754e-01 5.370329125673457549e-01 5.431694578986309141e-01 5.005530999099977452e-01 4.266953550764595593e-01 3.776905018927743107e-01 2.088832764283391763e-01 4.411171019526838322e-01 3.182579366278363020e-01 2.857478757907044864e-01 3.258486159848675845e-01 3.743884395252507491e-01 2.624622046657489327e-01
4.240000000000000000e+03 8.427436110196158126e-01 7.295270981776339481e-01 6.755869235516599458e-01 5.606257373744689687e-01 4.761742449566374602e-01 2.595454737291244540e-01 2.347174025369613004e-01 1.453488239231690016e-01 4.344664523393300115e-01 5.878251351534264924e-01 5.844852871138156436e-01 4.276889635240471166e-01 4.249706776771227656e-01 2.393726821826647755e-01 2.171077908174832150e-01 3.357541427510616350e-01 2.512880011924703560e-01 3.291746582550424960e-01 4.193124002752378066e-01 3.059975786844872925e-01
6.124000000000000000e+03 7.191273733551327707e-01 6.666573847371197736e-01 7.251965257146604227e-01 6.290510261440316331e-01 4.125192583629477827e-01 2.102692762944495530e-01 1.663352548921927798e-01 2.706330908351344822e-01 5.588404176781062160e-01 6.778164047411648907e-01 4.259967657781777994e-01 3.822730137011199902e-01 3.765705450461161452e-01 3.699781285452819479e-01 3.871571247805368765e-01 2.622149175924562425e-01 2.784283511595906924e-01 2.808423503352157624e-01 4.152766123267214171e-01 3.354848757813410076e-01
7.808000000000000000e+03 7.221367700701708525e-01 7.503341735014061875e-01 6.692084734802230539e-01 5.697314947317726475e-01 4.875992418786740945e-01 3.062761168375305876e-01 2.019076668607340808e-01 1.694053350707141747e-01 5.302175716982483467e-01 5.879408262097105542e-01 4.257426977376903565e-01 3.127492917970225994e-01 3.721402746562064157e-01 4.024789555321375278e-01 2.662174301759318018e-01 3.308645266367405413e-01 2.625819123378840825e-01 2.434212468936066409e-01 3.714237415719276458e-01 5.097018651075134743e-01
7.868000000000000000e+03 6.982617122393325326e-01 6.547896624863466242e-01 6.681906732379289116e-01 5.793690997858357283e-01 4.819030787428783547e-01 2.913095409798644453e-01 2.732840978023455825e-01 2.554189785616986508e-01 5.064470345183682554e-01 6.220559187712284555e-01 3.994879442528105895e-01 2.661304805143512309e-01 2.760632195672588218e-01 2.297515035325743693e-01 4.878301286598557551e-01 3.241682633596804086e-01 2.710212008781622273e-01 2.285556287397683406e-01 4.174944311050440837e-01 5.692985177197215085e-01
7.898000000000000000e+03 8.462498101426650932e-01 7.475198050442983799e-01 6.889333838499475116e-01 5.677850683695297995e-01 4.445743015891647221e-01 2.067723322673788722e-01 1.809262228421780472e-01 2.462552791000507391e-01 5.266913615721980912e-01 5.131589698016095769e-01 3.139986330397834813e-01 3.036445134132906287e-01 3.931422309615384414e-01 4.032023998917019791e-01 2.804293911624770597e-01 3.663797563264938884e-01 2.560529785833405292e-01 3.893526793723734447e-01 4.101391225887190406e-01 3.678586918668968475e-01
9.993000000000000000e+03 8.217302151806756827e-01 7.575847540575437744e-01 6.531566113987162803e-01 5.459048091787701562e-01 4.398485274392036071e-01 2.600474277323370775e-01 2.233085062536200593e-01 2.062624201312034666e-01 5.535430816858128988e-01 5.229695349786314118e-01 3.228536974728392628e-01 3.435631934531566123e-01 6.046316930046528038e-01 4.303727706720671398e-01 2.906646678211616264e-01 2.247987984847970577e-01 3.892877796180062022e-01 1.290224389636439040e-01 4.999468797533714870e-01 2.845807948433846102e-01
