1.780000000000000000e+02 8.138720603154279143e-01 7.135904591489875548e-01 7.207080307638169536e-01 6.485867476189040026e-01 5.733361227900335422e-01 3.765167072247981306e-01 2.666959660325184389e-01 3.304073918422855693e-01 2.160181385875770410e-01 1.968586371769243115e-01 4.217719586935285148e-01 4.668206809431980631e-01 3.926296425954822200e-01 2.529801418747715802e-01 3.628775258989619945e-01 2.464077240638338773e-01 2.569575651606669786e-01 4.472619759467987288e-01 5.167641092262902358e-01 1.530156922268386954e-01
2.190000000000000000e+02 7.895593149715099957e-01 8.042625207686228128e-01 7.170179650159383966e-01 6.743025878309651944e-01 5.758754080458237112e-01 3.479353905428102522e-01 2.398740209473398666e-01 2.485979494868568729e-01 2.238439483712701406e-01 2.111760770910204588e-01 2.802957015003543773e-01 3.401133618235834266e-01 3.097212323822913227e-01 2.358082373553911926e-01 4.541321318726618816e-01 3.131936791230883754e-01 4.434641640342034119e-01 4.116849352502471304e-01 4.735268259623446330e-01 2.103087818002786769e-01
8.040000000000000000e+02 7.619455383456047448e-01 7.071538078036344599e-01 7.180311459140695796e-01 6.745451657246379629e-01 5.782129441525728497e-01 4.172814841840728484e-01 3.281246975361246654e-01 3.477011305272940112e-01 1.359576871167532119e-01 1.829199273691842209e-01 3.718724321610786254e-01 4.168405360745192079e-01 3.483252985635567067e-01 2.393868767625638438e-01 3.346821431272497538e-01 2.258243845767587410e-01 3.569303774065842316e-01 4.565911634111193829e-01 4.726802085316823554e-01 2.661692854585143153e-01
1.230000000000000000e+03 6.552350594097172687e-01 8.678484658478597957e-01 7.424939213712320463e-01 6.901034632538095570e-01 5.675419108493851006e-01 3.376776802190842308e-01 3.051764495160623758e-01 3.250976120636705491e-01 2.602283740764368414e-01 1.040592331884240551e-01 4.916647416258134728e-01 3.662553928947398507e-01 3.024323886801124628e-01 4.313062468997150845e-01 3.481342221196593867e-01 3.235406233013232158e-01 3.432434586177597891e-01 2.548189993522159691e-01 1.950734494521812190e-01 4.571717314650146080e-01
2.676000000000000000e+03 7.804721010079256338e-01 7.942292286487777631e-01 6.948969831616466086e-01 6.656071100416309783e-01 5.501251754407822103e-01 4.210183261812519007e-01 3.285082947600627135e-01 2.782318560665350549e-01 1.797005291033005325e-01 1.408152670688805619e-01 3.670749080586195312e-01 4.624449028126024763e-01 5.263079577816607291e-01 3.744885854370899048e-01 2.543000062864608779e-01 2.895580558811638450e-01 3.270175168988130876e-01 2.767986954759782958e-01 3.479935992343026196e-01 2.902479836888421372e-01
2.834000000000000000e+03 8.763364759405506410e-01 7.823510054122475577e-01 6.864238564227438388e-01 6.305282923079655877e-01 5.486780810664703134e-01 3.944210054775016960e-01 3.163776186902159671e-01 2.398823246806054132e-01 1.857514404961214394e-01 1.543940891617595901e-01 4.676811507294483805e-01 2.889213242398217529e-01 2.358362108129946622e-01 6.143309169141563109e-01 3.565743982822937586e-01 3.778685623599442045e-01 3.098834201358527940e-01 2.184396291412141200e-01 1.809287218465205904e-01 4.673052875549617013e-01
3.691000000000000000e+03 8.210803627313741915e-01 8.074386875522948648e-01 7.459889714049452447e-01 5.781387023628981048e-01 5.577824088409100156e-01 3.448991973300545855e-01 3.158731424006810951e-01 2.894249754893052362e-01 1.887615789601394534e-01 1.837272727092705005e-01 2.056698805093126747e-01 4.058358821630080882e-01 4.332095423519017330e-01 4.526822351097619102e-01 4.756241477732381928e-01 3.934442925943202329e-01 2.022509551118363280e-01 4.405470155852724279e-01 4.268588024781422852e-01 6.722404827731222332e-02
3.941000000000000000e+03 8.352485355886618557e-01 7.295847498907875872e-01 7.819331328682613824e-01 6.465173696652780633e-01 6.019350479355448647e-01 3.610117178532286641e-01 3.136649093083749285e-01 2.623320100203022087e-01 1.766719626385546971e-01 9.212178740095786078e-02 4.560601023672407051e-01 3.537374301789575348e-01 4.098183188406347988e-01 2.451305483246213890e-01 1.780247263449062090e-01 3.799295238220895543e-01 2.772197037460316649e-01 4.512894043155282198e-01 4.613127156759406766e-01 2.899465315124689080e-01
4.455000000000000000e+03 7.056192881814684625e-01 8.856078903075607078e-01 7.587181155611633088e-01 6.682447559148183558e-01 5.286006602768558160e-01 3.619950495436715654e-01 2.464504146176992871e-01 3.026471042653076648e-01 2.282042497735168596e-01 1.573166396938152911e-01 3.553635801244994230e-01 4.194983748087618980e-01 3.077944658458419691e-01 3.029818396157280547e-01 4.615572654249687767e-01 4.400896711442729425e-01 2.673573529144151473e-01 3.231041824572186694e-01 2.927744363051029697e-01 3.206708434420513787e-01
4.456000000000000000e+03 9.199525220178785823e-01 8.400035913454325653e-01 7.403719079801172054e-01 6.039738346299762251e-01 5.353903700203344052e-01 2.923794253175326929e-01 3.017379663300143733e-01 2.479953191671882828e-01 1.187230655481325697e-01 1.804574089531789660e-01 4.786797404367671982e-01 2.835624815775774077e-01 2.855366372375284789e-01 4.705287995055730255e-01 4.356063513778191676e-01 2.582551811898896599e-01 3.128685267027118133e-01 2.703151695720163450e-01 3.305339365540197472e-01 3.928839211468920234e-01
4.808000000000000000e+03 7.802461886249385525e-01 6.958803691601808117e-01 6.261492649094414498e-01 6.805001344919229256e-01 6.159679879903621202e-01 4.337479858625017948e-01 3.822271350418299796e-01 3.653567733554616281e-01 9.709198449107947493e-02 1.750837099029901034e-01 3.211682563988148553e-01 3.205291526212207809e-01 3.622772647558747949e-01 4.076939878132909145e-01 3.435450400738797039e-01 3.985935918496396613e-01 3.227103088638758610e-01 2.769619503666095883e-01 3.422826330093421965e-01 3.902677918377702726e-01
5.744000000000000000e+03 7.892643421133139769e-01 8.303540532879637448e-01 7.524318720830143192e-01 6.339647767962874880e-01 5.338141626669250517e-01 3.769201985940660582e-01 3.136871107080737575e-01 2.763351274319904571e-01 1.476510086420349255e-01 1.639958965242551414e-01 3.521630239513189875e-01 2.842014692456971692e-01 3.477969837854720248e-01 3.910756415760658911e-01 3.555590514289950210e-01 4.177576466860699056e-01 3.820405251232157906e-01 2.986875993541960317e-01 2.743512996521867975e-01 3.832143143423374365e-01
6.114000000000000000e+03 7.269037603540945414e-01 7.244602069299544977e-01 6.938493707192471271e-01 6.510672541622899434e-01 5.618135531355946677e-01 4.330276425345528923e-01 3.696172679930190275e-01 3.358054840672269337e-01 1.829810663319506037e-01 1.983022796143054101e-01 3.170020324082544194e-01 3.487513863160338068e-01 3.862175017012028366e-01 3.178070755725309615e-01 3.083348086289244838e-01 3.674121353408881241e-01 3.262249337057814835e-01 3.432734473480925641e-01 4.551792730535537679e-01 3.138013707887516435e-01
6.517000000000000000e+03 8.045533620093483496e-01 7.447027925139101390e-01 7.254831927456264484e-01 6.144786321624413628e-01 5.402433381954303560e-01 3.764726319177476577e-01 3.198464251570847794e-01 2.879361171478616588e-01 2.816600484427248530e-01 1.709177568832369876e-01 2.544014698201594871e-01 2.831648221979585212e-01 4.300483736208529084e-01 4.733615230120723494e-01 3.813976354582252482e-01 3.224300984383258739e-01 2.478374622231862834e-01 3.570652421875931126e-01 3.773799637349501968e-01 3.584839279580406823e-01
6.518000000000000000e+03 8.024272063779370745e-01 8.230672525681814733e-01 7.034007611136977589e-01 6.319817892519049574e-01 5.640187266042289149e-01 3.855069532408492150e-01 3.083386553635110161e-01 3.215462220315992714e-01 1.571075811465159344e-01 1.274663034430682240e-01 3.244135478190720012e-01 3.977233582551107927e-01 4.477562388779315339e-01 3.902869721336030828e-01 3.203187852253109869e-01 2.403346152452303097e-01 3.471020383557914535e-01 3.498205940266904679e-01 3.712136527185496693e-01 3.100280506050364093e-01
6.562000000000000000e+03 7.810587811378546519e-01 8.456972077161150070e-01 7.470558665132259746e-01 6.486580096536156415e-01 5.532501783839919307e-01 3.301453391715853947e-01 2.638562912338143218e-01 2.953096082442460690e-01 1.714817339120931483e-01 1.869885278118697813e-01 5.147763929463120558e-01 3.470030313966707136e-01 4.141559268213490519e-01 1.794935665445840656e-01 2.954009423149029367e-01 3.062068203849113157e-01 3.449546985553723077e-01 3.669707397322038989e-01 5.484710500565926905e-01 2.032732999976503141e-01
7.293000000000000000e+03 9.323325903543805415e-01 8.325530756584440528e-01 7.263146565710625335e-01 5.922189729526464719e-01 4.910665517674794311e-01 3.869066165966787985e-01 3.232072542444036634e-01 2.259224005806385327e-01 1.601146844870613151e-01 1.176144909324128990e-01 5.719083879694273342e-01 4.111731632293294525e-01 2.145510942968949231e-01 3.123260889841417698e-01 3.040263269241792465e-01 3.468192413990876521e-01 3.738165702053252160e-01 3.047573174640894056e-01 2.129612307764241208e-01 4.581999946261526291e-01
7.634000000000000000e+03 7.803936917117686445e-01 7.518673962551696288e-01 6.246379500366036064e-01 6.132363641346694205e-01 6.361584804984897756e-01 4.721354552284278139e-01 3.245674916386765974e-01 3.085464615302294100e-01 1.270712854845139350e-01 2.131529054420356895e-01 3.955717191078672590e-01 4.545644733518287017e-01 4.040612123869927741e-01 3.564718871283921175e-01 3.697201561705418804e-01 3.696039541559266728e-01 2.843709162114734790e-01 2.649545699936506904e-01 3.102784542779418731e-01 3.036334425315201924e-01
8.034000000000000000e+03 8.686112705498059139e-01 7.991840026036679534e-01 6.806913582599669610e-01 6.859288822206982550e-01 5.863200248153336291e-01 3.418156815479325150e-01 2.909462168223852507e-01 2.737062064515984328e-01 1.810979944877565695e-01 8.733751636143542718e-02 4.314682556870514385e-01 3.250621365209506730e-01 3.539312051115702795e-01 4.110369269790610791e-01 3.498537287791576578e-01 4.043521625660113639e-01 2.892677210964791912e-01 1.720407354952813994e-01 3.137668467994487176e-01 4.551715268210772547e-01
8.035000000000000000e+03 8.610329708273843918e-01 7.863100824058117944e-01 7.818762044773218678e-01 6.861558439739963156e-01 5.423346431022630920e-01 3.655704923492281710e-01 3.055505020017889595e-01 2.364766684091004212e-01 7.724069456096284425e-02 1.252531250011767183e-01 3.848260294267651926e-01 3.382646661098328567e-01 4.018029099403123139e-01 3.699575652963365546e-01 4.151779707392826979e-01 2.898846728181053711e-01 1.728496803156465977e-01 3.005599826046819190e-01 4.876798439319626199e-01 3.465780429884789404e-01
8.120000000000000000e+03 8.330511407153522452e-01 8.054161113605639022e-01 7.305338157403987731e-01 6.198928440852753408e-01 5.068489282525050488e-01 3.198611766682424307e-01 2.756350266019357842e-01 3.359497479341003179e-01 2.731034271742757702e-01 1.549636838058617294e-01 3.483890027560245239e-01 2.365842326001784957e-01 4.250694716817384200e-01 4.404595882708666199e-01 3.495148058487239084e-01 1.960153810760644488e-01 3.359532890917332204e-01 3.840252540133250458e-01 3.797693622914057321e-01 3.975285310027995012e-01
8.121000000000000000e+03 8.609695779530096571e-01 8.295371298176826835e-01 7.102135954179523702e-01 5.999361266412170934e-01 5.172163719380580282e-01 3.426079667474710155e-01 3.503406740058196966e-01 3.154259251766802774e-01 1.418259749824208327e-01 1.507982608331402408e-01 2.832049256479225452e-01 4.106627998713210381e-01 4.352418941630407101e-01 3.736357304334729790e-01 2.033789219777081270e-01 3.403276520710916686e-01 3.899810397550382279e-01 3.677627497925149980e-01 4.302759668084332190e-01 2.541172189253088631e-01
8.400000000000000000e+03 8.574711250352297087e-01 8.227379874510361013e-01 7.508510351182918763e-01 5.972318640937782641e-01 4.965088103321639301e-01 3.657354173614088544e-01 3.033645552010970636e-01 2.894858792129829661e-01 1.677020219336650964e-01 1.703778905315625758e-01 4.995638116274211393e-01 4.148088532300379105e-01 2.564973827454244959e-01 2.934775687972516200e-01 3.687946042473351782e-01 2.396882576665392284e-01 3.024084677296056123e-01 3.651280216082721797e-01 3.513511094445015970e-01 4.125802645541706837e-01
8.515000000000000000e+03 8.044721541677332111e-01 8.126532190177943038e-01 7.258128020461104279e-01 6.271514867194778464e-01 5.536001503463341411e-01 3.657681547297801372e-01 3.069693313293153092e-01 2.874394267671515624e-01 1.562587138302084233e-01 1.863453107653297580e-01 6.118920783863334156e-01 3.619866252320945166e-01 3.415722136376275753e-01 3.246248162999642028e-01 2.357026208555033364e-01 3.892240064302799341e-01 3.177084553863314675e-01 2.664393624775711067e-01 3.308048321987260842e-01 3.557368553126655231e-01
1.067700000000000000e+04 7.823531709081871233e-01 7.482411197660329139e-01 7.062348148969591621e-01 6.389225180758526523e-01 6.166797828691756855e-01 3.874283444813357846e-01 3.247395193665468804e-01 3.585228402778193879e-01 8.434021107066624889e-02 1.845805235020258617e-01 2.810701782470641508e-01 2.559265508833400982e-01 3.636183689244937289e-01 3.400885315006717535e-01 3.543190570897064573e-01 3.398931410682324850e-01 2.430693647178667482e-01 2.955889075679313804e-01 5.918191884664997238e-01 4.057915236429910366e-01
1.077300000000000000e+04 8.268376263226849820e-01 7.605786075586253858e-01 6.902442455469274263e-01 6.227806556460894205e-01 5.841210407271825167e-01 4.308819370283344941e-01 3.085292127634132187e-01 2.701108034657834778e-01 1.309510540123825784e-01 2.017109642200754782e-01 3.558200200111406031e-01 3.628281566066394737e-01 3.812869312173322589e-01 3.375892203612701481e-01 4.368626343812636037e-01 2.807958360765428485e-01 2.789372162019678747e-01 3.051648134558346825e-01 4.259076894897312338e-01 3.328177621554661569e-01
1.093100000000000000e+04 7.979962507485908185e-01 7.702033018104865736e-01 6.713709463029375879e-01 5.914979851639787789e-01 5.959122282136178894e-01 3.953626032950186553e-01 3.053347090448810808e-01 3.364379933296086644e-01 2.645132400674304884e-01 1.391706151049119655e-01 4.562004651349218509e-01 3.404162152463564017e-01 3.339547229639239223e-01 2.655416380506438467e-01 4.624317449738994390e-01 3.942936971485384579e-01 2.894651834916400768e-01 3.452403486081050410e-01 3.161765776401118111e-01 3.034331820266225055e-01
1.093200000000000000e+04 8.217061826093832178e-01 7.642826826083007896e-01 6.756162240564868027e-01 6.827070007760908110e-01 5.749966090564484489e-01 3.648515862118589248e-01 3.430673364025966232e-01 2.980846345733537128e-01 1.150636921682052782e-01 1.794017055810403771e-01 4.080906201659331156e-01 3.232197480113672139e-01 2.629563064553632756e-01 4.952281057913126561e-01 4.099682320117107870e-01 2.937583612179968107e-01 3.512072933480246961e-01 3.067069833924033206e-01 3.284632525690062699e-01 3.298027703762201335e-01
1.246500000000000000e+04 7.968774304531754948e-01 7.673173043924653713e-01 6.877495301398246497e-01 6.363430734038486580e-01 5.838661959109098243e-01 3.985119433488161222e-01 3.341782682965322993e-01 2.673731256886642815e-01 1.777022436486497270e-01 1.884928928032079121e-01 5.846309622783096849e-01 1.929628871751221664e-01 3.110283830017329665e-01 4.221741407950965752e-01 3.200301088072967093e-01 3.730402224597560434e-01 3.470268922967453262e-01 2.329466200411264287e-01 3.547499381716045508e-01 3.916186556492285975e-01
