1.060000000000000000e+02 5.155588701954558761e-01 4.893520622350353566e-01 6.080881769987293017e-01 5.338770749360021162e-01 5.739926602314654458e-01 5.025479073197315349e-01 4.900348507881509552e-01 3.788971842889662378e-01 3.322729613020088957e-01 4.282216198325474732e-01 2.516600734506841408e-01 5.876008472713333264e-01 5.207314726765926993e-01 3.154112807510308092e-01 2.684150550593499274e-01 1.327811966689243228e-01 2.618810545728785244e-01 4.278246258356986353e-01 3.853275986640850026e-01 6.456300224428187517e-01
5.900000000000000000e+02 5.984010703782587370e-01 5.472063480108096956e-01 5.274448168374824553e-01 4.958447642681659828e-01 5.171469619584291300e-01 4.632342547828131041e-01 4.534896361180720259e-01 4.896287141949819954e-01 2.785243476126900708e-01 4.471654257965793633e-01 2.510704299843505294e-01 3.567250405057914575e-01 4.948596204855272851e-01 4.862020346493226564e-01 2.343750549184334397e-01 3.113659808680793173e-01 2.350919700058471673e-01 3.043991112362207097e-01 5.398334425003742387e-01 5.731981809334152356e-01
1.363000000000000000e+03 5.387563342754986273e-01 5.522811623361292277e-01 5.624882512395857903e-01 5.007800197271171649e-01 5.255949554404721891e-01 4.602129138013747456e-01 5.414069407796582301e-01 4.293372417784117601e-01 2.396530864489207213e-01 4.841059577481723886e-01 3.983573558815853288e-01 2.868773716609659408e-01 4.182382559626259821e-01 3.174090314535499835e-01 3.395971299835286450e-01 2.012766050786402028e-01 5.454236980119384626e-01 3.581846088672601125e-01 4.530920109608970736e-01 4.426063000755853793e-01
1.784000000000000000e+03 5.238624610356855671e-01 6.306261846139737948e-01 5.158853657500511725e-01 5.448824876067642764e-01 5.795753262139814455e-01 5.779064976888295124e-01 5.091564109336169652e-01 4.428370935321532809e-01 2.139382467521845632e-01 3.956121876092792977e-01 2.384476087696334456e-01 4.338879946732015491e-01 4.755820812374196294e-01 3.234158925593247913e-01 2.754934387466942969e-01 5.055122941141068083e-01 3.881255732846644046e-01 4.215407967537545542e-01 4.278905613057131796e-01 3.310918673695294467e-01
1.910000000000000000e+03 5.824981213393318757e-01 5.299883070969646504e-01 5.440726272860813006e-01 5.299817560715456288e-01 4.812049276680702148e-01 5.436143483131943288e-01 5.288614517385835656e-01 4.023657457053930186e-01 3.067393106536161484e-01 4.034508524528812590e-01 2.672051564643879717e-01 2.663500038410541171e-01 3.640809280931720515e-01 3.701913591550587967e-01 2.321586728814118150e-01 5.204685287733857857e-01 4.183649938971412685e-01 5.143714682029879581e-01 4.320554828941860492e-01 4.090088113974644779e-01
3.492000000000000000e+03 4.735837816732335059e-01 4.747823043099303475e-01 4.291800974263132451e-01 4.329529148939962324e-01 7.559061904903022766e-01 6.827147082928998190e-01 4.501787001916544573e-01 3.846002813839352608e-01 3.473131107295567843e-01 4.544989676018919567e-01 3.417726515340524518e-01 3.721646345811663315e-01 2.298333284576668800e-01 5.140021446646303449e-01 3.597070102090600963e-01 3.293838515075000473e-01 3.974305405477728814e-01 3.215672769105477058e-01 2.102598647041018509e-01 6.951347343959454195e-01
3.931000000000000000e+03 4.326081665899434991e-01 5.648326343225560375e-01 5.960748173314952547e-01 5.973667743975805688e-01 4.978706594406499542e-01 4.735802031445925375e-01 3.985978781691629780e-01 4.198377259875358258e-01 3.481363385814012501e-01 4.769914252063428561e-01 3.297903375670936388e-01 4.345185742338052437e-01 2.473929455893466300e-01 5.062136993966628307e-01 2.585750453656596726e-01 3.298401044533863513e-01 4.041929952752146282e-01 3.733067517770853327e-01 1.591087578949113013e-01 7.325853385741533108e-01
5.718000000000000000e+03 5.723501110590079044e-01 5.051203353224674730e-01 5.684064212652640835e-01 4.804423221748658213e-01 5.516582789013468879e-01 4.689631145883751406e-01 5.488591010508978574e-01 5.010484960526461196e-01 2.778191996875978287e-01 3.947601723904346493e-01 3.002595986177781784e-01 3.087403128676852737e-01 4.129511807410608526e-01 3.272405544225465146e-01 1.427286253906613067e-01 2.796349132384801650e-01 3.068250434971948604e-01 3.304205662914622144e-01 4.834032642726679985e-01 8.427392581733849086e-01
6.387000000000000000e+03 6.531811355304828481e-01 6.811744066954656951e-01 5.114491578287031492e-01 4.719070523752719182e-01 5.430891510651778553e-01 4.063601688677200285e-01 3.567649375789945232e-01 3.485226266383027460e-01 3.271563840490277486e-01 4.607115045749953230e-01 2.766519582759440765e-01 4.999316287817285875e-01 4.034390717819185679e-01 1.621324221255316389e-01 2.948012013467938286e-01 3.154718089177830365e-01 3.432304835475712412e-01 3.584401117712226470e-01 3.392325866860743666e-01 7.704625550398672695e-01
7.165000000000000000e+03 4.544965299591344210e-01 5.179515040798571279e-01 6.582182960787433812e-01 5.464665052131766343e-01 5.762211941063101195e-01 5.038961181996208794e-01 4.573516725522788207e-01 3.970111514798161934e-01 3.143288845908900342e-01 4.381697759780051049e-01 1.905149263863057385e-01 2.808235407346411638e-01 4.682796680608523610e-01 3.742884594257650521e-01 2.610151326733414212e-01 3.661806432401948364e-01 2.834536315919057303e-01 2.978180902150431297e-01 2.533103863858774951e-01 1.000000000000000000e+00
7.922000000000000000e+03 5.801806007943973720e-01 5.375583960903123071e-01 5.100221020307493802e-01 5.039142841667589856e-01 5.213048066050288698e-01 4.511096793995635346e-01 4.145854964347214233e-01 3.728050356132298626e-01 2.824999139848866081e-01 5.718257156880740544e-01 1.855297663375119199e-01 3.819158768586658481e-01 2.805059561780409161e-01 2.922049619186566916e-01 5.246215256596364895e-01 4.577690461170690339e-01 2.813188768039995846e-01 3.391438397990724773e-01 2.534500925716042241e-01 7.961697137939753866e-01
1.050700000000000000e+04 6.109554086654541694e-01 5.650235540770195408e-01 5.033106716807193015e-01 5.336291627018502348e-01 5.357375601987431901e-01 4.785595600572221664e-01 3.926962751017795683e-01 4.329507892234375488e-01 3.441436311815486704e-01 4.159216641176677332e-01 2.224577877337950427e-01 2.386240684952667113e-01 4.187376704005815187e-01 4.833104826869927817e-01 2.488316462811571983e-01 3.047283565422745366e-01 2.134195376752717199e-01 3.527125157749663176e-01 3.542270643326790314e-01 9.291900405563194854e-01
1.075900000000000000e+04 5.570603339392348197e-01 5.627558176903149079e-01 5.078705300133654621e-01 4.768053545354392075e-01 5.241547903141492437e-01 5.011213918471207895e-01 5.021810886257229711e-01 4.187408788202409138e-01 2.942408397207127435e-01 4.682403909909941819e-01 3.321226284272120743e-01 4.392826801108251078e-01 3.140822517680721959e-01 3.943642593417993614e-01 3.439837905684071107e-01 4.001062204750884810e-01 5.435447183451792563e-01 3.172792465911880022e-01 1.887745106325832978e-01 5.220226040470223872e-01
1.192000000000000000e+04 5.722040258112960354e-01 5.892339477719540364e-01 5.685604523528287046e-01 5.286763947177658407e-01 5.858610157939930785e-01 4.701541701495614012e-01 3.702217582672615581e-01 3.656880729700906496e-01 3.882524670990215032e-01 3.860074251510998145e-01 2.673985135951792991e-01 3.539007132448696580e-01 3.286247757854987572e-01 4.144613487605989799e-01 3.313746660798453370e-01 2.313210111122848411e-01 3.286909959891040622e-01 2.861852752993704896e-01 3.699361101286410269e-01 8.476561789816976500e-01
