3.250000000000000000e+02 4.450411775664436242e-01 4.442728962602247589e-01 5.170427094570774207e-01 5.156639983329608379e-01 5.333359131095055661e-01 4.499501411505493764e-01 5.044723334939407167e-01 5.299373157175667481e-01 4.203024085696241974e-01 4.346887537071527086e-01 6.279890544583258682e-01 3.835174671816625191e-01 2.477271648788790248e-01 6.265353823063242178e-01 3.257979058566413122e-01 1.081391824588762846e-01 6.023245868978236439e-01 3.165988406129658927e-01 1.758618043385022367e-01 3.324645774842296397e-01
3.280000000000000000e+02 5.044728470821143729e-01 4.739209744282528169e-01 4.472735116209798356e-01 4.780986595205409251e-01 5.592789554424733023e-01 5.162957429085227590e-01 5.454868881620784649e-01 4.883509957986901795e-01 3.818568951675810896e-01 4.259003738577628595e-01 5.936716456350902282e-01 4.161333916156681467e-01 1.504601031170170744e-01 7.899105998753409574e-01 4.098571758041335000e-01 2.464892105658493815e-01 4.702204523219168930e-01 1.952193117572586512e-01 1.456178440148246933e-01 3.430228709262494458e-01
5.580000000000000000e+02 6.036077830996192661e-01 6.249154403844991990e-01 5.247990765173843331e-01 2.898291453538777152e-01 4.218393854671235732e-01 5.619998095308171848e-01 5.112312906531080170e-01 4.403957789720204796e-01 3.711196280424461924e-01 4.053279292488408125e-01 3.062328784498983825e-01 3.324434481829571797e-01 2.557652033740334119e-01 4.468084349853421178e-01 6.801699993639283015e-01 6.129720547374837292e-01 3.654376447425073948e-01 3.071583683331985393e-01 2.398710799094438406e-01 2.781714627388366945e-01
1.450000000000000000e+03 5.353835505528294902e-01 4.807542411552585548e-01 4.344123934324912173e-01 4.119275275103062017e-01 4.691821440566280033e-01 4.654759042082436959e-01 5.378038400542134445e-01 5.380219733168745133e-01 3.979543186279662081e-01 4.682784732294131280e-01 3.664577900018470835e-01 4.229065397254168079e-01 3.729770662793140956e-01 7.088920537541522071e-01 4.178094679353042129e-01 3.281294277724068897e-01 4.252905469263464910e-01 3.099152522851015834e-01 1.390598428086467220e-01 3.394455568602907092e-01
2.072000000000000000e+03 4.999193405050750272e-01 4.554245316887594042e-01 6.036843982312065648e-01 3.746969058883536929e-01 4.429553805528109178e-01 4.656400273878195661e-01 5.259298019122035095e-01 4.446268639175701698e-01 3.869345741959724361e-01 5.144785929664618118e-01 2.956238826534076103e-01 5.304521020540134968e-01 4.854107021167607949e-01 3.811234196520541517e-01 4.043115362193182016e-01 3.508061297313505023e-01 2.855512262698386428e-01 3.487277034203571380e-01 3.792355833663969555e-01 3.566962332720663986e-01
3.787000000000000000e+03 3.860655945215256124e-01 4.303773872414438650e-01 5.220316916713666489e-01 3.900981394844282857e-01 4.372921090074594064e-01 4.858289348775911565e-01 5.305822996857195717e-01 5.853551375745508212e-01 4.306224007112260388e-01 5.144188178465606276e-01 4.339041577549999085e-01 2.961710619290259805e-01 2.405084696105847242e-01 6.349273703666263868e-01 3.320869448938417179e-01 4.139637177391332634e-01 4.840404237857454106e-01 3.046603831186717737e-01 1.298946886049597293e-01 5.076916829460610403e-01
3.923000000000000000e+03 4.885907934032285849e-01 4.271941666725087017e-01 4.849827114108828385e-01 4.777128710406292056e-01 5.104616180591216024e-01 5.306326344442792164e-01 5.220517287993771127e-01 4.342725568225890287e-01 4.022264489646220076e-01 4.903623918826281458e-01 2.102734959091673850e-01 5.187268380671182788e-01 4.863588956360708204e-01 3.243523743937977710e-01 1.801975688985748836e-01 5.280467647865377812e-01 3.669576665528751502e-01 4.177730011694905099e-01 3.961347536656551482e-01 3.962242235654923062e-01
4.447000000000000000e+03 4.818882043553240346e-01 4.554471887023773813e-01 4.142383444463197950e-01 4.856601925765863248e-01 4.747600777740820233e-01 4.867175521050563503e-01 4.388758440786989512e-01 5.237064191099803923e-01 3.966801869952902293e-01 5.523304311942721645e-01 5.444119199039332280e-01 4.488639415751553008e-01 2.700868313460530468e-01 3.277907333912127852e-01 2.727788400159553150e-01 3.228260578793244462e-01 4.581122812756128204e-01 3.427125618668505069e-01 3.062939828334617642e-01 4.365757279363499666e-01
7.499000000000000000e+03 4.835977344513244236e-01 3.961810064538056619e-01 4.959978628328028938e-01 5.194847526455145248e-01 5.628151075939579195e-01 4.572527758347000315e-01 4.511426462479092847e-01 4.184192146033149373e-01 4.026741278498732202e-01 5.506892754492253017e-01 3.114282285828346986e-01 2.882502692532052935e-01 4.704706708443185392e-01 3.836363509298285068e-01 4.637455883977154580e-01 3.677480322854337902e-01 3.365161589068199066e-01 2.993519518143551994e-01 3.854721741676537250e-01 4.859247057982642448e-01
9.004000000000000000e+03 6.789851779623197192e-01 6.209806929504622097e-01 5.678027476798124251e-01 3.595160123271351482e-01 4.239011208455725210e-01 5.340737749349588892e-01 4.887266660794385986e-01 3.685424062036148918e-01 3.152454898474583156e-01 4.158161724404497717e-01 3.943672063980085407e-01 2.586703619256086606e-01 1.109317094110508772e-01 5.101275489010641540e-01 4.653018602261273506e-01 6.250867465881677632e-01 4.023493950473518987e-01 3.109706713641229858e-01 5.334846063307843722e-02 6.366769289438001245e-01
