1.390000000000000000e+02 6.908720577002619434e-01 6.629422871280902241e-01 6.005626220194163478e-01 5.661528301429737953e-01 5.670568560956531501e-01 4.099608149613825914e-01 4.333328448206878458e-01 4.272758405081686917e-01 2.706835791349403997e-01 2.858603544831689880e-01 2.603125562798499493e-01 6.071955735454903635e-01 3.572058553846726436e-01 4.569407183056795052e-01 5.948257784333899068e-01 4.864682603389237081e-01 2.165913470441187816e-01 3.568626485663697334e-01 2.580269607610175542e-01 2.566592649846574647e-01
1.467000000000000000e+03 6.399369284438736205e-01 6.091221611677972714e-01 5.401313869141820545e-01 4.910334037256781081e-01 6.369918248028901830e-01 5.264974767983107151e-01 4.591066958548082888e-01 3.979250667206302716e-01 3.154958246761699892e-01 3.018094829554255898e-01 5.312556037528182173e-01 5.697476689122787930e-01 4.812909671458495686e-01 2.610524276893566586e-01 5.495314037652093697e-01 3.928527136217945248e-01 3.760345777640893838e-01 3.546590134417124118e-01 2.151376051683853152e-01 6.960295184335077434e-02
1.840000000000000000e+03 6.712130055104793547e-01 6.541754532940512457e-01 6.223845596744705944e-01 5.820166255288965473e-01 6.354697637969828339e-01 3.724978291403512887e-01 3.377692972650462866e-01 3.895657708449381529e-01 3.152094533545511945e-01 3.096529013405845965e-01 3.995795168939284547e-01 2.927230450946196050e-01 1.293175812641986500e-01 5.142007306105115250e-01 4.653121685553701647e-01 5.423599495546664873e-01 5.359044054310100336e-01 2.784959551408746625e-01 1.551545779020744309e-01 4.657444578689089454e-01
2.047000000000000000e+03 6.416774728156182661e-01 6.439743452559013592e-01 5.595165444924947717e-01 6.796871869424955248e-01 6.573761675664493431e-01 5.401190116396410446e-01 3.976470519513732871e-01 3.634522421217590837e-01 2.608793988679821707e-01 2.604434460334263401e-01 3.064052474758288680e-01 3.587942947501837621e-01 4.753888955858591725e-01 5.159126261459145990e-01 3.312746654035579885e-01 1.442789568638458975e-01 4.218537003635260407e-01 3.466028644636481859e-01 4.867619582901147046e-01 4.128593796485643397e-01
2.135000000000000000e+03 6.892457082496299403e-01 5.992704171331127982e-01 5.925753774986136646e-01 5.690599737719687079e-01 6.672865712330692256e-01 4.135771933791196342e-01 4.477611429054252357e-01 4.024816287630461620e-01 2.732794347059647189e-01 2.878514700360326750e-01 3.397633827688211205e-01 2.722239528782335882e-01 4.431086004360239583e-01 3.777349538295296516e-01 4.689858635109619978e-01 4.234567452945647847e-01 4.117006258175036626e-01 2.509427429178417990e-01 4.707188912255506064e-01 3.322754315925786628e-01
2.243000000000000000e+03 6.781316247591478996e-01 6.550443075049368069e-01 6.521063543666041351e-01 6.180726592583710710e-01 6.533602419441494336e-01 4.423429189805084261e-01 3.753550116795692504e-01 3.476141642406788135e-01 2.894637616347633946e-01 2.509491087650292385e-01 3.503628721216760500e-01 2.047211633358191063e-01 4.520254766971448235e-01 3.281591247214412643e-01 5.942671584713281607e-01 5.103953733367257994e-01 4.338533172060625720e-01 2.596773683012047473e-01 3.890151155432753360e-01 2.778679867444704965e-01
2.757000000000000000e+03 6.290114252232686942e-01 5.961145210633094216e-01 6.472162862713461973e-01 5.511235458806688081e-01 5.958442438941942143e-01 5.069641872241892333e-01 3.489114545927162747e-01 3.643214985273696693e-01 3.209842664402996482e-01 3.315585009678199691e-01 2.732349181964841001e-01 3.590313716676287736e-01 4.513673607894082007e-01 2.755216977739240458e-01 5.435367137651408997e-01 4.651020506484689343e-01 3.575116379928714450e-01 3.964135989286313722e-01 3.890933741356739084e-01 3.079450412007417315e-01
2.773000000000000000e+03 5.580906190292257429e-01 6.355653961077943892e-01 5.962853835849286632e-01 5.326142044459081237e-01 6.125102306865018997e-01 5.298364101168565599e-01 4.691604072427604799e-01 4.047700176594998256e-01 3.191656942543882880e-01 2.838027479559138144e-01 4.147914912452992375e-01 6.226169957474361194e-01 4.376824083886984296e-01 2.758978269874841072e-01 4.839085011210326193e-01 3.770207786745710665e-01 5.715292164992564761e-01 4.342464937145082415e-01 1.466254777578321900e-01 7.321759866873610301e-02
2.956000000000000000e+03 5.943801967244061180e-01 6.024897125135523224e-01 6.191434953248224904e-01 5.728862125796142513e-01 5.975346465873954127e-01 4.722782926459249131e-01 4.328398690191095355e-01 4.151097367133298466e-01 3.232318340030984616e-01 2.926549062807044521e-01 2.473700433205805460e-01 4.935086962344853445e-01 5.139716012190638228e-01 2.729269464305376092e-01 1.634034554619176738e-01 5.322145160734969016e-01 4.344354867642277185e-01 4.890615780458268391e-01 4.042137846077615837e-01 2.749334757585434885e-01
3.067000000000000000e+03 5.725272573007341714e-01 5.596214749947800993e-01 6.240491752519999880e-01 5.508381775421928861e-01 5.657903280089849885e-01 5.368173696373977899e-01 5.018107385182746238e-01 4.121390657993321827e-01 3.065089178580402973e-01 3.036251200601378653e-01 3.010986925989221352e-01 5.375518533816989741e-01 4.150824583333592721e-01 1.908175289770479288e-01 6.765978473518230452e-01 3.919531579857379322e-01 4.030594300251477691e-01 4.854289925063884348e-01 3.093460888674576803e-01 1.307939911935415700e-01
3.257000000000000000e+03 5.070680097149407040e-01 5.600479068273805927e-01 5.836307570845784554e-01 5.240035791527865028e-01 6.281335389821682824e-01 5.967159537044131046e-01 5.156089259788052548e-01 3.972258351044898883e-01 2.986574692159908451e-01 3.370407157337256820e-01 4.045789157966699356e-01 5.146222538100827526e-01 3.532025167613794814e-01 2.405304792445931428e-01 4.674678277401437265e-01 4.391326640466676201e-01 4.550705524998119866e-01 4.768581811146141991e-01 2.485615829812493904e-01 2.048019829949495052e-01
3.276000000000000000e+03 5.100135730897356057e-01 7.297096624677410492e-01 6.815297837715950102e-01 6.370487649322987833e-01 6.411925646069492890e-01 5.255383925435748171e-01 4.275982312162470156e-01 3.250316370863478022e-01 2.648728924194065915e-01 2.644491688442170418e-01 3.523098531655511345e-01 4.143245707452498650e-01 2.366491052022285102e-01 5.199544409484788687e-01 4.321586729636306967e-01 4.114200998430555534e-01 4.400793737517651461e-01 3.514699048938260684e-01 2.538898644532520121e-01 3.884072495588244966e-01
3.277000000000000000e+03 7.311699925227951313e-01 6.837266008076456902e-01 6.550724514085979333e-01 6.071948538698117570e-01 6.023228490881424868e-01 4.558048776801419399e-01 3.239168561523107503e-01 3.308280938313849506e-01 2.762542865496799283e-01 2.675860946500742688e-01 3.223643098477885216e-01 2.337371469100504029e-01 5.329922849002304286e-01 4.490322273788357466e-01 4.303600568528670456e-01 4.394259036057361900e-01 3.580093578182236835e-01 2.838126276818779270e-01 3.980683625603727571e-01 3.582183180108501896e-01
3.290000000000000000e+03 6.312153383605133561e-01 6.294694007733346863e-01 6.209164799660482625e-01 4.190003496872748978e-01 6.634756274497718431e-01 4.235342599932959695e-01 4.212856854864803213e-01 4.381238065916274738e-01 3.318212736118724693e-01 3.039744164277523031e-01 2.748133266994056689e-01 6.037928443162959846e-01 5.092018148028704116e-01 6.538028194621292588e-01 6.717626250894527251e-01 4.477874819634385939e-01 2.451400820068450337e-01 2.323514314638305822e-01 1.609491647325685948e-01 9.487257788789302260e-02
3.504000000000000000e+03 6.468834905914252476e-01 6.838213284552271398e-01 6.772738589002789134e-01 6.136336683746351772e-01 6.405521866460925917e-01 4.090449490593564552e-01 2.736045635300191070e-01 3.309730612862581967e-01 2.732909090272205854e-01 3.495951831059280757e-01 3.467785903525215097e-01 3.294881412954390743e-01 1.866583341879441138e-01 5.072349052094018429e-01 4.569639674227848891e-01 4.719026689978741973e-01 4.897631659746886079e-01 3.338163160894962456e-01 1.752699978054797214e-01 4.944308874740803716e-01
3.641000000000000000e+03 5.901986456662501324e-01 5.241135612299531177e-01 6.306849897349672274e-01 5.712234852714959121e-01 6.034646785835291460e-01 5.451986997958787606e-01 4.157050383864588916e-01 4.431564382285895776e-01 3.232277596145936571e-01 2.917686070371497409e-01 4.262672323532959440e-01 6.541105682553172151e-01 3.906362020760554277e-01 2.523305332072091622e-01 4.011551948149584268e-01 4.243979622803578100e-01 3.939149513355780230e-01 4.799390995670679838e-01 2.208140172265420920e-01 1.674495354793226753e-01
4.147000000000000000e+03 6.624623204162563006e-01 6.297406653160564360e-01 6.877876485590295186e-01 6.494492356132082200e-01 6.346394019884866733e-01 3.702181822834584857e-01 3.903821332004570599e-01 3.680158844584056066e-01 2.801970048439933469e-01 2.744279381913945492e-01 2.235841233412887707e-01 3.644378408149182014e-01 7.836346055462890536e-01 3.714979542692638526e-01 3.260356289677373565e-01 4.256437351600255159e-01 3.255982095440511648e-01 2.400430296332658475e-01 4.466852798259718926e-01 3.353284347649964081e-01
4.189000000000000000e+03 7.564619576929230149e-01 6.865934343870477852e-01 6.708251133397674648e-01 6.557556971664671996e-01 5.349186470003883809e-01 3.735992156042541312e-01 4.016170609430392835e-01 3.328185167509364328e-01 2.548711450259009137e-01 2.617075845263913125e-01 2.140644721134318529e-01 2.595615926848610089e-01 6.695302702314701593e-01 4.193237588903011570e-01 4.142470499412909124e-01 4.040800557058012443e-01 3.207980758197417903e-01 3.156301291715749024e-01 5.198257760363588220e-01 2.996186386091063691e-01
4.193000000000000000e+03 7.179404996470291067e-01 6.423475899797924660e-01 6.833078774985591464e-01 5.924128788507559973e-01 6.031283009750588731e-01 5.589724433839656781e-01 3.910225543276527049e-01 3.954299841994861064e-01 2.641788388685181732e-01 1.705626784264044904e-01 3.375357133762871831e-01 4.426442116064009946e-01 3.562795487171348530e-01 3.485451437370756245e-01 6.151246591539938358e-01 3.484419130290808408e-01 3.995936423383780189e-01 4.518207352528468834e-01 2.371395088764416126e-01 2.851616942562720802e-01
4.194000000000000000e+03 6.837600328091814061e-01 7.208235705560795958e-01 6.557828358217544507e-01 6.171266792170193582e-01 6.878737116076459879e-01 4.595622471528170161e-01 4.420234104165495781e-01 3.657615214795599257e-01 1.997399596604562677e-01 2.089216897745777013e-01 3.173070752771265379e-01 3.231090276198973488e-01 3.285529871894405374e-01 5.893779995115058234e-01 3.352826315440143312e-01 3.674897576987903314e-01 4.238279253255570755e-01 2.434905217824994972e-01 2.687958521461736860e-01 5.929096402508422514e-01
4.393000000000000000e+03 5.657070289746765068e-01 6.532248257804313951e-01 6.655223944161688943e-01 6.543209368386009306e-01 6.583552154942746704e-01 4.174040853387664396e-01 3.785001651071328022e-01 3.631510646818638666e-01 3.054050111179751337e-01 2.907437013826578709e-01 2.764369735052565336e-01 3.691583508220273036e-01 7.972221204358959090e-01 3.067801334745191011e-01 4.237955880407395237e-01 4.855923598730289559e-01 3.110897349055288807e-01 2.257263513605679284e-01 4.399033553893502702e-01 2.069189571316767950e-01
4.432000000000000000e+03 5.348282545256438647e-01 7.804685208923382023e-01 7.297911723206615964e-01 6.296042714046187205e-01 6.513550249897271938e-01 5.178282865040264582e-01 2.726630527946682370e-01 4.243622694205151924e-01 2.369874812234216699e-01 2.378823703733977113e-01 3.430040567931295636e-01 3.494254365618719715e-01 3.175243779291411217e-01 5.840889013472981839e-01 3.982717367283853949e-01 3.022333696728473629e-01 3.862983356795965939e-01 3.544115564194804113e-01 3.652256794438937249e-01 3.969090160732542394e-01
5.181000000000000000e+03 6.129799426474001889e-01 5.905044210721414055e-01 5.835324446698819667e-01 5.272597610958303926e-01 5.878276457275236622e-01 5.119324666000968360e-01 4.770310857511466107e-01 4.095146552947697138e-01 3.186643323520226834e-01 2.985241531710602358e-01 3.736274266880461603e-01 3.820668045798084056e-01 4.386440893224120563e-01 2.838765856256188491e-01 5.177923335991736487e-01 3.737774896674558311e-01 4.476096326809789194e-01 3.085520144318461555e-01 4.371555053190246398e-01 2.333027568935214791e-01
5.182000000000000000e+03 6.108859949802917244e-01 5.989162165739921884e-01 5.720390506753454396e-01 5.667064018618709342e-01 5.973376286609622943e-01 5.193544096319833159e-01 4.258506321185181465e-01 4.156367312541952574e-01 3.181614127343615483e-01 2.991643809767968731e-01 2.941231700831667961e-01 4.274166512152707820e-01 2.876759319645527668e-01 5.321649124889878957e-01 3.867157265448775139e-01 4.421943649465285842e-01 3.110307949720438336e-01 4.825195045426350915e-01 2.366286766497311123e-01 4.165425464598445093e-01
5.193000000000000000e+03 6.287722198983766164e-01 5.910752616770869050e-01 5.771331879225298778e-01 5.489532009370787780e-01 5.759485996506178429e-01 4.995155900297577056e-01 4.792124875033708653e-01 3.986698364115550119e-01 3.214511738222425863e-01 2.949213154980724338e-01 4.384164391273142058e-01 4.288344832365353354e-01 4.869517168616343539e-01 2.242661566336039136e-01 2.901001891695921264e-01 4.098368418963805326e-01 4.873386830548405158e-01 4.069902225358266179e-01 3.707764540251137220e-01 2.376195668746788614e-01
5.199000000000000000e+03 6.489784527090476374e-01 5.747634538898382939e-01 5.796221979592842688e-01 5.234432772394889133e-01 5.438131402819901261e-01 5.148086875898232329e-01 4.665221986373577767e-01 4.332714769971174329e-01 3.162022312925718004e-01 2.998583424521060747e-01 4.195777228976178552e-01 4.589735607246671623e-01 4.739111423530572020e-01 3.050808920505306276e-01 5.177222344744222271e-01 3.424369113894634720e-01 3.101898583120311081e-01 2.895646407352745477e-01 3.511042202556226011e-01 3.196376568422386599e-01
5.200000000000000000e+03 5.972710057324208677e-01 5.960513991286443547e-01 5.697448096839106135e-01 5.266552055341570115e-01 6.016201873194788607e-01 5.087841131910473269e-01 4.531375647257566697e-01 4.129205986609013612e-01 3.201772406950594840e-01 3.204074701866114760e-01 3.750375002806757285e-01 4.901990418690053697e-01 3.289529677172007283e-01 5.647578762047317236e-01 3.765084137388076679e-01 3.257693372820454347e-01 3.105208518095655679e-01 4.119445245209932827e-01 3.445201553805535277e-01 2.785131839825311095e-01
5.390000000000000000e+03 6.801228362498024094e-01 6.018883825924538078e-01 5.745123911640263037e-01 5.296650945195245930e-01 5.708411156108640361e-01 5.071226222773803638e-01 4.644422608366942096e-01 3.912639702094432570e-01 3.064051437391875354e-01 2.878540140861046148e-01 4.030274081144420428e-01 4.785648676436665694e-01 5.596253855096551266e-01 2.335000902828638369e-01 4.400464555659488464e-01 4.174874553904415198e-01 3.745446988898979424e-01 3.730615654347546606e-01 2.965911889725733053e-01 2.311281952863186162e-01
5.438000000000000000e+03 5.663487410371510489e-01 6.422944008667467175e-01 6.199591726079136667e-01 5.755419032935650270e-01 5.738734243985779138e-01 5.346265787701784955e-01 4.661390593909802704e-01 3.783362752782051808e-01 2.991124407052755396e-01 2.900309116364629403e-01 4.090382664909376076e-01 5.699673329075545247e-01 7.009202654934216792e-01 2.736075657952021234e-01 3.038027326522073635e-01 3.843082390225084355e-01 3.440851296627093769e-01 3.756503665753218590e-01 3.045867579811769033e-01 1.571762551008006326e-01
5.439000000000000000e+03 6.535707026769175254e-01 6.281697611785557189e-01 6.066622262597658466e-01 5.472868623190068060e-01 6.154486070349735050e-01 5.011193977599637250e-01 3.856203409535148285e-01 3.824159668147550373e-01 3.054668886026928876e-01 2.948865651034250357e-01 4.740165496956519897e-01 7.370786878242715501e-01 3.009504063372461791e-01 3.387869532521269322e-01 4.305241342465859766e-01 3.681537417332563233e-01 4.097072300654295285e-01 3.646214156816795504e-01 1.738096390717091821e-01 2.036322722842098809e-01
5.440000000000000000e+03 6.463308551501022459e-01 6.218576204630403836e-01 5.898807452844266885e-01 5.940530169761110146e-01 5.871080940845643248e-01 4.200861725231332389e-01 3.971461100837707092e-01 3.978730404105967899e-01 3.150939525677082242e-01 3.213610579734804129e-01 5.914498168831672231e-01 3.069592588093042473e-01 3.589298288445155194e-01 4.621436330377095003e-01 3.978945361366891809e-01 4.226522731152572709e-01 3.837363319842871379e-01 2.016467336609319705e-01 2.162294527069464900e-01 3.980317257002946030e-01
5.640000000000000000e+03 6.294557035606100914e-01 5.720765600483787017e-01 6.482490370343253483e-01 6.001102853273974080e-01 6.044368242229352095e-01 4.724733307682091876e-01 4.600484287537359163e-01 4.679529027388805162e-01 2.758369128357616717e-01 2.460796291763120147e-01 1.581401393445125703e-01 4.270066023320207571e-01 4.457007938484228715e-01 3.214853484024707275e-01 1.935801801055125615e-01 6.009556015372757853e-01 5.185181800203130242e-01 3.562817926712967265e-01 4.450099727536776517e-01 3.656639353265576098e-01
5.642000000000000000e+03 6.884731372132805172e-01 6.605659268389205696e-01 6.343411401583031184e-01 5.554230399076482971e-01 6.067520875859939711e-01 5.543203373728037286e-01 3.821419677634056433e-01 3.495439276785274885e-01 2.931356983092573976e-01 2.377199079096024570e-01 3.213888313212183712e-01 3.052837245274336309e-01 1.933911732659101546e-01 6.153007930457462527e-01 5.101198040445665827e-01 3.407859373377130630e-01 4.756257261185847796e-01 3.935727453864784620e-01 2.310828043627228823e-01 4.223366955618142460e-01
5.643000000000000000e+03 6.887750537758012825e-01 6.620082388844518162e-01 6.116292948190836798e-01 6.041291073105781173e-01 6.651690696305447847e-01 4.338803021556600914e-01 3.766331611772160137e-01 3.945338846175724390e-01 2.633603780326041477e-01 2.629301019902813841e-01 2.406336229462290588e-01 1.937644441944644247e-01 6.382759842478642476e-01 5.362393299683330117e-01 3.607353315025015883e-01 4.806150585341617543e-01 4.055962420692660331e-01 2.616934006035582794e-01 4.380157611631130266e-01 2.836257875548096052e-01
5.671000000000000000e+03 5.206118669159400802e-01 6.136885970885959107e-01 6.207387507140815774e-01 6.230040311623689098e-01 6.365208766411382113e-01 5.724115211577180951e-01 3.903315283642226907e-01 3.642579626080910682e-01 3.198488343324021876e-01 3.011754716716041336e-01 2.807371561037779739e-01 5.659896783027430489e-01 5.451553051954054485e-01 1.794481279084634562e-01 4.939276819649343064e-01 4.863513951488106501e-01 4.095899258431643375e-01 3.938584412075957220e-01 2.080976566252570326e-01 2.800817789839487038e-01
5.672000000000000000e+03 6.241956085236118890e-01 6.252773002195062269e-01 6.420212087258660993e-01 6.010866121196097867e-01 6.520023538276299435e-01 4.130429269970449235e-01 3.659001922818002628e-01 4.085562752240560203e-01 3.149202276915514798e-01 2.832919173646299416e-01 4.242103879049537452e-01 5.170959384243130064e-01 1.764174092215449741e-01 4.943807101138544824e-01 4.903015296852247240e-01 3.939389229087195687e-01 3.862529386068999093e-01 2.238683284802637785e-01 2.763562572482907154e-01 3.952181439335382684e-01
5.677000000000000000e+03 5.924223650901644378e-01 5.573047307486080904e-01 5.944463956788671455e-01 5.564936899239160129e-01 5.512667415704451956e-01 5.211218456264563592e-01 5.084024198474286216e-01 4.319239261073818392e-01 3.109002852868938960e-01 3.007830955235885062e-01 3.652420348138851747e-01 4.597837842894090254e-01 2.772138232455974571e-01 3.716243091520378683e-01 5.217954583135872015e-01 4.234646878466959419e-01 4.465671851986259266e-01 4.030465445772558053e-01 3.704657366683095088e-01 1.694658507392402536e-01
5.678000000000000000e+03 5.765215562750607425e-01 6.046662293630939988e-01 5.914105216347542715e-01 5.267789189543781170e-01 6.012288240274179518e-01 5.482795540661173916e-01 4.456010439591991945e-01 3.998524420524675049e-01 3.173975753394280841e-01 3.110151111835259274e-01 3.599528773924124958e-01 2.753810525307939794e-01 3.833623627239138298e-01 5.454504210716317747e-01 4.458295220762126254e-01 4.487601115137651586e-01 4.129950602750621647e-01 4.161651488750267025e-01 1.751530324452965082e-01 3.527985109920844797e-01
5.695000000000000000e+03 6.000486875752035765e-01 6.176169865259730773e-01 5.648317188257038213e-01 5.581329173347130412e-01 6.579106583058672575e-01 5.227677938929830015e-01 4.162965275079200111e-01 4.064348663573863485e-01 3.234220259967487965e-01 2.793590091549595922e-01 3.335993716868272951e-01 4.825149193169638862e-01 4.148367396291260389e-01 2.337695201492088204e-01 4.128608246443135621e-01 4.808828701882488232e-01 4.587967239979564016e-01 5.266460795837420994e-01 2.958084212810402902e-01 1.825678799250146089e-01
6.283000000000000000e+03 6.888415894668289408e-01 6.538482321498400029e-01 5.903304139500453740e-01 6.874305949128082238e-01 6.197607171565278072e-01 4.353997733130386960e-01 4.225814452792707177e-01 4.204594059408036100e-01 2.083912672645258368e-01 2.673034832594476939e-01 2.089986775947104136e-01 2.866591337892036018e-01 3.349803123406131511e-01 4.938633730808003053e-01 4.580747759199454983e-01 6.309335889784695173e-01 4.219629905353851629e-01 3.134756117457082047e-01 3.493592414194090501e-01 3.359728904666106075e-01
6.285000000000000000e+03 6.432002208651722563e-01 7.332839313583249252e-01 6.513083451389820588e-01 5.234843283563247462e-01 5.678873307739633614e-01 5.021828950953635129e-01 2.796991154799176593e-01 3.874673400318607297e-01 3.021008491584789013e-01 3.010619258805845577e-01 2.384186009087294889e-01 4.630554534847654002e-01 4.530752145826503763e-01 6.377267367341676874e-01 4.092408910555772605e-01 2.957792965856382850e-01 3.686712840857547246e-01 3.568210544568441445e-01 3.390233090676620931e-01 2.914882043969069803e-01
6.369000000000000000e+03 6.603100524292384588e-01 5.486804114634263874e-01 5.373008097032657693e-01 4.821294797095035389e-01 5.992436602302354531e-01 5.706556956078813192e-01 4.313332063012543238e-01 4.190054646640362090e-01 3.192556801809446898e-01 3.271246194706307620e-01 4.330027245453662021e-01 5.549266805105147471e-01 4.294753722280652553e-01 2.125476128180950330e-01 4.453249544017364725e-01 3.888786428838479359e-01 3.526409025573573608e-01 4.050736765672520168e-01 3.625365996677761826e-01 2.055723875756498009e-01
6.509000000000000000e+03 5.615859683000542502e-01 6.163752030004107096e-01 6.660127945476468359e-01 5.651152085122278512e-01 6.366194592563315657e-01 5.587074034018479907e-01 3.684361386884489886e-01 3.871471213949159162e-01 3.101282098171840862e-01 2.854908725176391604e-01 2.846230305600076504e-01 5.202808132055073420e-01 3.530671660872926054e-01 5.790047040963388625e-01 5.025183660606165059e-01 3.826361490888673944e-01 3.670596290560260710e-01 4.485903494988946472e-01 1.775786165372759684e-01 2.412792143165935210e-01
6.872000000000000000e+03 6.539659834102161673e-01 5.880138132806247420e-01 5.416219531280157540e-01 5.071980684518715421e-01 5.603414892357496679e-01 5.072189641966484697e-01 4.222026249418627808e-01 3.997925490510136348e-01 3.520100708382558063e-01 3.295408618058174866e-01 3.040825512125158170e-01 4.682897455591186753e-01 4.163516361180062408e-01 2.990131617585216062e-01 5.051512767317447583e-01 4.148185047864044739e-01 3.723570375890734585e-01 4.217287001317976403e-01 3.503409650114750473e-01 2.684312682722350130e-01
6.968000000000000000e+03 5.895976382794603232e-01 6.458908545837470649e-01 6.589556804337824980e-01 5.764213433818473620e-01 6.549762419994852314e-01 5.285667119443708817e-01 4.179965743465237082e-01 4.311851501812085097e-01 2.739977829865128944e-01 2.278098204543272387e-01 3.468817945084721743e-01 5.786214087434777831e-01 4.359169597134177621e-01 2.690719878476109383e-01 5.063926059246236511e-01 4.005978325061030354e-01 3.545709005707980421e-01 3.895255230247506861e-01 3.234377296937148150e-01 2.155774048219571415e-01
6.969000000000000000e+03 6.677740722650906680e-01 6.767973288813471378e-01 6.201287846017441430e-01 6.384312682226087610e-01 6.253018391804364695e-01 4.630212015141315085e-01 4.578518929114923641e-01 3.584643159120046163e-01 2.467686234281596669e-01 2.407504540315117680e-01 4.452595747168643925e-01 4.248047144359750060e-01 2.726715695197723388e-01 5.205066427854392330e-01 4.145701406899116037e-01 3.502673356475191069e-01 3.924196127451975991e-01 3.573139913554316816e-01 2.186862290203788750e-01 3.856587758437217128e-01
6.970000000000000000e+03 6.929693880664555827e-01 6.370268715516438363e-01 6.679132665557454551e-01 6.064944232024216397e-01 5.486459017079461375e-01 5.028757936834501452e-01 3.734065177607818753e-01 3.159185820658972355e-01 2.584286995000429354e-01 3.167380854009733127e-01 3.341489542394206480e-01 2.721812453777791574e-01 5.394028687017913271e-01 4.355589699082011435e-01 3.703905543379392706e-01 3.961844825522619629e-01 3.679941115810251850e-01 2.474765683608537437e-01 3.996260692034262485e-01 4.316469658560585509e-01
7.151000000000000000e+03 5.955086399734890179e-01 6.095191059467034433e-01 5.808755763439685804e-01 4.982571857058277764e-01 6.177914444988014120e-01 5.140010342214613726e-01 4.511409083172530088e-01 4.368763627175734632e-01 3.100984849555805112e-01 3.050492302496402020e-01 2.178268910067706066e-01 5.580432557756904721e-01 4.439958596842896177e-01 3.774059977345581851e-01 4.317490056354735817e-01 3.374411514881779928e-01 3.234245875575146312e-01 4.529460057032026477e-01 3.449783181027417100e-01 3.537406235547109756e-01
7.393000000000000000e+03 6.627517582285684661e-01 5.822556960442065721e-01 5.606780433901917826e-01 5.581216005568542249e-01 6.021504915470360375e-01 5.113026462275598316e-01 4.769582919535759746e-01 3.782539097067148526e-01 3.094060810459273725e-01 2.885330537632360137e-01 3.341531710353066176e-01 5.260340226326217783e-01 5.585405825200375762e-01 4.329033841721325881e-01 3.960588250291408041e-01 3.563193030330508160e-01 3.085497002023953050e-01 3.012608631253968494e-01 3.551345041802234093e-01 2.581816181151397882e-01
7.419000000000000000e+03 5.404835648141821380e-01 5.299624094248578388e-01 6.903574327349317752e-01 7.373722193647180845e-01 6.950700777845266742e-01 5.188894900018634626e-01 4.307446815982461930e-01 3.702351541125902812e-01 3.051997477424007732e-01 2.267568923835820982e-01 3.551773246507807236e-01 3.769338130902366579e-01 7.079089613773007494e-01 4.076791936756838930e-01 4.012191944273874045e-01 3.493234908128476368e-01 3.283433770613467528e-01 3.777333638638672997e-01 2.246855017068490334e-01 3.038501227786138403e-01
7.420000000000000000e+03 5.537570051947996452e-01 6.971462676854571772e-01 7.434449379908596445e-01 6.640779968924296339e-01 6.020566222030601100e-01 4.656621841374070647e-01 3.798474462835802479e-01 3.940786538459055688e-01 2.391883680918368837e-01 2.593325797160245805e-01 3.007631207667612050e-01 7.134774132742031094e-01 4.284397162522912139e-01 4.274848193253857898e-01 3.746196769112507541e-01 3.362533475388025384e-01 3.943920609552045153e-01 2.579236357369991683e-01 3.194930523663629396e-01 2.816027752387926797e-01
7.443000000000000000e+03 6.252896392082423205e-01 6.371209468488110428e-01 6.573539161448820334e-01 6.750545198753143961e-01 7.051416852325921303e-01 5.345988385823949862e-01 4.146450092595624914e-01 3.851020255793599634e-01 2.305666321238268035e-01 2.029273732625762883e-01 3.485713927518518385e-01 3.808943005883074773e-01 4.067861078792512353e-01 4.365639600059398884e-01 3.475345742890074141e-01 3.020125863771487840e-01 4.037839359660657101e-01 3.296573512348255353e-01 4.164704586221062432e-01 4.148190410845948861e-01
7.459000000000000000e+03 6.091467497403443287e-01 6.404774051295781812e-01 5.946211229688990185e-01 5.622646062351988050e-01 6.426132080501498756e-01 5.737888556619569203e-01 4.213052658725843780e-01 3.695861913181867076e-01 2.873174172225615441e-01 2.718582872030542164e-01 3.646316919969310733e-01 5.874377566561660435e-01 4.439080068097770448e-01 3.305060595844946936e-01 4.491817559746300037e-01 4.876108566411791467e-01 3.312051014521943948e-01 3.536048486658594503e-01 3.155973275947094869e-01 1.602043612153792318e-01
7.994000000000000000e+03 7.377297037822567738e-01 7.643370582260556878e-01 5.318061325068287326e-01 4.476651022301100236e-01 5.780880572882006740e-01 4.923513587505282119e-01 3.766470778326985180e-01 3.521693843594207451e-01 3.326541568397177739e-01 2.635562616906782507e-01 3.424760170685295924e-01 3.130261863219910845e-01 5.075578092048633749e-01 5.118914113736159344e-01 4.123932471982169612e-01 5.596197237338640385e-01 3.568300961777408076e-01 3.245451316864197411e-01 2.588921633183539628e-01 2.417990901751789490e-01
7.995000000000000000e+03 7.892820577572535745e-01 5.718888395207430975e-01 5.291719893756631210e-01 5.854842485816805775e-01 6.056421751251360730e-01 4.357098238652758471e-01 3.867034631028050673e-01 4.579513158383661797e-01 2.957534220981635209e-01 2.611343099988379657e-01 2.541286902886861765e-01 5.204460056788562383e-01 5.465535032435167029e-01 4.465399031299513988e-01 6.097994959182161390e-01 3.713889796635009843e-01 3.447592162618577372e-01 3.018625894701698620e-01 2.587828758645828731e-01 2.131964826535044377e-01
8.226000000000000000e+03 6.194281710201090529e-01 6.383061978792623492e-01 6.665240758904340534e-01 6.048864419421697836e-01 6.749055850138232504e-01 4.184063709796694841e-01 3.754500914187235416e-01 4.155865176258914939e-01 2.602592151144850208e-01 2.878246188325064847e-01 2.434866706039885142e-01 4.898746239193456087e-01 6.082071080299997767e-01 3.023464107910342480e-01 3.741971476925630702e-01 4.476319949910543272e-01 2.793607346443979789e-01 3.271541840597774198e-01 4.594508680521162125e-01 2.991732234667415780e-01
8.248000000000000000e+03 6.190658971357427820e-01 6.086650638610946462e-01 6.320583687871998979e-01 5.372739039478366951e-01 5.937022468579786771e-01 5.453870660535922177e-01 3.333110631858501316e-01 3.998353338119792211e-01 3.125549994589066904e-01 3.217738339877579401e-01 3.414091716772779117e-01 4.367371081377281472e-01 2.973264875574303523e-01 5.217341664353989383e-01 4.082206120329792687e-01 3.164895399119001529e-01 3.667112285498655977e-01 2.882720797529949031e-01 3.355223498539384730e-01 4.778102744684418202e-01
8.631000000000000000e+03 6.708046922393683387e-01 6.574943573283200671e-01 6.596207702585262789e-01 6.266569511875029752e-01 6.144076479005614599e-01 4.757623544905226209e-01 3.930667474945649942e-01 3.235766087929795587e-01 2.601425195862385187e-01 2.789882188732295543e-01 2.803710542051044419e-01 3.864541511031605592e-01 3.763363826155491365e-01 5.373824548295822456e-01 3.701867706785295087e-01 3.184261344674172434e-01 3.733084204014482377e-01 4.468249094777078101e-01 2.995957415697841908e-01 4.295803663225986058e-01
8.632000000000000000e+03 6.807766229920957368e-01 6.800774577849832969e-01 6.644967443106295502e-01 6.039534672105013602e-01 5.708240903704356883e-01 4.388325179153709787e-01 3.413663483032631230e-01 3.412049898909995105e-01 3.039136897808252802e-01 2.838368839226070306e-01 2.965338290706368007e-01 3.656719276967466126e-01 5.433056021410033187e-01 3.793720274996050801e-01 3.282265625935205655e-01 3.675610490704165900e-01 4.485124690416220639e-01 3.299404983473397945e-01 4.341459318115495347e-01 3.202146913425906738e-01
8.785000000000000000e+03 5.984083615155693092e-01 6.325137713855298882e-01 6.707938572960742141e-01 6.056101769710870997e-01 6.424968824799174305e-01 3.789124225754554320e-01 4.057822239168945022e-01 4.248681510976682341e-01 2.950319367847552554e-01 2.843282274429811962e-01 4.744873169529661427e-01 4.753252771248364095e-01 4.277742323415690273e-01 3.714531837641943390e-01 3.545452072134088195e-01 3.930150992892774697e-01 3.331059599107665248e-01 2.845165036513525592e-01 3.296410912602734666e-01 3.275369123788592907e-01
9.016000000000000000e+03 5.875509296906739065e-01 5.964694709260455197e-01 6.427921374557076239e-01 6.233572627060273152e-01 6.049121219565913865e-01 4.426935918343271048e-01 3.235921783338408519e-01 3.975367581848965326e-01 3.187316857038340889e-01 3.519322043768191577e-01 2.823794237970166376e-01 3.196998018663385066e-01 4.477745542544262491e-01 4.484728946629042423e-01 4.598994370295090284e-01 3.212356950804957645e-01 3.413973003674919959e-01 3.681094259187740469e-01 4.320155318884130180e-01 3.885198956944734827e-01
9.103000000000000000e+03 6.346596073448872444e-01 6.383821419752210291e-01 6.086604373359105757e-01 5.887266974699714162e-01 6.285037822009118536e-01 5.115248682331585695e-01 4.636733609505411247e-01 3.990389222377599965e-01 2.816560080337233707e-01 2.337509167446738811e-01 3.472602072642835269e-01 2.450497006202779215e-01 2.513187512633707210e-01 2.933871790437908578e-01 4.067406276343685234e-01 9.594416509587045949e-01 2.329241240218287434e-01 4.277510691473702109e-01 3.366208275808268424e-01 2.833563119973960820e-01
9.104000000000000000e+03 6.619944056722358861e-01 6.306956178269353952e-01 6.315526545985035156e-01 6.152171775856093427e-01 6.081589661716192419e-01 5.148669371808636264e-01 4.234889638705215953e-01 3.706883910757109990e-01 2.540119283660385308e-01 2.664223044121346029e-01 1.875290466887407637e-01 2.437206003916931041e-01 2.953584439594499900e-01 4.154462105788693238e-01 9.879770130016949370e-01 2.284522460468912386e-01 4.280306412343362066e-01 3.693916559725335946e-01 2.854638802919702290e-01 4.066045829908426223e-01
9.105000000000000000e+03 6.576296592830103149e-01 6.551187203194193120e-01 6.565547362949760712e-01 5.999524783282343954e-01 6.158406825367671589e-01 4.741729707144716199e-01 3.952948256309479769e-01 3.338241661170111008e-01 2.913512585519168474e-01 2.690141008796810840e-01 1.737407872281298005e-01 2.669303808203187800e-01 3.909447894409858737e-01 9.448393758234794326e-01 2.182059555100405168e-01 3.926450085012530566e-01 3.453545980263270643e-01 2.924049194674647190e-01 3.828094761872782859e-01 4.413170504984063602e-01
9.106000000000000000e+03 6.738630105971246120e-01 6.719857163086994101e-01 6.368722934752308884e-01 5.985952053199616874e-01 5.619186848626971376e-01 4.348000771087915939e-01 3.468743632345626660e-01 3.808566134845074447e-01 2.894593234382498714e-01 3.050944611862769773e-01 2.024719560402648000e-01 3.753918815595007064e-01 9.450038184719380396e-01 2.210452327565531616e-01 4.002552079069331414e-01 3.360266527027411243e-01 2.903489209726985987e-01 4.164251111417048845e-01 4.408705238694725081e-01 2.371212133575650860e-01
1.133800000000000000e+04 5.779125214416438450e-01 6.003802540248601716e-01 5.803587815135065053e-01 5.587820509906764599e-01 6.493491000658948575e-01 5.150085385556270046e-01 4.534361182702792425e-01 4.257215488666920011e-01 3.053441971024547508e-01 2.877616695231674515e-01 1.924760092120915977e-01 6.576390189206682280e-01 4.007006606726864484e-01 3.860575298682209500e-01 4.116568914739071050e-01 4.589073848510770159e-01 2.572818148772724745e-01 3.815431162965485234e-01 4.119509278761699922e-01 2.892944141779943412e-01
1.136100000000000000e+04 6.234053485117785343e-01 5.874510008917466219e-01 5.514958752876557568e-01 5.406226387939004896e-01 5.974951084358391951e-01 5.092039449922184380e-01 4.621485564157438164e-01 4.154084144938322010e-01 3.236504042453069996e-01 3.030338855812894638e-01 2.402435025486471254e-01 4.720701489579423593e-01 5.282792029485320340e-01 3.654194754966049730e-01 3.345367494092726379e-01 3.391762457806858366e-01 2.977843915527058072e-01 5.865533106515030681e-01 3.435421463723357105e-01 3.303575656188262877e-01
1.149700000000000000e+04 5.997006685333501341e-01 5.380925899293527159e-01 5.563493274330120197e-01 5.326583500716098873e-01 6.173058535465114627e-01 5.233452256781140344e-01 4.544349033430730156e-01 4.210053862624553722e-01 3.282155556500224725e-01 3.335399726218641336e-01 3.247202238753985615e-01 4.769448591799210768e-01 2.452424372590133461e-01 3.448088799885556388e-01 6.055200693207097862e-01 4.378572278952831964e-01 3.607967421801137053e-01 5.213438121174361894e-01 2.156958499581541344e-01 2.876781982197134657e-01
1.150900000000000000e+04 5.869710790016030577e-01 6.034780707396062427e-01 6.053814740811156447e-01 5.678868400784683468e-01 5.616058956586040818e-01 5.149660759378899000e-01 4.418573880318886760e-01 4.170824077505118077e-01 3.291483001998430358e-01 2.911933655944440869e-01 3.345071598278429592e-01 3.358949720503782710e-01 2.324274970531974294e-01 3.494419790728378050e-01 6.464179440331913051e-01 3.794302898232911891e-01 4.633589912147149104e-01 5.244848761091194245e-01 2.617517554885999131e-01 2.835741390051605970e-01
1.151400000000000000e+04 6.547325911844384949e-01 6.111411697474451454e-01 5.894174260338863602e-01 5.654472452623557910e-01 5.498237260413041394e-01 4.358009239503806143e-01 4.592697011576151733e-01 4.267285249538163572e-01 3.249558094852165735e-01 2.831152460023949602e-01 2.259482929649571092e-01 3.553586203887278416e-01 4.164957051039751557e-01 2.235089399324326209e-01 2.392391356571756111e-01 6.662152996088420709e-01 5.329818988411028080e-01 4.462500743420332316e-01 3.735640634336246935e-01 3.370142088084607801e-01
1.156300000000000000e+04 5.757696902303867104e-01 6.113101578269658498e-01 5.958337844451427889e-01 5.532374730526166129e-01 5.907805145614987152e-01 5.616377997525212606e-01 4.499190915356423570e-01 4.327910232422947368e-01 3.068153181753354719e-01 2.749549229127132843e-01 2.704389935088079011e-01 4.987593126150438039e-01 3.146439838965869318e-01 3.256998246644093875e-01 4.652293002361556074e-01 5.275383740453747361e-01 4.442284950609711736e-01 4.281904539979536906e-01 2.154213847558198447e-01 3.390802724046723116e-01
1.250400000000000000e+04 5.892456317292926737e-01 5.742491507696044772e-01 6.000999424122783754e-01 5.450398639650675392e-01 5.995311919915572441e-01 5.025192202778682171e-01 4.517269263164048754e-01 4.239291334175858128e-01 3.139122234177538218e-01 3.162000718765810570e-01 3.126564606693362780e-01 5.012699035074592580e-01 4.918535866987920335e-01 3.202512347042903440e-01 2.875354508463806580e-01 3.173218165892243703e-01 4.677330491774049914e-01 5.878331863244699029e-01 3.357834844729843948e-01 2.070423403353330860e-01
