1.063000000000000000e+03 4.602857892070285062e-01 4.680451172493509393e-01 4.849443253224553496e-01 2.928831306612727503e-01 5.973036296075114882e-01 4.974295009488960417e-01 6.093823932796146314e-01 5.497935577457913059e-01 3.954851829357148296e-01 4.357840774872333012e-01 3.077826752867385829e-01 3.912807321246952186e-01 6.398531066892138019e-01 3.664757937901463314e-01 3.788090539614092922e-01 3.716881666293133657e-01 3.503102358383567982e-01 2.821538306462612611e-01 3.829961377194980865e-01 3.476405968078096209e-01
1.064000000000000000e+03 4.649071084534961984e-01 4.685571883095101531e-01 3.383624302785723237e-01 5.266459440324686714e-01 5.290284496560808680e-01 6.173343258154803115e-01 5.381184927078609403e-01 4.871600160034366689e-01 4.390391820536822531e-01 4.140572627160996055e-01 3.085194481129572841e-01 6.377252635981666140e-01 3.806432881953026870e-01 3.989571188444306915e-01 3.939266433494262865e-01 3.544840213057424694e-01 2.915756047321649280e-01 4.330987794714676875e-01 3.610938890053277395e-01 2.640293867614308398e-01
1.117000000000000000e+03 3.748586844802618279e-01 3.508950748298677591e-01 4.133164993960636857e-01 3.523920036472903417e-01 7.675979078145963586e-01 5.318757685856523310e-01 5.300476337742894284e-01 5.748181438223628481e-01 4.325539549569812348e-01 4.847741617602170927e-01 3.806978441940397917e-01 4.594071814006951970e-01 5.139631034921013919e-01 3.212492606148311114e-01 3.975961331251560149e-01 3.259278481257459892e-01 3.611617377607828638e-01 3.215328848644163906e-01 4.313145202649025234e-01 2.826442246817214010e-01
1.202000000000000000e+03 4.631543944191975903e-01 4.734954132897258861e-01 5.026127082238289745e-01 3.530608872341352567e-01 6.723901029563378318e-01 4.882227937644199600e-01 4.832648705369298470e-01 4.677164775346847048e-01 4.595134039716738950e-01 4.239284091115467779e-01 3.131646873139120046e-01 5.581070906185920943e-01 4.411481935218887207e-01 4.282992635534149661e-01 4.680998947167187008e-01 3.488459521420785858e-01 1.971543279806904636e-01 4.427507327672615678e-01 3.316551763012486331e-01 2.969261932202665877e-01
1.354000000000000000e+03 3.716241509435070922e-01 4.458858405165267436e-01 3.423112330156392047e-01 5.948789287313293039e-01 6.163248324312925464e-01 6.565341086385368952e-01 6.138016712808556097e-01 5.303296529980863205e-01 3.997080032019258433e-01 3.615073884206911892e-01 3.678111657832747738e-01 3.763838968330912582e-01 2.884214995214603450e-01 7.544847563788924516e-01 3.995913381010315346e-01 3.552624950528553982e-01 3.123010148070460290e-01 3.062712007882593679e-01 1.854128812673198345e-01 4.614348700357936983e-01
1.492000000000000000e+03 3.101687916148490598e-01 4.375452772397848689e-01 4.137446552473166284e-01 5.253658515724756173e-01 5.562178227550245158e-01 6.697920713945829663e-01 6.257682965209858672e-01 5.168328839372517969e-01 3.769195020219519021e-01 4.474320315240101764e-01 4.108170827966500238e-01 3.595380003982164840e-01 3.070016092857106860e-01 5.110253922190906017e-01 4.340308282897281100e-01 4.510311114407513089e-01 4.151523214143224561e-01 2.976607264982564227e-01 1.491489277353643117e-01 4.542587703031039648e-01
1.493000000000000000e+03 4.082451958435042161e-01 3.700891783574632443e-01 4.960964542301534164e-01 4.471734692685596091e-01 6.737681004577259491e-01 5.948842799257827441e-01 4.650456669820631772e-01 4.275697491514042770e-01 4.285375149165773223e-01 4.960224462513730947e-01 2.801923635209051522e-01 3.032070236460291945e-01 5.245169952643362610e-01 4.515646124047328347e-01 4.724747522463563776e-01 4.150818411335135960e-01 3.038070354915288207e-01 1.675331688324657731e-01 4.660841700425311096e-01 4.217512683308056731e-01
1.498000000000000000e+03 4.795127443919273702e-01 3.765802873707126408e-01 3.292014546676113040e-01 4.148042516357043907e-01 6.216851210667393435e-01 5.349756219350785269e-01 5.963264204879531460e-01 5.991593240864743208e-01 4.731819855596929303e-01 3.886690494550754660e-01 3.019733602772292080e-01 2.828784985447093669e-01 1.598503321271783628e-01 4.900053380367173639e-01 4.372220080891647265e-01 3.520706714933853343e-01 4.342755235736695529e-01 3.738957207635471014e-01 2.429518143155850740e-01 6.972767662248480214e-01
2.077000000000000000e+03 3.858076008825584990e-01 4.283267026618441942e-01 3.455413425390252424e-01 3.391653763191595505e-01 6.582698368315536008e-01 5.733545156161480305e-01 5.475449753035024347e-01 4.633426259773531508e-01 5.197008315400132306e-01 4.858640006391546917e-01 2.930561717816835277e-01 3.062315763813581726e-01 3.864200084234860610e-01 4.573934822624958763e-01 4.244563384859917354e-01 2.649643662095901298e-01 4.101989482508903717e-01 4.157785926176990055e-01 4.688779666918319600e-01 3.738102842522234570e-01
2.081000000000000000e+03 4.975693614470650949e-01 4.709874568903333336e-01 4.673028657210701042e-01 3.311906568379306415e-01 6.572983746324559950e-01 5.676265525024287717e-01 4.933602046231372329e-01 5.144590631278628257e-01 4.169941806801863438e-01 4.026658476091475869e-01 3.262340910053130316e-01 2.736967656321599995e-01 4.296971501211830358e-01 4.326363062498896350e-01 5.239184627241820769e-01 4.093526846527819063e-01 3.770313084774135071e-01 2.993485381060803086e-01 4.570552564432309728e-01 2.761845981319418497e-01
3.498000000000000000e+03 4.463256348416547170e-01 3.648010585621428992e-01 4.086237301634491059e-01 5.787077691231000687e-01 6.248583194176327016e-01 6.304540748734783762e-01 5.201044788878518288e-01 5.497075460774558664e-01 4.140510971693593389e-01 3.663542712096793941e-01 3.070041764259527350e-01 3.250680434145507558e-01 2.408509073435343983e-01 7.954704734322047832e-01 4.932056473066699365e-01 3.694361657966467316e-01 4.232207270632322715e-01 3.068691094440960110e-01 1.527381852445723887e-01 4.177205039328416580e-01
3.637000000000000000e+03 4.222986336206916436e-01 4.624747052967030925e-01 3.209169381642787977e-01 4.213377944205464187e-01 6.720847332035310151e-01 5.247462109130999197e-01 6.181800028584977236e-01 5.612076276259728713e-01 4.253855607118345317e-01 4.125117209108941640e-01 2.904239337748528160e-01 5.106336011740296721e-01 6.544516789175688354e-01 4.647570435626038332e-01 4.212763249469639870e-01 4.817729481457104224e-01 2.814351105606949233e-01 1.805899047487978804e-01 2.706822377374069055e-01 2.928466724317197456e-01
3.638000000000000000e+03 4.665095188908947033e-01 3.220439683168512257e-01 4.521281407822194676e-01 6.058494659414185302e-01 5.692101264246538506e-01 6.363346390280301135e-01 5.592047164528537451e-01 5.377276356238811506e-01 4.192651083736890771e-01 3.428128774653254607e-01 3.989109184833420363e-01 6.467099587089677470e-01 4.785200643290636879e-01 4.397116392265362217e-01 5.063098306407085580e-01 2.823323272431326192e-01 1.854811316518871211e-01 3.038849016662855673e-01 3.016204055632550896e-01 2.721401748301547352e-01
5.709000000000000000e+03 5.020449480251181207e-01 3.887308294244909423e-01 4.156245773836368951e-01 4.520244897874322598e-01 5.201001058177066039e-01 6.369749349426067075e-01 5.804664366677784182e-01 5.443570018367234198e-01 3.935809393618910912e-01 4.048673803866354448e-01 2.401978361275251550e-01 6.124357094746893937e-01 3.128668948766705760e-01 4.195881761252209241e-01 4.378968886206738298e-01 5.236175714864318431e-01 3.958886288924186592e-01 1.627886106044331704e-01 2.713558724896336649e-01 4.495694063925188000e-01
6.553000000000000000e+03 4.189026801196414906e-01 4.215187651644726752e-01 3.858635510825321746e-01 3.946173313358740109e-01 8.164894982124482059e-01 6.220315267664291436e-01 5.300619340280880998e-01 5.130442940385351314e-01 4.003111904850883418e-01 4.005300468562938976e-01 2.155540314841164484e-01 4.123660494085036321e-01 4.671126164671803305e-01 4.065671580908257754e-01 5.128704992821130348e-01 3.871414345828590453e-01 2.553723314735710792e-01 3.497119709256326647e-01 4.374475623046070183e-01 3.850752098580513816e-01
9.463000000000000000e+03 4.140991401803811311e-01 3.348849604530047541e-01 3.250358825038667798e-01 5.571993890050216391e-01 7.034678068916117022e-01 6.342178145977396264e-01 5.491635756603158169e-01 5.830269449882824473e-01 4.201919056227297333e-01 3.886594997980032384e-01 1.961462802389148108e-01 3.585527388821768691e-01 2.216990671160881665e-01 1.000000000000000000e+00 5.927552852239987846e-01 3.701874971702244221e-01 3.533182669381544350e-01 4.165749363177285725e-01 1.822939331347794290e-01 2.018626206816075963e-01
