5.610000000000000000e+02 4.461670861339603888e-01 5.045567166664282066e-01 6.611214784243590881e-01 6.299477875919593517e-01 5.935473047596199203e-01 5.706169331745361006e-01 6.231597166796377651e-01 4.870069883897600871e-01 2.570935740338378683e-01 2.640434158466362646e-01 3.035476019479029230e-01 6.180775265364309989e-01 5.922818520948918142e-01 3.424892821817922539e-01 2.815928264679630200e-01 2.349793390943056282e-01 2.799973307953753654e-01 3.765300603442699456e-01 4.918172094516337634e-01 2.956186721770553971e-01
5.620000000000000000e+02 5.264010211798432204e-01 6.650364039785524595e-01 6.497120286326983907e-01 5.633427199418618025e-01 6.525607119531160460e-01 6.719211194061339709e-01 5.041532643134882807e-01 3.201167328617799401e-01 2.761530609348893939e-01 2.185906872066548934e-01 4.667979371118565202e-01 5.660682820011252447e-01 3.405326088297802589e-01 2.840261779040859080e-01 2.379735019569947929e-01 2.711796910322371024e-01 3.721671943994264709e-01 5.326636679184172385e-01 2.940341040543976714e-01 3.964087484963270680e-01
2.134000000000000000e+03 3.828883637903242598e-01 7.026993183423760891e-01 6.117284903436512877e-01 5.857715588906873272e-01 6.264379941285078690e-01 6.084056709024138199e-01 4.107145614887223184e-01 4.560401790613140549e-01 3.281035541790854881e-01 2.741065176022666749e-01 3.664159640600828660e-01 4.309750507512448148e-01 2.720657425494585890e-01 4.265920717551975883e-01 3.585579062612653245e-01 4.424044001111110402e-01 4.184986227669075243e-01 3.990218130404477037e-01 2.212384023662232746e-01 4.533649006258366199e-01
2.915000000000000000e+03 6.166819857499286073e-01 6.195831837394095709e-01 6.246492021742644507e-01 5.651247055337152991e-01 6.047726314910270018e-01 5.567824850540737947e-01 5.024570422731430286e-01 4.317207799437997595e-01 2.383679838242880600e-01 2.454552120869281928e-01 3.550194183232574519e-01 4.990309798687505571e-01 3.494793377574811899e-01 1.906920422354961286e-01 4.119749261141687491e-01 3.282836197667847178e-01 4.373673551692794370e-01 5.376600661758660360e-01 4.024837693857937770e-01 2.797564441810266311e-01
3.501000000000000000e+03 5.939852875080015027e-01 5.894427513727678036e-01 6.526067378417950149e-01 5.595827377165852878e-01 6.543725439398050403e-01 5.677360669907822732e-01 4.848087676601068319e-01 4.644631174508124793e-01 2.719522536515217026e-01 1.958404576253852947e-01 5.425417345764876886e-01 4.486040159506866631e-01 3.561560384978413318e-01 3.980312667493148826e-01 2.819253514538772598e-01 1.495915917244010074e-01 4.216407646028592637e-01 3.874017897004211064e-01 3.752563646694310195e-01 3.795928575577441344e-01
3.502000000000000000e+03 6.170907849633595621e-01 6.717145659823822168e-01 6.071428641608936916e-01 6.390067316834227018e-01 6.696379409052468645e-01 5.378166698232738074e-01 4.958042369281424611e-01 3.564176093903728693e-01 2.128664915819483971e-01 2.386931192258395784e-01 3.828485158456340076e-01 3.857429048066065014e-01 4.480358307329876388e-01 3.227083680218140738e-01 1.729757142845337048e-01 4.619965255934449511e-01 4.330357222271853379e-01 4.596979086266961834e-01 4.270454747396448258e-01 2.884449745574765300e-01
3.736000000000000000e+03 5.361173567239663207e-01 4.812839500226033240e-01 6.691594228036896741e-01 6.221781110211836996e-01 6.804518994805589527e-01 5.310112602661605230e-01 5.294428665365216169e-01 4.698773133913085598e-01 2.646530453776122505e-01 2.509691007651245198e-01 2.850874278571794984e-01 5.682165694457341765e-01 5.860752578515397992e-01 4.203516092045032071e-01 3.440503541535351872e-01 2.787224999792095592e-01 1.810597097891727403e-01 4.639759750280458839e-01 3.978358749356753488e-01 3.069432604382414387e-01
3.737000000000000000e+03 5.072809414208813150e-01 6.749043405852446220e-01 6.457573071210421789e-01 6.474336847025491393e-01 6.121894182078407853e-01 5.715449862703095851e-01 4.877803214708690271e-01 3.333493493024288212e-01 2.636801812381966981e-01 2.699365652817806160e-01 4.457035250788732861e-01 5.817740701256791658e-01 4.346724287659987640e-01 3.608580975175785244e-01 2.939948570795041793e-01 1.825438320598661568e-01 4.763278403041783515e-01 4.478599010044369555e-01 3.175038733801266444e-01 2.518066891252568884e-01
3.775000000000000000e+03 5.572278879639145366e-01 5.797277341130601114e-01 6.234024823339211485e-01 5.897337277866545602e-01 6.447547328279704670e-01 5.603695179549308403e-01 4.346590334592373983e-01 4.539973646422287290e-01 3.071842380999392219e-01 2.431450303081243158e-01 4.557287944377787503e-01 6.043898106107961077e-01 4.962305171354679523e-01 6.722891705969868958e-02 4.859074667894934807e-01 3.655657172447417391e-01 3.795671526473394786e-01 3.679859496070185254e-01 1.022961102445240356e-01 4.567078184970486676e-01
4.365000000000000000e+03 6.305350933683111503e-01 6.089716618029562545e-01 5.836385882579671058e-01 6.174921411989845454e-01 5.973560808771983810e-01 5.356849521397295533e-01 4.987044839805051533e-01 4.646711003656948114e-01 3.156908382519604261e-01 1.650014882766432933e-01 5.400350747122805162e-01 4.349701483564306081e-01 3.263099588284300023e-01 4.296318813958446836e-01 2.650021266642917928e-01 2.285898823791815138e-01 3.996144305882161074e-01 3.933798174728358465e-01 2.586863386198011705e-01 4.651962756771070850e-01
4.366000000000000000e+03 6.414635035952331865e-01 6.140775664325626160e-01 6.627124744997974215e-01 5.950239065103213321e-01 6.442976737693041356e-01 5.621815407739524373e-01 5.042286242575062527e-01 4.267750757371902570e-01 1.846179010262319897e-01 2.224734732185935926e-01 3.661229920446070207e-01 3.487331854511607210e-01 4.766422751902977817e-01 2.991680556742509767e-01 2.594599111021215765e-01 4.318694561499681339e-01 4.335100138549505822e-01 3.135977831729799825e-01 5.154595445145454535e-01 3.308422727763656868e-01
5.141000000000000000e+03 6.156042058903801184e-01 6.140791629304513943e-01 6.012382842920778181e-01 5.651371885816232066e-01 5.730419201129695050e-01 5.116222516349666627e-01 4.686279447737308201e-01 4.502329738983018026e-01 3.196005844303207999e-01 2.357393244469887794e-01 2.804684522688903336e-01 4.251875126344649147e-01 3.452286056672276837e-01 4.807478612258046513e-01 3.461947340000083861e-01 1.882298364111474054e-01 1.449423774707763457e-01 4.667946888190386834e-01 4.758453454857430875e-01 6.231740692941027948e-01
5.857000000000000000e+03 3.903223310870015950e-01 6.480829148265858652e-01 7.970932023338600514e-01 7.019715535026365139e-01 7.271571915096232130e-01 6.227354149894146484e-01 4.988829347928556701e-01 3.675063580858071166e-01 1.811710291107716808e-01 2.166563408649941069e-01 2.616220957448719964e-01 3.827557099306961308e-01 5.575119377313398905e-01 4.800264592883187187e-01 2.874973221380004440e-01 2.733304360858294091e-01 3.370151988692763889e-01 3.050550727945291474e-01 4.685417878452843854e-01 4.567658031469670754e-01
6.055000000000000000e+03 3.839864871958589831e-01 5.444058722804102635e-01 6.512462694779697081e-01 6.246971817733835142e-01 6.664961874509010009e-01 5.766072446475616342e-01 5.224683997989295614e-01 4.655343256609960068e-01 3.628041066402716286e-01 2.277998592475105333e-01 1.681511106837741687e-01 1.503574300188265656e-01 4.618449059945529678e-01 2.921241546307525860e-01 2.234475839169791089e-01 6.204992226948927714e-01 4.384849902246874542e-01 3.921859709691621343e-01 4.294454487591504166e-01 6.187861393495645013e-01
6.056000000000000000e+03 5.556152670214551392e-01 6.479179232400830157e-01 6.370242612460502718e-01 6.213159860662074152e-01 6.483230879104824318e-01 5.511164415633814651e-01 4.714241739059825687e-01 4.642150980656162829e-01 2.315183425794706817e-01 2.200860907472480255e-01 1.056549847756764055e-01 4.139176503596795897e-01 2.714568346915238739e-01 2.104066948438585716e-01 5.919788420404014095e-01 3.984854738196058066e-01 3.632334596845745445e-01 4.361835097126066652e-01 5.780066053971357753e-01 4.500481723358946140e-01
6.280000000000000000e+03 7.145176296663706683e-01 6.034450626075182900e-01 5.711079161527993220e-01 5.822404431311678508e-01 5.739855800628419491e-01 4.300174291249820313e-01 5.175791302861489918e-01 4.200199725631674208e-01 2.668327320044890927e-01 2.635244908511158446e-01 3.445576435789088898e-01 4.245015767345935442e-01 4.086358281150164196e-01 2.603297958648865817e-01 2.674721232970164730e-01 2.951272995082109274e-01 4.468645438038999496e-01 4.229958418251736907e-01 5.473634492932502038e-01 3.556966016093058847e-01
6.875000000000000000e+03 6.125497630358252010e-01 6.186461843282226036e-01 6.291086342118658026e-01 5.466134936072699624e-01 5.576324301474111511e-01 5.540608289868534930e-01 5.079243740588863520e-01 4.272184935222023139e-01 2.714287682288612502e-01 2.488490513244252522e-01 2.246804825226377256e-01 5.063413450249319991e-01 4.417236752698841529e-01 3.861628316988137688e-01 4.286456670947525471e-01 3.800461705063424289e-01 2.993443798642618225e-01 4.227970536372561150e-01 4.366703929136493412e-01 3.075744643391352673e-01
6.876000000000000000e+03 6.396174989143762479e-01 6.451123234562040620e-01 5.916221738585132339e-01 5.428506641495930429e-01 6.483514722734357028e-01 5.576481430781787818e-01 4.493281695770319772e-01 3.510686326646448863e-01 2.669231322106339066e-01 2.788665559338862621e-01 3.751638482620358039e-01 4.142349302102983910e-01 3.766468529089062045e-01 4.240615448358360240e-01 3.783280050882237289e-01 2.842705221986897568e-01 4.098382931341222335e-01 4.639988818142574689e-01 2.999659223910678407e-01 3.695124037677296469e-01
7.486000000000000000e+03 6.263462669895967228e-01 6.713676156470838041e-01 6.272778810541987937e-01 5.573697616845733060e-01 4.993056161388502168e-01 5.123856583327073277e-01 4.863719135124641713e-01 4.320874982956359189e-01 3.288288762176201918e-01 2.057187240756103153e-01 4.635321224270788631e-01 5.260523209960434876e-01 3.997125612891980762e-01 3.396212859502549253e-01 4.083880727798957500e-01 4.264374477940231500e-01 2.349321776439772802e-01 2.710544165465101352e-01 2.451191145473655131e-01 4.528661218064125027e-01
7.988000000000000000e+03 6.105195629782527167e-01 6.684052460284818364e-01 6.969843186303682492e-01 5.912843080910572535e-01 6.210951496535515037e-01 5.218238644239661106e-01 4.651912218737133120e-01 4.803032783586447807e-01 2.122209957667642588e-01 1.846479197273245831e-01 3.408222637293381596e-01 3.836245528866099042e-01 3.877077150129774052e-01 4.030785085524626887e-01 2.917406603319888103e-01 2.357774493472349353e-01 4.672597319247080994e-01 3.268465948902568585e-01 4.670531040797087363e-01 4.711840626083084183e-01
1.148900000000000000e+04 5.551757452495781342e-01 6.320899299746735034e-01 6.443127287414250892e-01 5.662600394877027599e-01 6.305126753459906475e-01 5.493830906953758308e-01 4.583138327741717588e-01 3.670246427595219574e-01 3.083224835877346748e-01 2.629496055123848319e-01 3.413530163882700363e-01 6.434515532235030033e-01 4.906280472409615956e-01 3.960806101568044579e-01 2.113906605421945473e-01 3.356830700087130026e-01 4.263920338182093372e-01 3.267212925215722263e-01 3.039897261258999728e-01 3.396662999916397196e-01
