1.020000000000000000e+02 7.510594608105883863e-01 6.164329338446439266e-01 5.851397727127256587e-01 5.449135415873757049e-01 4.130965312355429631e-01 3.487541732798244420e-01 4.731306129327432775e-01 4.226750209498157385e-01 3.345611111921166225e-01 3.199409332513857285e-01 2.635530521219452416e-01 4.063867541297571662e-01 4.924810270844871551e-01 2.549498018331037841e-01 3.871392374459127206e-01 6.688626351489168620e-01 5.850086368763292022e-01 3.589220246386134461e-01 2.848651980992059629e-01 1.449227548719863590e-01
1.260000000000000000e+02 6.355365751566978139e-01 6.249620026960697183e-01 6.433501081697720059e-01 5.869250192276538325e-01 4.767697150855004784e-01 3.789606564423090296e-01 3.588788609248585448e-01 3.999355349594507780e-01 3.587320451702938340e-01 3.524685607629139961e-01 5.281339939017362095e-01 3.909852292656708639e-01 6.376926005989046464e-01 3.543328262213059077e-01 3.409672695534096132e-01 4.904603392118735972e-01 3.911929755836091038e-01 2.176067345628506233e-01 2.394492991205638965e-01 1.971649281842903778e-01
3.200000000000000000e+02 6.365887235019270785e-01 6.015990108263018499e-01 6.333751426935216866e-01 5.170125938066771898e-01 4.942928353491268800e-01 3.576495956640577401e-01 3.711215964120661015e-01 4.551224746190700166e-01 3.766105844494170296e-01 3.527567863059423159e-01 2.645257255805268382e-01 2.244827883668606694e-01 3.693729426419646300e-01 4.015069238349118774e-01 1.965700162840826881e-01 8.240785532121394086e-01 3.926644909454466426e-01 2.460730869987161340e-01 5.697435867621912786e-01 3.005097525724308993e-01
1.808000000000000000e+03 8.155094897369707940e-01 6.856923876355308645e-01 5.531643759471348565e-01 3.499477065640425599e-01 4.647019641617007313e-01 4.062943502134406804e-01 3.996888101618040201e-01 3.949134459733524838e-01 3.012618159872123003e-01 3.836666752171815076e-01 3.435949537529858211e-01 4.735749424408196018e-01 5.144363460724223902e-01 3.590682485539606894e-01 1.832647802919331326e-01 5.140972047640461895e-01 3.936589039925004752e-01 3.638011300612963850e-01 3.897896407338728442e-01 2.708017845851674599e-01
1.841000000000000000e+03 6.738439720717650516e-01 6.407949143956119809e-01 6.230228376647891642e-01 6.181135489061138077e-01 4.512784579594580348e-01 3.725103712302741954e-01 4.097981596339355659e-01 4.161544144694919178e-01 3.339935705293081147e-01 3.094671247253861779e-01 2.335367035165292482e-01 1.318898589896695950e-01 5.396086733685460102e-01 4.949317640437536636e-01 5.809375963069920434e-01 5.477229284638107654e-01 2.909371230565928057e-01 1.785101472478822782e-01 4.885488626610067775e-01 3.380179029076724184e-01
1.842000000000000000e+03 6.554172064955896548e-01 6.345707808254267279e-01 6.455986046176832582e-01 4.373698107415074920e-01 4.419451678596454935e-01 4.434221890888063178e-01 4.315769601888049811e-01 4.362236757190039449e-01 3.289450251279470994e-01 3.517765936083795397e-01 9.730639889825486166e-02 5.052924390264752486e-01 4.824903123194116406e-01 5.741059372859191878e-01 5.453316570230510862e-01 2.758481583359833622e-01 1.727942250421911907e-01 5.183858094282312035e-01 3.292532179324282882e-01 3.837899257947330889e-01
1.968000000000000000e+03 6.668727467076513982e-01 6.402401075631214411e-01 6.285471853454691615e-01 4.949873114564283250e-01 4.640841037050537632e-01 4.427204805377139007e-01 4.593066183815405767e-01 4.269139102182643031e-01 3.078680173149974109e-01 3.200265716095551105e-01 1.266504983499026904e-01 4.325785346750842253e-01 2.840732458442794539e-01 6.255284477011211486e-01 6.098372750656251284e-01 3.933002823080250510e-01 2.649158505846433975e-01 3.612288031153148560e-01 3.248424725813801595e-01 4.374503567599696274e-01
2.718000000000000000e+03 6.686415711849188481e-01 6.566921710583143446e-01 5.353327790248205709e-01 4.958773017207727118e-01 5.168614447581167948e-01 4.252529270161124475e-01 4.081907601022459753e-01 4.121612749087144589e-01 3.611085046844691449e-01 3.389659242006308193e-01 2.199237277486782993e-01 4.312144902656228074e-01 5.805625899198163520e-01 3.631295319026885959e-01 2.688622233242277670e-01 4.771423496705869960e-01 3.924476427164103054e-01 4.593937621295556828e-01 4.099101978611133235e-01 2.428578544849976650e-01
2.759000000000000000e+03 6.569538441380411431e-01 5.889846517174183171e-01 5.920112273227735589e-01 5.477146533037076104e-01 4.258394527526849771e-01 3.855670629850744824e-01 4.162789302370344391e-01 4.481174062745540421e-01 3.744810755216470000e-01 3.545862312907745451e-01 3.226690980428389977e-01 2.592363725226523030e-01 5.403363006946421132e-01 4.717866319663058805e-01 3.479747956596426217e-01 3.759155374972183439e-01 4.124170987756907159e-01 3.285825213013432999e-01 4.560591408331486907e-01 2.936115787504726127e-01
2.938000000000000000e+03 7.081681083435813484e-01 6.617904528580976775e-01 5.840868687357586575e-01 4.931051682312642126e-01 5.321108760267506677e-01 4.534846114265299044e-01 3.761602477547518752e-01 4.052049178937977558e-01 3.010305222365073363e-01 3.347866889463025908e-01 3.004036395079364152e-01 3.583476106336480060e-01 4.552729684536072630e-01 4.308287012518145498e-01 1.527776395179554214e-01 5.247636051900839149e-01 4.623001513673765661e-01 3.744828174019252387e-01 4.065208396390607160e-01 3.387922267513632790e-01
3.288000000000000000e+03 7.102180994192606178e-01 5.832324288411480095e-01 5.887775986743024603e-01 5.689587540294345214e-01 5.965407279988648170e-01 3.483455078345581435e-01 5.146018325461078069e-01 3.681729333563150686e-01 3.051923623316971090e-01 3.075551625491378949e-01 3.650074001354786657e-01 4.144901744273905009e-01 3.080307537625895375e-01 5.174366389299724922e-01 4.126308822961309297e-01 5.203501522728727346e-01 5.562385728744722035e-01 3.800301421017375780e-01 1.835707894027774900e-01 1.728290108959798232e-01
3.442000000000000000e+03 6.233078289770588309e-01 6.088141572265265422e-01 5.743530510267441658e-01 4.876925758484840778e-01 5.187101173425917588e-01 4.490407231876396010e-01 4.470326947415322327e-01 3.903600268374555204e-01 3.387719117181743900e-01 3.821561871223315143e-01 2.925714605556992698e-01 4.045455913848190477e-01 4.496483480570024893e-01 4.051352015557095343e-01 2.364944633189161038e-01 5.523996357667618762e-01 3.929270194589369880e-01 3.873267340198243702e-01 3.751747258873633917e-01 3.170263217246148124e-01
3.479000000000000000e+03 7.277372241563989652e-01 6.159900246806506718e-01 6.786212056599683073e-01 3.283198461042876604e-01 5.054563760882798684e-01 3.512314684774269780e-01 5.200898369175815938e-01 5.275392219766695812e-01 3.064490857827858461e-01 2.759755092226613971e-01 3.743301472231279625e-01 4.282859754614974923e-01 3.381796551841278475e-01 3.834833782074372754e-01 6.211727720533697372e-01 4.205166960552469968e-01 3.141669874100843085e-01 3.996018590109357005e-01 2.862582435925877800e-01 2.452434237315869181e-01
4.402000000000000000e+03 6.446887325296136728e-01 7.331990490925258674e-01 6.144318633674296093e-01 4.818240102986734441e-01 4.574528036579044721e-01 4.241662217295789628e-01 3.968528060210725350e-01 4.061514561326179384e-01 3.402560921270624816e-01 3.227579721898196086e-01 1.908803461417712954e-01 4.485091978329484586e-01 5.898247382569894448e-01 4.218917227058753272e-01 3.899494383404875086e-01 7.811882935907571435e-01 4.519410563261540559e-01 2.956527992967387108e-01 2.420066563785973346e-01 7.898560767794368664e-02
4.403000000000000000e+03 7.441314352149770439e-01 6.313758015317201266e-01 5.381135316257652512e-01 4.493754478099996619e-01 5.054756824884962807e-01 4.352399026205854282e-01 4.260056272021707224e-01 4.502321424242642367e-01 3.467604844772868011e-01 3.017944323760821113e-01 3.113519509164136001e-01 5.186856642353556701e-01 3.854928463341267819e-01 3.611741135293544680e-01 7.318425487544071295e-01 4.027438813522201122e-01 2.680383394663496399e-01 2.402992931416647049e-01 7.039240170906288507e-02 5.341428614180344647e-01
4.436000000000000000e+03 7.184688961276870511e-01 6.739525905737933087e-01 4.728991985452158930e-01 5.999514375329574323e-01 4.529635693472783275e-01 4.084672637516692517e-01 4.032715497287994166e-01 4.189861200105763350e-01 3.683363824363795058e-01 3.080620697306266087e-01 3.311461237069161512e-01 3.382058237435857651e-01 4.377295106590944895e-01 3.991323597234684994e-01 4.415646442829844753e-01 4.697599827757471536e-01 3.642272745510867771e-01 3.035497400857333217e-01 4.304052915235385690e-01 2.876482036460989988e-01
4.442000000000000000e+03 5.723576397019022322e-01 5.773235883335292584e-01 6.312997341895241199e-01 5.268590235343464379e-01 5.110971245208117963e-01 4.556578349999620414e-01 4.266165329050792820e-01 3.941156131848328470e-01 3.868324257658113385e-01 3.494961160162978198e-01 3.069312936032279060e-01 3.352080628064146306e-01 5.372354811469570723e-01 3.599887130871246010e-01 3.413920524087459829e-01 6.987693463964893548e-01 4.489560388287256454e-01 2.618341358811693276e-01 2.912607585341595029e-01 2.457722675329157558e-01
4.916000000000000000e+03 6.109054563921546555e-01 6.357987152509205764e-01 5.781476232400772908e-01 4.690815701312217589e-01 4.568073796335879178e-01 4.371723807595324640e-01 4.125009130165962490e-01 4.092140813522839871e-01 3.986718722466889853e-01 3.687501318870513023e-01 4.431826711456043899e-01 3.585324846964491052e-01 3.539794806980270936e-01 3.703938809839456003e-01 5.197458771479576134e-01 3.142436589806629210e-01 4.615295557966042073e-01 3.213785459979377479e-01 3.374168205983328339e-01 2.991159450056078972e-01
5.185000000000000000e+03 6.091189200080026067e-01 5.954503556587872337e-01 5.861354746944358318e-01 4.864463065955311194e-01 5.100886067682273151e-01 4.317535625088119167e-01 3.986757144358270555e-01 3.761494122225728653e-01 4.143305285924134274e-01 3.749764565608086908e-01 3.672419489977700735e-01 3.560230554122126856e-01 4.326730061120871440e-01 2.955272168095741114e-01 4.508112591351455811e-01 2.354727787717665333e-01 4.259437605995565757e-01 3.136894034889089466e-01 5.145173849105840747e-01 3.817112697086881834e-01
5.402000000000000000e+03 6.441667931586476659e-01 5.168325285976383965e-01 5.378619499617831590e-01 4.625161058533972525e-01 4.597417480403900858e-01 4.153923544480475627e-01 4.193188308400676578e-01 4.714625096048578601e-01 4.305969908662857781e-01 3.879389283164382807e-01 2.915462686027551764e-01 4.614671480086529609e-01 5.730228865744404487e-01 2.951648930864457787e-01 4.687897204430253040e-01 3.332112975858128046e-01 3.236873292815475867e-01 3.797740738701800289e-01 3.333107506487613669e-01 3.637462330828067913e-01
5.430000000000000000e+03 6.944994729282484291e-01 7.253446536821690493e-01 5.915228994897306913e-01 4.459942966040214007e-01 4.653509643130201989e-01 4.113297322053804383e-01 3.687699047846786926e-01 3.856313574578676406e-01 3.248031902542942717e-01 3.712334099886863692e-01 2.514681971436911190e-01 4.140311877347402358e-01 4.232694267919779318e-01 4.626753664793203380e-01 5.457922836444059067e-01 2.776321947996242545e-01 2.671290321206965523e-01 3.522198596046323127e-01 4.015740796729261874e-01 4.250445458706969548e-01
5.431000000000000000e+03 7.328467124527782151e-01 6.053564339052078802e-01 5.037312608483439647e-01 4.509927502148902145e-01 4.851760511661197262e-01 3.986659353041014375e-01 3.981335366794159225e-01 4.233817463523211200e-01 3.958857563478022645e-01 3.644729079035239905e-01 2.989094119805932315e-01 3.868274887081615265e-01 4.401328610644558159e-01 5.265681270521834767e-01 2.686098756731413184e-01 2.468833621410969348e-01 3.326710460340207565e-01 4.159017517515477547e-01 4.043257036535376492e-01 4.785981315771289935e-01
5.687000000000000000e+03 7.092610460949841933e-01 6.892457407796721558e-01 5.122062964624565229e-01 4.998880777669609810e-01 5.064385651913175801e-01 4.223721011523867142e-01 3.688996184045170712e-01 3.630145719011720895e-01 3.595868361770082067e-01 3.627084032176054462e-01 2.470959383204497373e-01 2.768681322641584619e-01 5.061548223929044354e-01 5.155742695347474980e-01 4.206513689950018842e-01 2.911643310582590072e-01 4.530784914510093686e-01 3.116444169715306134e-01 3.826706610792999230e-01 4.203412141048413764e-01
5.863000000000000000e+03 7.493248131935480449e-01 6.365556273509327401e-01 4.671352156769797981e-01 4.887805092281952701e-01 4.205677441280433748e-01 3.625094934189995732e-01 3.913472624178920278e-01 4.916329351814631710e-01 3.902416653749794517e-01 3.504479685762190710e-01 2.529710382659693946e-01 2.996337510172112362e-01 5.219169231287082988e-01 5.086147028122127711e-01 4.007083292205832481e-01 3.240262132414334917e-01 2.947607240904658865e-01 3.237408998772892676e-01 4.579701607975850131e-01 4.307698572900879319e-01
6.286000000000000000e+03 7.418493608615761570e-01 6.634519132451137668e-01 5.698264484862771706e-01 5.491899032868906572e-01 5.877891146967237912e-01 3.028612312066736867e-01 4.023506228567221288e-01 3.926643627571860251e-01 3.215084449714030734e-01 3.159604915998731056e-01 3.627659830288891829e-01 4.493812464366122583e-01 6.583612025442683313e-01 4.283148214010331634e-01 3.114792710827359312e-01 3.707854566669591123e-01 3.660625892937722781e-01 3.812496972210454027e-01 3.010386147819907876e-01 2.029746878935030363e-01
6.301000000000000000e+03 6.231336874072420651e-01 5.980363234634188396e-01 5.626024402311466943e-01 4.931357563799753652e-01 4.413437539952166366e-01 4.003440521892888682e-01 4.060980091545671744e-01 4.428261726677181764e-01 4.307793641282312014e-01 3.612250651736770291e-01 4.657758922065854956e-01 4.074162105910187903e-01 3.621280052917237313e-01 3.533748542185123354e-01 3.696014452678892948e-01 3.553607613076740779e-01 3.627469368560531371e-01 3.476717618762952267e-01 3.422343036024889651e-01 3.932758796495882669e-01
6.576000000000000000e+03 6.697459502661758934e-01 6.570731613246780789e-01 6.289034813528268097e-01 5.548292418016542715e-01 4.224910322373860438e-01 3.325948288263603780e-01 4.160033462605511323e-01 4.085846935143158665e-01 3.677864975335318198e-01 3.351915850061479296e-01 4.768988227001443869e-01 3.072662063913982333e-01 2.676600264350826319e-01 3.700340024961981666e-01 4.624759520284337788e-01 4.190236376135940688e-01 4.349502101054703029e-01 2.206820538437624657e-01 3.860840091603826019e-01 4.004328703249488419e-01
6.577000000000000000e+03 6.672274350048156277e-01 6.367748271287911876e-01 5.897616513409251748e-01 4.062543416331202417e-01 3.934901506540594562e-01 4.461155282414117074e-01 4.194130718436409611e-01 4.814647229365577319e-01 3.543481635683561892e-01 3.684680915919002486e-01 2.476211567292882776e-01 2.735950255608449733e-01 3.924333276489950229e-01 4.968898865719862390e-01 4.533739804905821402e-01 4.491606252170331492e-01 2.334048784986812175e-01 4.456499365701154236e-01 4.244445033421077595e-01 3.977928318403398111e-01
7.408000000000000000e+03 6.402062215032314763e-01 6.676637415780612983e-01 6.510218590058716170e-01 6.027972589090793143e-01 4.625298502874687911e-01 4.111736120545874118e-01 4.541227450470772808e-01 3.913247918500781797e-01 3.006648734288591140e-01 3.020101838039626063e-01 2.713737150503879314e-01 4.733608187266107326e-01 3.303356028253466858e-01 3.205487828520326432e-01 4.102872440702543533e-01 5.796629252283439504e-01 3.755667497789547116e-01 4.190252703303599668e-01 3.349035549636109610e-01 3.039869501421239573e-01
7.451000000000000000e+03 6.145563657009912584e-01 5.724503294852544277e-01 5.678443424534901363e-01 5.169121467362122191e-01 5.276946288529024143e-01 4.297229163995595069e-01 4.308467326304980527e-01 4.270576806126499259e-01 3.610291913484807713e-01 3.725541022290954629e-01 3.729219165930311441e-01 4.893312690825033506e-01 3.719131795092971982e-01 4.179661251081760454e-01 3.434664012730062610e-01 3.631710335304888515e-01 3.531306042034169645e-01 3.340360564506800745e-01 3.334501311846130300e-01 4.092320442630150157e-01
8.615000000000000000e+03 6.360992836271466278e-01 6.237380196600341709e-01 6.121628390578021106e-01 4.530506513670450319e-01 5.159594149270699814e-01 4.353365276208254753e-01 4.197270090643489548e-01 4.204802442105875504e-01 3.325590601956628922e-01 3.681043852361639557e-01 2.997110674667561869e-01 5.634346381336894360e-01 3.403502502303044075e-01 4.550588223274680821e-01 4.016112724461214922e-01 3.541073344537372103e-01 3.324495309085528372e-01 4.066186598340090219e-01 3.099763465309684496e-01 3.563493734011451974e-01
9.041000000000000000e+03 6.556523247242228569e-01 6.653590580115836817e-01 5.893322643428523522e-01 6.405278371779047353e-01 4.238508157947811217e-01 3.605896505635990401e-01 4.739426675400168487e-01 3.922114728215559398e-01 3.547437259370848639e-01 2.941936176773504164e-01 2.307158311798307160e-01 3.114557070708961484e-01 8.036245394079996052e-01 5.011269835730166600e-01 4.629179442637032516e-01 2.904548082316374957e-01 2.989875778348025093e-01 5.717156340312002927e-01 1.996224160952493332e-01 2.175023436052670178e-01
9.689000000000000000e+03 6.693545807078457033e-01 6.631868670172529345e-01 6.080970737469256759e-01 5.063767242482751785e-01 4.424359016627997243e-01 4.491683460067778522e-01 4.474785632260788737e-01 4.160872869341395441e-01 3.280749067759652915e-01 3.119997852810205141e-01 2.855985569046844419e-01 3.792518296483462503e-01 3.722922719123124558e-01 3.033559744732733932e-01 3.844979137911628819e-01 6.228896115524498178e-01 5.251328089882307815e-01 3.598295449339207197e-01 3.092696662452981138e-01 2.769309451169961189e-01
9.697000000000000000e+03 6.342017124198626732e-01 6.225922773905975260e-01 5.646768837968014765e-01 4.925100176025577481e-01 5.002114915485431634e-01 4.515997403908804109e-01 4.389265845454592974e-01 4.203378978431187019e-01 3.620218658229227837e-01 3.400825576647193982e-01 2.928389746215439571e-01 3.457924132096903969e-01 3.564027820018593196e-01 5.068247356001822634e-01 4.753485894517942567e-01 4.019491030845376844e-01 2.762108588366595785e-01 3.466337916559842358e-01 3.822289282500755392e-01 4.211344200529684167e-01
9.944000000000000000e+03 6.522692584695701790e-01 6.136134350517895575e-01 5.827722774007783046e-01 4.968631214207182012e-01 5.103091956874639123e-01 4.191945803029115680e-01 3.821181590347058066e-01 4.079527216855285410e-01 3.435717293088024760e-01 3.897185915242573073e-01 3.479257486256162601e-01 4.209732954116475190e-01 4.517996802483589813e-01 4.181470786917512172e-01 3.840041146947310580e-01 4.612264013653699646e-01 5.313956807492857815e-01 3.294407113752780836e-01 2.665753845335150363e-01 2.148011354037099030e-01
1.020400000000000000e+04 6.554889337719824738e-01 6.294685486150114473e-01 5.703658161738159871e-01 5.048224124597668894e-01 5.078011797026543706e-01 4.511301200626924301e-01 4.180171122253211191e-01 4.483098666368351415e-01 3.209889995681167174e-01 3.390728681259757016e-01 2.338731135640793324e-01 3.720880923854124056e-01 4.748409133906398294e-01 4.782091210652635871e-01 7.064619243848585528e-01 4.228062931312733252e-01 2.534659359040792870e-01 2.359648882083697219e-01 2.895921354739571241e-01 3.787258426567773339e-01
1.034500000000000000e+04 6.674883341041579765e-01 6.290408497445647562e-01 6.445443180699945707e-01 4.575705137619871521e-01 5.094034860244943674e-01 4.045949810644849931e-01 4.000359955017410707e-01 3.937220944981270621e-01 3.164135154221994206e-01 3.824231864306645856e-01 1.578519376779115302e-01 3.079066669030632863e-01 6.001008169408594828e-01 5.098840975901153261e-01 2.653599162160301117e-01 5.750246884019817317e-01 4.541158723431700794e-01 3.935170929841727561e-01 2.443156641732473489e-01 3.605494863083982260e-01
1.034600000000000000e+04 6.388667190841880172e-01 6.483804457347674965e-01 5.061234595072138243e-01 4.834229165965356345e-01 4.684639941909193306e-01 4.246688238763229317e-01 3.994308516468052517e-01 4.043757747021220483e-01 4.031165521329465040e-01 3.850862061516481250e-01 2.268634288620029194e-01 5.600229034421548846e-01 4.954103089479510724e-01 2.609874203239302415e-01 5.706673855769155423e-01 4.297547421697454628e-01 3.795926194254992114e-01 2.583153664720399534e-01 3.500312006424830535e-01 3.115019180931769549e-01
1.052400000000000000e+04 5.907061990097872695e-01 5.974533989210071283e-01 6.248709928554582183e-01 4.884131704962503262e-01 5.342910643957411443e-01 4.238180100181340171e-01 4.258710406548555372e-01 4.361374466734415645e-01 3.425942527048860264e-01 3.666519216864440600e-01 2.604922247413427594e-01 3.533052555416291152e-01 4.010994378930823334e-01 5.274415045244095213e-01 4.842585018766933924e-01 4.931677100204005515e-01 3.223292430623291294e-01 3.908279181942028169e-01 2.542134005561093035e-01 3.503009892655723490e-01
1.089600000000000000e+04 6.533955319454559652e-01 6.736959662035943985e-01 5.685249408522993209e-01 5.365261115681826398e-01 5.495691184837601106e-01 4.396373010092653466e-01 3.786773960611166667e-01 3.907035403909331350e-01 3.208983352878694295e-01 3.423668922272690152e-01 2.678866817138358947e-01 3.215016478680461365e-01 4.145578871142380217e-01 4.601675645959835137e-01 2.426280330285513764e-01 6.413426675713701508e-01 3.491170307115278315e-01 3.359145977015330353e-01 3.971980309181328272e-01 3.777996170044701785e-01
1.108700000000000000e+04 5.832989480626665779e-01 6.137171827017254833e-01 5.980226573755504926e-01 5.413659942722850449e-01 4.945509599847236482e-01 4.148007890607764980e-01 4.364960101567859074e-01 4.370267171770479409e-01 3.419927588085542869e-01 3.683668783492251575e-01 2.561322831415367984e-01 3.608259628589878809e-01 4.642935588846684447e-01 3.347942754851597758e-01 3.676083307447873261e-01 8.340583927414306764e-01 2.403999335216446542e-01 2.351336806705881521e-01 2.969257070767831741e-01 4.243258520979972248e-01
1.142000000000000000e+04 6.915064378630717545e-01 6.769783291508396639e-01 6.280906661663780977e-01 4.800012836941279781e-01 4.090571077265742761e-01 3.844919262365343315e-01 4.634164569502823294e-01 4.316305980542675669e-01 3.296284587702411062e-01 3.172953290383679348e-01 1.743623164652104707e-01 1.909360018299036954e-01 3.471622567859360409e-01 4.803600314441940911e-01 3.627272088005254469e-01 3.048517951717547025e-01 6.682574854923597485e-01 2.894476329122600555e-01 6.408932851443230883e-01 3.535870430637083617e-01
1.142100000000000000e+04 6.851285214174582805e-01 6.357458578033094998e-01 5.276413462982605385e-01 3.933766950063791734e-01 4.502143931824720835e-01 4.980413757548159959e-01 4.446823699617991066e-01 4.262733385872325420e-01 3.348460849355458513e-01 3.857792008365691916e-01 1.410424601916283882e-01 3.251165853190104427e-01 4.682535102985090347e-01 3.582592856059977349e-01 3.026567438576436286e-01 6.351756912824911838e-01 2.801868605676343105e-01 6.800522732759985978e-01 3.444662717263310969e-01 3.184549930125590289e-01
1.149300000000000000e+04 6.645277180722949373e-01 6.551626640418435343e-01 6.003760236902450087e-01 4.713675858475618874e-01 5.311111095159750661e-01 4.014300417755531369e-01 4.101803945911823290e-01 4.147898743763305252e-01 3.520989903400559284e-01 3.264214405661665097e-01 1.949244002653943708e-01 4.119422516300443871e-01 5.295400593594905558e-01 4.040550723723771998e-01 4.038971538375826231e-01 4.414144195138214877e-01 2.240218045156638915e-01 3.165942554771065676e-01 5.185804274540478653e-01 3.823989259827600962e-01
1.251700000000000000e+04 5.826017626406349015e-01 6.093724958005635184e-01 5.835083926349442507e-01 5.062914121203588858e-01 5.109451130998339252e-01 4.682535325537919291e-01 4.468860946176015925e-01 4.289139348979568167e-01 3.515057489776550748e-01 3.531193725210674539e-01 4.458690824137359066e-01 4.384991793790707360e-01 3.612681317662415070e-01 2.049220854610237508e-01 2.623485570378197296e-01 5.925610043402123051e-01 5.756566159566404162e-01 2.584781679078771988e-01 2.539783304673358666e-01 3.718217380307571318e-01
