5.630000000000000000e+02 6.798417090221712256e-01 6.621930693374138421e-01 6.030323924562968063e-01 6.285560521770272580e-01 7.748979415702411666e-01 5.506320308140859598e-01 3.278698079097205342e-01 3.555517436998405501e-01 2.326483203863270732e-01 2.300245669879360799e-01 4.859028978036551427e-01 3.717622316085349432e-01 3.228644682976357649e-01 2.750525948960851896e-01 3.143785742800655481e-01 4.111062507033874103e-01 5.982555027070425302e-01 3.637793795607098257e-01 4.491146231914400766e-01 1.682321579430541003e-01
1.838000000000000000e+03 6.739406692972811364e-01 6.579292818979851631e-01 6.288222692471361341e-01 5.927413466114217488e-01 5.898693820365870089e-01 4.991662726869645073e-01 4.844529355904536594e-01 3.201590195784376203e-01 2.485573556487745694e-01 2.722436301917988688e-01 2.073504410105965201e-01 3.232590746076325350e-01 5.546444116379309897e-01 3.084783710925018130e-01 1.298992511448913423e-01 5.027698423342630285e-01 4.734664837786295433e-01 5.672501254436111973e-01 5.018503287911806332e-01 2.588547291478480727e-01
1.839000000000000000e+03 6.803349778833739370e-01 6.502065122348699155e-01 6.354679953513098223e-01 5.798504381614715264e-01 5.953245456309410599e-01 5.384873797379412519e-01 3.365351505326574233e-01 3.235839765268939128e-01 2.959787412950503627e-01 2.915450838641198694e-01 2.537710408129293937e-01 5.503623116008309335e-01 3.188128721335992677e-01 1.368211159565638768e-01 5.303744410646272778e-01 4.766417767408471229e-01 5.816889649162820808e-01 5.642226218258905579e-01 2.677153114326624728e-01 1.630882034085786858e-01
3.503000000000000000e+03 6.920127158860605032e-01 6.288466074046400456e-01 6.726839773373213260e-01 6.530922441676229040e-01 6.365179578504625013e-01 5.497764985873062615e-01 3.756862069560819584e-01 2.711811211308864378e-01 2.590507276962090710e-01 2.562101753833727069e-01 3.205319227274164851e-01 4.709866346381016422e-01 3.535770989576227374e-01 1.934847096905134844e-01 5.157993388053428996e-01 4.614946733882387964e-01 4.991987194527288119e-01 5.083950663536045411e-01 3.161452917953199160e-01 1.812449488578665169e-01
3.765000000000000000e+03 6.443570018257566145e-01 6.048121902030249020e-01 6.425904231489483198e-01 6.691258793420025164e-01 7.543410632404695670e-01 4.942776336743701648e-01 3.594097025212535379e-01 3.057892321559562143e-01 2.925775344820981672e-01 2.459396519682746363e-01 3.396083679140105005e-01 2.429912768778442200e-01 5.332599365368219102e-01 4.287550544073402969e-01 4.447745542513942829e-01 4.279026565002859162e-01 3.781411767802965729e-01 2.780354860755737678e-01 3.952807569685348188e-01 3.353194199858068880e-01
4.192000000000000000e+03 7.781519703344161876e-01 6.659191751424403671e-01 5.852169457001302755e-01 6.078296599424101165e-01 5.576595992835188254e-01 4.647794492412803957e-01 4.653343469910505292e-01 3.354730309977452252e-01 2.749679957224382409e-01 2.211267329213013055e-01 3.246842789110160887e-01 4.283685030667117588e-01 4.437546077033913683e-01 3.431556644753064877e-01 3.309410804095033742e-01 5.804703912260561482e-01 3.444784412654277039e-01 3.874461546440731152e-01 3.997860001750289105e-01 2.281397901222790014e-01
4.195000000000000000e+03 7.454391532941905263e-01 6.840050187651163238e-01 6.646307088283464060e-01 6.822947249406380310e-01 5.633333338408033075e-01 5.022455099037709259e-01 3.967183777935175959e-01 2.618138220308916519e-01 2.335363622037502085e-01 2.486772071150925301e-01 2.509877325628612210e-01 3.232502319924716039e-01 6.029147403784183012e-01 3.477991822079460893e-01 3.835077607202195260e-01 4.222979816509674356e-01 2.478729812794903675e-01 2.997366056735391582e-01 6.061424449134823478e-01 3.246356109817936098e-01
4.399000000000000000e+03 6.155180825151997936e-01 5.919629414392174604e-01 6.109312756956426504e-01 5.822163392324766207e-01 7.501289606986759617e-01 5.188497815686915482e-01 3.911580770620298186e-01 3.489439000703702942e-01 2.946898781264743472e-01 2.803536498348283557e-01 2.304479791530131549e-01 2.186086180362013520e-01 4.838504382743484267e-01 2.273556249393790807e-01 4.026994506769694948e-01 4.990426087651674836e-01 3.660355096054721535e-01 3.450919240137317323e-01 6.514685913518566407e-01 3.656280885982561291e-01
5.858000000000000000e+03 6.580137657400763063e-01 7.936275781960974163e-01 7.101680327414860994e-01 6.891731075019609243e-01 7.111044015432442800e-01 5.360634528552841171e-01 3.725712540301022724e-01 2.117447294946457892e-01 2.256393685666865656e-01 1.729826988558990919e-01 2.879646776409430231e-01 5.308443904154834803e-01 4.758672331828605606e-01 2.888276990474686889e-01 2.759422392158847326e-01 3.252645068606124235e-01 3.004335867950408967e-01 5.055456395736673825e-01 4.527274586241681886e-01 3.615640319041532047e-01
7.421000000000000000e+03 7.119386467170347732e-01 7.533657680118261979e-01 6.895994816088624191e-01 5.853679687553823285e-01 5.521723097646920042e-01 4.174212964875898546e-01 4.134516901487743090e-01 3.054609626624231744e-01 2.788106041192501827e-01 2.315579144941124212e-01 5.554064765590440711e-01 4.225956887662648542e-01 4.387719140124591855e-01 3.898981685367597927e-01 3.521049400890161052e-01 3.943575548990204682e-01 2.634492875388904642e-01 3.572924367716836525e-01 2.891437578691550825e-01 2.941774259415588788e-01
7.444000000000000000e+03 6.669038755043471545e-01 6.831243452075698164e-01 7.100472806186853836e-01 6.953894332988471705e-01 6.427288693682774445e-01 4.690916799508224044e-01 4.155388101724194483e-01 3.038476499018082366e-01 2.254022752950599617e-01 2.202752364713058408e-01 3.001337827214188847e-01 4.057896165431899016e-01 4.530812448056217301e-01 3.658465995884866429e-01 3.197843260478827054e-01 4.082375886031532897e-01 3.401327086471273575e-01 4.704588005579836141e-01 4.304047983371531716e-01 3.141043046813319362e-01
7.989000000000000000e+03 6.897976701942551969e-01 7.141765350196573880e-01 6.341541119270600602e-01 6.088856585943338562e-01 6.201262354351931849e-01 5.171132235672605271e-01 5.142410429191027754e-01 2.711428247997619279e-01 2.013033894261119228e-01 2.462427054592293552e-01 2.943725575273278272e-01 3.766989926285922441e-01 4.073784722832904381e-01 2.990771544576739660e-01 2.427721129471190620e-01 4.601530989252866632e-01 3.283435255109540263e-01 5.138184194986955555e-01 4.761923539619991597e-01 3.890891997278264625e-01
7.990000000000000000e+03 7.389071237464793773e-01 6.631553603847145650e-01 6.572699711621556862e-01 6.183290845331987917e-01 6.260171971483015074e-01 5.813021737273673661e-01 2.910330249253103574e-01 2.635518226105033612e-01 2.735027026171274467e-01 2.560611367222599966e-01 2.728048234951565565e-01 3.735445328993100556e-01 2.846993028784112756e-01 2.343743349437331647e-01 4.483932666839637871e-01 3.049081130699891062e-01 4.871927965433226482e-01 4.949384131379355178e-01 3.712573151809431260e-01 5.146861942192308970e-01
