1.220000000000000000e+02 4.556964411522521630e-01 4.136107759406665307e-01 4.149843541311767914e-01 3.927545278902004333e-01 7.402002624663371888e-01 6.511296772572385816e-01 6.310544582913384382e-01 5.731130717250582096e-01 3.591497588940221752e-01 3.241141321705313105e-01 2.884851132515250938e-01 1.972201838970436272e-01 2.323984132281922133e-01 4.702136033219194711e-01 6.515593512967916556e-01 3.578459893901839162e-01 5.757897150949731202e-01 3.218602955297313328e-01 2.881893480515846373e-01 4.241239783993902002e-01
1.353000000000000000e+03 4.856641614345763580e-01 3.537243898763927641e-01 4.481295666721318849e-01 2.824511433580055297e-01 6.539947335293893049e-01 5.618962251174587363e-01 6.312947831573822999e-01 6.057624656300361066e-01 4.169661662361261456e-01 3.913320688594653651e-01 2.918628677563716023e-01 4.992668100805298659e-01 4.036874250862963476e-01 2.978443987432698448e-01 7.665040233097113465e-01 4.036157226759830019e-01 3.759658750452682385e-01 3.240612977191968946e-01 2.899187606644868520e-01 1.915783908366215926e-01
3.434000000000000000e+03 4.855632029107576630e-01 4.151562469089586926e-01 4.003344200719470836e-01 3.676710899853046777e-01 5.537423261797732588e-01 6.511019010830709774e-01 6.257233048051126234e-01 5.454254173554088370e-01 4.098211345710911502e-01 3.865442068304102419e-01 1.819730932743215956e-01 4.872407332178629868e-01 4.461592583212259933e-01 3.296512425445979888e-01 6.103103410075169100e-01 3.901466001132828931e-01 2.626694056702169044e-01 5.803611797800454219e-01 2.802567702141299244e-01 2.945104366100330107e-01
3.497000000000000000e+03 5.971949972564114528e-01 4.231268617418797451e-01 3.482728343870359899e-01 3.464783325968571748e-01 6.189880166698636943e-01 5.535970470171405200e-01 5.929712396806082753e-01 5.080679310644151681e-01 4.212858185486549889e-01 3.961514166372624435e-01 2.677965363901099738e-01 4.145166008156755399e-01 3.466877916182408148e-01 2.475648590958825224e-01 8.037529817319001291e-01 4.949550143144537673e-01 3.887375839479878525e-01 4.366904919214479874e-01 2.888371767560036774e-01 1.570190086858474499e-01
3.792000000000000000e+03 3.918485072069228803e-01 4.230639617523220819e-01 4.798134049484401031e-01 4.051151332865409183e-01 6.451500517148425207e-01 7.240027040288257165e-01 5.502619714366933090e-01 5.958054609755691899e-01 3.387439297461803944e-01 3.758345210286115901e-01 3.340432235843819875e-01 5.013287984683106879e-01 3.260990325570237158e-01 1.523719051316020090e-01 5.833238948368493215e-01 5.835391274257212268e-01 4.115979829329473039e-01 4.289745078429432201e-01 3.113500785219073252e-01 1.822250749593973262e-01
4.160000000000000000e+03 4.156736378806302756e-01 4.044791921239571653e-01 4.258615405966409417e-01 3.603267416814703306e-01 6.130800962958095068e-01 7.149367235298225154e-01 6.412509068658382994e-01 5.598657120484132887e-01 3.948998678798605888e-01 3.656661075576828068e-01 2.686244579943481980e-01 8.547189131926089534e-01 3.695310786898636235e-01 3.924949244183308372e-01 4.732921038835948835e-01 4.305202439563415862e-01 1.641479891057747165e-01 3.597260525248965335e-01 2.332211710838996699e-01 3.024695609235404925e-01
4.428000000000000000e+03 5.127429683046356157e-01 4.574374803433493564e-01 4.257904120888207911e-01 2.057803077071592990e-01 5.024830847725643146e-01 7.693411759085568846e-01 6.534628204669895579e-01 5.440000874842325640e-01 4.058382769837438064e-01 3.569656120466306315e-01 1.074337955674647405e-01 5.295859065999941606e-01 2.677971382153719326e-01 4.210230821599759699e-01 4.961266265311531365e-01 3.764577172291374563e-01 3.381694889792615233e-01 6.230357173509672997e-01 3.964119462224110491e-01 3.072217046662676365e-01
6.392000000000000000e+03 4.460721295795329056e-01 3.942176718935086477e-01 3.669582055513962993e-01 3.781572368583196453e-01 7.053974035853591840e-01 7.231764679755816605e-01 6.211451008375369343e-01 5.182517415597737154e-01 3.669812809962730848e-01 3.936406068633275801e-01 1.885265958830729116e-01 2.634709238837824041e-01 2.844707638820621609e-01 2.937412802995989503e-01 6.656097259808592126e-01 6.679510056892713488e-01 4.230462615453087771e-01 3.982073647687260909e-01 3.629576477359955367e-01 2.873649367130629573e-01
7.975000000000000000e+03 4.994421820368906140e-01 4.251822918431528153e-01 3.899118658782654845e-01 3.544685993151174830e-01 6.646240952855774209e-01 6.815027933949623362e-01 6.066363546735025203e-01 5.102585213321896296e-01 4.204870207326615317e-01 3.379222199934467930e-01 3.410848710168788989e-01 4.449586596484471079e-01 3.834027767858238511e-01 3.527337613002586858e-01 6.607504768010854512e-01 2.009492022296837654e-01 2.651436145165794733e-01 3.519794628310413120e-01 3.940406142231502873e-01 4.021095451327396098e-01
9.462000000000000000e+03 4.475341162069028655e-01 4.094989991550043174e-01 3.394992807733633322e-01 2.732527762847083985e-01 6.263237610194676286e-01 6.528538211497534327e-01 6.215970804882122724e-01 5.569490887263124357e-01 4.602532814320334786e-01 4.164701126694778655e-01 1.823602652150929648e-01 2.549444368093235491e-01 3.682497323900837949e-01 2.191795873883402856e-01 9.746060350292421459e-01 5.731375060475643046e-01 3.752276195896965261e-01 3.510852396563189926e-01 3.777494976240076130e-01 1.799284773773080215e-01
