1.065000000000000000e+03 4.858478608288009926e-01 3.534594294101979783e-01 5.552512882505675762e-01 4.921289335658528552e-01 6.920734119245511851e-01 5.674253411210925524e-01 4.945624055011892395e-01 5.731139272507738136e-01 4.318832921439182959e-01 2.829772514383291360e-01 4.919688161282744221e-01 3.720746081095506752e-01 4.056244299842359236e-01 4.060986153605133930e-01 3.677209834478680772e-01 2.887796334903613982e-01 4.373507967492523685e-01 3.998477143227703867e-01 2.685226736411330251e-01 3.333202956689175211e-01
1.119000000000000000e+03 4.024361950874459359e-01 3.751331853688987805e-01 6.598723848207391773e-01 4.956476163047330852e-01 5.620313205198543827e-01 5.668516531839485895e-01 5.253959897447778582e-01 6.234236858408733761e-01 4.586252583063103461e-01 2.498427159851819013e-01 4.022541828556056021e-01 3.320346012045283235e-01 4.330472099933779795e-01 3.623420501299138285e-01 3.857000836196022853e-01 3.346063347265402776e-01 5.005311934723170042e-01 3.311643210065217668e-01 3.316267624489874222e-01 3.701950781567558413e-01
1.355000000000000000e+03 4.429004167127668645e-01 3.328154192785751087e-01 5.852943522881051130e-01 5.417312041216156837e-01 7.008829284470542431e-01 6.196145861069681793e-01 5.142270487787199418e-01 4.911220103002930104e-01 3.575696074824435411e-01 3.621881575128318431e-01 3.030550143856848289e-01 2.946669453785911164e-01 7.994750401555221764e-01 4.296174835887716648e-01 3.844675007267913669e-01 3.228016232028896315e-01 3.231009679460845052e-01 2.152490099006298396e-01 4.889573870323556948e-01 2.672898299106215014e-01
1.439000000000000000e+03 4.355557216580618896e-01 3.950917235042896714e-01 5.416153528396189243e-01 6.052007738780862400e-01 6.100589256782092962e-01 5.301892503367001686e-01 5.447253380690597613e-01 5.393861956918098999e-01 3.511920100514317467e-01 3.686135745664404495e-01 2.997468229883809565e-01 2.615329160708299017e-01 5.598369538975387361e-01 5.072083179388503504e-01 3.380876993050782042e-01 3.602035390838133067e-01 3.013030600788833557e-01 1.723765027492844271e-01 5.439796060054135074e-01 4.472561108194755830e-01
1.453000000000000000e+03 4.440520885803732609e-01 4.415276182796546434e-01 4.751670004260212243e-01 5.336101841375888721e-01 5.893923778882442788e-01 4.946874289458288998e-01 6.191054175773501589e-01 5.644674764420695157e-01 4.425709292128585659e-01 2.943031890897978009e-01 5.057196202090078474e-01 3.978400226437895926e-01 3.312421640482331453e-01 4.190202114306399994e-01 2.986585094314820332e-01 1.433371290375336782e-01 3.589081570326388970e-01 2.504004410796568103e-01 4.438723020730011570e-01 5.719391180615228665e-01
3.499000000000000000e+03 3.793634783984730086e-01 4.062400983766311646e-01 5.840729035531616598e-01 5.643520109768774828e-01 6.880314718417523956e-01 5.308477080174826002e-01 5.486963300725310466e-01 5.234502282345262492e-01 3.709200324710527075e-01 3.485750978527874522e-01 2.470094223979920622e-01 2.319975988193263006e-01 7.968936437939494466e-01 5.004106150581763002e-01 3.772208836278208577e-01 4.126843837381263813e-01 3.052551772716041723e-01 1.668935759117310680e-01 4.180582957034656433e-01 3.816506021788876879e-01
3.639000000000000000e+03 3.420254440428034948e-01 4.488005095319713700e-01 6.083558000671467347e-01 5.147532920541381118e-01 6.969411505862715961e-01 5.761095943010061671e-01 5.374396056514322284e-01 5.327649464746703201e-01 3.468076159644919998e-01 3.526751717694623922e-01 5.131573808418791183e-01 4.810298811245901640e-01 4.601940376391044363e-01 5.368956026850784102e-01 3.015166747301946670e-01 1.894234872073365106e-01 3.163646250961955064e-01 3.441126880028312351e-01 2.850767003261805432e-01 3.463054636760686811e-01
4.105000000000000000e+03 6.163730045796721874e-02 6.575895838086976974e-01 6.729130317737186395e-01 6.137379089862442516e-01 6.336235870262579839e-01 5.769612911760745311e-01 5.181919269759350799e-01 5.224144575116617117e-01 3.677585259617359159e-01 3.553555942708259696e-01 2.114933690639879682e-01 6.717290551011790845e-01 5.774634442668380441e-01 3.828218367577419512e-01 3.723077590836948447e-01 3.740570029377297545e-01 3.643107294856905987e-01 2.161625966475108074e-01 4.225673510449788339e-01 2.622195183653800443e-01
4.228000000000000000e+03 1.792893554531199418e-01 5.124405206741525776e-01 6.421067320652728005e-01 6.677310042044981575e-01 6.959186876954625012e-01 5.571212658827181530e-01 5.284965632890185061e-01 5.449447879886460955e-01 3.671142563230382350e-01 3.181812898608895601e-01 3.932596127821652021e-01 5.439747165645235638e-01 4.894594888963247348e-01 3.536376740759766824e-01 2.192659083514826024e-01 5.148406172403116043e-01 4.077764644259591620e-01 4.312692581771344624e-01 2.865843859988247977e-01 1.746479069957257990e-01
9.464000000000000000e+03 3.446097934411144204e-01 3.195718832450193392e-01 5.574033273418741441e-01 6.267810539997723529e-01 6.805377530189887780e-01 5.522818815946285431e-01 5.760131565202515347e-01 5.236338727782852143e-01 3.889581621653436794e-01 3.750672549569505354e-01 2.650252463479431664e-01 2.075086920248725708e-01 9.759652187232257248e-01 5.854684757686541285e-01 3.677203704243022786e-01 3.350580259480419043e-01 4.030015479361670483e-01 1.933184452414634935e-01 1.961969473873359238e-01 3.443892238954525675e-01
