1.112000000000000000e+03 4.760409247826997148e-01 6.897531125953554332e-01 5.593671229130873224e-01 5.306496691994148085e-01 3.865443280235321133e-01 3.728843736771876860e-01 3.663055744633907929e-01 4.470435565456547522e-01 3.500513785141520784e-01 5.257378612123468908e-01 3.194316656805220034e-01 6.114921948550859909e-01 5.859558381589720089e-01 3.760406437957640735e-01 3.882591661027435803e-01 3.669709511071896357e-01 3.446090048904139058e-01 3.732383193001876931e-01 2.118237753194902317e-01 2.675164178444138230e-01
1.502000000000000000e+03 5.000906900955970347e-01 4.697079091662852424e-01 5.434709076174456532e-01 5.375612639059448306e-01 6.085121551320267219e-01 4.214173133014546546e-01 4.429017440892035751e-01 4.305410794210219327e-01 4.303117529414065001e-01 4.199635435231640623e-01 2.834497439440172850e-01 3.060949465816812376e-01 3.836277753121724032e-01 3.275071286857944575e-01 2.274809056185967404e-01 6.460551992384846454e-01 4.966995498904664408e-01 4.351164406949261099e-01 3.938679691133712968e-01 3.042578853569254949e-01
1.776000000000000000e+03 5.346476796858684599e-01 5.469862671622509609e-01 4.761349674993531345e-01 5.159999176206825355e-01 4.792769726909432704e-01 4.963947798099423991e-01 4.660020271039306272e-01 4.579976751809973212e-01 3.738495221553738701e-01 4.403526316586882094e-01 2.504643479925540150e-01 5.950606801675849544e-01 3.761903257126634204e-01 4.546545667863201579e-01 4.426825023898713907e-01 3.739010625343644478e-01 2.086673227294398580e-01 4.487419725739156262e-01 2.869429756192955483e-01 3.966612753160951854e-01
1.844000000000000000e+03 6.392895785995380553e-01 4.830064570544886915e-01 4.545045208007189586e-01 4.596251969127371773e-01 5.014853131172165579e-01 4.511342760895267201e-01 4.087433868186476360e-01 4.612005151382697066e-01 4.355325474801448604e-01 4.363126666880590698e-01 3.465371482270195314e-01 5.434195375012269569e-01 5.446876882981911416e-01 2.804917406239215705e-01 1.678224673975560743e-01 4.940334526331792708e-01 3.508021110090829286e-01 4.114680550449249519e-01 4.412714095867011910e-01 2.247037014857288795e-01
2.364000000000000000e+03 5.612302700646533138e-01 5.410468988164496285e-01 4.867092815933948824e-01 5.377566046321676785e-01 4.799117705038355441e-01 4.538885233001599406e-01 4.398849263786983044e-01 4.442761139311330321e-01 3.840975713914372980e-01 4.438827779855136768e-01 2.232144930338214317e-01 2.951540141278310436e-01 4.557117210635692195e-01 4.483356580736793662e-01 3.896969910695940453e-01 2.890006089916627996e-01 4.266189002559449550e-01 3.622321940100866056e-01 4.758997509817288196e-01 4.474228613075211247e-01
2.808000000000000000e+03 5.351096390727518859e-01 5.166100331254658284e-01 5.234055374575270481e-01 4.974495984086814704e-01 5.155760689853203793e-01 4.365964680225097871e-01 4.271190736177101765e-01 4.592139902999579082e-01 3.457945268606490985e-01 5.021229161202139801e-01 2.207165417398361251e-01 5.178844906282829008e-01 8.568628217937178659e-01 5.225647877805137398e-01 4.428116259787982512e-01 2.748252598332909247e-01 2.418705137278394646e-01 3.097003141151702943e-01 2.329466488840245819e-01 2.707879504133579029e-01
3.072000000000000000e+03 6.129543201921315854e-01 6.006134519870829358e-01 5.171531679441498941e-01 4.433153260939707851e-01 4.888224151807522566e-01 4.041647872560118482e-01 4.070911456076581336e-01 4.175811601942077678e-01 4.231559614722682494e-01 4.185908101946037574e-01 3.214540522048039972e-01 4.242263758432537335e-01 5.280880355314162555e-01 3.668102818483151006e-01 1.538684234716776178e-01 4.905415214300009041e-01 3.619152343127569615e-01 3.999785175225002432e-01 4.648297540825697682e-01 2.900857317316911099e-01
3.260000000000000000e+03 5.567801670439782580e-01 5.933626070286017740e-01 6.257035361346133806e-01 5.565081249718031309e-01 4.518581682727952908e-01 3.670395397904688828e-01 4.361731125942052700e-01 4.504260368475145881e-01 3.598906830744524887e-01 3.965895598616415163e-01 1.764857098334338958e-01 4.578762522353608810e-01 4.569201262181856182e-01 4.613244453980379078e-01 4.736248234160337356e-01 2.636505480428090742e-01 2.233174127615144000e-01 6.100371635695142070e-01 3.364377769241245208e-01 3.927983793410280144e-01
3.430000000000000000e+03 5.749796512348515076e-01 4.505608042177978168e-01 5.132998642150475854e-01 5.321430867319272284e-01 5.427723732486595676e-01 4.144883713098808098e-01 3.952422292593399944e-01 4.205112267836116358e-01 4.151491106743932513e-01 4.831017525501991039e-01 4.938781523326649103e-01 5.066661910490706244e-01 4.795773909064158791e-01 3.155391616138512045e-01 1.947537704305063178e-01 3.935216096275644948e-01 3.550136747914801605e-01 2.628966894273166433e-01 4.567062715415439178e-01 2.963897618062377726e-01
4.220000000000000000e+03 6.038994226671390297e-01 5.489184226098542396e-01 5.614121227576949202e-01 5.097602340238548413e-01 3.908296787839378172e-01 4.630476141274170732e-01 4.335618220394090172e-01 4.260224702953350207e-01 2.775708505545982918e-01 5.277534706714601676e-01 2.955374388105631023e-01 5.380262948944375401e-01 3.907755801614826718e-01 3.807704462161520254e-01 3.729234359478379446e-01 3.011583086044876678e-01 2.123881286956738335e-01 4.956363062578385548e-01 3.982018290243911629e-01 4.183353127828780549e-01
4.407000000000000000e+03 5.541713992536221323e-01 5.337115212712396639e-01 5.377493077996703397e-01 5.366950162446497696e-01 5.635492375664838960e-01 4.371407852777207670e-01 4.042140372742026866e-01 4.402388271784836160e-01 4.103492035973774765e-01 3.905295628427944976e-01 5.956122433564589036e-01 4.419192923425196984e-01 2.981836352999830964e-01 2.661927235439848771e-01 8.535457818978293976e-02 6.196622891949009615e-01 3.670110518437304514e-01 3.916390106469997967e-01 4.019144488189461684e-01 2.511274926225299242e-01
4.510000000000000000e+03 5.754785904834294197e-01 5.496528861407775635e-01 5.346424432014882377e-01 4.870719599407105083e-01 4.950370105301767909e-01 4.194082365060936013e-01 4.264712716749212706e-01 4.623379484515328652e-01 3.764177664495672593e-01 4.383333544448531627e-01 4.976589801576351002e-01 3.090513680632179794e-01 2.507916318697399616e-01 6.951804741920547537e-01 3.791054706150079889e-01 3.893884922848562247e-01 3.215100014610953183e-01 2.404946155868036561e-01 2.438924977446076947e-01 4.351245515832146138e-01
4.927000000000000000e+03 6.541001320244640427e-01 6.315139657327648592e-01 5.557801796056568433e-01 4.695559210194344413e-01 4.974199791229599876e-01 4.382184806168219482e-01 3.857915291046727924e-01 4.007977853426201720e-01 3.506517343400635811e-01 3.993691342516045295e-01 2.364223725803473453e-01 4.718791095387569468e-01 4.396664872030656701e-01 4.811724648977542262e-01 3.721573182723152406e-01 5.016312414765493610e-01 3.055857847531336380e-01 3.508157300322171102e-01 2.699641693524610919e-01 4.074888650919212818e-01
4.928000000000000000e+03 6.310323688741042991e-01 5.539906594650608751e-01 5.043081633446250267e-01 4.580558715638495815e-01 4.902399264137861090e-01 3.951653462547184970e-01 3.947388051152795341e-01 4.423075729113586374e-01 4.134785342830791799e-01 4.409441742104028839e-01 3.465786724975235544e-01 4.087102430243171880e-01 4.656204160958327121e-01 3.648636153342258437e-01 4.956650761554393103e-01 2.876323855511623284e-01 3.370728163989900050e-01 2.843092170749029757e-01 3.941881741554850715e-01 4.099163476521106020e-01
5.364000000000000000e+03 5.417828720094951533e-01 5.350312343325940301e-01 5.266357088560903454e-01 5.158662401737862391e-01 5.036243984966817244e-01 4.414530333536504370e-01 4.823457569021930569e-01 4.313144690991962960e-01 3.636610091508989395e-01 4.462469215183211269e-01 2.657985148883606485e-01 3.924024834004695150e-01 3.693685171980837789e-01 3.585085134946268126e-01 4.927854110907262664e-01 2.859303036551206767e-01 3.702200107285624764e-01 4.619245243958028380e-01 3.650796667709313437e-01 4.467353931459959737e-01
5.365000000000000000e+03 5.307960953890313860e-01 5.130710840926877570e-01 5.280832373049229034e-01 4.463632747759845310e-01 4.750609446342314302e-01 4.844120329415975701e-01 4.130949509213053816e-01 4.470342050710019999e-01 4.542290890425969008e-01 4.405743571767705702e-01 2.746960069148614569e-01 3.272205403019042835e-01 3.301207329980471727e-01 4.611367695972550251e-01 2.681284417894760908e-01 3.324573649534103836e-01 4.234521616414355094e-01 3.666425785155430495e-01 4.123463147623309122e-01 5.853499387276357435e-01
5.401000000000000000e+03 6.345431697107063451e-01 6.393637823128325293e-01 5.092383574251089229e-01 5.017623743107216816e-01 4.931851911182670301e-01 4.022818442059354349e-01 3.967198688734528411e-01 4.162546553936591343e-01 3.662436500659728145e-01 4.108829656401207786e-01 3.263330989406824645e-01 3.788726181497547030e-01 4.738772623097775583e-01 5.651747140605403175e-01 2.870926273806660434e-01 4.530975920380366784e-01 3.374884114131273538e-01 3.212850141878147436e-01 3.440051393934581148e-01 3.288424618804560717e-01
5.448000000000000000e+03 5.825087485356973405e-01 5.982766342903861334e-01 5.300736163916682786e-01 4.224148577561356865e-01 4.915521721373005137e-01 4.174921818508723903e-01 4.006417118716776304e-01 4.059770244012925744e-01 4.231311939333798899e-01 4.477717400994044028e-01 1.544417439921417778e-01 3.768391807800617888e-01 3.635724098531998294e-01 4.698117443238084001e-01 6.826715499667448395e-01 1.864687743739337211e-01 3.544135859234347485e-01 3.902454089772028900e-01 4.505272686048524267e-01 4.143500122065951197e-01
5.543000000000000000e+03 5.802666928978705840e-01 5.648308127401971968e-01 5.803349886639205257e-01 5.431049746300820047e-01 5.132769463145898658e-01 4.323990525761921000e-01 4.298259459813298378e-01 4.375934489876394107e-01 3.655505354626885639e-01 3.763400921772430685e-01 2.391564911649942948e-01 2.630631839016188689e-01 3.781205672243949101e-01 4.156783715804638901e-01 3.989371610040108318e-01 3.572082524893662736e-01 2.772541228288981086e-01 3.847288347972929179e-01 5.130702995035305580e-01 5.581053853011193056e-01
5.650000000000000000e+03 6.104208272159828974e-01 5.328113371160388967e-01 5.376985643847986829e-01 4.909339685754549043e-01 5.517322672503658376e-01 4.326499550251795556e-01 4.106265914797117556e-01 4.537118524942363451e-01 3.908330086485142796e-01 3.876021042671803363e-01 2.336649062031053437e-01 5.572963890008402199e-01 3.771932237936615473e-01 3.679841710082398243e-01 4.507923522000856775e-01 3.679682451547877653e-01 1.320450575287379635e-01 4.587114114357386252e-01 4.459177858533321381e-01 4.233998239090599469e-01
6.502000000000000000e+03 5.269225788396016963e-01 5.732410721673154574e-01 5.440299495482163739e-01 5.095964671407102742e-01 5.217920721846790455e-01 3.913303415917137595e-01 4.186941155179665364e-01 4.600984997796568332e-01 4.067473255534922449e-01 4.203810317372743688e-01 3.765489350135478586e-01 4.709269424459825992e-01 3.465095080195328414e-01 2.067173700401704062e-01 3.644975863926730453e-01 3.861655799299242298e-01 3.960854828361995983e-01 3.933726514945638519e-01 5.009911554946854251e-01 3.271448957499145105e-01
6.732000000000000000e+03 6.172711337356469041e-01 5.460758289753333550e-01 5.667568266676232813e-01 4.843537082594319143e-01 5.040609635128717736e-01 4.599404316185645158e-01 4.274955654482933132e-01 4.659558458991543417e-01 3.823941029371158984e-01 3.578549394835358055e-01 2.216432199665959446e-01 5.606836670576186288e-01 6.127891905548709106e-01 4.089120235143985371e-01 3.186541294033811145e-01 3.512253385390765037e-01 1.883038982458022925e-01 3.173626177092628842e-01 4.294791579808558968e-01 4.236120836258985833e-01
6.738000000000000000e+03 5.367955462214599738e-01 5.626579996969977016e-01 5.877986841018036923e-01 5.459882137350734466e-01 5.118735766242906715e-01 4.245814447547831549e-01 4.073287679420967144e-01 4.370338728632701675e-01 3.702677319114797139e-01 4.169409103975985631e-01 1.461993025304072769e-01 3.227105893088236810e-01 4.947413407667261565e-01 4.878507607083999442e-01 3.547857513315734179e-01 2.204709255306041560e-01 1.920759498710358781e-01 5.418792661155215074e-01 5.906230772273025620e-01 4.727442599281178048e-01
6.961000000000000000e+03 5.731243480150964853e-01 5.699923797071959619e-01 5.999515072348270417e-01 5.397820421782627553e-01 5.704645424357009942e-01 3.947290502956055103e-01 3.249371467844516248e-01 4.465140847198266205e-01 3.963086799555666784e-01 3.867132308997749957e-01 3.919612678934925598e-01 3.412805599831129633e-01 4.587455682727700212e-01 3.162487971829217592e-01 1.756328115892509811e-01 4.090526699003277367e-01 4.298559087671358636e-01 4.141644967758042473e-01 4.823330467129545163e-01 3.484771430059034336e-01
7.158000000000000000e+03 6.067176181278768343e-01 5.532092490684489272e-01 5.574473664835515319e-01 4.577243699201865024e-01 4.878993726731682412e-01 4.101878063230571247e-01 3.708142592847182284e-01 4.192585902253329611e-01 3.923086240042271688e-01 4.678304438815487076e-01 3.492549530558325954e-01 3.816869061931305596e-01 4.071526669789845010e-01 3.857065383584936114e-01 3.668398064986141405e-01 1.850905870722306945e-01 3.121094663210454145e-01 3.781982152955342125e-01 3.873294388574320957e-01 6.137233199612839307e-01
7.413000000000000000e+03 5.627850250376300600e-01 6.038803658234404015e-01 5.434666619659720421e-01 4.906834770487227271e-01 5.475879240522346647e-01 4.092781240359072426e-01 3.785892367300362493e-01 3.840424849228383786e-01 4.174093738236782092e-01 4.248156702397691276e-01 3.627334604641778704e-01 2.994989604552685258e-01 3.459209401060328593e-01 3.005438464111394037e-01 2.685266583528664319e-01 4.728560636241111448e-01 4.350597381447568468e-01 3.525738938633436459e-01 5.854225493923093104e-01 3.365556554530353961e-01
7.547000000000000000e+03 5.826958843960635681e-01 5.439070023000219800e-01 5.264715740622732953e-01 4.916157901108249573e-01 4.543587835774329786e-01 4.433558465204223697e-01 4.384421697470162749e-01 4.288165165456663264e-01 4.143993245028791961e-01 4.259324432715671516e-01 3.128317538404662979e-01 4.627869904104153220e-01 5.325199331423079441e-01 4.848398031312442513e-01 4.563545227947752858e-01 2.220049275168139713e-01 2.367610674256128422e-01 3.309392204149063099e-01 4.043476924060082078e-01 3.736722633058463527e-01
7.610000000000000000e+03 5.505096187314675316e-01 5.348060424988958506e-01 5.173189659362550374e-01 4.811914944605126254e-01 4.711356082062331807e-01 4.090015910349236727e-01 4.044823508561463110e-01 4.819589004675480237e-01 4.247407868646061457e-01 4.521933868915620769e-01 5.488814852479190209e-02 3.613567026501193769e-01 2.231793574996399354e-01 3.435101921552244364e-01 3.606756900482375183e-01 2.197826589207471093e-01 5.407212385595555615e-01 6.902731314471618473e-01 5.259284911214017200e-01 5.103286568735463380e-01
8.485000000000000000e+03 6.048464185396704718e-01 5.700384293470015518e-01 5.458151697634713306e-01 4.711080079990340175e-01 4.546096726908206986e-01 4.313219980309381252e-01 4.006136454574636407e-01 4.296817470306480979e-01 3.705198874298456513e-01 4.594333842881071495e-01 2.966637278136688982e-01 2.614802040011863782e-01 3.176559242698221985e-01 3.630611284825209784e-01 2.380060914926746818e-01 5.566695553286834519e-01 3.313430206592432592e-01 2.776518796884440698e-01 3.393114112356610534e-01 7.700604465945755095e-01
9.126000000000000000e+03 5.431626596498659865e-01 5.453312064305296802e-01 5.556390653156006998e-01 5.051682237453105628e-01 4.960450093680779382e-01 4.666340168868237659e-01 4.483526901034691203e-01 4.460708774403103760e-01 3.766703362752191198e-01 4.145044910109296210e-01 3.925883593283135964e-01 3.171848145572730981e-01 4.108916015524113896e-01 4.071000136165817684e-01 3.368476217152906460e-01 2.685238606337687073e-01 3.175557040546444498e-01 5.196433054518335704e-01 3.555175572898763847e-01 4.488006894275662351e-01
9.929000000000000000e+03 5.505700867410920907e-01 5.769296552259260968e-01 5.976291257083763409e-01 5.331284182117416170e-01 5.188987774160537247e-01 4.302288935369628642e-01 4.267195381834726353e-01 4.697641621317764082e-01 3.611361817727634094e-01 3.678786847211715227e-01 1.278753088166021401e-01 1.386417472788575855e-01 4.324010765919993338e-01 4.947642927693050585e-01 3.767871878965487475e-01 3.791155278348645741e-01 3.422883528849816615e-01 5.799493953371283039e-01 6.033663434754670263e-01 3.560524225487051719e-01
9.945000000000000000e+03 6.200364968409843858e-01 5.851404990159079222e-01 5.330363539188164301e-01 4.775505592753137019e-01 4.773302607840949618e-01 3.983894300409685507e-01 4.092788379750051941e-01 4.380933370734278465e-01 4.072411226708253507e-01 4.051038786663073710e-01 3.305303035698430314e-01 4.490173147751140847e-01 4.325386438121426314e-01 4.027761590688852533e-01 4.869440258143802880e-01 5.353973212536951021e-01 3.387761465509491754e-01 3.007309590231233010e-01 2.224761340705020407e-01 3.239520702859040036e-01
1.090800000000000000e+04 6.205445848370138018e-01 5.744109223208854198e-01 5.067979004619672656e-01 4.967915214437862992e-01 4.929702903617918519e-01 4.564326998350302089e-01 4.196989665285024151e-01 4.533850143557706103e-01 3.833667788127640419e-01 3.864389693492696343e-01 2.710191479490376976e-01 4.609316041352504723e-01 4.688934352830870789e-01 4.581223122647727908e-01 2.774983696431935765e-01 3.954542473884836706e-01 2.753940929478018163e-01 3.515032578820529996e-01 4.424243044297339056e-01 4.085654825101829868e-01
1.173300000000000000e+04 5.661409559109102929e-01 5.040595448381305355e-01 5.667442536761186922e-01 4.808319774914486255e-01 4.940588763465860178e-01 4.451567966334806781e-01 4.545610107588952675e-01 4.454109341571161340e-01 3.912791962185859784e-01 4.262226680233476284e-01 2.194962909258700301e-01 4.740776490049180003e-01 4.051976773498541240e-01 3.651595569459499813e-01 2.493304391561646793e-01 1.950790299407260953e-01 2.786000411296636892e-01 6.453331646785840370e-01 5.539919806861606233e-01 4.193846997707518232e-01
1.193100000000000000e+04 5.622142757641909183e-01 5.264809715133436097e-01 5.477695798726767151e-01 5.008368286954105741e-01 5.094841177329400006e-01 4.859311090809230183e-01 4.344514979275955757e-01 4.387099871498610915e-01 4.089524735580134518e-01 3.865629896325527004e-01 1.941095923811626545e-01 3.965815382569659042e-01 4.661417435028824552e-01 5.520601030363075923e-01 6.072054389085621562e-01 2.662048051772056279e-01 2.076075684224157059e-01 3.491588488325529926e-01 3.105885436484519535e-01 4.951332658040215051e-01
1.221500000000000000e+04 5.926369942004953151e-01 5.450588674956703406e-01 5.384996486287085826e-01 4.840121616056550780e-01 5.119207736730693181e-01 4.217649564687708796e-01 4.269419277702261040e-01 4.264651625031530280e-01 3.793397292787059616e-01 4.389214519950506710e-01 2.563877854316454763e-01 3.915664703641759115e-01 3.941804942561856762e-01 4.336788498251564761e-01 3.981221829726996342e-01 4.302976719569456820e-01 3.530179488959102052e-01 3.185347212679710549e-01 3.154013892976004763e-01 5.180552833970016868e-01
1.221600000000000000e+04 5.414933568680098119e-01 5.259219574175939549e-01 5.036345736449385768e-01 4.563159646327438201e-01 4.558150952829365665e-01 4.256065844426660805e-01 4.096883608817511457e-01 4.713435907609501707e-01 4.475799247270996206e-01 4.670389669770170782e-01 2.873753570737898611e-01 3.662486087746799623e-01 4.192968112497998390e-01 3.901984717575981976e-01 4.246842621110182292e-01 3.323416885189111047e-01 3.059010363431025614e-01 3.320405697667798139e-01 5.011840641473277458e-01 4.331520033585562479e-01
1.239300000000000000e+04 6.089849040646702072e-01 5.414867943098100600e-01 5.508724334195937988e-01 4.800932078562709093e-01 5.082554921291925210e-01 4.315103032144546047e-01 4.153245249013764462e-01 4.622118162316643519e-01 3.866224915820515862e-01 3.974015479798992390e-01 2.364469775894470216e-01 2.392881493706989771e-01 3.912952803310410510e-01 5.260403893600246183e-01 5.486318671430404637e-01 2.647347537626463243e-01 2.981894750837922881e-01 3.568930685781303014e-01 4.582497390777825474e-01 4.888990518162819598e-01
