5.930000000000000000e+02 5.249045290501994643e-01 4.999710259744162832e-01 4.986772387015819263e-01 4.693836958812347415e-01 5.576342327245198405e-01 3.152160972956479790e-01 6.103627497840248273e-01 5.546844900638618903e-01 4.099085032409299223e-01 3.668133523054666889e-01 3.378432578708633338e-01 2.168517116398576416e-01 3.058682073253348732e-01 2.242959396602413613e-01 2.855305356506884218e-01 5.418559122640104198e-01 5.903707651522503985e-01 2.887673592795167998e-01 6.103835128973007507e-01 3.522581181830473640e-01
7.120000000000000000e+02 5.644222560017577717e-01 5.525811382115729531e-01 5.301289094339405317e-01 4.431340850445953383e-01 4.381248953584892525e-01 5.492251437260567970e-01 5.083720802563510555e-01 5.055899034883477583e-01 3.862923378524245055e-01 3.441420584354068501e-01 4.728409854670083678e-01 3.083427131509452468e-01 3.448389656436756101e-01 2.700729321051011933e-01 4.341837861140030452e-01 5.277175474145014977e-01 4.838605947150312891e-01 2.768997297794705825e-01 4.190664608045659434e-01 2.232714139324269154e-01
1.846000000000000000e+03 4.709643275048972511e-01 4.948059446189291277e-01 4.945551860921960641e-01 4.604967720509964280e-01 4.663084559849446920e-01 4.747635451125978290e-01 5.724361684976373432e-01 5.866476312677132432e-01 4.000892102215811152e-01 3.866049574853028803e-01 4.524604393530409219e-01 3.088470986333037294e-01 1.960718296703998220e-01 5.828160901078706102e-01 3.983524494361593282e-01 4.543667820308027183e-01 5.436889751735304310e-01 2.809395598361705271e-01 7.336363909238446945e-02 4.864660831064914759e-01
1.903000000000000000e+03 5.157498614339536269e-01 5.200198599639253016e-01 4.690466474060190905e-01 5.235564720662329030e-01 4.939299093404730390e-01 4.557515313006837987e-01 5.098271635260192003e-01 5.495824601173218138e-01 3.906068983037891407e-01 3.868252442365684440e-01 3.802429095908737011e-01 3.456274391476228391e-01 4.603116343146611000e-01 2.899514727834778260e-01 3.308859605988785368e-01 2.198066350399391355e-01 7.976322985632754436e-01 3.736476134323992171e-01 2.598676862295552503e-01 3.412059325923463282e-01
2.079000000000000000e+03 3.274073068537634579e-01 3.459426821803474050e-01 5.554228188827149415e-01 5.133349361170268521e-01 5.566407909021261480e-01 4.070142544660890760e-01 6.419461598897786558e-01 6.052089485796163792e-01 4.330562422633557063e-01 4.335181191440402593e-01 2.876324953831235764e-01 4.482922840633844497e-01 4.389021749257434046e-01 2.793688453243068359e-01 4.159578263093614003e-01 4.103704522105757757e-01 5.167988344987591853e-01 4.151432761309084563e-01 3.419342369402921800e-01 2.695395955054484816e-01
2.319000000000000000e+03 4.019765895080957829e-01 4.822676415006266759e-01 5.111673801188286737e-01 4.372204816376142889e-01 4.501231335726320060e-01 5.226406518912362076e-01 6.509644848256214145e-01 5.942167519628146488e-01 4.169909579678791611e-01 3.628946925026615422e-01 4.425652037346553547e-01 4.212570881350620189e-01 3.417584556788402783e-01 4.912352829376337993e-01 3.797466956111095748e-01 4.963943765877101844e-01 5.047374003625666461e-01 2.796620840147098774e-01 1.516821570548412823e-01 2.912141174113867526e-01
3.034000000000000000e+03 4.933788354888913874e-01 4.667588520504294403e-01 4.988979311384836302e-01 4.894833691189069969e-01 5.114698683322840278e-01 4.182105444194320620e-01 5.459023170004395631e-01 5.236233199148341289e-01 4.316139538013264443e-01 4.062495683000477142e-01 1.414197506502540558e-01 1.687397030236678364e-01 4.153256537699579476e-01 3.823395016232336019e-01 2.380172372565455829e-01 3.306093866253465019e-01 3.333440406602202200e-01 7.987284092495019472e-01 6.686852327009824570e-01 3.381892675259283165e-01
3.490000000000000000e+03 3.396536012608533106e-01 5.985397614585794557e-01 4.895429284484373311e-01 4.725395908342976958e-01 4.580434545589496254e-01 4.620717961165131671e-01 6.827544484069866249e-01 6.628757635049988828e-01 3.804181807659062220e-01 3.259402838754167364e-01 4.133401527793403862e-01 4.177360635410561351e-01 4.700676558317600229e-01 3.885261896643491530e-01 2.278292508665758220e-01 4.981204503671685102e-01 3.632043303059853678e-01 3.414565860428635524e-01 3.685721432257954011e-01 2.961836495351096721e-01
3.508000000000000000e+03 6.558441199101882058e-01 5.265001713633112868e-01 4.097732983364531512e-01 4.045956266025093617e-01 4.402040149112979028e-01 5.451112015533816635e-01 5.710157997779790051e-01 4.473683179338628912e-01 4.094203066211444253e-01 3.704035663423826952e-01 3.497288903511405200e-01 4.857093265654756631e-01 5.112992197669693484e-01 3.459005069978208224e-01 1.953088922675959016e-01 5.387545030738384311e-01 3.850459857112640827e-01 3.538860243474778455e-01 3.944235459872724725e-01 2.461737626339415563e-01
3.759000000000000000e+03 4.505894440749165231e-01 3.419386168760967792e-01 4.794010136809925271e-01 5.961218627931252900e-01 5.197913569451524385e-01 3.610424552612607751e-01 6.023395924511955046e-01 5.454400716891160128e-01 4.443387505998881992e-01 4.445310916688558489e-01 2.656123043282159757e-01 3.688704313284953962e-01 7.344613123539303068e-01 3.593313981032113524e-01 3.820418837855732996e-01 3.993663374276239519e-01 3.836929473262787882e-01 2.082085987110606218e-01 4.066511507098518052e-01 3.263718992221769644e-01
3.791000000000000000e+03 3.468545037942824538e-01 3.950195276158043889e-01 4.441963481547491766e-01 4.738116248254670704e-01 4.769685756349834049e-01 6.124686019686124139e-01 7.148215283973481382e-01 5.683574703955842633e-01 4.764116688717063286e-01 3.475441636863145778e-01 2.517525051258389102e-01 4.216856849692117715e-01 5.001852291553612329e-01 3.123759433363917370e-01 1.431886604007198138e-01 5.476177710897595086e-01 5.741604727371426575e-01 3.970192075545931343e-01 3.774837431734598958e-01 2.981576546966314134e-01
4.159000000000000000e+03 4.371807423612466548e-01 4.086409971215719250e-01 4.109586302114913159e-01 3.921179606626419845e-01 4.114482773220662915e-01 5.672522811515435803e-01 6.919460990150301249e-01 6.373747128089467529e-01 4.422545313721213955e-01 3.912564702837643127e-01 3.320863410317156927e-01 3.416059500446240738e-01 8.607673085834072202e-01 3.568919523034819186e-01 3.738221667176181429e-01 4.478896960038371566e-01 4.268487708976351769e-01 1.586748288416183761e-01 3.188508782921782303e-01 2.249874184634138297e-01
4.341000000000000000e+03 5.053482480871533955e-01 5.210898592115400518e-01 5.518093690220325920e-01 4.574950272582852251e-01 4.171302758492014817e-01 5.382105301666839647e-01 5.490735584390329382e-01 5.115430712575931294e-01 3.809181986800790898e-01 3.802367028660481596e-01 4.529874735373778383e-01 4.265528941677511621e-01 3.103629787427509834e-01 3.662468493122125746e-01 2.878027432410517061e-01 2.419254545393767775e-01 5.801569007141930134e-01 4.805319002601067813e-01 2.825910524011380209e-01 3.434370021510726456e-01
4.409000000000000000e+03 5.569227614460046105e-01 5.708080152199151991e-01 5.596787789775500288e-01 4.670840301194911781e-01 4.832461705860320866e-01 4.696055889199420297e-01 5.509316886439268313e-01 5.324660205781567290e-01 3.465803504028676096e-01 3.220930878485482873e-01 2.223087135435339312e-01 2.611842727296577182e-01 8.812667724559304638e-02 6.545354025670701015e-01 3.721823358896559353e-01 3.867490476427895563e-01 4.434552503986665672e-01 2.793733957600160744e-01 6.576639821832621635e-01 4.189696961695819621e-01
4.931000000000000000e+03 5.007531774857804097e-01 4.832856914008610838e-01 4.440192941097874657e-01 4.066423978236819448e-01 4.979748506494124927e-01 5.555255642197699517e-01 6.028463844313645126e-01 5.440582118179629889e-01 4.139141700715501804e-01 3.708885650209398088e-01 2.887485366844897983e-01 5.230323766357540816e-01 3.226362228526841736e-01 3.683573466075122926e-01 3.046673052076525612e-01 4.500834387958729810e-01 4.801786675424791206e-01 5.632427206989770729e-01 3.126167648868332094e-01 2.153908972423234647e-01
5.188000000000000000e+03 5.459597186786416811e-01 5.252475873998284639e-01 5.043742452015613775e-01 4.466502334322560164e-01 4.473037717417484016e-01 5.919617482596183367e-01 5.211391846038404552e-01 4.972535311553732407e-01 3.839768776641468429e-01 3.629201525795934247e-01 2.381694918362119162e-01 4.837292763753453517e-01 2.687156772229389312e-01 4.730589188193165540e-01 3.417196524621804454e-01 5.961028847703363498e-01 4.547409182886464341e-01 4.993667243644361875e-01 2.118904488851240664e-01 2.776409812701303714e-01
5.451000000000000000e+03 4.712965179828391138e-01 4.794950090796535891e-01 4.578657671017621889e-01 4.071967053765092048e-01 4.426919334772287384e-01 5.664643478686793854e-01 6.091107619582967203e-01 5.488638892023820492e-01 4.225801307521213634e-01 3.917594332578997474e-01 3.464657299101641108e-01 6.722079454285564415e-01 1.940472681490630347e-01 3.609317120992434624e-01 3.895608130689263149e-01 4.797554210377404926e-01 4.529074391885292705e-01 5.751325220845501240e-01 1.660828437924626588e-01 1.914077343862611857e-01
5.708000000000000000e+03 5.481665549386740555e-01 4.966770281120357899e-01 3.868893588297779296e-01 3.708822303366905992e-01 5.003420491426286976e-01 4.739373913466351507e-01 6.131807740377327454e-01 5.753700245013104730e-01 4.265067510562576270e-01 3.854468773615939980e-01 4.939095233761779946e-01 3.011217551568311501e-01 6.081011393423010336e-01 2.979638916900883561e-01 3.942751563558972716e-01 4.088368616915823428e-01 5.123053429964167238e-01 3.796497309170269174e-01 1.413372703222743609e-01 2.582438562274894656e-01
5.865000000000000000e+03 5.135893937399113041e-01 5.524441670678355010e-01 4.694236333685440909e-01 4.146570854917612792e-01 4.935813281768159921e-01 5.561088489433431148e-01 5.403813695756533031e-01 4.896398071814663799e-01 4.234376988927365248e-01 3.603598143591306702e-01 3.771967405056368405e-01 4.844240328642986926e-01 4.024957254654301098e-01 3.319123534322880320e-01 2.897884343471886504e-01 3.104290336228026081e-01 4.906551828600282383e-01 4.647564118371196873e-01 3.444513353864145366e-01 2.998678074781271907e-01
6.271000000000000000e+03 5.757903764211035336e-01 5.738902390047831981e-01 5.372144024266697349e-01 4.801022377809902597e-01 3.491943884327621817e-01 5.029393459451004800e-01 5.198738546409923389e-01 5.111512462258042122e-01 3.987355395941717395e-01 3.436308471899695016e-01 1.829653640857807351e-01 3.047317659215408314e-01 2.894670200662923243e-01 3.955471286400143449e-01 4.049079435200235721e-01 6.558493644158678304e-01 3.961727039432397790e-01 3.911161443201084387e-01 3.668319911266540445e-01 4.330885152917215430e-01
6.505000000000000000e+03 5.416318288760152422e-01 5.110313653214362262e-01 4.460311583023637283e-01 4.400514016879240042e-01 5.286922874531734262e-01 5.499666807561828241e-01 5.732013401121045515e-01 4.818219184728345650e-01 3.907472563132989851e-01 3.716028695744413302e-01 1.444809013593454372e-01 3.409762471576958665e-01 3.835547675870176754e-01 3.833504585697395939e-01 3.730123915114471056e-01 5.072231637362583090e-01 3.399345206595851265e-01 5.605914349188063639e-01 4.531069651566566048e-01 3.519981193987984369e-01
6.740000000000000000e+03 5.898791808018889471e-01 5.672035874465704008e-01 5.083700532012684903e-01 4.403152167262205374e-01 4.721352189950646094e-01 4.521295400756341065e-01 4.746429595008655467e-01 5.622743387578789109e-01 3.860635530977160612e-01 3.491149477107630683e-01 3.553183120585183818e-01 4.616860797965435248e-01 3.539401580468695130e-01 2.238555728261801547e-01 1.867993199119309111e-01 5.164256306668217889e-01 6.285061617323904892e-01 5.067961721432219235e-01 3.511098268481733786e-01 2.135910936228483936e-01
6.741000000000000000e+03 5.804833634043102819e-01 5.182749889796320897e-01 4.895044274537174722e-01 4.457852192463552798e-01 5.176744273518684158e-01 5.040877754217629736e-01 5.838628730145403178e-01 5.023100692555388935e-01 3.655851921513983971e-01 3.421897017715982425e-01 3.852198986903111466e-01 3.747287309568227420e-01 2.471331502047593998e-01 2.098958649013290267e-01 5.794003967962116919e-01 6.724253736614520527e-01 5.528522066934009604e-01 4.207562925285787125e-01 2.359437143247219426e-01 1.297922379111574598e-01
6.963000000000000000e+03 6.065522450404998711e-01 5.692781689510765242e-01 5.608297893529161637e-01 4.185421165093672902e-01 3.818282702198014800e-01 4.723480423461406397e-01 5.240415495184034267e-01 5.224948879727366879e-01 3.619050944915176427e-01 3.662081013036940225e-01 3.527450693693289785e-01 3.207990597806770761e-01 1.881829565996293585e-01 4.462601602256378031e-01 4.506873299551009682e-01 4.225867969267105839e-01 5.492755759625053136e-01 4.002328297389156075e-01 2.262317058856180563e-01 4.331342892570140268e-01
7.161000000000000000e+03 5.001056805040771103e-01 4.811407700316396308e-01 4.562465254901439948e-01 3.790611077748214375e-01 4.664283086980176574e-01 5.177956151090201686e-01 6.485258657704907614e-01 5.420621792396342897e-01 4.117102286432979263e-01 3.910889860797231998e-01 2.681657390677397168e-01 3.405560804836539890e-01 1.807059791549710526e-01 2.991502171361966056e-01 3.558052236777950461e-01 3.891344311749024287e-01 6.328904126232708371e-01 5.118614169648000312e-01 3.352978567648411956e-01 4.756880675271645820e-01
7.438000000000000000e+03 4.904194792142002046e-01 5.753654664517170447e-01 5.495710841740386599e-01 4.505579544412502413e-01 3.841335224531539083e-01 5.123254096989192652e-01 5.057309406897084747e-01 5.134366120619504592e-01 4.112639585148191723e-01 3.853756759431179457e-01 4.089584938915243884e-01 4.503545531990683082e-01 4.137746034421757590e-01 2.992841483454536378e-01 3.497673217122425626e-01 4.327911265397884066e-01 3.684750416556212271e-01 3.807051774654721665e-01 3.751974428753765411e-01 3.026428474846077354e-01
7.480000000000000000e+03 4.827452724213421309e-01 4.820577607195704606e-01 4.572439950052745172e-01 4.368573148131081885e-01 5.786711999222848846e-01 5.070353249590806577e-01 5.413081365048425520e-01 5.793032081242872611e-01 4.099411088379770196e-01 3.646671457877203038e-01 3.999937691765537151e-01 3.637565394148689624e-01 3.239559093345794616e-01 3.421706441942213295e-01 3.548838139783917489e-01 4.495649098630902785e-01 5.297312606884605479e-01 4.590978679012454600e-01 3.069873109589859594e-01 2.603027731289834779e-01
7.496000000000000000e+03 5.720509841090637426e-01 5.449176841390700465e-01 4.673275311121754538e-01 4.782821018390196466e-01 4.172351687657636643e-01 5.001195036146014461e-01 5.343587555243450860e-01 5.263799074492471197e-01 3.822837495011624509e-01 3.756733912466987402e-01 2.835810322470342926e-01 4.289740799051294795e-01 3.969993314132525541e-01 4.304926870059541111e-01 2.984253672945405556e-01 4.583163129176832107e-01 3.839737464447577908e-01 4.733559966443353639e-01 3.518845550270869871e-01 3.135981500863516125e-01
7.549000000000000000e+03 5.470093683588939104e-01 5.355530362976889114e-01 4.752165834703441782e-01 4.730836885297958760e-01 5.243069112866366455e-01 4.552819293597487604e-01 5.570590847214310637e-01 5.871059788210971631e-01 3.919299799312923605e-01 3.089504780733927092e-01 3.328804691455253817e-01 3.990642376707229100e-01 3.959934902489348763e-01 1.941760320744613522e-01 1.989129209906568552e-01 2.732717755400360660e-01 3.744174602264511154e-01 3.480161160922465302e-01 7.544799206263257396e-01 4.668574768452266044e-01
7.613000000000000000e+03 5.091500504679630223e-01 4.607987581604944816e-01 4.464775741308273926e-01 4.064340310383787735e-01 5.391043619432198675e-01 5.642800992364926937e-01 6.121433491250477532e-01 5.383058369344020377e-01 3.835016197831762064e-01 3.804442956469438752e-01 2.051196779308609719e-01 2.878819842676698104e-01 1.834782995994400367e-01 4.493920135258730464e-01 5.634505396489165596e-01 4.567172545514879833e-01 4.547214019477801017e-01 4.692639638046221529e-01 3.350152281106964502e-01 4.165585776833444220e-01
8.488000000000000000e+03 4.959930403983692226e-01 4.422421667165363224e-01 4.582886457277359216e-01 3.935228365670288553e-01 4.598351213253730196e-01 4.607932943906492551e-01 6.169167429157008664e-01 5.755481698573802207e-01 4.276863894616109163e-01 4.261654505432614926e-01 2.538203721216300557e-01 2.218418997348167443e-01 5.532504852170734289e-01 3.196088010909897692e-01 2.621000560331651630e-01 3.427874531468001473e-01 7.984724124197051243e-01 3.107776741049887437e-01 4.024300418861657125e-01 3.528568274658929749e-01
8.649000000000000000e+03 5.532693649826481153e-01 5.301958944671820717e-01 5.317545751435494017e-01 4.508771973367253771e-01 4.208876627788190050e-01 5.862637861997161970e-01 4.931515923695953818e-01 5.163889384158262263e-01 3.744292757535149785e-01 3.636263707200076967e-01 4.156243482361539066e-01 3.923522817299976428e-01 3.775561694331077134e-01 4.056038259892513209e-01 2.701356920952353580e-01 4.677307242632833262e-01 4.665721851645079354e-01 2.620221252346250917e-01 3.220133163922352382e-01 3.947795590979603642e-01
9.007000000000000000e+03 4.695529136615169685e-01 4.774918709208006429e-01 6.067553782966639275e-01 5.673841916900397297e-01 4.572835999607423041e-01 4.361836236603170991e-01 6.082926935175742011e-01 5.272536727778224241e-01 3.990182699563468161e-01 3.178107747985172149e-01 3.093607462818667164e-01 3.764841561724397989e-01 5.396222884134170839e-01 3.361244529942776782e-01 2.532140357216727256e-01 4.349149825654578111e-02 5.737075316538371439e-01 5.536279089137345899e-01 4.820502813680580534e-01 3.364367768945223935e-01
9.948000000000000000e+03 5.231299198079182311e-01 4.834100639928322063e-01 4.568044122786489303e-01 4.352414582705820822e-01 5.054115350923662486e-01 5.565427537693112825e-01 5.521290358055450653e-01 5.160792647187665283e-01 3.877759432302507747e-01 3.995917465314724470e-01 3.043070032511919765e-01 4.911124691770183404e-01 5.739957795003305385e-01 3.534488107384030631e-01 3.074681856606072961e-01 2.434537176105794065e-01 3.630995146994573375e-01 4.913242774008748093e-01 3.278081476678748052e-01 3.657180033992112889e-01
1.022500000000000000e+04 5.221286589160222258e-01 4.987469008124075787e-01 4.237480625504045362e-01 5.082058794403860880e-01 5.788203380902904316e-01 4.937048148436025685e-01 5.612544165687031184e-01 5.290189541007508378e-01 3.802966573094636038e-01 3.645798700658347546e-01 4.091359179163549520e-01 2.582104741350543797e-01 3.832209066465516178e-01 5.702722935483141020e-01 2.725477491201771518e-01 4.207789986286349371e-01 7.903407996609462804e-01 3.714768247976434346e-01 1.505782452328736365e-01 1.941259438711410157e-01
1.051000000000000000e+04 5.490138594619973222e-01 5.106103439470407457e-01 5.086696496381427623e-01 3.972064787204721559e-01 4.777628219380598562e-01 4.268635500101471414e-01 5.534732522275630506e-01 5.606500030354636399e-01 4.224312386725008195e-01 3.701365305725370924e-01 3.504063993738262273e-01 2.408578097330173473e-01 3.127255374330815685e-01 2.128342505734029111e-01 3.459448304135766539e-01 3.709999345352895661e-01 9.972451125279899742e-01 4.362675393264023316e-01 2.277038066231824587e-01 3.036525498258138001e-01
1.155300000000000000e+04 5.322492214208173200e-01 5.374433688529959285e-01 5.583808698787440239e-01 4.656123017880779980e-01 5.478768008236862830e-01 4.946847464432657659e-01 5.137280109335015110e-01 5.067344964556290687e-01 3.879617991740255123e-01 3.192094649395784689e-01 1.754201325666945033e-01 3.330490772997226068e-01 4.550829742782343534e-01 3.515752498743022203e-01 4.422925608044349088e-01 2.823160120969898101e-01 3.548865253603268877e-01 2.751763836885273706e-01 5.991110799339406379e-01 5.332209470274881236e-01
1.173500000000000000e+04 5.547176159352980029e-01 4.979096761752718758e-01 4.746512707349347937e-01 4.371888930904719861e-01 5.033174160948244991e-01 4.387162832362372922e-01 4.866155843005761095e-01 5.571702330887586818e-01 4.059735849349642156e-01 4.127930900426172167e-01 3.182817554787700787e-01 3.779845594385897178e-01 2.726394762261459270e-01 2.176672468868281196e-01 2.981813958558470201e-01 6.709981057739770050e-01 6.432925217601692669e-01 4.912027771016231337e-01 3.044833849927205960e-01 2.114519534773882936e-01
1.173600000000000000e+04 5.050829077846119564e-01 4.731694511760782818e-01 4.725961470443297840e-01 4.575127515491693719e-01 4.843105995293941479e-01 5.002945048622612356e-01 5.627166352586535636e-01 5.170174836730941914e-01 4.245754858302199786e-01 3.970522324738447462e-01 2.868660936155335572e-01 2.622066079907800495e-01 2.171523185950399726e-01 3.022455786848045611e-01 6.854297396040087698e-01 6.268654517157489225e-01 4.876571175014698944e-01 3.315998844259090417e-01 2.113071674785343135e-01 3.979563265427744634e-01
1.192300000000000000e+04 5.693054157586419084e-01 5.729397337767179188e-01 5.293306629091072413e-01 4.053450828671326667e-01 4.234478749574465684e-01 5.371391360525367142e-01 5.319641342881086254e-01 4.778989728541990223e-01 3.916801230867180683e-01 3.595542937563955821e-01 3.314424527553724853e-01 3.543951160549601020e-01 2.625420130821782272e-01 3.632983086908174730e-01 3.102068783849359357e-01 4.273093792016241510e-01 1.000000000000000000e+00 2.732824747903371265e-01 1.913633938105933907e-01 2.995529829751868434e-01
