1.113000000000000000e+03 6.661531575787322801e-01 5.378244236091497266e-01 5.339506066120275340e-01 3.296471261735408609e-01 3.915827926745939491e-01 3.492808679384052928e-01 4.237453973205201341e-01 4.213679265730704282e-01 5.355669299661984795e-01 4.284528647750516783e-01 4.878655384712092258e-01 5.917372641205911332e-01 3.957814075668243947e-01 4.143022170442480778e-01 3.940949767659568947e-01 3.533711958623302340e-01 3.902650243570313093e-01 2.436305773253245599e-01 2.818208887572935528e-01 2.347537256038508269e-01
2.073000000000000000e+03 4.466433291749671852e-01 5.723757229067008012e-01 3.979262556138901119e-01 3.732429258134880579e-01 4.837893895037577163e-01 5.160868904512665445e-01 4.131128450038561994e-01 4.671569181851905617e-01 5.183763384064578039e-01 4.872138211763668569e-01 4.196257588089555846e-01 4.862073389034173299e-01 3.974954493384739163e-01 4.274918744491453815e-01 3.733241249263495320e-01 2.902445382565129184e-01 3.614725847701008021e-01 4.306265493137667599e-01 3.720109053976687341e-01 2.363160484842753428e-01
2.258000000000000000e+03 6.894165867193581265e-01 5.672453491127882330e-01 4.898648889592374100e-01 2.707217580676902768e-01 2.714522544648489966e-01 2.736320381918262989e-01 4.137967714856317092e-01 4.230314368543579562e-01 5.448526116331463554e-01 5.430445538849689724e-01 2.122597674061491857e-01 3.981665008020620622e-01 4.594910045432150647e-01 3.959222900892552244e-01 2.230833619680099855e-01 3.069329041095842925e-01 5.551597321155307130e-01 5.200864091120076527e-01 4.559476665669896511e-01 3.041167159891229876e-01
2.317000000000000000e+03 5.651017056791276527e-01 5.117642936805378850e-01 3.790956967661198718e-01 4.499124229162320132e-01 5.300070317398027919e-01 4.347329116950557348e-01 4.010933261319231669e-01 5.056089603433550073e-01 4.884286470104936551e-01 4.445587465847423148e-01 3.074267100502622863e-01 4.457780940887158261e-01 5.372162745347133228e-01 3.871105677050533100e-01 2.971343887262648531e-01 4.196400357016519256e-01 3.372609326677472041e-01 4.536881254303691824e-01 4.128687998950100191e-01 2.256801847981018960e-01
2.365000000000000000e+03 5.329433828559966280e-01 4.719838686901153824e-01 5.422492351969635527e-01 4.195663302869815370e-01 4.836749785372007615e-01 4.330957100982462671e-01 4.232865569867601541e-01 4.726337284726476740e-01 4.490453347378195459e-01 4.763605908639320652e-01 2.224970339735586333e-01 4.348584896235473396e-01 4.452497462867192612e-01 3.923164957244465456e-01 2.924418300675863391e-01 4.127623546306810054e-01 3.573699961427865834e-01 5.144754750517860353e-01 4.443256270095758964e-01 3.122384179466854981e-01
2.809000000000000000e+03 5.076740861132614802e-01 5.030591346539029507e-01 5.054457753447594293e-01 4.484985920165915907e-01 4.600846082755544741e-01 4.148622881693155851e-01 4.360231063247154148e-01 4.141712954464190077e-01 5.093676152406404478e-01 4.773562527360692975e-01 4.060867542728718860e-01 8.493719352976082382e-01 5.400823816507994701e-01 4.638971106657391319e-01 2.897219558587505461e-01 2.436283343992080297e-01 3.182918618178042225e-01 2.627643034058496085e-01 2.800354514699303632e-01 1.785448233465314893e-01
3.269000000000000000e+03 5.783265100069777676e-01 5.056932615948833698e-01 4.940013791972836521e-01 4.863031921646006062e-01 5.672857588207790291e-01 4.185818282982161076e-01 3.618029348612329943e-01 4.017838042039835189e-01 4.878043363337021820e-01 4.300126181115654922e-01 3.460441410572309695e-01 4.218296261784185708e-01 3.181523454132217377e-01 3.328573440234867120e-01 4.763204704426182712e-01 4.485234299627088861e-01 5.065535451534404210e-01 4.242994754739194962e-01 3.475842526641234054e-01 1.900052999419592770e-01
4.221000000000000000e+03 5.275087639264001149e-01 5.281895324245020618e-01 5.044268599536247955e-01 3.188506435655039661e-01 4.746378528402852015e-01 4.087784629481986398e-01 3.873141262872428769e-01 3.054407942860428160e-01 5.293517410324499739e-01 5.894161381117180021e-01 4.095641348721634767e-01 3.767149350691075815e-01 3.817904942291807657e-01 3.792009288189760463e-01 3.079193942014919472e-01 2.072832261823925881e-01 4.936149152278080932e-01 4.348396535217903258e-01 4.195387295450913046e-01 3.621307700813476416e-01
4.425000000000000000e+03 5.457255703973270533e-01 4.885462673627125607e-01 5.039645919951589725e-01 4.982685965312506626e-01 4.792966866344298693e-01 3.961822892749792824e-01 2.370714132158152632e-01 4.642180252075342461e-01 5.483841964182224471e-01 4.824881541833995202e-01 2.788143691912963185e-01 4.569575854744801768e-01 3.384932223987420219e-01 1.597924621730684724e-01 5.843678667493782397e-01 2.800069148634200533e-01 4.493784803442040232e-01 5.398914983781754051e-01 3.845339849368220042e-01 3.366023253379381575e-01
4.448000000000000000e+03 4.437606645873462541e-01 3.916540436869496711e-01 4.860108136511134824e-01 3.987417292057254814e-01 5.024935487630416420e-01 4.163324120872684553e-01 4.969857884696803896e-01 4.778442625275133304e-01 5.567999462786140663e-01 4.932730759672549481e-01 3.782551001406268543e-01 2.896928006577463299e-01 3.646576718551047258e-01 3.082878172308031739e-01 3.663045852344999354e-01 4.954456276700441308e-01 3.786451146823154867e-01 3.711535163845372520e-01 4.845569348226437811e-01 3.319199611497084534e-01
5.850000000000000000e+03 5.544002661692346567e-01 5.192909018665684551e-01 5.096122197937804632e-01 4.014657335515733894e-01 3.966651152632209576e-01 1.817938404473912195e-01 3.583787138436544395e-01 4.296909171315355658e-01 5.446425141101802758e-01 6.096420227681143000e-01 1.854124173988578039e-01 3.362772484616026181e-01 3.384039589981467366e-01 3.736469776718991387e-01 4.484273097465432123e-01 4.487511240485060893e-01 4.561975520515287874e-01 3.572346777615892366e-01 3.642388404594578133e-01 5.094674380452751672e-01
6.049000000000000000e+03 5.661340298081471989e-01 5.140242216723441837e-01 5.131141685865600044e-01 4.935531098200001687e-01 5.132767300425375989e-01 3.644052533468953303e-01 3.109388280713610841e-01 5.153760351053819910e-01 4.726842174264963004e-01 4.425061105139013740e-01 4.492478885560832746e-01 5.704963532265943105e-01 4.208997632498454045e-01 4.316276737145967601e-01 3.523485359120845928e-01 3.133355548189284967e-01 2.629718784114993269e-01 1.812277363290853149e-01 4.823492209033983791e-01 3.066083625688209024e-01
6.549000000000000000e+03 6.837964410445135366e-01 5.856341596376917202e-01 3.968621445227412114e-01 3.822423751252825852e-01 4.098879887114376119e-01 3.940138923027610707e-01 3.538222857250952202e-01 4.187267160665392174e-01 5.352096894373190583e-01 4.524586891051259330e-01 3.578916653532143721e-01 4.321145403305004518e-01 4.927291166337973705e-01 3.227777898300656090e-01 2.623438100472658685e-01 3.746674153234147431e-01 4.186924947781646700e-01 3.667467791007529287e-01 4.311800082282797875e-01 3.316997576944101800e-01
7.500000000000000000e+03 3.824840741382208309e-01 4.601029339484407621e-01 5.051797622402155463e-01 4.701724478987555633e-01 4.588683117915606791e-01 4.195406427011604267e-01 3.711354322973722808e-01 4.780014825997431771e-01 5.490785789717448351e-01 5.432018403514659033e-01 2.235675229003585007e-01 4.614741824264554371e-01 3.916488321439805520e-01 4.799235293004657232e-01 3.830939672925871564e-01 3.347003291372374068e-01 3.039016167287203474e-01 4.285160308233385007e-01 4.959769096865138116e-01 3.235324814508303004e-01
7.971000000000000000e+03 5.156986970703558715e-01 5.370971742459587084e-01 5.080426777416311435e-01 5.111928817044891771e-01 5.385083051555955569e-01 4.041072793960776566e-01 3.631353391136095676e-01 3.910665161957729286e-01 4.595209312006177660e-01 4.868616265954420763e-01 2.613151814139352269e-01 2.575729931486301361e-01 3.267786756537970350e-01 2.809101034845745692e-01 5.028434423580853130e-01 4.877049196637412432e-01 4.152632860316023411e-01 3.848090182331239673e-01 6.685723722342834519e-01 2.088278287603329009e-01
8.257000000000000000e+03 5.905390194844869489e-01 5.591835311198022351e-01 5.357132546152858499e-01 4.173711211985614566e-01 4.247428764397672696e-01 3.077661830371495877e-01 3.568575426804658779e-01 3.486303880880898265e-01 5.303747913476859477e-01 5.194423933081382394e-01 3.814920118118880765e-01 3.042462350873611499e-01 3.403838357466112963e-01 4.118641565944702321e-01 3.371015930091701973e-01 3.699755938247024645e-01 4.466898449976693941e-01 3.153609048930162140e-01 3.293235546443866735e-01 5.297210780678875963e-01
1.186500000000000000e+04 5.894355172129661646e-01 5.439482359024589986e-01 4.713953177471839617e-01 4.201134331722503612e-01 4.583609757375960991e-01 4.407474299805226314e-01 4.139773749729572794e-01 4.957467987712513846e-01 4.290476281773960565e-01 4.487788123517746364e-01 2.178737387513023371e-01 4.231738468893705973e-01 4.481234026489357980e-01 4.141835642310838783e-01 3.828910758371236733e-01 4.013099627930774016e-01 2.217361768866884797e-01 5.376451268798022598e-01 4.090898002931449007e-01 3.731322912198967168e-01
