1.000000000000000000e+02 7.756749877652630021e-01 7.031505764821613935e-01 7.066460786519240811e-01 5.258011678105579678e-01 5.219750937064230323e-01 4.451955319411939338e-01 2.851747305936297439e-01 2.862422840576718253e-01 3.230358053699848853e-01 2.841270793563256958e-01 6.462640865172715465e-02 4.785020319364604036e-01 3.456077496170782415e-01 4.049665018138618455e-01 4.652806069094223562e-01 2.360253767942867564e-01 3.729979994999621518e-01 6.627311530049091459e-01 5.188935532480385415e-01 3.154747652504358291e-01
2.136000000000000000e+03 6.351056756449956486e-01 6.252186259686672853e-01 6.255585445226090613e-01 6.639050651469380337e-01 5.135896155609660507e-01 5.094007146097104810e-01 4.382569282207114392e-01 3.684573189195070042e-01 3.192874663693551218e-01 2.487541056567370845e-01 2.065175614356382361e-01 4.254489576823395347e-01 3.772988114805413407e-01 4.750422482485400222e-01 4.318351417884057630e-01 4.007556322594394427e-01 2.493089809753463726e-01 5.119766004802905890e-01 3.319479049382276226e-01 4.239579821644519630e-01
2.758000000000000000e+03 6.088668372787697791e-01 6.508979538148687016e-01 5.834326705174736061e-01 5.640999608609142957e-01 5.810643065759072412e-01 3.683397841062285849e-01 3.668242782380817801e-01 4.109615517956868302e-01 3.482393704774863763e-01 3.572117096732026487e-01 2.635703450753050792e-01 4.195876796619429361e-01 2.658443391364401776e-01 5.332335972768778021e-01 4.594097986532790778e-01 3.367386593890791535e-01 3.809050697873964664e-01 4.098432868622023939e-01 2.976587969555298252e-01 4.502393881452088076e-01
2.936000000000000000e+03 6.222067664699496570e-01 6.432353968944328759e-01 6.839170356764795455e-01 6.170151626892678154e-01 5.557404370283849371e-01 4.267025476542469220e-01 4.120451448157250174e-01 3.977554854967368381e-01 2.805116145622807422e-01 2.896769309454536589e-01 2.030168807799564434e-01 5.464890221161167183e-01 4.074184415694301342e-01 3.689739252754877796e-01 4.443623075793315391e-01 4.120547047913017402e-01 1.530786423084479764e-01 5.367167629653121219e-01 4.231278191187260451e-01 3.402642478275975102e-01
2.937000000000000000e+03 6.625376764509497418e-01 6.971634779513562474e-01 6.504102728348049034e-01 5.417836512117824022e-01 5.089384947283522864e-01 4.526032820106189458e-01 4.172397109019578276e-01 3.647022067203591345e-01 3.113903732345209008e-01 2.826286340632652716e-01 3.996899061494680327e-01 3.770201035089401631e-01 3.550095719117383752e-01 4.338565577466461654e-01 4.049455166366305869e-01 1.426858121359527720e-01 5.135156789682050471e-01 4.437293809379306286e-01 3.275137249817599572e-01 3.874523036513528584e-01
3.058000000000000000e+03 6.452760296447112021e-01 6.921445011552670445e-01 6.543777887663593251e-01 5.725048872979384695e-01 5.015448549364673880e-01 4.026651438461989474e-01 3.760932188206747018e-01 4.045110675274083967e-01 2.984043228606621523e-01 3.203119819774365995e-01 1.895222171024335545e-01 7.718343778823001378e-01 3.878355138349852127e-01 4.252626417442956219e-01 5.013528490687789718e-01 2.980023332029666516e-01 1.375234354283725591e-01 5.653534293711889314e-01 2.993092713744854860e-01 2.910405958151531802e-01
3.070000000000000000e+03 6.147335674241537484e-01 5.910718024973330431e-01 6.206320435847569872e-01 5.961619439614187499e-01 5.308235159417740157e-01 4.343610694958560670e-01 4.273368862021048598e-01 4.033620011419313256e-01 3.318063844000366247e-01 3.272684588703186903e-01 1.473017719009543092e-01 6.937447999575873103e-01 4.273241381926913829e-01 4.281080261599504722e-01 5.051626901947614545e-01 3.438783459331972714e-01 1.507656990664369145e-01 4.917715110448232507e-01 3.242289248443418481e-01 3.561824449936414894e-01
3.285000000000000000e+03 7.596020990986818155e-01 7.657247017960892022e-01 6.278917541548709735e-01 5.902567494124605352e-01 4.533305949612033703e-01 4.067992985758945856e-01 3.938125610400494692e-01 3.853110430713728718e-01 2.054670353106978764e-01 3.054525952483284623e-01 3.206067144066214181e-01 3.800074196574299012e-01 4.562450078626898442e-01 4.176218089551561041e-01 3.544550533132876380e-01 2.474703266938624580e-01 4.285727925063859134e-01 3.481807054026577752e-01 4.127165714646982009e-01 4.301844712165500684e-01
3.314000000000000000e+03 6.539904532771571022e-01 6.201010411809626532e-01 6.341404023200084561e-01 5.711829327965106673e-01 5.194717676689739605e-01 4.484422938824556004e-01 4.307429175066299631e-01 4.003127668157714925e-01 3.179408117269826861e-01 2.949980581919062206e-01 2.330791850350696359e-01 5.647243788682618781e-01 4.837248647109383959e-01 4.823964817028512098e-01 4.739699374695356404e-01 3.368826129130342850e-01 1.889795711043598947e-01 4.898886307612995150e-01 3.230004455379973383e-01 2.791090764096469945e-01
3.767000000000000000e+03 6.819023115136318980e-01 7.123252073952943686e-01 7.481170252028148671e-01 5.754197249855942387e-01 4.819788157297732467e-01 3.533820137960345664e-01 4.067819652496020288e-01 3.474100399698648034e-01 2.785654151834319192e-01 2.935396554530355084e-01 3.758346704853456344e-01 3.980570916601520182e-01 4.356694521575874557e-01 4.277882529358315589e-01 3.629388797886392015e-01 2.596891374244948425e-01 4.130615546723437337e-01 3.526876906011904844e-01 3.805586821110945595e-01 3.831565039864341382e-01
3.768000000000000000e+03 7.244802919143717990e-01 7.563262905692053062e-01 6.147827242381742607e-01 4.714161610127798330e-01 4.266552719357990520e-01 4.453488751436417425e-01 3.600392913867200284e-01 3.607164601389586944e-01 3.147368654704095214e-01 3.327060251583089934e-01 3.166518555759154641e-01 4.386689073369112180e-01 4.482727904692921927e-01 3.857372181406575340e-01 2.776771332902928657e-01 4.216380325036248600e-01 3.673216229260160559e-01 4.341902243757560509e-01 4.014543967725413554e-01 3.151860709000877114e-01
4.148000000000000000e+03 6.512857346689540083e-01 7.019618505636857630e-01 6.784620877741327494e-01 6.169517894909328781e-01 4.483588485451958650e-01 4.301585847612680036e-01 3.855348661625522810e-01 3.654279035486344696e-01 2.957454044707262253e-01 3.049089421003772227e-01 2.745208056350757486e-01 7.468338632709639047e-01 3.684764899109164160e-01 3.279695990399932870e-01 4.310981995174867909e-01 3.146109694167634752e-01 2.368023326077358659e-01 4.825704834572143720e-01 3.326781507147817951e-01 3.150309944722191058e-01
4.190000000000000000e+03 7.279273083983466286e-01 7.132028647487713702e-01 7.126196526074591864e-01 5.586279278959743744e-01 4.892216940122202096e-01 4.763987311196934971e-01 3.770714921761852412e-01 3.565249040676100045e-01 3.011948719983462142e-01 2.124816475126923843e-01 1.939120911455189111e-01 6.332371515533071760e-01 4.127558766221322006e-01 4.134271524118566243e-01 4.059403558036894233e-01 3.074688408077710933e-01 3.087187372445616695e-01 5.571446722902909654e-01 2.948205895220664119e-01 3.298072094771320462e-01
4.359000000000000000e+03 7.072896863539858137e-01 7.173251637334356889e-01 6.632343510276762499e-01 6.302288067201968769e-01 4.801370762776633883e-01 4.215154296014992918e-01 3.665471308298465236e-01 3.529355068632711867e-01 2.680585945158991956e-01 2.909495230684555622e-01 3.863169022129201435e-01 2.572046082514313770e-01 3.456711777993516366e-01 4.149203846714126231e-01 3.412199883803709310e-01 2.179296806281945387e-01 7.119119108368561211e-01 4.385976967170706065e-01 2.905050141923909979e-01 3.823771445331314855e-01
4.394000000000000000e+03 6.548780156595155333e-01 6.614610247653694985e-01 6.616425258921785346e-01 6.139031449176014510e-01 4.734852945529460233e-01 3.926988484258915890e-01 3.580463574731480580e-01 3.817910025605990576e-01 2.995088747492383741e-01 3.506216718965085022e-01 2.785406849351787506e-01 7.609949226370997799e-01 3.046083870079702716e-01 4.270396525387893383e-01 4.928350806683057805e-01 3.010659107589068184e-01 2.230939273622017660e-01 4.760310486269693775e-01 2.055131149489722031e-01 3.690648752231993623e-01
4.395000000000000000e+03 6.822413750688833822e-01 6.796143097599890437e-01 6.514348476001481369e-01 4.692956594101932999e-01 4.761445756714590694e-01 3.972636939161228731e-01 4.033399261066152874e-01 3.955028788639111670e-01 3.796001818005401152e-01 2.862766979482613827e-01 5.598841266332837963e-01 2.834649485118305723e-01 4.135257517686555806e-01 4.839932639182716323e-01 2.969836040162350255e-01 2.098779648808401510e-01 4.579846157707380683e-01 2.166621741306572202e-01 3.573534951422901451e-01 4.523797986859454112e-01
4.401000000000000000e+03 6.397409527797801587e-01 6.282933265576964299e-01 7.272201929536684650e-01 5.794627896919229970e-01 4.978900718978613305e-01 3.856910282062963047e-01 3.914999901773987823e-01 3.841157504992532279e-01 3.125827023553974238e-01 3.194628091685745575e-01 3.605424554649981350e-01 2.234765873445337669e-01 4.171771871777126828e-01 5.277458860086061687e-01 3.717272731673260666e-01 3.413491400555417332e-01 7.186199049059704969e-01 4.068418974800080967e-01 2.416149730236534787e-01 2.153008371579400726e-01
4.896000000000000000e+03 7.028772984668272272e-01 6.883396587369130515e-01 6.775013162627041563e-01 4.819335212385011946e-01 5.899454197189313298e-01 3.895094613788200877e-01 3.494252024076197616e-01 3.613934570968015403e-01 3.156139137380025717e-01 3.051340030429338102e-01 3.694593066013821536e-01 5.265513975718703055e-01 3.197804576107828312e-01 4.648620763099406417e-01 4.271344099381376713e-01 3.148321717638148942e-01 3.658231591668198446e-01 4.677917505693009459e-01 2.628884330145140336e-01 2.928885033703889640e-01
5.106000000000000000e+03 6.306556557739833035e-01 6.109037523912345113e-01 6.246571253450863281e-01 5.130428478329305264e-01 4.882917670488909900e-01 4.639947926953370549e-01 4.172045707719775343e-01 3.957022875118022531e-01 3.366778893207060808e-01 3.537855988911503546e-01 2.783665414899735846e-01 3.664110601333250838e-01 4.584305878917793176e-01 4.489105727061284412e-01 3.932843022614510020e-01 2.956825051651042480e-01 3.690347326636951308e-01 3.395951434555779525e-01 5.017446696003949880e-01 3.565949972333827267e-01
5.644000000000000000e+03 6.883541088116854612e-01 6.387497616546404799e-01 6.498999105501916951e-01 6.562597402176758576e-01 5.299201147773290321e-01 4.254295653314592029e-01 4.244528144129126046e-01 3.496951911858690032e-01 2.892512573142630994e-01 2.744122555855428303e-01 1.486446065649752180e-01 6.186627732326841489e-01 5.414405279175193986e-01 3.692034239912591609e-01 4.952845585013472829e-01 3.988503574592448531e-01 2.627150684762609156e-01 4.812924608165623508e-01 2.862919415328469830e-01 2.791810279455804178e-01
5.645000000000000000e+03 6.628798466300791503e-01 6.700638451227950432e-01 6.880475227021191076e-01 5.239105408690508670e-01 5.142118553659745794e-01 4.723611502325594236e-01 3.693816854604551891e-01 3.822429877700487810e-01 2.983521510694678303e-01 3.017168706243210652e-01 4.517415768441899737e-01 5.002158224225508043e-01 3.545692113664232203e-01 4.827949953897630597e-01 3.911730004165079322e-01 2.454714763604042005e-01 4.596190034342554909e-01 2.995725535476292944e-01 2.680226833500707895e-01 3.340498344809341158e-01
5.673000000000000000e+03 6.421983380022556753e-01 6.534387751990824444e-01 6.326093195857978024e-01 6.260661269840718246e-01 4.879379137052374804e-01 3.962987050212476992e-01 4.242996062123602363e-01 4.098073212514842245e-01 3.014138750440451542e-01 3.098253839927345155e-01 4.144635937554537741e-01 1.804989778201868400e-01 5.223592297097773285e-01 5.249749830697485464e-01 4.248523097594757436e-01 3.976698303713991356e-01 2.359339927523387281e-01 3.185859785754703855e-01 4.175694207429402893e-01 3.453915427881664169e-01
5.674000000000000000e+03 6.673292146584265394e-01 6.439989930493337233e-01 6.526216254043550880e-01 4.721330301998488688e-01 4.686960960150456934e-01 4.599356527365244807e-01 4.250114341576861632e-01 3.897542376540887310e-01 3.296313823657578967e-01 3.263845934828452089e-01 1.436899469939191265e-01 5.238942686633343282e-01 5.482884665096855459e-01 4.498582686630974159e-01 4.238984547727943086e-01 2.402958227599767405e-01 3.309169216336065311e-01 4.747175317472449030e-01 3.608268155330267013e-01 3.708694135535702263e-01
5.686000000000000000e+03 6.919086149079484160e-01 6.994930882532233163e-01 6.808351043473158670e-01 4.562710873551319990e-01 5.177519137714635677e-01 4.306780557597551518e-01 3.902947168459102723e-01 3.593081719964715814e-01 2.828822494570297219e-01 3.376171518306469999e-01 1.314446477208741082e-01 3.503889497395587527e-01 3.102562339657828350e-01 5.437191506161394017e-01 5.464684318462325052e-01 4.431275091443195868e-01 3.220061164940367093e-01 4.903213783541413573e-01 3.080576949119428476e-01 4.115191556000372120e-01
5.861000000000000000e+03 7.891417024478972753e-01 7.802640974861538847e-01 7.089696289745583968e-01 5.568931055994920110e-01 3.748746582974067376e-01 3.957070766637972303e-01 2.959015465366311992e-01 3.015926185941139037e-01 2.748099478011803987e-01 3.311058789508156686e-01 2.406647860860848809e-01 3.071840609053376192e-01 3.833581887277630051e-01 3.451239776548050142e-01 5.677310343330915776e-01 5.419714113206063333e-01 4.450920262863349297e-01 3.702393338324317384e-01 3.013053474939789700e-01 3.288012271463696123e-01
5.862000000000000000e+03 7.948178096140970927e-01 7.287039294064642236e-01 6.091619395215993604e-01 3.830406847779843083e-01 4.857424089437204495e-01 3.344159693114074350e-01 3.194629339244858812e-01 3.645991395912567823e-01 3.617879260177987999e-01 3.563319124818113415e-01 2.206608402253227574e-01 3.489063488232214127e-01 3.264215663545271817e-01 5.456612811054236678e-01 5.247700351260704554e-01 4.109270276379095588e-01 3.483357527415330557e-01 3.106524579322508806e-01 3.112216978266469369e-01 4.790088286794316197e-01
6.265000000000000000e+03 8.320809666662005721e-01 7.816823382523712116e-01 6.828419205854696639e-01 6.956306091531657687e-01 3.829834259718482015e-01 3.723339484360022045e-01 3.223068418400969470e-01 3.385590963766766937e-01 2.520098669700790994e-01 2.346763101085104219e-01 3.134600495734288228e-01 4.658933408734234893e-01 4.313353520197695801e-01 3.797533990052902597e-01 5.020522250410086595e-01 4.619993888931021031e-01 2.635259986061106452e-01 3.345084520683820895e-01 2.807226346599383526e-01 3.826006402684862806e-01
6.267000000000000000e+03 7.646701980970255219e-01 7.859369904113323591e-01 5.169351932234776958e-01 5.175296346113729129e-01 5.091331939153612707e-01 4.592067361500223321e-01 4.014401235871211115e-01 3.835166444220172721e-01 2.210539529313166329e-01 3.224968540134314776e-01 2.958291168214574607e-01 3.428844514365101959e-01 4.788745148023893505e-01 4.496990337682421623e-01 2.450365530133014613e-01 3.040605107785122052e-01 2.854292307085428138e-01 3.916536791600050971e-01 3.732288202624706175e-01 6.174595668315520092e-01
6.360000000000000000e+03 6.658067405927475813e-01 7.033831566153293524e-01 6.744076990911214153e-01 5.498249089068840689e-01 5.355023425018820005e-01 3.497251902165958715e-01 3.946804680841013435e-01 3.089250894789916102e-01 3.345219979602821470e-01 3.261405323333440576e-01 1.702783390333738600e-01 4.220869570882579414e-01 3.486424674450587236e-01 3.970350575233141388e-01 4.601597954221680609e-01 4.463496069854511750e-01 2.680523737511364413e-01 4.360752434089691376e-01 3.924001126705897735e-01 4.848602837709620195e-01
6.361000000000000000e+03 7.241701689909305628e-01 6.956564358710611851e-01 6.027288048854477776e-01 5.323955544919515281e-01 4.343589868012780464e-01 4.427016613457062655e-01 3.269839960457011641e-01 4.500565888687315663e-01 3.560317644015317251e-01 2.703067333897525848e-01 2.998330487897322150e-01 3.133034264607612029e-01 3.712352412798817780e-01 4.366396426524361551e-01 4.264494334090824790e-01 2.436061412425861716e-01 4.054045056060658347e-01 3.998459543409108030e-01 4.540708479849733803e-01 4.416063581013227601e-01
6.575000000000000000e+03 6.344049891624139459e-01 6.585317783450427287e-01 6.491251443715272407e-01 6.005142611129216101e-01 5.798793015352387004e-01 3.573380512950926624e-01 3.115390325950930794e-01 4.041812042819200035e-01 3.162253604792409356e-01 3.467837690125020744e-01 3.974058586389837000e-01 6.114366687897089259e-01 3.105394854869493737e-01 2.603608545341338787e-01 3.548508914118266300e-01 4.406861902728564373e-01 4.183216192839481762e-01 4.259359720659661175e-01 1.964791431134319533e-01 3.755069794769800851e-01
6.931000000000000000e+03 8.161984432754832985e-01 6.728939478320731249e-01 6.522818891216978221e-01 5.265687432946687396e-01 5.293783001371672459e-01 3.235916024450991024e-01 3.136942923730915433e-01 3.016753614369298009e-01 2.652911199075752013e-01 3.955155547647844494e-01 3.044485961536029794e-01 3.243529381282262425e-01 3.591307767496398906e-01 3.866476294464972208e-01 1.786696192628565716e-01 6.169058416936129552e-01 4.044480974604480195e-01 3.711083503887073753e-01 3.512304197196853273e-01 4.864525976503914495e-01
6.972000000000000000e+03 6.952035436253523049e-01 6.544363878626984210e-01 5.794790219454870606e-01 5.724251712088443966e-01 4.863511076886830597e-01 3.543453645783839479e-01 3.417918871634756939e-01 4.481066288951148779e-01 3.482771997434490618e-01 3.338266929299029129e-01 3.998257966937306951e-01 4.255780342394279159e-01 3.817568271736236363e-01 4.167468670070249015e-01 3.718399650683509861e-01 2.437010622434712115e-01 4.393781518370127870e-01 4.777229565658472343e-01 3.396869693869660756e-01 2.978766889819997044e-01
6.983000000000000000e+03 6.237301544317358504e-01 6.102665157389847161e-01 5.808412643398276343e-01 6.266765743318805093e-01 5.633417623679590758e-01 4.620489280777194674e-01 4.140690809326060262e-01 4.040382567085539223e-01 3.193249057687058134e-01 3.058360979666387980e-01 2.068286518325102852e-01 4.668113648172489416e-01 5.150094412567677304e-01 4.961002756274129344e-01 5.192098838425702745e-01 3.238006339484642560e-01 1.956351068165770035e-01 4.036741249948107013e-01 3.746114352701584993e-01 3.491244434801969998e-01
7.396000000000000000e+03 6.286370735096699081e-01 6.270247366631864772e-01 6.092008788046420209e-01 5.804030414506916591e-01 4.984255327956159665e-01 4.514670183122145852e-01 4.122114556341728298e-01 4.459147822756106549e-01 3.427900331640450493e-01 2.863532613633769097e-01 3.618353086373926053e-01 4.424026348340917569e-01 4.227887488087367918e-01 3.569351851813894472e-01 3.417022343529562134e-01 4.290714839949895665e-01 3.215030830734621481e-01 4.640293733497023454e-01 3.549419699753418311e-01 3.038876186529768098e-01
7.402000000000000000e+03 6.265971560727383594e-01 6.553567973783316347e-01 6.482418952545229152e-01 5.509745955820625207e-01 5.374173093416415581e-01 4.101203485772093038e-01 3.992984515338359186e-01 4.315338768941763825e-01 3.259210873388767582e-01 2.955031538613371311e-01 2.591763535825582498e-01 4.891172497948623743e-01 4.241809139147852403e-01 3.634308703784344119e-01 3.450427207059209023e-01 4.082180206564706149e-01 3.904126515650654383e-01 5.195294128083248753e-01 3.208863314143166612e-01 3.112841393463297579e-01
7.409000000000000000e+03 6.877714222513625630e-01 6.694917554230654932e-01 6.421018077233711097e-01 4.588846255005781249e-01 4.962893104279065826e-01 5.030546955128640807e-01 4.137670891795183215e-01 3.970252806808647339e-01 3.270047802442713203e-01 2.764843867827797563e-01 3.403555094918193635e-01 3.003983821159629253e-01 3.028519233694887958e-01 3.937708104353083716e-01 5.611699337425724021e-01 3.462682293728395755e-01 3.941271021272596542e-01 3.451946744918519827e-01 2.874755135905874837e-01 5.135165266906002168e-01
7.427000000000000000e+03 7.709800139721961765e-01 6.744518098458079924e-01 7.193759832625794548e-01 6.452561351350174501e-01 4.634730094392635058e-01 4.053571361559361041e-01 3.030236511643598640e-01 3.462526521268149415e-01 3.047061916800881676e-01 2.543211586717682438e-01 2.048637659726868787e-01 3.637039901262585917e-01 3.335424168365060948e-01 3.394741991221690292e-01 5.098339084338306959e-01 4.708925373198288300e-01 6.264428001822873737e-01 3.509678729644809536e-01 3.302147301333115958e-01 3.089050300591166809e-01
7.462000000000000000e+03 6.450375434263972974e-01 6.711671785579276239e-01 6.780300434967936329e-01 5.363641236036507109e-01 5.070504297282594219e-01 4.310053332013042415e-01 4.001866766769212602e-01 4.132041236469953249e-01 3.151320386573972510e-01 2.855696313189216573e-01 2.874282353191661699e-01 5.198319199453453887e-01 5.993102877017109087e-01 3.974874544878296834e-01 4.157263342597588562e-01 3.961779947568312976e-01 2.094495581339105295e-01 4.099475271623103656e-01 3.741286404436272583e-01 2.315362336847228419e-01
7.992000000000000000e+03 7.262085597367480272e-01 7.076161331730228543e-01 6.859903607217917587e-01 7.097156906535559973e-01 4.464134450144298105e-01 3.447225031588310729e-01 4.155271675789082297e-01 3.985109558988851330e-01 2.593624056107203812e-01 2.356975713782660520e-01 2.139137169392203719e-01 2.317911987615806080e-01 4.672691668659315622e-01 3.241450432534053738e-01 4.981099543363952109e-01 4.921479612947570192e-01 4.127811269484222834e-01 5.755630224835668329e-01 3.281131708755503640e-01 2.964860105815669833e-01
7.993000000000000000e+03 7.304262487812611671e-01 7.091699372379022259e-01 7.377827368559193300e-01 4.525136109288869779e-01 4.324290470046919244e-01 4.689668542192998446e-01 4.294369736006871108e-01 3.444440321435734420e-01 2.601855761038123771e-01 2.985546080556756299e-01 1.771517840385213871e-01 4.517268771885022960e-01 3.259540749262466175e-01 5.080283197368073989e-01 5.055766311028747628e-01 4.046148049846162720e-01 5.748933526323737331e-01 3.595970411767488439e-01 2.982862402327242091e-01 2.592933847724823160e-01
8.227000000000000000e+03 6.629722767468889666e-01 6.862370202901966199e-01 6.461401142898647310e-01 6.600405513868724539e-01 5.072284927982330105e-01 4.189895630874359012e-01 4.431649970582178244e-01 3.410382735445577906e-01 3.132240879726281291e-01 2.485951709979589141e-01 3.801501683806880472e-01 5.971133080913644253e-01 3.090911464022111921e-01 3.880028540145414873e-01 4.672105375271641825e-01 2.782954251810390578e-01 3.325443276101220924e-01 5.113085604735673195e-01 3.059931913503895484e-01 2.401324404033025328e-01
8.786000000000000000e+03 6.581414952201067869e-01 6.907491835142048897e-01 6.472682322473005678e-01 6.304086083620682457e-01 4.644311742607787341e-01 4.530684701046274188e-01 4.540356761617906356e-01 3.916323375585431532e-01 3.098003015313046671e-01 2.304339562351794268e-01 3.926973285627626264e-01 4.477636069767133575e-01 4.048372471516363813e-01 3.918967129059812704e-01 4.369235395839229374e-01 3.537462244813498469e-01 3.086890523530701480e-01 3.913463488803640700e-01 3.570280872643386005e-01 3.088200511068078802e-01
9.017000000000000000e+03 6.113949277384339576e-01 6.491689655845289675e-01 6.457007647681470841e-01 5.756814793267693853e-01 5.137071688183311169e-01 3.434516667785771360e-01 4.064175589461614946e-01 4.101963752498528626e-01 3.719504353893427484e-01 3.128704901945233985e-01 2.431973261765988659e-01 4.311096147824061142e-01 4.493698033528980562e-01 4.671246820887832163e-01 3.281937455321534136e-01 3.331527556565641590e-01 3.664292519734426712e-01 4.712283636472204829e-01 3.892408939003938473e-01 3.504251723489800741e-01
9.068000000000000000e+03 7.004349122154874818e-01 7.340547482519537148e-01 6.652778446477430885e-01 5.194426032116161718e-01 4.921027663935699237e-01 3.806886069899569902e-01 3.696107596294317399e-01 3.253307112340106388e-01 3.029601437033298539e-01 3.397602309293006884e-01 3.008492826491568350e-01 4.186691646493436725e-01 3.863733104926502793e-01 3.986336508899748776e-01 4.516076999345176035e-01 3.212335921991283927e-01 4.834612066435452493e-01 3.436712885552329899e-01 3.056158920254795630e-01 4.024768059910097673e-01
9.107000000000000000e+03 6.899093656277563991e-01 6.542159821319909474e-01 6.365240441092744339e-01 5.491745868411972431e-01 5.195837112444521289e-01 3.823090645938915233e-01 3.999089533604464064e-01 3.788732807651381540e-01 3.289330508233793693e-01 3.125382932910492073e-01 2.843895374049714153e-01 9.054523603780151308e-01 2.201190394407799289e-01 4.049445556100673138e-01 3.419768691685357020e-01 2.821043220321555745e-01 4.127861486841700178e-01 4.789769007575093718e-01 2.365391668304378803e-01 2.729976292597240950e-01
9.439000000000000000e+03 6.515499816981501491e-01 6.712463571469716728e-01 6.149274803664783740e-01 5.106023472717017286e-01 5.050922029350044529e-01 4.071439714878797855e-01 3.629961533317758726e-01 4.524387541712813765e-01 3.246186683836549958e-01 3.341177882880764227e-01 2.273227302141015982e-01 3.897477508204596486e-01 3.090060937282942399e-01 4.508354315118390798e-01 3.925998707476614502e-01 4.248416061386474096e-01 6.066487323331050119e-01 3.473046214135651066e-01 3.557868214814409180e-01 3.265273645382937295e-01
9.893000000000000000e+03 6.467719902617808936e-01 6.244007341317158177e-01 6.246399048851225544e-01 6.238404421179368775e-01 5.619501426647103282e-01 3.794546210780132545e-01 4.247885271993737666e-01 4.013414951698349720e-01 3.093238572700737210e-01 3.030567377024723230e-01 2.722300486648391304e-01 2.481006004660245290e-01 5.877406174170404229e-01 4.640310157429122784e-01 3.459193075799580352e-01 3.475998030368124270e-01 1.933657160463173597e-01 4.683377634218925389e-01 4.403504956084569044e-01 4.414426264375575504e-01
9.894000000000000000e+03 6.470325080884826718e-01 6.432918126885680543e-01 6.580084960629067892e-01 5.499389709609042720e-01 4.594522961911829961e-01 4.689479325089019879e-01 4.232988098646670028e-01 4.080638050581624765e-01 3.271388902238756557e-01 2.895445188071716913e-01 1.872260986820432072e-01 5.612477707253317183e-01 4.613464677519482637e-01 3.485997297033562869e-01 3.524066252841934754e-01 1.868861571550064493e-01 4.623776304352022470e-01 4.765665663187081957e-01 4.388283111547398030e-01 3.639912262639694585e-01
1.034400000000000000e+04 6.758629067029607862e-01 6.589715190405762701e-01 6.223832775953902496e-01 6.231947036881527735e-01 4.796795822270203957e-01 4.399787581364639211e-01 3.801536226693892906e-01 3.927639839341395267e-01 3.079652831010022962e-01 3.010992798312381868e-01 2.559221227650195774e-01 2.102150901000240935e-01 3.237104771969052108e-01 6.060499406987698290e-01 5.082993704755891518e-01 2.633664712870665281e-01 5.961608488848971765e-01 4.621048074060675193e-01 3.652386496082815071e-01 2.470984446208066010e-01
1.089400000000000000e+04 6.420318742883472929e-01 6.153448382551170992e-01 6.260652937452590994e-01 6.397034292758112528e-01 5.434277082372069856e-01 4.760974736331700097e-01 4.329045890351951309e-01 3.922639818627725039e-01 2.861261391903059392e-01 2.840947536250613692e-01 2.474106393263819370e-01 6.722935341397291431e-01 3.459432733129170767e-01 3.152321269582500363e-01 3.856626873904997477e-01 4.195871465763114094e-01 2.303596733001838648e-01 6.260547088087835554e-01 3.040215809380715783e-01 2.906208739458365220e-01
1.129900000000000000e+04 7.028090118463590219e-01 6.582714917409603350e-01 5.704951235180084623e-01 5.628815614237450138e-01 5.090205302385797381e-01 3.847448092828921751e-01 4.053162731240547156e-01 4.345410378449027222e-01 3.172717918971488249e-01 3.100353747879177058e-01 2.485031973302696262e-01 4.950985345436552665e-01 5.568896559110408928e-01 2.352258243035866003e-01 3.952881443084053092e-01 4.946079535766325641e-01 4.892764106432262450e-01 4.035675307313034144e-01 2.884949380113888129e-01 2.405074295845979482e-01
1.141900000000000000e+04 6.749250035268067327e-01 6.744117300016772010e-01 6.618104397835445907e-01 5.892632107144251119e-01 4.887719594621854902e-01 3.352162352032135306e-01 3.496143356492920629e-01 4.387509564810253559e-01 3.265726894435331817e-01 3.061815491374500486e-01 2.217940435803991694e-01 2.345875949424251206e-01 2.026733111946501520e-01 3.546111677548446361e-01 4.835484725277777174e-01 3.629836067752248430e-01 3.196210429149381471e-01 6.867180021131020773e-01 2.712587213754743543e-01 6.537222832184560461e-01
