1.210000000000000000e+02 4.851776807692462778e-01 4.398806629174698557e-01 4.071436297663171278e-01 3.625164921794124528e-01 4.286161153013113845e-01 6.667501071838699556e-01 6.192241882481086535e-01 6.148668711953999555e-01 4.422428554622552244e-01 3.495731128838147628e-01 3.153723666873642917e-01 3.837408161241909754e-01 2.069602809932893639e-01 2.352103327678984335e-01 4.683304583779543950e-01 6.438026564722699741e-01 3.709758059047930101e-01 5.854907742002095627e-01 2.983770613650050252e-01 2.911206908816537098e-01
5.940000000000000000e+02 5.099581131234843800e-01 4.990051623895270794e-01 5.026830103074914069e-01 5.124136846270177514e-01 3.531281153810100215e-01 6.407228954382481190e-01 5.637481642535566717e-01 5.260854057196976408e-01 3.773727590977283830e-01 3.558701826021962167e-01 1.686932007989430937e-01 3.011124637393186587e-01 2.293404645316193813e-01 2.963873433481454267e-01 5.659733246894828040e-01 5.884027681119456954e-01 2.938148561978895512e-01 6.791617438613752888e-01 3.603881765877877119e-01 3.474288893700588909e-01
1.052000000000000000e+03 5.394505690586632873e-01 3.751059243965633727e-01 3.013712552128604560e-01 2.540046966483016089e-01 4.485123047050492140e-01 6.210604043643791483e-01 6.002335255209360065e-01 6.428408885823311270e-01 4.923291166632568494e-01 4.352778826901205211e-01 2.220654509161255064e-01 5.453961954171615556e-01 5.731928679940766491e-01 3.756836794156592219e-01 3.571643226827462270e-01 3.526971298900725138e-01 3.344094864536210632e-01 5.185679218373644428e-01 2.787180201619657849e-01 3.001752350397526303e-01
1.116000000000000000e+03 3.895514494389997195e-01 3.893582189126746917e-01 3.810618941905981050e-01 4.100313870321733445e-01 4.384326131973688701e-01 7.407430895509197200e-01 5.551744143348158467e-01 5.636979904687842158e-01 4.712803837574096599e-01 4.434565076823616669e-01 3.733265505800933970e-01 4.745143655890486367e-01 4.522045889736893143e-01 4.860915758769853712e-01 2.992061190204298726e-01 3.684013480926566220e-01 3.162021723974408061e-01 3.435399559355541976e-01 2.787334065420697393e-01 4.079858845728914774e-01
1.201000000000000000e+03 4.226145087870009642e-01 4.723243818953495321e-01 4.968333421562434182e-01 5.000360274436365104e-01 4.195489655879872659e-01 6.358872029754379929e-01 4.991494701257885303e-01 5.066956051627673485e-01 3.864199699119843512e-01 4.589655527929034085e-01 3.493796630077974363e-01 3.952432034752725309e-01 5.570447404439270445e-01 4.226745511158240820e-01 4.047591212175567499e-01 4.394741460675071210e-01 3.430312640555763792e-01 1.892590234034966234e-01 3.896535568437222152e-01 3.176552536012637873e-01
1.497000000000000000e+03 4.963245022052507616e-01 4.754866245592690999e-01 3.777108206630310772e-01 2.707430504243719671e-01 4.653401527046501784e-01 5.709037258223041977e-01 5.246202510365667315e-01 5.933857620235162278e-01 4.672062962116129148e-01 4.616874948666356837e-01 3.658330327074320598e-01 4.322488752599294992e-01 3.203435456620590815e-01 1.757602909681895420e-01 5.248016294868200760e-01 4.652009887519642506e-01 3.928846399935098099e-01 4.748739570590521097e-01 3.732126074740517163e-01 2.648066942546085101e-01
2.076000000000000000e+03 3.728010989406859710e-01 4.036042842973427969e-01 4.660970185329487703e-01 3.306082110362842386e-01 4.272670227294587675e-01 6.438620844482241257e-01 5.954667606153384307e-01 5.818115512208210660e-01 3.951843229439142013e-01 5.259450350995426016e-01 3.273364430293990712e-01 3.819196189258297625e-01 3.149904042128167658e-01 3.823850346291377544e-01 4.464081161334649828e-01 4.114927524753096422e-01 2.691950695912427860e-01 4.085780794371806079e-01 3.777767725999996995e-01 4.639599435865722765e-01
2.080000000000000000e+03 3.378220069764655831e-01 5.168648506464520453e-01 5.012910948205615558e-01 4.658539428588938103e-01 4.052905118244133353e-01 6.306320395407533086e-01 5.790562683446737191e-01 5.227477852284434512e-01 4.237959721028918825e-01 4.239615920492856294e-01 3.322179454586932090e-01 4.117192012991014449e-01 2.721398432667123668e-01 4.116234513826245167e-01 4.087986469643874465e-01 4.917735399979061839e-01 4.025463797576518954e-01 3.634604573020206453e-01 2.628653612203540324e-01 4.380208596055890080e-01
2.130000000000000000e+03 5.902546224756475279e-01 5.411984021511373477e-01 4.900425611223411804e-01 4.236652282642434098e-01 2.579011435796757512e-01 6.585038564208376410e-01 5.151797224611182058e-01 4.983735877585289131e-01 3.855393668494112580e-01 3.978492276716072973e-01 2.084027273125534929e-01 4.130874153352584455e-01 3.765247689822658339e-01 4.623120403950651269e-01 4.943600627585016394e-01 4.324086716846484713e-01 2.702372364488794254e-01 4.251007656407879698e-01 3.327361470656340914e-01 4.189792198801381429e-01
3.433000000000000000e+03 5.149768285557322356e-01 4.795209513716789385e-01 4.160615187657452640e-01 3.535763829948040393e-01 4.111668808240815931e-01 5.057530523461286620e-01 6.271070017724851287e-01 6.171935575855063139e-01 4.279339659827854359e-01 4.011468254716142323e-01 2.822336940808993777e-01 2.348374770714226067e-01 4.975165315315325798e-01 4.376070850164421877e-01 3.187875337005593446e-01 5.862408337263218527e-01 3.928135486199111903e-01 2.589559329418709144e-01 5.231996470332718197e-01 2.748208797011191251e-01
3.496000000000000000e+03 5.948772727153821549e-01 5.940265432762398268e-01 4.159946349655797571e-01 2.801699250626211168e-01 3.773221882305281549e-01 5.549304720290304527e-01 5.292649918380658569e-01 5.792528722094080207e-01 3.961377226748803437e-01 4.063861778842321471e-01 2.706733469580128726e-01 3.329634530770160250e-01 4.073714668254719284e-01 3.273369217750364268e-01 2.299606040859170641e-01 7.441530058573214701e-01 4.801252587671883121e-01 3.695434290017279300e-01 3.788714909163110600e-01 2.725301995061886751e-01
3.636000000000000000e+03 7.000649730098065238e-01 3.920501429671966465e-01 4.472788300028081587e-01 2.342525054924960159e-01 4.437691993914454347e-01 5.905541437484342904e-01 4.915935572394139474e-01 5.915814446636415980e-01 4.258658435295770150e-01 4.034951975454905138e-01 2.840719057432719019e-01 3.747599651124687847e-01 5.208618590755010880e-01 6.410023051822126838e-01 4.491814301669850851e-01 4.044290521887782264e-01 4.844857720408229373e-01 2.772050587965890212e-01 1.618344388219984109e-01 2.651017619200946585e-01
3.760000000000000000e+03 3.448129437502102101e-01 4.574265951831097410e-01 5.821330270955783481e-01 4.467644159965603601e-01 3.710936532444916724e-01 6.020484855702725735e-01 5.264685470137926426e-01 5.511732449864271688e-01 4.441652019931738304e-01 4.425103649208653733e-01 2.795665436676326165e-01 7.041586048587666902e-01 3.585777245223137344e-01 3.866813688882793087e-01 4.068632116965324452e-01 3.731504588903102881e-01 2.067865323304657332e-01 4.420309657316970342e-01 3.257813007579461462e-01 3.428540230182094972e-01
6.391000000000000000e+03 5.122243894573083045e-01 4.376604445169721136e-01 3.953564927451853617e-01 3.150929381044021982e-01 4.245162830448329094e-01 6.457220184325863643e-01 6.943427632765631907e-01 6.146478679905450493e-01 4.101279900958979541e-01 3.624163166005164860e-01 1.753578786599318540e-01 2.524106037298395333e-01 2.784242508947603612e-01 2.894748724774208748e-01 2.944689260932630281e-01 6.615990276713132889e-01 6.958800825520132793e-01 4.327015982176763975e-01 3.715316197675372911e-01 3.688125657362303356e-01
6.552000000000000000e+03 4.403327476958037168e-01 4.176268005479228940e-01 4.349290390841507592e-01 3.506576702131974921e-01 4.557885087785389921e-01 7.594270305975080460e-01 6.138218533905461793e-01 5.426716382974460240e-01 4.136090591351297419e-01 3.999293526216849415e-01 2.651256615965950081e-01 2.883579171925565454e-01 4.356627772367518969e-01 4.741345805048552964e-01 4.071762993763474725e-01 5.098240622565092250e-01 4.034687451921110113e-01 2.609088423384701150e-01 3.260253813825331748e-01 4.440886641853373229e-01
7.974000000000000000e+03 5.100448539392355984e-01 4.872166607694297658e-01 4.187329672308641726e-01 3.312569391388501261e-01 3.866012584149525755e-01 5.971039106976914201e-01 6.459985989271981310e-01 5.921156415431023667e-01 3.980328889959682814e-01 4.059909888775314890e-01 1.961517391552115019e-01 4.697572872508760655e-01 4.841706098788187695e-01 4.011574772613326068e-01 3.640307493524214677e-01 6.755235811333147877e-01 2.165463782244161917e-01 2.792936711364907287e-01 3.380940838074104060e-01 4.120429597908950581e-01
9.461000000000000000e+03 4.527830789016721313e-01 4.502593137872665241e-01 4.233457319459310031e-01 2.959432751762181568e-01 3.271170528501587960e-01 5.877057518894827082e-01 6.431849057498901789e-01 6.265378271687441769e-01 4.450130546871696735e-01 4.563598572984675084e-01 2.309959183665109272e-01 2.312232069082058028e-01 2.551702079887843699e-01 3.551570525399561085e-01 2.079817084251121828e-01 9.206731465019948324e-01 5.675815156933715633e-01 3.641996316691399338e-01 3.107205606475759718e-01 3.643393883266907163e-01
