3.230000000000000000e+02 5.691483988370694691e-01 5.155580648347141137e-01 4.434251219054667903e-01 4.177480062433858166e-01 5.558166659298010570e-01 5.278509825372650344e-01 4.848870014792076577e-01 4.595791572953054072e-01 4.059491521810494330e-01 4.118595718820096674e-01 2.900123943354220302e-01 1.894879113734483367e-01 8.465535063062055166e-01 3.917711780303529401e-01 2.400061016606876985e-01 5.942139619461941358e-01 3.220200319871131533e-01 1.092950853972710218e-01 5.474776548359930883e-01 2.852376049882587861e-01
3.240000000000000000e+02 5.198691111538388254e-01 4.424660172747149067e-01 4.550496671648634472e-01 5.046412469411594159e-01 5.803026487581652848e-01 4.966147865086431024e-01 4.529376396604730681e-01 5.155242444258395507e-01 4.225535538356118281e-01 4.158764045624437911e-01 1.528121559033673305e-01 8.581009437016563490e-01 4.144014375139532524e-01 2.580498160077664971e-01 6.412539285793158461e-01 3.319392599300434732e-01 1.163860228017783022e-01 6.294354740749421584e-01 3.019548685802601051e-01 1.831997784706041188e-01
3.260000000000000000e+02 4.449676840911969133e-01 5.005128781005925287e-01 5.241165537309737665e-01 4.694550138717873966e-01 4.794706598629190908e-01 5.042678818665590201e-01 5.182646397221613022e-01 5.247409736422778970e-01 4.392036068724541886e-01 3.919477384794508024e-01 3.518416716836217928e-01 2.901785422217403321e-01 7.546148103371419502e-01 4.001739428979107505e-01 1.362722439003220543e-01 7.063756010736302882e-01 3.810317704616091872e-01 2.345906754616786660e-01 4.021335317016714317e-01 1.644441806325122879e-01
3.270000000000000000e+02 4.978041199178643295e-01 5.089744511175076092e-01 4.879421298989117806e-01 4.216217902810103779e-01 5.416495501793429090e-01 5.217512000866599831e-01 5.146064937835649333e-01 5.537936492894814933e-01 3.944742021711798996e-01 3.809926354177363139e-01 2.413147825275653580e-01 7.900458143383733978e-01 4.374994609851657890e-01 1.527913032286295214e-01 7.870810451185960011e-01 4.057745166773019108e-01 2.559401589466217541e-01 4.783290509577700078e-01 1.809226291938853537e-01 1.473821341380526784e-01
3.290000000000000000e+02 4.766778096252202723e-01 4.402844271723216352e-01 4.986754562819354364e-01 5.003577453894511029e-01 5.595464832290143464e-01 5.559811123519503573e-01 4.781685542699227187e-01 4.748844014186925921e-01 4.334945816239008654e-01 4.038047389973154488e-01 3.616048484784753492e-01 1.685730405000727405e-01 9.019508689527734324e-01 4.758100046258708082e-01 2.889888364827444822e-01 5.239673593522941042e-01 2.242772051153379409e-01 1.843482470032539733e-01 3.930615505978448110e-01 2.964158971845696766e-01
3.300000000000000000e+02 4.445174918011532972e-01 4.867930649386791875e-01 5.152270122748728864e-01 4.984053648796871738e-01 6.007709494265973671e-01 4.797446153169134253e-01 4.612988115983576720e-01 5.473297075187080196e-01 4.084569799568009696e-01 3.938896276627455451e-01 1.357244963418880734e-01 9.119275832012658789e-01 5.019199722614189341e-01 3.095823208669201687e-01 5.640949932033142433e-01 2.308488121347707644e-01 1.943115569756870553e-01 4.514272995508978314e-01 3.129535784808887278e-01 2.764259613605338228e-01
7.550000000000000000e+02 5.714752372243829814e-01 5.724486653435033601e-01 5.302837783230990309e-01 5.634966309574216403e-01 5.092651495474347367e-01 4.388592012635548212e-01 4.535984819135062684e-01 4.621426255100661296e-01 3.629678117723859065e-01 3.695724658046873889e-01 2.938146034958542541e-01 4.926090205625962004e-01 3.065702873812071183e-01 4.897369325044820809e-01 5.932374246072098511e-01 4.671852080957556441e-01 2.645201249708969415e-01 3.595632455008011541e-01 2.073686301605565108e-01 3.570913127581753499e-01
1.135000000000000000e+03 5.539649199222050902e-01 5.338046071129207704e-01 5.157183091199014635e-01 5.348819019888421122e-01 6.259256933417647328e-01 3.318163720181377951e-01 4.835063636148449473e-01 4.806711866527656474e-01 3.841240849838619131e-01 3.830714649071391698e-01 3.691988405736171264e-01 3.908126604121980874e-01 4.434240731200378982e-01 3.082861012467672523e-01 3.721615587870141795e-01 4.830684964039165807e-01 3.922858159318285964e-01 3.347158337496545788e-01 2.710969229192546348e-01 4.247107217692555059e-01
1.361000000000000000e+03 5.811525579435447009e-01 5.598123429083039504e-01 5.217974145473942560e-01 5.192149144915969572e-01 5.740678807201144984e-01 4.762303008591388664e-01 4.448366348414863891e-01 4.376585338595283536e-01 4.079475864451140299e-01 3.273674902679378218e-01 2.720415808242159228e-01 2.380592176485519795e-01 6.090985314134526041e-01 3.342524163961473893e-01 4.606557179182928508e-01 3.434584181532118752e-01 3.820912661787145836e-01 2.336404799381503750e-01 5.625101581924123462e-01 3.675717652664724500e-01
1.441000000000000000e+03 5.232196240845339297e-01 5.831445961752240725e-01 5.521359538108651099e-01 5.100352714678030308e-01 5.970664152195854779e-01 5.394357061301009448e-01 4.101881090360778859e-01 4.565490148785051883e-01 3.580531155346933780e-01 3.497081225964936424e-01 4.196245324927916909e-01 5.011663399045530598e-01 3.525078778004896440e-01 3.832186759688916977e-01 3.077694456093182929e-01 1.720193016030904520e-01 6.041552751186386461e-01 5.005879460464010000e-01 2.135729600404245032e-01 3.406106607785862606e-01
1.451000000000000000e+03 4.816414828288340111e-01 4.268460696738827775e-01 4.426029771468487084e-01 4.146091960552152900e-01 5.018141495363352966e-01 5.457791060703954811e-01 5.316141613984612935e-01 4.965905310639438519e-01 4.781612105663070600e-01 4.343647128811662372e-01 3.418504897158470279e-01 3.820526086265489951e-01 7.544559913276966956e-01 4.511110596974978182e-01 3.567189489284365300e-01 4.411936290566545460e-01 3.283898868049481279e-01 1.628065359373121190e-01 3.616500635124024754e-01 2.512183660685152198e-01
1.501000000000000000e+03 4.117503879684505930e-01 5.135870256393204603e-01 4.934845943604671548e-01 5.504276340339081530e-01 6.185633083550997613e-01 5.785119957819381264e-01 4.391468016841513222e-01 4.709085427042510319e-01 3.610000453054162395e-01 4.322822935939921174e-01 3.059280563498112393e-01 3.641689561798594488e-01 3.103227349182018369e-01 3.742624829701051703e-01 3.149516108396167580e-01 2.177438072005238034e-01 6.469694246821459105e-01 4.880753964701713410e-01 3.898553173910040415e-01 3.842612364137617531e-01
1.505000000000000000e+03 5.385350321856585687e-01 5.486053670052550846e-01 4.449040793992127263e-01 4.351215835747876404e-01 4.544735932723816263e-01 5.596790964928062273e-01 5.437260110637037736e-01 4.712288352437677963e-01 3.958783755861799980e-01 4.018184612851954940e-01 2.386519592983672444e-01 2.213582344192874807e-01 6.688595717338676749e-01 5.004252765610976983e-01 4.292586403979793408e-01 4.145389780194044249e-01 3.289254533939692804e-01 2.133308541906266953e-01 4.606272527296862429e-01 3.564662916882222476e-01
1.775000000000000000e+03 5.361696551268281263e-01 5.399076241424697331e-01 5.634862446425885629e-01 4.537379349833061126e-01 5.792411733284794639e-01 4.461007165291227539e-01 4.939713088798388663e-01 4.797363143527157980e-01 3.717519251850781581e-01 3.720778906768525962e-01 3.610065867561362829e-01 3.246985740507910001e-01 6.101052529883403963e-01 3.704128064473628523e-01 4.415363184224263549e-01 4.270001032539646468e-01 3.778551094457735515e-01 2.062849579483089502e-01 4.057814073445810132e-01 2.824482341377578809e-01
1.810000000000000000e+03 5.980759974647398280e-01 4.564352328416819149e-01 5.160701781774831298e-01 4.748698468597441491e-01 5.200503761857813156e-01 4.526724003264868679e-01 4.117398948953788218e-01 5.535013691537497005e-01 3.843064798914579416e-01 4.143307657376110731e-01 4.105421280097729109e-01 3.783649499284091333e-01 2.045907421230797330e-01 5.823225922874841753e-01 4.288023026113749747e-01 3.859084137628647770e-01 4.616270286203727480e-01 3.238473416272952266e-01 1.573166665149316468e-01 4.542491860382287805e-01
1.811000000000000000e+03 4.730828599369352738e-01 5.183833740681905722e-01 5.104669941029088553e-01 4.813063114540876430e-01 5.084254589826915360e-01 4.258311429379774138e-01 5.659474967766736642e-01 4.924250806940309588e-01 4.308105654727935052e-01 3.905478627656681634e-01 3.043481247792294009e-01 2.094983954261884496e-01 6.166308583506698859e-01 4.604494291710194420e-01 4.172072856797267582e-01 4.762508693272970994e-01 3.411811882273266261e-01 1.827922544846134201e-01 4.809043766499521144e-01 3.213687685729833543e-01
1.901000000000000000e+03 5.216839158581744185e-01 5.153270954944673132e-01 5.179855713466249290e-01 5.055931131434905357e-01 4.827174606263039403e-01 5.257817900531795985e-01 4.434431796361331113e-01 4.563471668743106502e-01 4.037376269570883136e-01 4.193608463020092048e-01 3.491641385724429947e-01 2.901459314767779740e-01 5.010257133599080870e-01 3.452902528498282275e-01 4.361351529945948213e-01 2.692349893244515013e-01 3.198583809518033561e-01 2.176635173039039028e-01 7.103274000667785248e-01 3.294545177941653469e-01
1.907000000000000000e+03 4.810367775969279780e-01 4.780702226950539480e-01 5.391364097029713864e-01 5.679411830847455045e-01 5.484938707281027392e-01 5.076018404206612544e-01 4.987559679132311241e-01 4.250571967182090183e-01 4.033731262288261510e-01 3.948133038228831548e-01 2.463270387006848694e-01 2.194200151528158116e-01 8.113687550826703676e-01 3.763690112863846138e-01 2.811074240446485017e-01 3.618809557345926686e-01 3.775540485615364039e-01 2.423568273388081451e-01 5.074264118754222563e-01 3.973903525306962670e-01
1.911000000000000000e+03 5.379364182146866291e-01 5.423123228254910222e-01 5.534698387253890184e-01 4.420457120495502323e-01 6.051294231934739587e-01 5.518599864627073970e-01 3.956917218103700451e-01 3.784479849020706554e-01 4.173836789467596509e-01 3.933005464954835717e-01 2.055009917580177814e-01 3.555166690624968484e-01 3.759003469731874159e-01 2.392803101472475991e-01 5.396908574951519988e-01 4.139356540918111005e-01 5.186157428674047498e-01 4.776442232363813378e-01 4.153401919984533452e-01 2.897208074019604340e-01
1.913000000000000000e+03 5.608756079862691202e-01 4.870129580956731319e-01 5.806021695724988829e-01 5.712941197249725711e-01 4.585682393707491977e-01 3.810610503593212517e-01 5.502093946538982872e-01 5.259997239345776121e-01 3.564727482280746207e-01 3.619565238273650398e-01 2.660243140260639683e-01 2.226553188895802893e-01 5.311401054363588115e-01 4.154463629386772050e-01 5.008004430013744956e-01 4.484890325093673913e-01 4.357585758423555000e-01 3.059464060272522601e-01 3.724104511959337449e-01 3.280072558480314204e-01
2.082000000000000000e+03 4.822075309063255655e-01 4.680733421029824592e-01 3.869986480120291561e-01 6.034206081631925400e-01 6.284713894614910590e-01 5.099951183450244230e-01 5.174446050271238606e-01 5.347301968641291481e-01 4.149565952592530471e-01 3.450072254038768493e-01 2.113467478541224964e-01 4.197435579710125375e-01 4.397726555335625398e-01 5.397528679037562060e-01 4.246474168131472160e-01 3.733483560708293347e-01 3.025360572891577782e-01 5.056525348630860339e-01 2.807866422902078885e-01 3.545880946880590190e-01
2.235000000000000000e+03 5.798860134631887986e-01 5.353401106476224358e-01 5.181975319785689926e-01 5.236422110552131359e-01 5.691267713868752853e-01 4.837871539167337143e-01 3.849849458439676408e-01 4.048016471000552285e-01 4.203759703281392812e-01 3.871154056200414861e-01 4.148115428656141135e-01 4.824942782684807363e-01 3.886888565189763889e-01 2.185073173546129843e-01 4.712749977901398712e-01 3.394831004351446802e-01 4.858272421063528079e-01 4.714558437329858798e-01 3.647974540278137723e-01 1.597474641010235563e-01
2.236000000000000000e+03 5.444348056360159838e-01 5.198098247758888846e-01 5.501364987936976370e-01 5.263431667812593640e-01 5.418390033387746607e-01 3.956472940801780691e-01 4.004228398378873455e-01 5.437120101937509276e-01 4.010504940167965438e-01 3.807980204647716249e-01 3.837531821689666445e-01 3.917558383067893391e-01 2.292729406938233960e-01 5.006629104621354021e-01 3.631804010296176832e-01 4.960183414664609547e-01 4.905846962074969508e-01 4.164703333478787517e-01 1.680532105315670210e-01 3.597988787648351283e-01
2.237000000000000000e+03 5.288147696259193342e-01 5.481665369013355438e-01 5.506392095903269723e-01 4.988025258681650920e-01 4.427220079172015654e-01 4.106183540629234630e-01 5.525793122975510840e-01 5.142435062793780931e-01 3.930744331028199201e-01 3.648208712973272649e-01 3.162428321268661024e-01 2.354024415741938214e-01 5.322106248197702172e-01 3.917127947295519497e-01 5.381509159544249910e-01 5.079242945988452496e-01 4.397492343961721950e-01 1.958872543059451687e-01 3.826016333610555153e-01 2.774168974908879926e-01
2.462000000000000000e+03 5.103031087164825452e-01 5.664939656751366570e-01 5.725188124331535011e-01 5.048831637001055528e-01 5.678481516419489061e-01 4.602733501486049872e-01 4.220010518750105799e-01 4.205803769679478665e-01 4.185223004495984833e-01 3.759333882111934866e-01 4.522080236390380037e-01 5.758532502597626390e-01 3.527909126209782253e-01 1.962547802712935330e-01 3.730585551319531290e-01 3.774432123907255354e-01 4.837247903628129064e-01 4.630114471884136385e-01 3.490629764827820058e-01 1.618803755141393630e-01
2.463000000000000000e+03 5.660795698051649394e-01 5.634042318423144735e-01 5.267851604354336637e-01 5.156245159723383820e-01 5.057999826979820979e-01 4.271539658107627591e-01 4.095093574051936192e-01 5.334126593077269662e-01 3.836965938793513997e-01 3.744388607113915413e-01 4.693711818750451181e-01 3.650446204159984442e-01 2.116735444354268803e-01 4.069170926873560967e-01 4.142564162075826895e-01 5.064635008247974080e-01 4.941322979806941351e-01 4.089033422547468932e-01 1.750365302990918859e-01 3.232040013211363583e-01
2.464000000000000000e+03 5.719329425454169336e-01 5.299918074221919850e-01 5.457776799399338685e-01 4.700132667460860114e-01 4.825145823334356932e-01 4.253211863092861700e-01 5.454528739568634821e-01 4.931489405247106439e-01 3.889033582361604569e-01 3.581839210840235821e-01 3.017323575973830940e-01 2.229300400161788598e-01 4.429009343729275461e-01 4.570111950797969280e-01 5.622086484980072241e-01 5.234452880297060240e-01 4.419021726403023487e-01 2.090323138456108287e-01 3.519794224901990898e-01 3.057647923538082124e-01
2.721000000000000000e+03 5.622408864477008716e-01 5.406981118078695303e-01 5.100873325746067000e-01 4.709902373063084013e-01 5.102537864337906015e-01 5.116900516605199511e-01 4.712099181126229719e-01 4.760610787652503340e-01 3.972786896609055707e-01 3.673440472543526014e-01 2.771184969704892920e-01 2.743148298742475455e-01 5.163423413397305595e-01 4.135771107871111241e-01 4.743849900106174022e-01 4.514557854183771646e-01 2.754710941872998697e-01 2.116131221946516427e-01 5.307249734907758532e-01 3.771508943332652630e-01
3.007000000000000000e+03 5.657226768798938599e-01 5.675532829842163673e-01 4.549916099504158207e-01 4.764073778999212139e-01 4.881150967621747938e-01 4.943809499015577869e-01 5.056414300035351195e-01 4.982475785754815756e-01 3.724311553708134492e-01 3.869418973291388619e-01 3.255303136138021358e-01 2.652212167768310813e-01 8.534184692582043041e-01 4.583238322376281815e-01 3.567646808048305918e-01 4.015974977501279852e-01 2.899316206362946846e-01 1.751738200690028391e-01 4.446198895226970982e-01 2.592996946497512223e-01
3.009000000000000000e+03 4.760364225234943181e-01 5.129369369808894907e-01 4.897162583463816055e-01 5.114451190994516727e-01 5.906973270599296111e-01 5.264606292833710066e-01 4.777116325307345646e-01 5.154017054112483009e-01 4.034822434628380639e-01 3.588526610498375957e-01 6.587940554907136814e-01 4.673477862086404810e-01 3.840369470532282170e-01 4.409951460372727450e-01 3.058542200886668061e-01 1.808469322764556797e-01 5.098186305504240901e-01 3.003205983360868192e-01 2.460386127758369124e-01 2.473809051829984063e-01
3.031000000000000000e+03 6.181211900673854176e-01 5.690298472801893492e-01 5.478420078726746745e-01 4.507101137753580788e-01 4.706923485223948322e-01 4.630604761356113541e-01 4.709094141287329394e-01 4.548531238323448855e-01 3.369678406453783248e-01 4.094193237390992279e-01 3.236777761144506438e-01 4.416233862795250209e-01 3.853907007801440354e-01 2.566927635210096703e-01 2.301808735366698555e-01 5.222799879435372494e-01 4.940974209035592368e-01 3.175234946670885128e-01 4.094700119199837784e-01 4.022264011304186870e-01
3.032000000000000000e+03 5.760872512602216444e-01 5.486942956280375094e-01 4.910338806716326721e-01 4.358975977020455583e-01 5.205192613060937168e-01 4.916161360795094359e-01 4.571262726540278321e-01 4.248412982288873319e-01 4.258653638917168083e-01 4.021310676246162008e-01 2.902011581230146131e-01 3.200828655160513625e-01 2.201329024622209751e-01 2.002397792206360161e-01 4.623331449746712063e-01 4.172468995489566623e-01 2.722707169581914388e-01 3.859669331945700943e-01 3.480608490733293481e-01 8.252449928865734918e-01
3.033000000000000000e+03 5.500628030580875238e-01 4.871604158753091718e-01 4.700599337326826221e-01 4.717675409483962912e-01 5.405253609406193149e-01 4.660852455108467352e-01 4.144681825503267469e-01 5.441840646946153326e-01 4.120856587543465510e-01 4.207319779028953488e-01 2.184349406569754404e-01 1.895853180186084785e-01 1.783702016278047864e-01 4.223920247384615467e-01 3.835457092062007356e-01 2.379023699567659189e-01 3.452515506130204304e-01 3.412092685306880036e-01 7.461398218896462264e-01 6.796140326463516734e-01
3.063000000000000000e+03 5.390099811372434102e-01 5.159785446489891791e-01 5.365800462214311839e-01 4.617208040140854397e-01 5.591310744950501732e-01 4.912720042510754226e-01 5.397546078179761286e-01 4.807606184595214494e-01 3.612920956351639012e-01 3.667222945559576175e-01 2.665476938764561599e-01 1.592333833425170486e-01 6.682566923785873136e-01 3.866876459046657555e-01 3.709236164013369752e-01 4.931640812479342051e-01 3.754285502038125499e-01 1.730017791128472815e-01 5.744913514612467464e-01 3.389221900505182683e-01
3.255000000000000000e+03 4.800074211896518950e-01 5.299229034801729021e-01 4.848136631513167982e-01 5.293163269454739250e-01 6.015995700865287565e-01 4.989575560657911746e-01 5.295797282040916043e-01 5.494716445874363586e-01 3.918218431270548141e-01 3.067137923430699464e-01 5.119588083558608282e-01 4.974512536096271642e-01 4.434028459651321863e-01 4.278946450840639959e-01 2.766195283930482640e-01 1.834516075758870490e-01 3.752417899208023711e-01 3.620016387846438088e-01 3.356520011092776756e-01 3.495796422024176064e-01
3.261000000000000000e+03 5.989397286306733514e-01 6.225366897351722884e-01 5.792124511884542137e-01 4.192978063934871824e-01 4.160005772556689685e-01 4.543016664346369304e-01 4.530768897162695263e-01 4.585868341184182184e-01 4.125702440377365665e-01 3.533100088832815122e-01 3.356061556310915850e-01 4.239023162255088906e-01 4.454431956239997548e-01 4.636228971455561565e-01 2.589489440436157919e-01 2.093816065822190209e-01 5.851195095835964866e-01 3.536392073349913789e-01 3.791785222706876568e-01 3.506981459258960432e-01
3.262000000000000000e+03 6.303564701377053492e-01 5.841967801808508609e-01 4.715046700689590198e-01 3.926382400820955243e-01 5.192358177913108941e-01 4.795717887484099440e-01 4.681665488766994510e-01 5.398296829938303842e-01 3.696819959356201224e-01 3.523062991422952761e-01 3.372894681427700547e-01 4.486622017141960184e-01 4.860040954806793545e-01 2.757551512390948312e-01 2.239754732350424382e-01 5.972714706027377751e-01 3.684718372184789814e-01 4.328142399168490861e-01 3.676966090369741536e-01 2.662780530965638270e-01
3.268000000000000000e+03 5.265206005742436579e-01 5.873350800430352514e-01 5.188512476879140189e-01 4.746612901547930252e-01 5.465895741440319755e-01 5.255201041626884617e-01 4.226142483079934897e-01 3.850941509096177384e-01 3.322276670684595201e-01 4.774589564280991016e-01 2.818384091686140236e-01 4.332721205778051199e-01 4.170627129460696692e-01 3.021653031671512890e-01 3.116236698269894134e-01 4.435159221422370068e-01 4.375640803178870719e-01 4.850018436508617969e-01 3.702496978043489095e-01 3.301722007705645834e-01
3.443000000000000000e+03 6.178676293953384580e-01 5.796504910502302543e-01 5.280262490563959465e-01 4.884929765045760153e-01 5.134734676645014151e-01 4.729329875439940434e-01 3.925094209350248886e-01 4.336657702420989025e-01 4.008139890633380387e-01 3.698276378371827544e-01 3.326721535081931802e-01 4.679247043799145134e-01 4.389737623551889234e-01 2.607636809599312988e-01 6.103953934887902388e-01 4.146888317401740687e-01 4.168531421660873204e-01 4.425353061588574444e-01 3.437169501579986908e-01 1.051127940214908185e-01
3.444000000000000000e+03 5.907729583595892064e-01 5.355803026306199532e-01 5.280804495472424254e-01 4.828722664734959036e-01 5.389586427384420730e-01 4.121430249004435220e-01 4.398931345986519248e-01 5.223427682954785434e-01 3.871045304850213031e-01 3.692871175821502705e-01 3.585117117500816741e-01 4.258090091214212780e-01 2.629662428600881285e-01 6.244703677812492026e-01 4.272099560544056485e-01 4.099392795896734110e-01 4.436434222882048584e-01 3.778913441607685275e-01 1.061557015630546774e-01 3.839567198277463733e-01
3.445000000000000000e+03 5.484057925837403369e-01 5.332040366246995067e-01 5.208527568734722113e-01 5.035190112674464702e-01 4.687653148404568593e-01 4.612988710234287026e-01 5.354664498694874375e-01 5.001121377490934661e-01 3.847796518047040815e-01 3.641478232081448163e-01 3.279960021933773784e-01 2.568895155841371958e-01 6.339252384334793655e-01 4.394896951775744687e-01 4.245418307993966134e-01 4.386034732198501596e-01 3.809839420505810592e-01 1.180905188585553156e-01 3.895984282520167929e-01 3.968814216092872438e-01
3.771000000000000000e+03 5.798064051130550345e-01 5.135305079410354967e-01 5.678861522889040447e-01 4.657239055725747590e-01 4.938093345336062590e-01 4.781637264556597988e-01 5.041396770968448182e-01 4.803248123725133989e-01 3.802599363887795847e-01 3.588636194964069936e-01 3.408940600610368965e-01 3.292448984849805638e-01 5.279639120724766155e-01 4.485054247971682062e-01 5.188136562964489329e-01 5.114406386025295292e-01 4.134609427467575982e-01 5.356605882189189455e-02 3.795380661534056843e-01 2.905230796662905957e-01
4.343000000000000000e+03 5.505879309031604940e-01 4.892810616424977943e-01 4.254883616677529456e-01 5.447221978232565931e-01 6.307583535248573181e-01 5.313232397159460829e-01 4.809328047175408516e-01 4.956921058449940687e-01 3.715059633404947936e-01 3.620031889832791561e-01 2.627691652952831580e-01 4.073956457507801887e-01 3.384455439030611412e-01 2.905107041505515797e-01 6.660273620435460673e-01 5.367749130312842176e-01 3.545969264942960275e-01 4.326331881770618115e-01 3.283851856050747364e-01 2.174312136947207652e-01
4.345000000000000000e+03 4.467372663238701747e-01 5.613789071040660161e-01 5.947690719034265383e-01 5.434997507592340682e-01 5.545533997440195151e-01 5.176663050895093932e-01 4.710911022772896195e-01 4.720813214291755822e-01 3.820213115052832897e-01 3.400969833493855399e-01 2.324853080453018472e-01 2.624546556657227914e-01 6.373258768402647600e-01 5.239716723892424710e-01 3.315732268435605534e-01 3.944661651511992551e-01 3.346100194858372401e-01 2.225898911282595538e-01 5.395173273140678738e-01 3.468682130546499875e-01
4.406000000000000000e+03 5.468580140438012993e-01 5.516790698354557820e-01 5.390230547963880126e-01 5.159272736541368198e-01 5.880462260621180937e-01 5.106474346210676529e-01 4.290949754143750239e-01 4.140206120644096544e-01 3.524704203380893963e-01 3.995022086130036176e-01 2.817072395124528561e-01 7.604184820114605614e-01 4.452235914756147994e-01 2.886482003978483313e-01 2.537908434140746516e-01 8.131157814540829198e-02 6.158767979458895647e-01 3.575053011148194293e-01 3.480629862113597262e-01 3.891103829676495485e-01
4.408000000000000000e+03 5.474697192322449668e-01 5.431231450532972849e-01 5.662085152196955073e-01 5.275459934591775202e-01 4.974112032225777580e-01 4.230490452404536139e-01 4.453736349813346984e-01 5.344211739061834887e-01 4.082975795395448748e-01 3.326761389981127137e-01 3.417625236499520769e-01 2.923516587661423305e-01 2.710747083525814061e-01 8.868253267695061504e-02 6.447597653152973285e-01 3.642871023976029798e-01 3.964079953362993347e-01 4.458346622795349434e-01 2.559596881509364485e-01 6.566559494780079831e-01
4.443000000000000000e+03 5.815729708277422860e-01 6.247554862786057761e-01 5.515057864408734467e-01 4.706650904024979321e-01 5.092514732034973957e-01 4.399839083339798784e-01 3.872011480463031230e-01 4.942230436227112444e-01 3.596174930606761966e-01 3.825417936385226980e-01 2.610506582614362525e-01 5.290518531883980913e-01 3.691181036095205759e-01 3.550576835055204161e-01 7.317290727207429457e-01 4.484922980576772633e-01 2.671676906300647913e-01 3.255377149020005079e-01 2.521755214237206277e-01 3.043003866122026557e-01
4.445000000000000000e+03 5.601562235695900505e-01 5.102481412926207494e-01 5.078730319847420960e-01 4.579487886891238091e-01 4.497391688591350078e-01 5.237702412771562122e-01 4.592942249450507330e-01 5.104000994372537292e-01 3.791114794563609780e-01 4.212077087031925737e-01 2.765528547352187894e-01 3.503063783900542960e-01 7.614462168199418457e-01 4.763113238426596729e-01 2.722036533285416837e-01 3.234899082078882548e-01 2.806315897290617700e-01 3.403099800311527590e-01 4.320645237266723115e-01 3.210160663253563973e-01
4.469000000000000000e+03 5.535297125874971691e-01 5.178294700092787028e-01 5.334360887822339192e-01 4.999114193085369973e-01 4.272170520983206154e-01 5.221197097842620316e-01 4.882267847980875652e-01 5.408528534453362902e-01 3.889952548604981297e-01 3.497725295899124509e-01 2.513913919531969854e-01 2.383079070746413619e-01 7.245487272074541130e-01 4.124014454426355725e-01 3.779876592021978454e-01 4.609116968885484944e-01 2.877811928067286473e-01 2.065834444358258248e-01 5.031801808331509696e-01 3.593237500712951893e-01
4.498000000000000000e+03 6.537595002658364018e-01 5.834708243395774208e-01 4.498784184872371972e-01 4.987732865882750222e-01 4.986899018663556449e-01 4.573048176591613667e-01 4.067420459976497926e-01 5.145919681769949294e-01 3.873408563367654600e-01 3.519358956140669070e-01 3.752932358924245260e-01 3.501817812060085133e-01 3.319892400397020937e-01 7.562395319099884938e-01 5.111437824985292089e-01 3.298541369136170354e-01 3.767938661467590267e-01 2.816771544294822127e-01 1.231079586801022141e-01 3.881246918457182948e-01
4.499000000000000000e+03 5.971540403894731730e-01 4.653641271126260914e-01 5.399553569062446323e-01 4.731675870911707937e-01 5.261598821316708641e-01 4.318080890828718266e-01 5.332898787676455532e-01 5.062358023601886137e-01 3.700775707379989621e-01 3.763469918863310837e-01 2.770526203467842397e-01 3.327694758359428517e-01 7.876287589624576535e-01 5.395236771997812264e-01 3.506276481810474133e-01 3.824117734388983170e-01 2.919881675534556353e-01 1.408682842924683098e-01 4.042696416025592931e-01 3.333729291433270014e-01
4.511000000000000000e+03 5.542653549500103916e-01 5.317281110948840483e-01 5.161920701566951042e-01 4.527130995382466772e-01 4.662222826795068276e-01 4.369230112500185337e-01 4.601980469015304887e-01 4.768630952381794907e-01 4.537460710977385681e-01 3.985484062940476968e-01 2.645591375332259632e-01 2.728351102446740506e-01 7.806004688060829144e-01 4.326979907878514275e-01 4.471583647753297752e-01 3.528639468053914041e-01 2.702940408250888438e-01 3.001789126732240520e-01 4.890683470620728612e-01 2.319915919258529191e-01
4.929000000000000000e+03 5.620792198913038273e-01 5.074922796458786189e-01 4.967402207432515260e-01 4.536941765065169441e-01 4.454163938913609511e-01 4.072931781676321084e-01 4.428290684022384571e-01 5.345369593719040413e-01 4.596191905258155685e-01 4.134798353993340836e-01 3.060206460693893349e-01 4.413182440413835339e-01 3.596709293953305187e-01 4.956782954328611823e-01 2.890298414805568261e-01 3.237410544617003727e-01 2.786550988247534777e-01 4.233609312595210117e-01 4.043152384373173702e-01 4.714402073783371949e-01
5.012000000000000000e+03 5.608223112257521015e-01 4.990983612152055104e-01 3.316214473838762777e-01 5.285877267737895124e-01 6.105858663852555823e-01 5.361338378190613208e-01 4.613492349798593573e-01 4.715147300674981667e-01 4.223628459034847737e-01 4.014654810951868158e-01 3.107444045447360637e-01 3.670916513677761617e-01 4.982438213602861099e-01 4.714350719496641640e-01 4.916722951126401564e-01 2.955203100553822071e-01 3.677344069846506525e-01 3.332850962489116720e-01 3.664477673076508291e-01 3.200993616074063186e-01
5.014000000000000000e+03 3.558198943717363338e-01 5.370004322199979363e-01 5.665634522492497549e-01 5.330918648688685035e-01 5.144463375427824614e-01 4.732168646301919690e-01 5.385526861671317000e-01 5.209969372862343073e-01 4.095171201608386879e-01 3.912406788393306689e-01 3.685975486340221652e-01 4.596047373594459584e-01 5.057638743815150439e-01 3.099692182947352825e-01 3.707564503488716134e-01 3.272969046152734429e-01 4.021690541066536007e-01 3.537402211430391019e-01 3.208183630497741801e-01 3.787823500608548666e-01
5.015000000000000000e+03 5.228867012055816721e-01 5.398486390095245113e-01 5.309359747759276882e-01 4.427259814758794376e-01 4.952252891812936597e-01 5.328181682429941057e-01 5.002427227667416432e-01 5.019191807435354757e-01 3.873051247209852166e-01 3.697656751752629312e-01 3.605298387057002119e-01 5.020921309984931469e-01 3.204111255452868345e-01 3.886372548045443631e-01 3.451726825790110698e-01 4.049762586122709895e-01 3.633868361023538940e-01 3.613319605921163635e-01 3.915048368685259406e-01 3.503273173205476154e-01
5.366000000000000000e+03 5.131109307411456655e-01 5.169565890930800656e-01 4.734214054455568865e-01 4.229977871421776170e-01 5.257408801340170967e-01 4.113767523650475599e-01 4.333959748224602282e-01 5.798079036867272995e-01 4.499418917457270184e-01 4.175818337811583181e-01 2.474314852174697987e-01 3.161452487074823958e-01 4.593814584301081916e-01 2.707618773714525195e-01 3.376793129628476442e-01 4.109340637557762910e-01 3.628202345682345342e-01 4.471858347693555835e-01 5.831237602855585678e-01 3.604070755145327154e-01
5.449000000000000000e+03 5.967092438758720974e-01 5.254327824886333431e-01 4.606759013121533575e-01 4.468782699459422081e-01 4.613472504453671186e-01 4.059615630801898245e-01 3.954337453915958700e-01 5.419554408860796091e-01 4.624721342299744631e-01 4.155830108237882903e-01 2.626801222197366337e-01 3.207559470399277135e-01 4.318194560514829194e-01 6.370997783292448036e-01 1.729477279413767221e-01 3.168674764258916365e-01 3.560967460874925883e-01 4.509833077034250959e-01 3.807779507860735158e-01 4.809726924991421515e-01
5.545000000000000000e+03 5.962367554309011553e-01 5.789437722706642919e-01 5.242954350294923849e-01 4.662851513422398009e-01 5.186338926071483169e-01 4.703422255134125374e-01 4.830602667405998196e-01 5.137061567604519485e-01 3.581106676519810184e-01 3.340627155194268449e-01 2.543825878236231075e-01 3.684523388560101420e-01 3.728792031434390863e-01 3.405176695290243472e-01 2.529827432859229064e-01 3.433613730920874185e-01 5.123045217777720817e-01 5.613525973852675488e-01 3.573042189216296127e-01 4.425736654872380327e-01
5.652000000000000000e+03 5.583207622467073472e-01 5.368974035094916664e-01 5.522576615162175795e-01 4.645134076952648350e-01 4.931967789124710455e-01 4.880579636278339906e-01 5.216030383871370635e-01 5.295578091773828211e-01 3.515743891416119871e-01 3.491510633949699849e-01 2.747260057654813403e-01 3.529313157734595974e-01 4.561822358953466772e-01 3.798528883956161506e-01 1.297075880753365829e-01 4.430517395233778410e-01 4.811696547794368506e-01 4.600724673743171178e-01 3.643833422179550974e-01 4.583022846111693971e-01
5.667000000000000000e+03 6.013341087300276833e-01 5.450662982412805002e-01 5.200487460454871202e-01 4.066236193174176394e-01 4.417670832477127441e-01 5.238885029369857449e-01 5.041186971872693157e-01 5.093736260288689310e-01 3.777788379362258531e-01 3.668460002184180668e-01 1.666219108035674745e-01 1.772134334882720375e-01 3.088071236734364899e-01 5.397176876373247500e-01 3.847443441048180035e-01 5.762998500354695741e-01 5.472717529929490565e-01 1.824987477557579174e-01 4.653726476969550219e-01 4.678758144127345697e-01
5.690000000000000000e+03 5.749538724124783062e-01 5.439805836866887789e-01 5.191666673450721081e-01 4.404822464307106000e-01 4.591034425681482789e-01 5.226550679234064356e-01 5.244999036258816139e-01 4.611301516419343272e-01 3.722118247998891238e-01 3.865980701179014822e-01 3.930305354140291030e-01 4.284741969381989923e-01 3.147107320338277114e-01 4.775393565267673779e-01 3.217808867818772178e-01 4.215596777263982409e-01 4.749992488749881780e-01 3.951999446045781350e-01 2.041413922129417524e-01 3.661673499910853558e-01
5.864000000000000000e+03 6.525829582081333902e-01 4.892400859213406061e-01 5.398934763926890312e-01 4.101443726663349665e-01 4.324894745908212657e-01 4.244924301595943694e-01 5.166269333034754219e-01 5.183567451678815496e-01 3.739849941731550054e-01 3.996939645098997462e-01 2.259005876375952959e-01 4.980090384756100108e-01 5.053189077484110392e-01 4.034500525545450800e-01 3.281036137430774491e-01 2.849920570826658950e-01 3.194843714642541799e-01 4.951681276454629188e-01 4.278248098352178674e-01 3.452579669892322789e-01
5.867000000000000000e+03 4.862618547566062710e-01 4.627555332198917681e-01 4.914519933979414890e-01 5.717170304863354868e-01 6.295242860654214345e-01 5.130167840214887587e-01 5.563752828944907858e-01 4.717744891839604215e-01 3.933487444308685355e-01 3.329619234953393181e-01 3.267918351221356099e-01 3.554443789817773314e-01 3.275781378818952150e-01 3.577023202807147473e-01 5.425432542058096219e-01 4.998772213569859790e-01 4.147374952609977905e-01 3.639085498967649102e-01 3.548085678886090388e-01 2.653449039553106847e-01
6.076000000000000000e+03 5.821804210510640454e-01 5.383057749591642072e-01 3.282134936985309226e-01 4.880564763154466856e-01 5.298556808341290392e-01 5.063617954062031856e-01 5.530179636206193905e-01 4.946726615716658393e-01 3.724837760884716631e-01 4.154326110249540460e-01 1.944471259844116617e-01 2.294322545367515342e-01 4.545968287362450733e-01 4.828830410481524393e-01 4.660025589946606983e-01 4.604969226667415816e-01 3.657433489097225432e-01 3.557661512829959904e-01 4.281595709404862338e-01 3.933580118526452951e-01
6.249000000000000000e+03 5.740167519719054923e-01 5.920947969954721835e-01 5.806006535498973165e-01 4.372166085386050560e-01 4.875956498402549966e-01 4.756796573303983533e-01 5.161911802332448396e-01 4.507165894974406450e-01 3.593637881371783416e-01 3.536601559918364779e-01 3.180208363425190976e-01 4.656710435002774928e-01 4.266058846261230886e-01 4.384416077923696808e-01 3.703813132374991768e-01 3.842388000253464386e-01 4.520610137202084045e-01 3.324375629694349410e-01 3.041157958041910692e-01 3.272991304107192856e-01
6.302000000000000000e+03 6.165798192669290634e-01 5.779659228293865247e-01 5.424638986874552593e-01 4.282984752606870393e-01 4.727863310044596590e-01 4.395414605623879645e-01 4.613564688190783802e-01 5.757146535717502234e-01 3.849251546665421464e-01 3.141496397276495878e-01 3.281001434920869930e-01 3.695534124874980120e-01 3.750393028994047917e-01 3.977152364058044176e-01 3.847745432075254657e-01 3.749895246451671049e-01 3.666656393364308708e-01 3.955491415510073439e-01 4.171449962237190334e-01 3.825318328119220457e-01
6.504000000000000000e+03 5.484011027887359946e-01 5.345404977089497356e-01 5.112687382027101268e-01 4.005036591004965119e-01 4.797488335843855256e-01 4.746918550820439231e-01 5.277090672330078114e-01 5.629945643915406084e-01 3.789773631431413436e-01 3.790777065824197933e-01 2.456834740927695826e-01 1.926053025192000778e-01 3.588617206367960000e-01 3.881483257004841314e-01 3.825497396759478530e-01 3.699142931674059276e-01 5.264405062395717261e-01 3.461332772716508299e-01 5.209383246572930615e-01 4.583286876231039142e-01
6.555000000000000000e+03 3.633985160901789802e-01 3.905798182961530696e-01 6.788186872078967316e-01 5.654196210528285027e-01 5.380620618307061509e-01 4.697845023878139958e-01 4.542978521670916758e-01 4.751887993711567670e-01 4.563463073685555260e-01 4.216869494788373918e-01 3.430497445271947776e-01 3.934150266073753177e-01 5.236635653411152447e-01 4.032608543457376071e-01 2.549945948099086590e-01 3.408015880008085086e-01 4.761865344064389327e-01 4.221683337766696242e-01 3.036740742643443958e-01 3.489889255957323022e-01
6.579000000000000000e+03 6.070771886458395938e-01 4.758094185680534216e-01 4.351767490096116187e-01 4.842705480823308872e-01 5.102093236664817510e-01 5.277838337901464838e-01 4.686502083647318129e-01 5.046212064013912979e-01 4.112605752234804735e-01 3.790254070747824389e-01 2.501849461853052903e-01 4.180710009023710372e-01 4.020850973916347271e-01 4.067443997681080003e-01 2.006400539519992976e-01 3.773813206840295198e-01 4.017911011281832812e-01 3.788925193234390365e-01 5.056414078201318940e-01 4.541252471284767944e-01
6.580000000000000000e+03 4.958173575852177772e-01 4.480280286618842922e-01 5.241955247120548833e-01 4.793466404342114906e-01 5.987575517819875293e-01 4.955652119117918697e-01 5.181665248192657280e-01 5.369874416666177153e-01 3.967594704415626783e-01 3.637030230198936565e-01 3.326494395560741779e-01 4.051722845225873559e-01 4.264109895903254177e-01 2.139790897665391489e-01 4.037165982293036692e-01 4.103130939915444197e-01 3.946287901354791350e-01 5.764731827294671263e-01 4.758092140692475880e-01 1.656091881880634442e-01
6.581000000000000000e+03 4.617219324980758599e-01 5.219267939650743537e-01 5.098161283168425317e-01 5.494350239253842361e-01 5.499222025654290080e-01 5.378977024312470157e-01 5.429512101987423733e-01 5.061156474626459234e-01 3.732824516877694121e-01 3.409677967501260620e-01 3.171120949264378264e-01 4.224903618883399936e-01 2.205878851322198297e-01 4.220064332827868081e-01 4.317252807666556724e-01 3.963684964354073359e-01 5.897373536940058170e-01 5.337671457006267772e-01 1.710771794104542776e-01 3.167103450766046158e-01
6.739000000000000000e+03 5.660782032185710522e-01 5.815778322073171802e-01 5.648007951220800349e-01 4.683702311653843431e-01 4.718617341313319224e-01 4.158021595997528075e-01 4.321099856963835917e-01 4.679854001457903756e-01 4.306570870559895403e-01 3.707925245974115769e-01 2.345636247647340245e-01 4.555886100592079213e-01 4.676464063825627182e-01 3.444480208701152790e-01 2.144584527725884038e-01 1.784394431726457619e-01 5.158841450912258209e-01 6.164410263488109276e-01 4.531681316866401077e-01 3.416417100106859950e-01
7.159000000000000000e+03 5.590820390317673416e-01 5.548616650896694980e-01 4.938013973064113715e-01 4.482849244571804337e-01 4.584748109746813460e-01 3.778028804977159871e-01 4.144161290843732526e-01 5.015003688965550266e-01 4.868013326362477522e-01 4.108225374570567134e-01 2.848179002769916646e-01 3.846548279758658651e-01 3.790068104635729296e-01 3.655476551714372246e-01 1.847261013260956541e-01 2.986764588394246189e-01 3.693299637908931676e-01 4.146120269692228355e-01 6.036017842203404982e-01 4.846491210704315655e-01
7.435000000000000000e+03 5.766873514962880254e-01 5.048980401567783050e-01 4.833582140489064982e-01 4.647685103756528102e-01 6.407212136433616534e-01 5.408375404324227143e-01 4.525904267285305593e-01 3.744472129020309792e-01 4.007800832663561130e-01 3.954896497014983581e-01 2.719535000039204897e-01 3.350772504316532063e-01 3.783223304085840399e-01 5.623201856014334865e-01 4.636799655312794921e-01 4.012292009778453683e-01 2.983684484114938473e-01 3.554708935416142079e-01 4.120363200020248362e-01 3.416400040255821446e-01
7.479000000000000000e+03 5.512065866150827054e-01 4.683812621263993003e-01 4.787967093394704943e-01 4.121486383407613197e-01 4.742471059708749936e-01 5.182679662473468341e-01 4.870027372600717053e-01 5.326683732391942483e-01 4.456794173451050223e-01 3.958746123862305621e-01 5.386601815585932707e-02 5.527549144938961323e-01 3.974013629412775916e-01 3.405968677662012944e-01 3.545096382993100370e-01 3.653494365444836522e-01 4.840726694949967213e-01 5.595729388169746743e-01 4.424955219264359307e-01 3.225198416019607883e-01
7.546000000000000000e+03 6.137718140738983585e-01 5.808240506797268665e-01 5.475687981493637668e-01 4.994596336709958839e-01 5.366889125340396083e-01 4.085526778271446613e-01 4.322578348101385748e-01 4.426620235298047712e-01 3.429696273092576186e-01 4.018075173807667544e-01 3.340434321514156313e-01 4.067155594560843967e-01 4.754020552143332634e-01 5.254460092790913528e-01 4.720598397032216842e-01 4.412571131011381320e-01 2.250154653337933797e-01 2.348173293112863491e-01 2.997524663557355473e-01 3.991058085982893133e-01
7.548000000000000000e+03 5.537829699289725793e-01 5.292707237618834437e-01 5.254940107314253206e-01 4.214806751520039363e-01 4.997368024648995433e-01 4.566547349630643571e-01 4.289823620058833553e-01 5.368700611434408243e-01 4.441328587841298914e-01 3.727364818059068496e-01 3.087834188324243279e-01 4.499842555175931347e-01 4.261706784053643782e-01 4.065157950432133349e-01 1.968778180639097208e-01 2.010480160033052965e-01 2.882437208624457070e-01 3.868236579638307249e-01 3.279942326830842525e-01 7.735679113103524074e-01
7.563000000000000000e+03 4.481606468097699136e-01 4.914594794664465249e-01 4.679623713270373853e-01 3.854086518933650951e-01 5.320707274410269028e-01 5.613845607143684857e-01 5.253533000292961441e-01 5.457252204492215597e-01 4.192396584351130162e-01 4.191337904288606753e-01 3.469018333038712543e-01 2.109067024085495290e-01 6.605486497687619307e-01 5.301493899096290097e-01 4.404176195352423329e-01 4.221078289773550485e-01 3.476955235297247704e-01 3.058238578147259301e-01 1.798751677587880071e-01 3.844163882192394577e-01
7.564000000000000000e+03 4.827346948375637048e-01 4.488246323838354646e-01 4.106314400267939146e-01 4.609418856592653047e-01 5.939418752458354156e-01 5.200642691208174906e-01 5.292240948403772460e-01 5.173281215604231820e-01 4.183486272806141160e-01 4.280897193785047072e-01 1.602258831577132447e-01 6.345900733395443138e-01 5.305248064876484371e-01 4.466314522964704992e-01 4.309577261894284028e-01 3.387603304715000041e-01 3.040532315366935023e-01 1.963053860780828719e-01 3.845129110584911136e-01 4.283904145556704512e-01
7.611000000000000000e+03 5.363080837442860682e-01 5.106044844354116208e-01 5.061522975916484812e-01 4.241597025721943748e-01 4.480708176487916972e-01 4.065988636661511668e-01 4.763777688222913254e-01 5.413058835430151206e-01 4.651707309599694140e-01 4.095070487438420836e-01 2.444958212904874417e-01 1.903083050219139538e-01 3.056259708726458135e-01 3.258137909509439267e-01 1.981904856380555802e-01 4.710541791802754785e-01 6.133148247293093158e-01 5.118180167966984717e-01 4.561654852991867126e-01 4.674996836693438573e-01
8.651000000000000000e+03 5.409379180814900545e-01 4.923552207157179672e-01 4.370943749303508596e-01 6.046138628440100860e-01 5.744755671562306043e-01 5.476105166146308934e-01 4.799889689895658895e-01 4.784205055420523989e-01 3.777946508001071568e-01 3.532699328137778871e-01 3.124708217549524436e-01 4.418167870235499839e-01 3.113953109820463694e-01 5.480033711437719557e-01 5.254979332472702325e-01 2.885292534181366775e-01 3.952701397778897729e-01 4.868257692603225606e-01 2.890250106975429945e-01 2.356826073012946443e-01
8.797000000000000000e+03 5.701298322590795387e-01 5.686181202059327200e-01 5.145790440081369210e-01 4.962602314994112307e-01 6.455836628313733616e-01 3.985660242034036460e-01 4.229366346318512715e-01 4.824555512065100138e-01 3.831427392305469248e-01 3.592758052550018566e-01 3.362273366665635144e-01 3.469069636330369688e-01 3.025220945545150086e-01 3.133021545577523437e-01 4.661625002009467944e-01 5.126952214027565846e-01 5.087701530361397051e-01 2.615290460804313155e-01 4.784817528615268323e-01 2.624230583746998136e-01
9.127000000000000000e+03 5.495263184642649179e-01 5.505492595800307587e-01 5.301939787542874205e-01 4.525179764338276844e-01 5.169051886160163090e-01 4.599097896044543332e-01 4.411594838964864040e-01 4.763170514406663836e-01 4.274192949765862615e-01 3.804445975129122637e-01 2.468531295891795430e-01 4.046541073440797498e-01 4.171241448400888618e-01 3.500646794179322341e-01 2.805603751773773080e-01 3.169939706874888019e-01 5.285136859137651300e-01 3.967402643230376058e-01 4.597445187752343121e-01 4.057784182370057779e-01
9.128000000000000000e+03 5.626929297486786830e-01 5.359007660621986080e-01 4.965374817426097542e-01 4.838637618879852997e-01 5.222682160215860181e-01 4.635895245759952266e-01 4.852387774701658607e-01 5.588451566727178355e-01 3.973263644660235960e-01 3.300853766332382255e-01 2.941207370149578892e-01 3.838159918118980718e-01 3.347762304984317483e-01 2.719983467149551526e-01 3.092026562886874275e-01 4.934988652843075863e-01 3.773620066261785810e-01 4.794549054342306937e-01 3.885692297331180267e-01 4.527494432470077212e-01
9.699000000000000000e+03 5.934133807252344184e-01 5.512798436114538791e-01 5.265495633060063296e-01 5.009145281283226003e-01 5.456693387349348390e-01 4.638026043443785884e-01 4.906668513015923772e-01 4.693557074247637351e-01 3.548996213571127267e-01 3.528382703223538752e-01 2.595101861754001149e-01 4.859545577362580637e-01 4.808768333953751806e-01 4.148724818513421786e-01 2.733208180514031804e-01 3.346674454308217750e-01 4.124610836111812229e-01 4.574231537531955882e-01 3.658916221853586448e-01 3.430800798573406252e-01
9.930000000000000000e+03 5.818441911996851124e-01 5.938464190343147875e-01 5.574188875507186669e-01 4.788303186316053561e-01 4.822534438996539108e-01 4.409639243355118476e-01 4.718585953165714830e-01 4.579793878670589402e-01 3.799348409980367047e-01 3.626866888338332040e-01 9.282946167145575411e-02 3.716924697280913903e-01 4.430148451021179157e-01 3.413688429604863073e-01 3.457261725124025631e-01 2.977674255579660922e-01 5.162323007208733383e-01 5.889569953019381243e-01 3.182310269823925286e-01 5.340286105377248793e-01
9.931000000000000000e+03 6.036593979532403065e-01 5.631255234723847591e-01 5.200414473112907610e-01 4.536749366272277983e-01 5.037313819372368773e-01 4.995023359610480940e-01 4.667999014779385392e-01 4.922480356867649509e-01 3.793628414025370654e-01 3.435562820127102679e-01 2.642883648715014244e-01 3.989632021012212704e-01 3.192904429449474613e-01 3.281372845655518011e-01 2.839294846826685981e-01 4.718327526627127955e-01 5.486731963599004169e-01 3.245580926163839641e-01 5.010140158829851087e-01 3.547729310082220477e-01
9.935000000000000000e+03 5.345266120957377076e-01 5.645445049975339469e-01 5.542077295423075700e-01 5.631385679753554419e-01 5.984697279336986808e-01 4.908462857944336233e-01 3.684698768267919977e-01 4.778392895984908129e-01 3.605772993842441543e-01 3.583566661476305093e-01 2.388512514127441588e-01 5.313073958679914721e-01 6.266281727725147022e-01 3.687885147795420537e-01 6.096766055968788622e-01 4.238007008851396584e-01 2.919245049752270948e-01 0.000000000000000000e+00 3.150689270237841400e-01 4.359070366816697462e-01
9.947000000000000000e+03 5.475062910415654516e-01 5.190306816866522288e-01 4.869490193972293435e-01 4.197337095235853521e-01 4.812272262740796558e-01 4.595553309846732715e-01 5.391956147305689839e-01 5.489657955523855604e-01 4.062569158056356100e-01 3.795246579799112507e-01 3.229626358361481486e-01 3.962095023057947141e-01 5.053156474509060692e-01 5.671600523751881839e-01 3.445222826716327069e-01 2.980544112191085837e-01 2.471137077901245094e-01 3.611984347126018235e-01 4.461469104222154369e-01 3.240135703123852018e-01
1.020700000000000000e+04 5.795634250790177022e-01 5.461938620769657415e-01 5.448719329988932492e-01 4.976411212417974905e-01 5.755346203424621665e-01 4.562631436823032516e-01 4.851710020525454303e-01 4.654090776780370753e-01 3.565321007716926172e-01 3.504372695240505209e-01 3.586148838005382977e-01 7.071632200378340505e-01 4.498286109456505755e-01 2.622728006719712290e-01 2.393903122683372631e-01 3.141069422821418100e-01 4.211304853875569854e-01 4.065970308218236906e-01 2.881475722925521676e-01 3.573160927798978981e-01
1.022300000000000000e+04 5.552254440247157419e-01 5.409458963784307128e-01 5.107859463407630196e-01 4.603747461973896615e-01 4.048949131054276895e-01 4.934448504828753412e-01 4.978521991297587546e-01 4.732445025724516530e-01 4.260939821009768202e-01 3.968996301812004468e-01 2.347115600747919084e-01 3.292644467514256879e-01 5.127322876094116966e-01 2.443527908883180999e-01 3.447814375305103818e-01 5.035028612655382263e-01 2.500708558108589163e-01 3.969430383139293528e-01 6.698055980932809961e-01 3.110560593483376879e-01
1.023100000000000000e+04 5.886636650851964081e-01 5.637113792105514776e-01 5.206463241355463456e-01 4.815541562732637004e-01 5.475943262706288728e-01 4.547245728633588779e-01 4.534881961356688196e-01 4.853863230856058641e-01 3.722668855758918816e-01 3.606578910688319484e-01 6.745180306448756991e-01 4.161876170937217068e-01 1.929235330950204164e-01 2.480977896526103121e-01 3.381687410444670916e-01 4.297333067676754048e-01 3.142436412214775765e-01 3.983333704148720456e-01 3.401861146753279441e-01 3.413308843873986143e-01
1.083400000000000000e+04 5.617573450751626174e-01 5.454432249360532392e-01 5.378789465052437047e-01 4.527907366518376664e-01 6.286478480862025542e-01 4.664857279225976816e-01 4.547774556130783075e-01 4.894554400859965071e-01 3.746893501356892697e-01 3.456741497469736357e-01 6.177302308269672082e-01 3.593442425376602856e-01 3.217312191993095816e-01 2.704896919916766618e-01 3.366966959415356730e-01 3.107904452580010912e-01 3.410079179610492894e-01 5.004287713236791335e-01 3.336759635695126236e-01 3.274768840063659314e-01
1.118000000000000000e+04 5.510193991044283202e-01 5.031338360111269337e-01 5.228906969824778095e-01 5.029003316298412685e-01 5.224583218227226711e-01 4.771042692946593222e-01 4.662679783931873989e-01 5.320801128547918424e-01 3.970258118690584981e-01 3.553676858874487698e-01 3.651712227045337267e-01 3.474409712739164879e-01 6.385720017895772926e-01 3.422966744895313829e-01 4.681040894142341480e-01 3.871564845832566881e-01 2.976910435095563856e-01 4.093700728008389800e-01 2.741161486322676866e-01 2.901051518585962552e-01
1.134800000000000000e+04 5.377215229061708124e-01 5.063628067666283705e-01 4.918353762988717515e-01 3.703492555982335066e-01 5.027007350598828861e-01 5.262755744594072027e-01 5.250731904063578037e-01 5.013848949051156190e-01 4.265613033196885007e-01 3.918591411923786905e-01 3.541013045716325247e-01 4.540172477952624241e-01 2.322264947764669518e-01 6.362046753376768837e-01 5.175087935486407664e-01 3.607971918112695131e-01 3.651582251036381011e-01 1.749157507430909031e-01 2.664070994067923581e-01 4.402898014617233069e-01
1.134900000000000000e+04 5.137004893072879552e-01 4.903035020290679169e-01 4.184892941475535366e-01 4.582416125477909441e-01 5.819290319248833221e-01 5.439148946172510657e-01 5.020442920740454396e-01 5.476658191988527102e-01 4.027353620061370210e-01 3.787435156785715074e-01 3.468021919399670860e-01 2.250040477230777769e-01 6.405733237555393256e-01 5.278910770973347377e-01 3.703982399115295920e-01 3.579478974441167027e-01 1.753207742262747615e-01 2.921842523467961805e-01 4.430372635919064828e-01 4.179829605079589117e-01
1.135000000000000000e+04 4.995774543344156937e-01 4.220261046675934935e-01 4.916382559274012354e-01 5.328281151306301089e-01 6.020772028560023026e-01 5.192523655913949820e-01 5.539762002050900858e-01 5.139772350207173490e-01 3.889907755854563054e-01 3.581056179433781961e-01 1.840991483922957972e-01 6.595407556144693428e-01 5.665400358321276419e-01 4.033974903484684460e-01 3.922756013012132503e-01 1.840781430511191641e-01 3.122936883445017742e-01 5.174563265106547627e-01 4.485686447430360935e-01 2.009745279072708835e-01
1.135100000000000000e+04 4.371927507028411375e-01 4.904368665738550459e-01 5.529709622840445205e-01 5.513157160211533681e-01 5.746530131945973841e-01 5.761428652808362472e-01 5.163676640593817257e-01 4.939748405408654341e-01 3.665740648492424314e-01 3.492806197350880604e-01 5.148440970231861202e-01 5.598475156433490030e-01 4.151798753110807483e-01 4.093581561451227202e-01 1.930400966396340345e-01 3.131561071065057655e-01 5.286051502354447429e-01 5.024293229197194233e-01 2.070978424308959898e-01 1.499635873072093228e-01
1.142200000000000000e+04 6.478528789079405215e-01 5.417310808556776713e-01 4.564100926281086101e-01 4.322219603087220641e-01 5.755839151476638271e-01 4.778149366080848837e-01 4.391208647001161314e-01 4.341277567831524631e-01 4.089928746966406403e-01 3.791700632239118907e-01 2.424768751158486169e-01 4.421611820932803139e-01 3.517970054670025992e-01 3.014092916972363478e-01 6.379329561077303756e-01 2.679174660745045622e-01 6.636679854799603095e-01 3.686097175023452799e-01 3.128053146619723113e-01 2.545455898295375108e-01
1.142300000000000000e+04 5.560002950272699973e-01 4.680938459918108641e-01 4.813357796431634861e-01 5.405087838601897454e-01 5.439908687430119461e-01 4.631936122501303377e-01 4.401283060816901793e-01 5.338588497567735569e-01 3.970085738502241446e-01 3.924143019855342862e-01 3.421629298910395800e-01 3.449088582864161534e-01 3.071869560621788842e-01 6.590122002483652652e-01 2.784819997561353566e-01 6.592263968202977109e-01 3.734017980509545254e-01 3.474764777161616913e-01 2.596073785847858306e-01 2.487625148087590499e-01
1.142400000000000000e+04 4.774627900205813957e-01 4.789233492137021098e-01 5.573368975685948357e-01 4.947653339150892005e-01 5.104897667822152485e-01 4.484577643158834670e-01 5.362828456028841950e-01 5.035911814797280339e-01 4.022326684473287450e-01 4.010728725121284199e-01 2.746068210190962811e-01 3.100055355787847411e-01 6.905650171981454477e-01 2.964075228566231401e-01 7.052229112722600002e-01 3.813351734163886730e-01 3.620379593560816289e-01 2.969207946783413155e-01 2.610874432561383629e-01 2.744287295596615772e-01
1.142500000000000000e+04 4.847041324870751677e-01 5.473453884003824932e-01 5.165027826671019229e-01 4.598144939683262988e-01 4.903144418270130034e-01 5.506812655636550424e-01 4.994332410301877689e-01 5.081210234204062148e-01 4.094918578597619985e-01 3.615097289920149448e-01 2.351154993999019505e-01 6.625086297103247590e-01 2.958047139555186611e-01 7.141381143056507730e-01 3.886700695224247770e-01 3.522719989137241270e-01 2.948095730197677899e-01 2.842157055269671218e-01 2.740730334008313340e-01 3.510649212677823261e-01
1.144100000000000000e+04 5.724748744387568866e-01 5.714400388217584226e-01 5.554689262375114289e-01 4.947858098007912320e-01 5.387991365109704445e-01 4.298579884001887397e-01 4.698813588886859294e-01 5.082982459688902832e-01 3.492470210010801268e-01 3.532791604596505208e-01 3.638372121404119253e-01 3.786574932247587233e-01 4.427348373875700238e-01 2.941315116343904412e-01 2.372703244735041572e-01 3.557730975057680767e-01 4.774915928731814918e-01 3.505383598998135231e-01 3.622256856431253502e-01 5.080199634938710185e-01
1.154700000000000000e+04 5.584315887113083798e-01 5.248557370777229281e-01 5.246785530239257422e-01 4.742948141312249843e-01 4.741074255973057872e-01 5.342261740530630520e-01 4.831874004548987189e-01 4.954263238955654014e-01 4.012135384314962083e-01 3.521882280873121496e-01 2.797444366941317928e-01 3.365424134984975613e-01 5.852389956808902172e-01 5.031596331846800441e-01 4.007766448305190576e-01 5.022192334215463960e-01 2.204445758159795377e-01 3.198850228336990176e-01 3.859661941711695632e-01 2.979197359346519858e-01
1.173400000000000000e+04 5.113692609570710257e-01 5.603371641466775577e-01 5.094292245977238842e-01 4.498525214334224143e-01 4.924304486029320582e-01 4.659512351616216796e-01 4.397068175778222066e-01 4.966702518954288492e-01 4.395975521476111481e-01 4.008105717915850241e-01 3.601686604421794335e-01 3.897777484796264291e-01 3.653377167799619629e-01 2.530505413403775217e-01 1.985826317476308556e-01 2.714795267535109469e-01 6.411818362449862585e-01 6.034352839591688999e-01 4.197270757871219837e-01 2.827284509628786857e-01
1.173700000000000000e+04 4.825942838057764028e-01 4.712832814723690866e-01 4.894193906188687437e-01 4.398456821878939937e-01 5.520351240786395275e-01 5.841372294858651060e-01 5.182606329900538711e-01 5.438062770047442651e-01 4.076365151231283179e-01 3.609366333109103597e-01 1.977110608547548720e-01 2.075647119783478878e-01 2.998847435213491952e-01 6.902511373849192777e-01 6.362285359501643756e-01 4.720401731809839574e-01 3.272727147391816804e-01 2.287813588746017701e-01 3.952645510049092037e-01 3.828669272598619333e-01
1.177400000000000000e+04 5.781658377985171571e-01 5.450982889315900692e-01 4.807782841630818260e-01 4.240480667985749852e-01 5.023467832053988280e-01 5.023589571781722496e-01 4.465422843172947021e-01 4.285223140006695353e-01 3.832323083840204481e-01 4.617265355673150218e-01 1.308533936019602162e-01 2.701940170015612597e-01 3.415821787334727411e-01 3.276148087991238023e-01 6.255665721960351755e-01 4.671066407946121712e-01 3.400394155200230362e-01 5.565390280672354306e-01 3.269692970726527093e-01 4.555467435777232343e-01
1.193000000000000000e+04 5.452526579037398902e-01 5.600398663011680878e-01 5.308148639065725094e-01 5.274559924236594810e-01 5.489352810117770209e-01 4.608541574007354313e-01 4.728692507748533669e-01 4.408159434448521985e-01 3.510696267278436422e-01 3.978921740289751985e-01 2.660886616671975236e-01 2.693486480642326986e-01 4.340381434151852069e-01 4.900022887370754088e-01 5.722987201774349941e-01 6.244301330542693096e-01 2.879611922663340984e-01 2.201070594289327720e-01 3.373128967573010839e-01 3.269172620148297348e-01
1.193200000000000000e+04 5.381591817351187856e-01 5.495379756894643863e-01 5.334021493053382468e-01 4.732536521219328773e-01 5.469207011943891805e-01 4.526040717566123250e-01 4.402660087058837823e-01 5.293194747332413685e-01 4.018701699370106351e-01 3.562962435654521420e-01 2.986703818746559991e-01 4.443748916883860089e-01 5.479959281490600631e-01 6.107475068941038421e-01 2.689899598583843088e-01 2.002814971049025339e-01 3.441570365606749782e-01 3.356172756025755932e-01 4.912759275701256700e-01 2.826868568969064799e-01
1.251800000000000000e+04 6.162798802984477131e-01 5.859491335036178805e-01 5.409493308689018454e-01 4.782948414052949349e-01 5.314331253617377016e-01 4.698900791967063895e-01 4.326591864492563277e-01 4.496279170686295901e-01 3.678461214610225793e-01 3.540379801051873887e-01 3.647997003633105528e-01 3.811633092338294615e-01 2.256032147163419266e-01 2.926398609137197959e-01 6.625172270574414268e-01 6.140817655715568035e-01 2.826191564564828340e-01 3.042773218460898543e-01 4.076980026001698065e-01 2.522956052361655099e-01
1.251900000000000000e+04 5.918058915685623367e-01 5.425605633226824320e-01 5.141727394538730955e-01 4.929859896417009835e-01 5.284914506120278466e-01 4.499075845901947535e-01 4.517161689935519919e-01 4.696002054935355385e-01 3.663794504424319753e-01 3.988001152630351043e-01 2.963064107092735489e-01 2.226505824546072265e-01 2.995607062751373673e-01 6.872559078225550788e-01 6.420290078156094538e-01 2.819180428418465167e-01 3.097888506496755401e-01 4.544496823193622803e-01 2.584577027180033904e-01 3.759179644937088449e-01
1.252000000000000000e+04 5.580665744785548998e-01 5.237662843905890320e-01 5.330648182062257545e-01 4.984251230515739373e-01 5.152896739927063097e-01 4.788790947654769092e-01 4.811154648874537698e-01 4.740314706428929159e-01 4.192193671349941364e-01 3.433298032811430422e-01 1.678916563842732246e-01 2.861294925775780262e-01 6.833007668567223636e-01 6.465646835775259449e-01 2.853223670599820960e-01 2.996118695496692297e-01 4.483526880204236620e-01 2.797252182395579823e-01 3.733715015092055611e-01 3.933467693316688440e-01
1.252100000000000000e+04 5.387184846104301483e-01 5.390653255950585976e-01 5.349583781703588503e-01 4.829612512379121148e-01 5.437741788187108183e-01 5.081992720715778900e-01 4.832403659215495639e-01 5.475341945256946286e-01 3.576268629462318605e-01 3.334661070447348941e-01 2.123490310829406758e-01 6.421536000028910118e-01 6.331018183818991618e-01 2.827569938528476379e-01 2.985448752002632933e-01 4.273224785816614468e-01 2.718017042570551878e-01 3.976525107783694390e-01 3.846988239220114347e-01 2.994968482886621874e-01
