1.080000000000000000e+02 5.871247670653898520e-01 5.358053646503977419e-01 5.327685090108732480e-01 4.918689349745454242e-01 5.418251415700452434e-01 3.536044947445073361e-01 3.890064839600586577e-01 5.569770856188012154e-01 4.054904373587600586e-01 3.838760152434784190e-01 4.352245084649492002e-01 3.489194684382129208e-01 3.136211738007139149e-01 1.595075726382914061e-01 2.996079079930142330e-01 4.750383539038645075e-01 4.781832015083072318e-01 8.037034051524393208e-01 2.931964134483271422e-01 1.740086172269621756e-01
1.106000000000000000e+03 4.913086139057500357e-01 4.667986915253581892e-01 6.354027526301460060e-01 5.057752746449287740e-01 5.449958953643735393e-01 4.129784812799075500e-01 3.858891961114768732e-01 6.282298781128692333e-01 3.850492153789095706e-01 3.701294455308189457e-01 2.417660580540944848e-01 5.084082769976886462e-01 3.875780301332638622e-01 3.040620418206784747e-01 4.704493801002791464e-01 3.520440529070288371e-01 3.475088425832387751e-01 5.101758730500283168e-01 4.310136791190380401e-01 2.751511475902077564e-01
1.503000000000000000e+03 4.769435009541678205e-01 5.350305990757858732e-01 5.525652905814081306e-01 5.520869592085978494e-01 4.615620396128798930e-01 4.487567807612195536e-01 4.192716953821820636e-01 5.492018016625251908e-01 4.303521971632393583e-01 3.737296049645289497e-01 2.437720313448100695e-01 3.865485487776950113e-01 3.433159698367388435e-01 2.423318731335990794e-01 6.909787518658944139e-01 5.069333804534585930e-01 4.527650097174709676e-01 4.493463332762746010e-01 3.190284820189170367e-01 2.058868215116276823e-01
1.845000000000000000e+03 5.014245180445581207e-01 4.651334229689027544e-01 5.027231533822849041e-01 4.698593469535712885e-01 5.130282717895932043e-01 4.282487327852642633e-01 4.688121212490735656e-01 5.708237789162320386e-01 4.578043655527603284e-01 3.932210175164068122e-01 4.592647927322535129e-01 5.827337015787847907e-01 3.136511054956294120e-01 1.917274052594872824e-01 5.619905137034455489e-01 3.814497314355264623e-01 4.557313509102704496e-01 5.352321025889947848e-01 2.517030183905636376e-01 7.135196906351556900e-02
1.902000000000000000e+03 5.194437930260519254e-01 5.121847333407798519e-01 5.273122355205215328e-01 4.361865650329577182e-01 5.777015966906093869e-01 4.506906341513352565e-01 4.490857669072703118e-01 5.121006014211849644e-01 4.304693784489246888e-01 3.829909333055235288e-01 2.325896751036315713e-01 5.072980919353803353e-01 3.642071724144741451e-01 4.661355722834684689e-01 2.897496422181069509e-01 3.287175848540451750e-01 2.289223794314768357e-01 8.136318131267573639e-01 3.475169805687691182e-01 2.633741456047450913e-01
2.318000000000000000e+03 5.176405710910498836e-01 3.834464829315091250e-01 4.830327555611547141e-01 4.823159470377942348e-01 4.798461156731159694e-01 4.060529112697631171e-01 5.054947582577219434e-01 6.355019648581434755e-01 4.587746871717728325e-01 4.049319192368136533e-01 3.642053235749937445e-01 5.551526037680004633e-01 4.169642924266505069e-01 3.249951317236866033e-01 4.611151243843339409e-01 3.539864012052043596e-01 4.848799419627405349e-01 4.837945885274017033e-01 2.436917829902907895e-01 1.436522222352682732e-01
2.366000000000000000e+03 4.743554384647548638e-01 5.287478647433222489e-01 4.497199379678840092e-01 4.291020884757141274e-01 4.673080063748707436e-01 4.207163710999622386e-01 4.600506501393882841e-01 5.708066076850226711e-01 4.874248975490086955e-01 4.280370038036099278e-01 3.387564222820094173e-01 4.390941268723650426e-01 4.026368953332776224e-01 3.045384427432338836e-01 4.323394401260646780e-01 3.573263351793508624e-01 5.241222894919823627e-01 4.963154674440577452e-01 3.205270526343458881e-01 2.037984798391002939e-01
3.270000000000000000e+03 5.137446796833079476e-01 4.930535219477877318e-01 5.149854820726490479e-01 5.193910870400906266e-01 4.645732953169186552e-01 3.650399590134706940e-01 3.924609334030069729e-01 6.364714654022863849e-01 4.443874435588237581e-01 4.038040610276451003e-01 3.210037054752860608e-01 3.067123168941854883e-01 3.334857693196949802e-01 4.840551188930807824e-01 4.589836912873744290e-01 4.948339500439854488e-01 4.224791633093855081e-01 3.794854847977489620e-01 1.904151950031389984e-01 4.207803697754928240e-01
3.431000000000000000e+03 4.520276029658633621e-01 4.984783266283415171e-01 5.392862938379339166e-01 4.801519051834887142e-01 4.425661409914259381e-01 3.859382921998775751e-01 3.987468303831050442e-01 5.188643958891517860e-01 4.924280080860599651e-01 4.769796995970091436e-01 4.331533602486644097e-01 5.193034439809635083e-01 3.566336802691433272e-01 2.246391784417264004e-01 4.530677371604837633e-01 3.903968902725061807e-01 2.959005098847771742e-01 5.600123851746289239e-01 3.349519304997879976e-01 2.185664283753872561e-01
3.494000000000000000e+03 4.095653494120719551e-01 4.303845983878574200e-01 6.432954232161567365e-01 6.407273072658129509e-01 4.558001938372135964e-01 3.262655141542529225e-01 3.817301596990654300e-01 5.692354378292165951e-01 4.379081700317467019e-01 4.589453993766026696e-01 1.685115359855355877e-01 4.953969294741535911e-01 3.656196822472803643e-01 3.415580254997624410e-01 3.962051970023693914e-01 3.121248810240065397e-01 2.287256451777911204e-01 7.585655035086571463e-01 4.379135873391155065e-01 3.345330637626564574e-01
4.930000000000000000e+03 5.136670954127110500e-01 4.937406827935209574e-01 4.860569856022234347e-01 4.033277525056024326e-01 4.495669748640845342e-01 4.518893016786568739e-01 5.374523584711633495e-01 5.939856595919427162e-01 4.252040501186406529e-01 4.032955511480894040e-01 3.446354904882242831e-01 3.558790489911409782e-01 5.100316068609922482e-01 3.017702715800992808e-01 3.398233319613570003e-01 2.793568953466392113e-01 4.326150663622761461e-01 4.528762902962240045e-01 4.848984322003212499e-01 2.923611283495636259e-01
5.367000000000000000e+03 5.236207665405862022e-01 4.733243732932815862e-01 4.622747911145387301e-01 4.801125904186079318e-01 4.560784459582586936e-01 4.433479245933582558e-01 5.893174032796789641e-01 5.815952664171690767e-01 4.306838382362051521e-01 3.591690985434917160e-01 2.416607880680632925e-01 4.443585027027564527e-01 2.723060105376632900e-01 3.446905316546785003e-01 4.221870961326118499e-01 3.557877306983975307e-01 4.470924534785664095e-01 6.387443866622767308e-01 3.627937972957868129e-01 2.955998693652301945e-01
5.450000000000000000e+03 5.324751750970336817e-01 4.626072428997445862e-01 4.833167113165474094e-01 4.216733182001953240e-01 4.518471566598241118e-01 4.031119835649233929e-01 5.487909824921538560e-01 6.009075631702811560e-01 4.294274805202928924e-01 4.121511024646010157e-01 2.571502552024234056e-01 4.377870092579586592e-01 6.718945356150938242e-01 1.859410839137810856e-01 3.411969429535386955e-01 3.660861927162553098e-01 4.723537850413275230e-01 4.374120683709776802e-01 5.070877335822359111e-01 1.587798521112233352e-01
6.389000000000000000e+03 5.112514954811100409e-01 4.951231148862312303e-01 5.167751683797568996e-01 4.027644808272599075e-01 3.907251968971297562e-01 3.256894742374881746e-01 3.891760163191576583e-01 6.148993374461538819e-01 5.215394396688771694e-01 4.631868034386225630e-01 2.601489823664724921e-01 1.357984381667385054e-01 2.629874401968618214e-01 2.876031929173923363e-01 3.008274508787099899e-01 3.063544036334011067e-01 3.243450998383170525e-01 7.444375101807436668e-01 7.014470454909704777e-01 4.335635831940753415e-01
6.962000000000000000e+03 5.800968749338252239e-01 6.010523599299359976e-01 5.682580402985205614e-01 5.333918160467573388e-01 4.501322466924652099e-01 3.351242567388916238e-01 4.517978589961065827e-01 5.137376219876966799e-01 4.038439241538066549e-01 3.491711108125631902e-01 2.803940655245533153e-01 4.764358825050916124e-01 3.423036275377216442e-01 1.938819795221840558e-01 4.513646750038878830e-01 4.526721393216403544e-01 4.447039852337146271e-01 5.670396658934305778e-01 3.769123645405774159e-01 2.323227098241805455e-01
7.160000000000000000e+03 5.569702975102102105e-01 4.911711501227882248e-01 4.817916261639035302e-01 4.157451477936733308e-01 4.174207545380043682e-01 4.208425851182729938e-01 5.010512390170180907e-01 6.332625576478460028e-01 4.224749808298701725e-01 4.000085734888869649e-01 2.931287902250050426e-01 3.657207433537534302e-01 3.668225753406630929e-01 1.881219489434566294e-01 3.056486529709431244e-01 3.611393403164832039e-01 4.134074400379152414e-01 6.593046472144418191e-01 4.864800191478236835e-01 3.471795658427135334e-01
7.414000000000000000e+03 6.057043024400817766e-01 5.422588596687308860e-01 5.215683661886904021e-01 5.046180438229892484e-01 4.581890680679484573e-01 3.870142980462208393e-01 3.759638106181308892e-01 5.381332502641134052e-01 4.407923292289160355e-01 3.759876654988340006e-01 2.349690130058277315e-01 3.435707949254647176e-01 3.103353651436706051e-01 2.814634821886840554e-01 4.983620740517303860e-01 4.376200523348512395e-01 3.618130898041776455e-01 6.573568860870145913e-01 3.475692780526359882e-01 3.468224322426908812e-01
7.612000000000000000e+03 5.178544319437786703e-01 5.040578908949011616e-01 4.632550294863058138e-01 4.077148759658351107e-01 4.508550185140046129e-01 4.907003459882212648e-01 5.466620599392180146e-01 6.035127427098434527e-01 4.219924024866110734e-01 3.758139775824284046e-01 1.423666762028570898e-01 2.897010703137046783e-01 3.209248374857684438e-01 1.979744424392065050e-01 4.742396184193976016e-01 5.895967120068744682e-01 5.012157753554841166e-01 4.897028736897195977e-01 4.610201348709950797e-01 3.587423353307552798e-01
7.972000000000000000e+03 5.281114722958200058e-01 4.906297789087452621e-01 5.188867372399040834e-01 4.724089546950710483e-01 4.271378598132529736e-01 3.469505721491884520e-01 3.628052525838328934e-01 5.795869216730553664e-01 4.943612242090262288e-01 4.515784760229391015e-01 1.993822353278254522e-01 3.202199664978484517e-01 2.860413766997651486e-01 5.192042553988475140e-01 5.072110840556244282e-01 4.121358085532277893e-01 3.894595065008505386e-01 7.407282155688140746e-01 2.128672761998222362e-01 2.729298060751066402e-01
8.487000000000000000e+03 5.406170344634164682e-01 4.945145436537581873e-01 4.486933085487834205e-01 4.283480998467367185e-01 4.437818779342511122e-01 4.247284721368102534e-01 4.582792260116303473e-01 6.129293228617493927e-01 4.514458894968338964e-01 4.200900026222634254e-01 2.264199713709469652e-01 3.406890848602148192e-01 2.350552139932208517e-01 5.632148705783853737e-01 3.212676887443962070e-01 2.622918003104511842e-01 3.585888288972192695e-01 8.190936254464491473e-01 2.907108980187557701e-01 4.099759245398135188e-01
9.459000000000000000e+03 5.511243768466114190e-01 4.582579858925479588e-01 4.716249676243221001e-01 4.486694878477439641e-01 4.588402476676076702e-01 3.357706278591625071e-01 3.347764654327145539e-01 5.912305250019644909e-01 5.061035896293818448e-01 4.863298631079602252e-01 1.967006577827617175e-01 2.639179569767300393e-01 3.335450386941652412e-01 2.540244976520416587e-01 2.659232771359900660e-01 3.618025480926199688e-01 2.218760993375861745e-01 1.000000000000000000e+00 5.525431347700008322e-01 3.522870765476762145e-01
1.022400000000000000e+04 5.486830629480261567e-01 5.119130555288244899e-01 4.968883361166241408e-01 3.719599203076873195e-01 5.511524555251385848e-01 5.187712259212726718e-01 4.752321880052144398e-01 5.509611815609698482e-01 4.109249000170795973e-01 3.685781075141600915e-01 2.625094403411226684e-01 5.166540660363666548e-01 2.566230712289042093e-01 3.670594602143259499e-01 5.392356040039476550e-01 2.558972796693594343e-01 4.137833806319057284e-01 7.637867191099166897e-01 3.265919607642746580e-01 1.437048455777333866e-01
1.050900000000000000e+04 5.082503222388505826e-01 5.472760224515015315e-01 5.157445186025627626e-01 4.823271305117625141e-01 4.401778164889079692e-01 4.341618182837634343e-01 4.211974269386238312e-01 5.499886283485015959e-01 4.371271275337968998e-01 4.115508251429439990e-01 2.970443221340436923e-01 4.517316949994363284e-01 2.446437857098321400e-01 3.060696472751234798e-01 2.050539177668714574e-01 3.318121862976176062e-01 3.726216102986826817e-01 9.840740188925259924e-01 3.920617937147381493e-01 2.226544240391339635e-01
1.186600000000000000e+04 5.468456923943253445e-01 4.699423760046558263e-01 4.583163942040194838e-01 4.153745811647049369e-01 4.863043349602165222e-01 4.201013518968929605e-01 4.944386915928514759e-01 5.500136272442428531e-01 4.632451593818303626e-01 4.231649285888434697e-01 3.219162169304710108e-01 4.315288675582362177e-01 4.150279988491919481e-01 3.890135822622864947e-01 4.103972061251541237e-01 2.162438916207261586e-01 5.349631157691697725e-01 4.463483804010125455e-01 3.738938795100175128e-01 2.768145074579409504e-01
1.192200000000000000e+04 5.784140939199970965e-01 5.592506055692924027e-01 5.711836168449925255e-01 4.940762712806281431e-01 4.347270072279980635e-01 3.718384797534221575e-01 5.095709941440423885e-01 5.199382728664918574e-01 3.721859356987330947e-01 3.761697822187745621e-01 2.606935592944269464e-01 4.322407640343357005e-01 3.649019454483793945e-01 2.601421205943392767e-01 3.546831122858670193e-01 3.011691659809832555e-01 4.341799348669699854e-01 9.979304302048366271e-01 2.481358450390027115e-01 1.893988413862200126e-01
