3.210000000000000000e+02 5.378167038372224651e-01 5.677192885244223275e-01 4.384779683915720483e-01 4.006600577231911320e-01 2.596474742833179139e-01 3.500436391628466981e-01 6.577970743502484785e-01 6.318728948820098168e-01 6.954927035104658817e-01 6.625067505272872470e-01 2.589211644673123369e-01 3.501726461257819722e-01 4.226206538259169587e-01 2.297297258532707831e-01 7.706273147328187578e-01 3.008483285392771767e-01 1.599067736668161877e-01 4.154522159896221201e-01 3.823057880303826206e-01 8.798488088559484888e-02
5.570000000000000000e+02 5.468491668346818768e-01 5.029254975801352723e-01 5.610613614507408142e-01 4.303368345012117402e-01 1.271094058950953676e-01 3.145712770331105523e-01 7.955331055599983436e-01 6.486663545366129213e-01 6.337558214493145270e-01 6.893421392940078940e-01 6.740679380428545864e-01 3.381378435696913431e-01 3.086795764502540118e-01 2.501037816690754867e-01 3.426408646529645052e-01 4.498631337704778743e-01 3.582655239664377378e-01 2.062884830447230256e-01 3.095004076264151194e-01 1.593740074287366415e-01
1.699000000000000000e+03 5.622421616119367416e-01 5.240875496695540647e-01 5.127119095442613794e-01 3.765509374668714049e-01 3.185251416321925322e-01 3.441347611116502558e-01 7.638181387939518840e-01 6.016477481557386264e-01 6.135937579811129305e-01 6.119419119458529011e-01 6.558145923530599442e-01 3.255437000013417514e-01 3.849322112663729478e-01 5.515987064223194514e-01 3.014987009036616539e-01 1.135636249384654878e-01 3.659683242740378595e-01 1.580860748549973993e-01 4.728233019297436446e-01 2.216260962461745199e-01
1.787000000000000000e+03 4.827139505474908332e-01 4.402148501304512518e-01 5.295039336756545145e-01 5.232849203981906339e-01 3.764493481987831736e-01 7.625606696327698331e-02 8.023079339040201097e-01 7.203085651602786355e-01 7.096236484133323641e-01 6.231587095483920313e-01 3.526334916780779483e-01 2.590068404871752605e-01 5.391701315431365327e-01 4.526793961699097646e-01 3.723971324091799873e-01 3.478470351734636035e-01 2.317347912875065141e-01 1.177031711263073210e-01 5.906577783556803407e-01 2.390844112938851906e-01
2.100000000000000000e+03 6.593848981284198274e-01 5.201658891826628217e-01 5.102516683110760454e-01 4.372516947339495363e-01 3.372378051916044561e-01 2.524003668706646941e-01 6.913930510554184838e-01 5.811157426671190729e-01 5.692631492587386655e-01 5.998175549003890161e-01 3.370071065750666062e-01 4.812573553005894400e-01 3.692631503624064782e-01 4.602223105083524390e-01 3.328861138378297335e-01 2.762148343946586038e-01 2.483441048350442937e-01 2.866399224237076160e-01 3.563148650800028183e-01 2.503954574227605923e-01
4.082000000000000000e+03 5.629559344906008844e-01 6.497765089377515180e-01 2.594191740348309461e-01 3.012643147672295907e-01 4.097254879758851498e-01 1.717410197730346588e-01 8.125551672819999460e-01 7.596459864134383899e-01 7.808007283496734008e-01 4.912614675119215124e-01 4.119609649752664637e-01 4.050415813487871497e-01 3.846339953749727814e-01 4.906102270037395185e-01 3.356747346319464143e-01 1.922082515175058126e-01 1.979919877116242399e-01 4.406371536874086892e-01 3.054167229748014911e-01 2.342325904773960854e-01
5.009000000000000000e+03 4.884180156576531373e-01 4.421790291788323946e-01 4.301662381108476985e-01 5.104842477112651045e-01 3.725030587450222641e-01 1.414089954190727305e-01 7.252081470384259543e-01 6.860146154949372521e-01 7.661323067596005343e-01 6.881761078435127965e-01 3.400527012847686104e-01 3.674117833768665853e-01 3.235270850976558199e-01 4.700999189151019997e-01 3.207559346639854980e-01 3.539877007355056726e-01 2.897778559075382954e-01 3.094828149486714697e-01 3.354793213054739764e-01 2.395938085796939787e-01
6.705000000000000000e+03 5.017643831283377098e-01 5.164205262739210989e-01 4.483371487256462284e-01 4.340404129266371425e-01 3.881894912007598508e-01 3.895131427161138138e-01 6.377308589362109537e-01 6.032377427859124674e-01 6.564043167797412037e-01 6.537993579634243657e-01 4.772283820109807229e-01 4.810349107927814338e-01 3.901561271346157822e-01 1.472392965017373934e-01 3.591001698040749424e-01 3.638104081830856873e-01 3.519183582982032821e-01 2.992409231311858320e-01 3.685587380763380438e-01 1.185537378167594857e-01
7.415000000000000000e+03 4.692311183330147295e-01 4.021725467138815846e-01 4.195176369235767422e-01 3.460491011840972075e-01 2.986905480463575846e-01 3.569869926878639910e-01 8.537998516771340141e-01 7.880615773226622434e-01 7.555606298542582033e-01 6.191137138897812031e-01 3.714860817214143407e-01 2.740079331296341736e-01 2.753849111915324666e-01 5.604634833539121619e-01 3.807428423191489553e-01 2.573987550090301446e-01 4.075000202820984740e-01 2.337417756174411665e-01 4.089290244408996799e-01 2.185273668073515752e-01
8.463000000000000000e+03 4.893443923584284150e-01 3.616632722131963296e-01 2.220593685908581472e-01 3.145212746657156111e-01 4.130172922416973647e-01 4.099514180424548848e-01 8.616099650824916578e-01 7.208308674295835772e-01 8.100510172038869472e-01 6.836456945831421717e-01 3.680458639297332080e-01 3.312402877453959338e-01 2.594311644840157083e-01 4.201705568008868297e-01 3.779677647557452835e-01 3.282169829482206036e-01 2.557921158760611546e-01 3.240982694189292745e-01 2.238769243219520533e-01 3.749134152648084251e-01
1.018800000000000000e+04 6.742358347742878344e-01 6.564429067673785978e-01 1.852632769399321921e-01 2.239054579400932554e-01 1.876282103530962364e-01 1.932175808287334706e-01 8.126004784270430825e-01 6.697422254263473151e-01 7.306792562548501957e-01 7.656475489611062057e-01 2.604250428814403606e-01 8.839827337062554358e-02 6.009175760983853642e-01 5.417941780521423611e-01 3.000144823503335667e-01 2.890249335505206685e-01 3.696066791485613789e-01 1.955490557640973681e-01 4.864889531188144600e-01 2.708231022921737119e-01
1.082800000000000000e+04 5.872055735432304413e-01 5.276664700522126772e-01 4.507248249078002478e-01 3.991853025505628372e-01 3.319482132052350432e-01 3.488470480927454709e-01 6.814303800887506757e-01 5.894205332915043449e-01 6.714700349551475655e-01 6.051775657186401203e-01 4.193148240369119484e-01 3.900507680174154501e-01 2.850846598221997152e-01 3.225594393298569229e-01 2.448417484238519515e-01 3.167119837862583664e-01 5.379764684427795762e-01 2.363521752676696897e-01 3.602289724854703112e-01 1.833305509441161829e-01
