3.320000000000000000e+02 4.010468434980373753e-01 3.595297813607379878e-01 4.290424535100641479e-01 3.925476404504925632e-01 3.662284708608790074e-01 6.009676145144940973e-01 7.413962293582639917e-01 6.477555016334239912e-01 7.473560400784603486e-01 6.582434512338749544e-01 5.267007236568406192e-01 2.742316726129100934e-01 5.639636262956581048e-01 2.575729380411561631e-01 1.632584568770081013e-01 3.220406160588912825e-01 2.088311367490018888e-01 1.852596701321108374e-01 7.959636074501871272e-01 2.217355375079038404e-01
1.436000000000000000e+03 3.120283972181531196e-01 6.161187542313876220e-01 4.826573570019876969e-01 2.101606087873525153e-01 1.765037754065229836e-01 5.066511261669883748e-01 8.467200238086057817e-01 6.680458189640503530e-01 7.406166799312416948e-01 7.877770689200578325e-01 5.623486612411968677e-01 4.231273977282781207e-01 4.127607618829490232e-01 4.260635223548058792e-01 2.142243744537251637e-01 3.756129348900039133e-01 2.941884884329332150e-01 1.981792762917043704e-01 3.815503274136869960e-01 1.882349323026714094e-01
1.700000000000000000e+03 5.525043050860671823e-01 5.228572914543812011e-01 3.566404653974087346e-01 3.651135479874021983e-01 3.101094567410377367e-01 6.075589336023934361e-01 7.117950767622192032e-01 5.439095342793792698e-01 6.280144012480725069e-01 6.355720199923730052e-01 4.460031990090831400e-01 4.019380886318053570e-01 5.653266525258096031e-01 4.596428439256451948e-01 1.621438520290208740e-01 4.890504613441196691e-01 1.836047047337910076e-01 3.174506218020061166e-01 4.265226601068128343e-01 6.788503077374206940e-02
1.788000000000000000e+03 4.859186380861374444e-01 5.297402967449336142e-01 4.806536387964280843e-01 4.241262365731874873e-01 6.523030593082519701e-02 6.289596361724832940e-01 8.660494689617258546e-01 6.320040719422700404e-01 6.322439642654801295e-01 5.932301373134724054e-01 3.000854781717947617e-01 4.797608866515116199e-01 3.981975369372016127e-01 4.839513978815881967e-01 4.071710737654122836e-01 2.647860242538277453e-01 1.152472577436353396e-01 3.432693172787155689e-01 3.961409523625256668e-01 2.486285997654331392e-01
4.083000000000000000e+03 6.465513320033022815e-01 3.104274206248188173e-01 2.922722312557679003e-01 4.772619835475438443e-01 1.611390008661922613e-01 6.502964091730593088e-01 9.376441884092634460e-01 7.152946700463673757e-01 4.974532332281841884e-01 6.078854898116137218e-01 4.863529211597805713e-01 3.518523165589023671e-01 4.424823805269061938e-01 4.473553856706327103e-01 2.335222150770743521e-01 2.328184470770015002e-01 4.435019372594342091e-01 1.711427858444146965e-01 3.980830505938142694e-01 2.222720852086388921e-01
4.919000000000000000e+03 4.431949610869274636e-01 3.389474323877422202e-01 3.679864372419376362e-01 4.000388451975396276e-01 3.617773532326752917e-01 6.260221194283822621e-01 7.625357433090317327e-01 6.069847430368772168e-01 7.307901898389762563e-01 6.890326836315251446e-01 4.239627743280803274e-01 5.106792065953867921e-01 3.501290289399793809e-01 5.666745878741210607e-01 2.967907055731578980e-01 2.860930326994777229e-01 2.188615414087755340e-01 2.450897584428350651e-01 2.975296127290850690e-01 2.624238738224501932e-01
5.010000000000000000e+03 4.785928206570692067e-01 4.332011680405520315e-01 4.549511107720050629e-01 4.038669727010335553e-01 1.097677040577156871e-01 5.526939254849755345e-01 7.992831163932448968e-01 6.752151747409589344e-01 6.910521601316391704e-01 7.092669598998184721e-01 4.338323911356790075e-01 2.916079248756136555e-01 4.180474584558950268e-01 4.202738268089256657e-01 4.191719598419084147e-01 3.348872299045320133e-01 3.069014171872570529e-01 1.872434204156753212e-01 4.014175848875451980e-01 2.173674087383889175e-01
7.416000000000000000e+03 4.604627144939325012e-01 4.392972034178939666e-01 3.240913148183407477e-01 3.361355875557036632e-01 3.168374110815631584e-01 6.738418640477094046e-01 9.656866296981027054e-01 6.816311908389649510e-01 6.312611077014508298e-01 5.463747635161275706e-01 3.265525216868553349e-01 2.519480577550159972e-01 5.032181383341626235e-01 5.082819041052087927e-01 3.104967672588629379e-01 4.770047693865585581e-01 2.351755997474045956e-01 2.367060414828202064e-01 3.709567308642841565e-01 2.039885487492522076e-01
8.464000000000000000e+03 4.288340661710319246e-01 2.684165879013405420e-01 2.922419194479430327e-01 4.678092638120359692e-01 3.605349701465056511e-01 6.764885106393935255e-01 8.672447980611727170e-01 7.331002209371232370e-01 6.997654966618663819e-01 5.996386967914657529e-01 3.841059853113365508e-01 2.301519352631429816e-01 3.687938668909231943e-01 4.892875122196925775e-01 3.828599838330876692e-01 2.909590239121768729e-01 3.162703628185833393e-01 1.151160186862965479e-01 6.187305498287163363e-01 2.650567141225130263e-01
8.644000000000000000e+03 5.066974396241702427e-01 4.880004297495831311e-01 4.521612851355748530e-01 3.953656677251699558e-01 3.001599478233551443e-01 5.629599156869110610e-01 7.064602024098685096e-01 6.271013558119888920e-01 6.529286521511576957e-01 5.800377786701104155e-01 3.887638588353307667e-01 2.840572588196885739e-01 3.564029898890440085e-01 4.190987807894326345e-01 2.752362627665520534e-01 4.495165719239613278e-01 2.778558774845810708e-01 2.589728569404555758e-01 4.811145528011632755e-01 1.997800915654936171e-01
9.008000000000000000e+03 3.773028721402824637e-01 5.027290489180308297e-01 4.800925687373760464e-01 3.127394329186220512e-01 3.389651802931283875e-01 7.226768358562201122e-01 7.891464315646313787e-01 6.579023710838310945e-01 5.746581326104761578e-01 6.080363320335586685e-01 4.203438932037829034e-01 4.907764010338698801e-01 3.393801670160049855e-01 2.865646197189372080e-01 3.657741389265382892e-02 4.248269040704253374e-01 3.523621589005292987e-01 3.366262106730523729e-01 4.086721048314300164e-01 2.119505779098815601e-01
1.073900000000000000e+04 5.668072120685686555e-01 5.112239516264176498e-01 3.644010924657594686e-01 3.418851061295142268e-01 4.046218957176331288e-01 5.758119997885349228e-01 6.699923652910383387e-01 5.911638778834508168e-01 6.227265269221013977e-01 5.675168943247265174e-01 5.587588859697250054e-01 3.941970570072761970e-01 4.207220652115908344e-01 3.358253280537209506e-01 2.684439430081672073e-01 2.581743350717340957e-01 3.292260847492355369e-01 2.664533648430613688e-01 4.260764395463490506e-01 1.832306168562086168e-01
1.084500000000000000e+04 4.102282242025723780e-01 3.381581327036213835e-01 3.592785662071432129e-01 3.871267965069960515e-01 3.604250731888685166e-01 6.033073278860949795e-01 7.787836050527873200e-01 6.798241104267378487e-01 7.468882145399243777e-01 6.816603536346002024e-01 3.504095973863967650e-01 3.271695342058432154e-01 4.112637715153554252e-01 3.012569930203857771e-01 2.370071982940598343e-01 2.864847497938247112e-01 2.396256055586258038e-01 2.488986028722004751e-01 7.108573953341580376e-01 2.855993662536686628e-01
1.084600000000000000e+04 3.977180492068692064e-01 3.660004920227046821e-01 3.353483360001150992e-01 3.805935158684159436e-01 5.102752324824734176e-01 5.866523204733098407e-01 7.797788530141436247e-01 6.481479342712495040e-01 6.760884248242579053e-01 6.646456869537614720e-01 3.892762341991130026e-01 3.739066901538595777e-01 2.744266278731428144e-01 3.105303853917935619e-01 3.433753193038196483e-01 2.797653175966713923e-01 2.492106665690554390e-01 4.266698223451243499e-01 4.826616191092392150e-01 2.029512922074469539e-01
1.239600000000000000e+04 4.270728815796528965e-01 3.617959170803433655e-01 3.180086665016532144e-01 3.589638336374381677e-01 4.113939278831665880e-01 5.489057883901433676e-01 8.125844168781422017e-01 6.726205235163769114e-01 7.428739845955122378e-01 6.775363454316765122e-01 5.097725746519359280e-01 4.558188772174535663e-01 2.469505532095048472e-01 3.009350143196825034e-01 2.772884313577345661e-01 3.288332575483951525e-01 3.042437166661392522e-01 3.227554353855371372e-01 3.373902827735066889e-01 2.467403616249062293e-01
1.239700000000000000e+04 4.155002705456050660e-01 3.316612002559087835e-01 3.107893537178341714e-01 4.418866896420388102e-01 4.630517804666478554e-01 6.144591119867697238e-01 7.709081717337999962e-01 6.449735124773111616e-01 6.723567633631768459e-01 6.808624797442791587e-01 5.874744753988020429e-01 2.433497568737095773e-01 2.964038054606265016e-01 3.954441548963892328e-01 4.240277293944693660e-01 3.827242881571523148e-01 3.484207888369955652e-01 2.060032008076287668e-01 4.476286604053575369e-01 1.246099202289471519e-01
