1.337000000000000000e+03 5.089524937472525989e-01 5.518471177454538079e-01 5.827182157604410273e-01 5.453732348631183946e-01 6.126619356322181575e-01 6.762301273686930347e-01 4.818645633437796949e-01 3.133212972214748371e-01 4.837335293573836736e-01 4.879935113188997864e-01 5.529581076500187375e-01 3.724842283109460750e-01 4.224462154508613065e-01 1.786435711861843745e-01 5.288710719226057400e-01 2.617969914309657420e-01 2.811797917719348061e-01 2.440445857133925756e-01 4.053307083486747397e-01 1.757238651902633120e-01
2.749000000000000000e+03 5.978465873729255087e-01 6.166955666846550832e-01 5.903958614362974089e-01 6.929399426731207567e-01 5.533446694555056444e-01 5.771970406864970204e-01 4.314406509916030030e-01 3.649441175441430207e-01 3.985568268232184685e-01 3.779194584613085328e-01 4.393929804828731189e-01 4.338343985850761086e-01 3.647661165093997737e-01 2.934072876569670529e-01 3.463363852767739615e-01 1.643961247640914614e-01 3.214419933644506178e-01 3.688316877509262293e-01 3.866971897872275576e-01 2.303945500097344667e-01
2.967000000000000000e+03 5.872566369668719144e-01 5.885150642190678516e-01 6.078506598715430753e-01 7.199216068139808744e-01 5.762003876639210098e-01 5.753608625898222195e-01 4.489528774291505209e-01 3.898260945411118339e-01 3.821876762737750344e-01 3.468098064873202380e-01 3.107435719617938630e-01 2.032571697789555543e-01 2.876107731320632910e-01 4.831445975093784928e-01 3.318947375185024029e-01 2.175579552140653183e-01 4.873463676287397850e-01 2.937290168408053792e-01 4.148535559882143287e-01 2.568956685754693048e-01
3.631000000000000000e+03 5.490953092404573521e-01 5.247857173408699838e-01 5.542401621430825820e-01 6.043790161890562063e-01 6.445621168662776235e-01 7.950555197228291737e-01 2.651969641947572454e-01 4.143987753972330768e-01 2.859461961698166466e-01 5.403213689593850955e-01 4.118186847098943559e-01 1.851143605139622672e-01 3.974041971718443311e-01 3.141798311963049928e-01 3.001220707396413667e-01 2.697971427523546128e-01 2.337664537000214704e-01 3.171505089636940111e-01 6.621761613149166337e-01 2.854679974164966438e-01
3.738000000000000000e+03 6.267354372764648573e-01 5.929904996978457854e-01 6.330748528419165577e-01 5.836222934931674100e-01 5.602957560517720648e-01 5.579295989872388173e-01 3.787107508496699304e-01 3.627342671372716931e-01 4.848669759240887833e-01 3.771903903080745524e-01 6.971080420568979141e-01 4.220751475737909431e-01 3.894190318198223477e-01 3.591556447803598839e-01 1.739622068179197678e-01 3.754584029076620255e-01 3.032744743629956496e-01 2.350402820850086283e-01 3.325762876517295852e-01 1.792659218182216796e-01
4.357000000000000000e+03 6.319831593778481027e-01 6.843532416842059707e-01 5.941813665655243382e-01 6.750062243849951349e-01 4.997001839809072643e-01 5.408288097406461770e-01 3.612702555256688819e-01 3.672997061157569076e-01 3.985108675905368325e-01 3.952698457275431454e-01 2.695827261575432510e-01 2.520635379669294851e-01 5.473872704599036521e-01 3.066566459388017085e-01 3.059557143403032753e-01 3.098097346150101017e-01 2.226897013950554227e-01 1.441168257321562562e-01 7.909568256646206663e-01 2.951511868301573971e-01
5.394000000000000000e+03 6.172352700620685750e-01 6.315808117690387968e-01 6.316921598817999417e-01 5.680541913196557324e-01 4.952951590119626935e-01 5.475616946150392295e-01 4.380150348877241973e-01 4.076696970239018780e-01 5.115789481288823826e-01 3.300451302600641568e-01 4.442724273921569988e-01 3.643205514309595938e-01 3.530671758681769301e-01 3.909892594081426087e-01 2.585624683668670265e-01 1.673213445453257120e-01 4.317433849913855926e-01 2.571428870946450007e-01 3.970097617037470772e-01 2.819314367427608881e-01
5.606000000000000000e+03 5.690385814564188349e-01 6.347289805184708200e-01 6.179942734912764468e-01 6.149623539445969733e-01 5.615830562894273958e-01 4.907088849321672996e-01 4.352065454566805824e-01 4.496376060430349875e-01 4.673495855559908208e-01 3.578486053254189003e-01 5.222510395877791867e-01 4.143605340550112204e-01 2.582667891226348988e-01 4.395825498818327071e-01 3.812718199891608206e-01 3.597011753074542684e-01 2.977811818454784154e-01 2.103793785127998639e-01 2.546225126706201936e-01 2.554887811723094426e-01
5.631000000000000000e+03 6.122703932516583292e-01 6.262724349390774714e-01 6.263399334719027545e-01 6.682074596462074245e-01 5.807114928955473543e-01 6.226672931713849168e-01 3.352074759439149232e-01 3.206188684188752136e-01 3.809289204982899135e-01 3.927549652552179693e-01 3.134824657486791066e-01 7.349560712552108410e-02 1.287512749262645639e-01 2.141204236183383292e-01 2.507583176683051973e-01 1.550242590074990545e-01 1.000000000000000000e+00 2.692492858297471092e-01 2.690637497507841758e-01 2.973963354293189254e-01
6.058000000000000000e+03 6.070740679894105485e-01 6.122889850079910046e-01 6.141297350139445221e-01 6.426508840898000896e-01 4.949637958715227271e-01 5.723918284779669907e-01 2.964727496352878577e-01 3.034166274211022585e-01 4.748068417344939451e-01 5.183988941079695767e-01 2.251623999062483950e-01 1.485356607250528371e-01 4.822096643623796641e-01 3.675314777944466704e-01 2.493451128587470811e-01 2.513567062647946715e-01 3.179386844593799499e-01 2.475861125865752022e-01 6.643945056169658914e-01 3.644323347060862139e-01
6.240000000000000000e+03 5.939963382799313685e-01 5.718934779923129375e-01 6.717314788068894371e-01 7.576950291722117647e-01 6.195223774910336711e-01 6.027823218445524933e-01 3.608399385108077562e-01 2.379978913030147136e-01 3.897203308597554927e-01 3.950162102019068033e-01 4.831862588027145966e-01 3.867767208931845446e-01 2.874313474208474717e-01 3.140548479145812144e-01 2.386860125028635593e-01 2.606962421715534606e-01 2.770222653007092251e-01 3.326945740363760340e-01 4.915740375389238692e-01 2.797966058379046106e-01
6.383000000000000000e+03 5.612169346036508522e-01 5.387490104719312445e-01 5.309896875976807262e-01 5.312095277932493698e-01 5.052602414462775693e-01 6.441581240083239512e-01 4.353874394180350382e-01 4.222727030324310848e-01 5.580868352145470501e-01 4.733988463162728255e-01 4.815446943174828132e-01 2.113181326718226172e-01 5.620462585289475177e-01 4.681922739173574044e-01 3.568718280907617335e-01 4.142037362510649912e-01 2.773778836425389582e-01 1.098180271373137701e-01 3.658340805431594678e-01 2.367201743093438893e-01
6.533000000000000000e+03 6.489198164125244972e-01 6.503557859837927335e-01 6.163474371098005555e-01 6.465564501928333652e-01 5.657438066836010249e-01 5.716366056548872754e-01 3.432269834271007292e-01 2.948488367273534028e-01 3.701146326754561344e-01 4.261246272426630899e-01 4.828576010158138199e-01 3.390959247987293534e-01 2.257138576085265802e-01 4.211157632396301254e-01 4.294708899727853191e-01 3.052476554577867041e-01 3.145684914762084672e-01 2.256892517207537696e-01 2.812218425938798894e-01 3.159889052447714120e-01
7.406000000000000000e+03 5.803666015721833382e-01 4.975552837569249265e-01 5.113324578076734461e-01 6.321032698478213918e-01 5.288965404456446029e-01 5.547481048812041848e-01 3.990959176358694904e-01 4.022700417173434295e-01 5.815166362959500734e-01 4.980748136048060992e-01 3.394949534030294869e-01 3.493329492239065637e-01 3.611268560095773905e-01 5.407359795334805153e-01 2.745720515297088715e-01 2.233859225484422784e-01 2.524825611990778040e-01 3.705118214540436550e-01 4.056149768256344657e-01 2.668492828278187790e-01
7.979000000000000000e+03 5.736967652776618909e-01 6.828872057526450545e-01 6.661864122810522426e-01 5.887395219913535982e-01 5.883254735210858843e-01 4.893780348081869791e-01 4.069141633005105563e-01 3.032226971478625965e-01 3.886515537584330215e-01 4.794321914795959261e-01 7.653045545959411555e-01 2.001125559103434370e-01 2.852392532699581928e-01 4.226905505047711675e-01 3.936661395914082817e-01 3.392583864562459528e-01 2.040504675745228036e-01 1.980650245124933317e-01 3.494980366722071907e-01 3.077322514510356100e-01
8.233000000000000000e+03 7.116918251674054785e-01 6.072396204604583181e-01 7.264238768075588215e-01 6.373073004056614144e-01 4.622620421660724177e-01 4.899661004951307852e-01 3.693148809923534337e-01 2.613877676849792331e-01 3.892703868719505356e-01 4.529034431356133705e-01 3.353784553658580858e-01 4.376579028785153036e-01 3.155996557511768774e-01 2.726218959431221389e-01 2.877551944330375977e-01 3.356213881842484703e-01 3.894144227045432394e-01 4.281358506781913764e-01 3.197717952163966482e-01 1.436425762254095739e-01
9.039000000000000000e+03 5.813082129754123528e-01 4.352400056713283671e-01 5.662429849193018061e-01 6.537193565615695423e-01 4.515585808439615545e-01 6.367313899478532768e-01 3.619556254777803739e-01 3.542314259368087859e-01 6.342563859541096027e-01 5.195537859373769995e-01 2.604290104490725732e-01 2.389531173269952014e-01 3.009731162281212291e-01 3.438919313769604469e-01 6.587904208719752575e-01 3.464281290284849657e-01 2.804761047516675099e-01 1.784989362816598868e-01 3.223969146164431532e-01 3.525344567877695678e-01
9.065000000000000000e+03 6.497916992897169175e-01 6.393605031001299288e-01 5.206889945509423079e-01 6.124111782108844215e-01 5.990968014227353589e-01 5.512799951803428744e-01 4.566170154084291943e-01 3.561748368207647286e-01 3.713256174406403542e-01 4.008085040221640583e-01 5.202322349380149591e-01 4.643753839013591289e-01 2.913003418751214380e-01 4.231744267076653077e-01 3.415303140158030271e-01 2.544581566212346102e-01 2.272431149752500434e-01 2.644248180398121595e-01 3.395916525620699122e-01 2.907966336126441287e-01
1.030600000000000000e+04 6.000047997354646112e-01 5.700018691719096475e-01 6.094581972248950263e-01 6.710453703699941208e-01 5.264575709212946375e-01 5.846045457282319502e-01 4.709109444272673306e-01 3.441234737679551015e-01 4.081057339168596143e-01 4.255678655448790759e-01 6.159761855839368527e-01 4.180634930535253035e-01 2.292054698281748015e-01 3.309400675287408333e-01 3.439190859509748122e-01 2.959227802292391241e-01 2.847291372857346792e-01 3.137796292671204967e-01 3.131733544848461226e-01 2.327276475209236195e-01
