1.030000000000000000e+02 5.716407867849008229e-01 5.198604462672691273e-01 5.054692823204114394e-01 3.107695858539489819e-01 2.726397388860337112e-01 5.528609393066035160e-01 6.165143376507160600e-01 5.545188140529047072e-01 6.346314875074179351e-01 6.514391239815089385e-01 4.491810470439808745e-01 4.430226675479300713e-01 2.540977025700589254e-01 4.403924505785772880e-01 5.942815155532328308e-01 4.285607750868927202e-01 2.235598669865754007e-01 1.940971614838713499e-01 1.894056815298204577e-01 2.008212321955037960e-01
5.880000000000000000e+02 5.528161356923402270e-01 5.540523198895437318e-01 4.676971239406484404e-01 4.321280677033892403e-01 3.675462366373404288e-01 4.364589327132857854e-01 5.496154843670507661e-01 5.133496326314008762e-01 6.190708110748525117e-01 6.829220899006878120e-01 4.864836131377382467e-01 4.695362979328846498e-01 3.681971569644172382e-01 4.462177884509240244e-01 4.534614515220129483e-01 3.768128507023706941e-01 1.571034374545966505e-01 2.163254262505019954e-01 2.881243667862374847e-01 2.167396892931373331e-01
6.990000000000000000e+02 4.415378789930647363e-01 4.852688224577845211e-01 4.616033632177890533e-01 5.313553214305752892e-01 4.383308564183561740e-01 3.397446105190901622e-01 7.779514988025615363e-01 5.084888384557441077e-01 7.183501458370888937e-01 6.149321077116358669e-01 5.226781777552238495e-01 3.220461785610888583e-01 2.860375527382152394e-01 5.667878593591347824e-01 1.409911915587531983e-01 1.854203462908308453e-01 3.105053929654525424e-01 3.610903555681059252e-01 4.658908676324204357e-01 2.589001105244734258e-01
7.050000000000000000e+02 5.807236966865462202e-01 4.369840187218744232e-01 5.596643064421938929e-01 4.994703877228540700e-01 4.034176007205709791e-01 4.434715347658466644e-01 4.955633144098166576e-01 5.393192017793634330e-01 6.258278770946353875e-01 5.985743049131544424e-01 5.320963268421426973e-01 5.169480603220535375e-01 4.300204581196614972e-01 4.474238453802036886e-01 2.237877523537753766e-01 2.274639411539609024e-01 3.696737476738579664e-01 2.851381024044467027e-01 2.528221831548448928e-01 1.614752387413324886e-01
7.080000000000000000e+02 5.257091638943612866e-01 4.613314245649378087e-01 4.345648531495176492e-01 4.110849163990426547e-01 4.481585512089891754e-01 5.190180676071728394e-01 6.347372977181970910e-01 4.950526217081550606e-01 5.370127385218330662e-01 7.527296913544699875e-01 5.027163828191745232e-01 2.810293619243476315e-01 3.764293920882945121e-01 7.903161117803433333e-01 4.582171176098142062e-01 1.871140539336881570e-01 1.744273893651693830e-01 1.357040780620442366e-01 3.990868235173285483e-01 2.926165446084035837e-01
1.444000000000000000e+03 4.816640169036517372e-01 5.009584995112122963e-01 5.213537597184524364e-01 3.997739885310701569e-01 4.442571158559310840e-01 5.190860052908112809e-01 6.968227775964502824e-01 5.375708506712035817e-01 5.628766029400085191e-01 6.105970819332905419e-01 4.328559410619080006e-01 2.988482498585439684e-01 1.884984108881679332e-01 7.362638027190614443e-01 4.567708845833978737e-01 1.768321144929069777e-01 2.464880153116886796e-01 2.166150897123770569e-01 3.275130167485379995e-01 3.602336152039951056e-01
1.446000000000000000e+03 5.367871595326375589e-01 3.803462592386885888e-01 4.485098629550080540e-01 5.024405399110387638e-01 4.655537877595599672e-01 4.606592322447879972e-01 5.169162601756432940e-01 5.260359423018085012e-01 6.496280242292872265e-01 7.139620752656997693e-01 2.061295318748369021e-01 6.061333288896152416e-01 5.543597042472998560e-01 2.853627241404584347e-01 3.518783451602922607e-01 2.586948806943236145e-01 1.883151931745571661e-01 3.693563155666778064e-01 3.829814788516336943e-01 1.857920523873680951e-01
1.447000000000000000e+03 4.287672781013665557e-01 4.422862866167540652e-01 4.400190243370652454e-01 5.055146614918534231e-01 3.847085927784283377e-01 3.790523302665352867e-01 5.656561838289495547e-01 5.510835624986698544e-01 7.123999735362689378e-01 8.341608244921513426e-01 6.956904559073417982e-01 4.821314972428551449e-01 2.487369627744992762e-01 4.458072414453773114e-01 2.969063477676758267e-01 2.101279530076316793e-01 3.536942977950475187e-01 2.092733252318997872e-01 3.012170484797632719e-01 2.239464149643403124e-01
1.809000000000000000e+03 6.555876048875044493e-01 4.792356523674965452e-01 2.342724656808484740e-01 3.952731547817375790e-01 3.585625658338702504e-01 4.353803722521338293e-01 5.604034713250328759e-01 4.799820479178444899e-01 8.100509615236533012e-01 7.041163544120661033e-01 5.608441787227115283e-01 4.941954869082100243e-01 3.835660848099893272e-01 2.169357881881747996e-01 4.871037291607684394e-01 3.061639517705613822e-01 2.428184373399522866e-01 2.867442049051378006e-01 3.521260486294265912e-01 1.186093933815162149e-01
2.719000000000000000e+03 6.039715950292261493e-01 4.278495927785366804e-01 4.134131206767325817e-01 4.395994629834356626e-01 3.570043538995842369e-01 4.187352724164543627e-01 5.622974172748208543e-01 5.987439718804065114e-01 6.639924079112199395e-01 6.782204606149059289e-01 4.828986370796775618e-01 5.284265829817273996e-01 3.670814613248278846e-01 3.054221685376921069e-01 4.281830948212973498e-01 2.886779622449615612e-01 2.915371603524969379e-01 2.855721326289779594e-01 3.027624544638063409e-01 1.416089830674008287e-01
2.939000000000000000e+03 6.181688823322736281e-01 5.110132864608648573e-01 4.228502517642257486e-01 4.769093490638722788e-01 4.081858350390462076e-01 3.781698818943260987e-01 5.635193662383358726e-01 4.641066446449873539e-01 6.656922933617834826e-01 6.433382140700080187e-01 4.135388583587374933e-01 4.279881595942274242e-01 4.500469227249860871e-01 1.741414468415212746e-01 4.864152374706081639e-01 3.525574721567052983e-01 2.444381638758668374e-01 2.925817037652245212e-01 4.243517629344384923e-01 1.334142956112325529e-01
2.945000000000000000e+03 4.691517975369911553e-01 3.817007719643604746e-01 4.857325264792720643e-01 5.160288496419830340e-01 5.023378952239968553e-01 5.492419952215684686e-01 5.235830009578026356e-01 5.360746489603573917e-01 6.492121790396474523e-01 6.452724281585661137e-01 5.195160997736405495e-01 5.180079621797911704e-01 4.807961837067879496e-01 2.647920604408010581e-01 3.545374696025040406e-01 1.813966511804067649e-01 2.576455707833891773e-01 3.416235707934981436e-01 4.156940407190738984e-01 1.330328004359966898e-01
2.947000000000000000e+03 5.056232248861112222e-01 4.573317858930989743e-01 4.960428359581688929e-01 5.178316157699848210e-01 3.302373590077469223e-01 4.435930912826226424e-01 6.185158656422296009e-01 5.507840197656000969e-01 6.588654959079566220e-01 6.688635690161378600e-01 5.442609885476844545e-01 2.308192930660518949e-01 4.400515273453770027e-01 2.997637125399735258e-01 3.754965518843820238e-01 4.155064591644652139e-01 2.506618465051396738e-01 1.248155774443699961e-01 6.117140432786534188e-01 1.971194313008195198e-01
2.960000000000000000e+03 5.628443461496749345e-01 4.831357609706739553e-01 4.573381135838659461e-01 4.795391281140635731e-01 4.211651248919117130e-01 4.319812556598162101e-01 5.847585159661008447e-01 5.343742298529010615e-01 6.227143340790451953e-01 6.224572803831119883e-01 1.911849348439532692e-01 5.448297263529171541e-01 4.816233338171431733e-01 6.095231274847467962e-01 4.152136841308236570e-01 2.372286018715634159e-01 8.095276525788561162e-02 2.753245447740129137e-01 3.749611553458522817e-01 2.787269987255116543e-01
2.961000000000000000e+03 5.199650717066834904e-01 4.720819472527819638e-01 4.455054165745989669e-01 4.819436640540276096e-01 3.837934849237217838e-01 4.606095732237722729e-01 6.120782988581980888e-01 5.489939286246099392e-01 6.356415821071370598e-01 6.691880567186754281e-01 5.811985671300792244e-01 3.897503046224067291e-01 4.844901535106723722e-01 4.907330578940878318e-01 2.530234246481313232e-01 8.273706258510529765e-02 2.446603376634827465e-01 1.894204610646368081e-01 4.221771433085083625e-01 3.648478167279251005e-01
2.962000000000000000e+03 5.106642108857849527e-01 4.603173923098788922e-01 4.456889490983003688e-01 4.354892760843581678e-01 4.072453479574475455e-01 4.802346663839919816e-01 6.298647031819413211e-01 5.600721764105807132e-01 6.856678515038365784e-01 6.257266712377272944e-01 4.624195806620215454e-01 4.379161203449868922e-01 4.376040494492901001e-01 3.303731809623928206e-01 1.022110776037022106e-01 2.840329297474343817e-01 1.886549235613140252e-01 2.426024881415822509e-01 6.134170861466848867e-01 3.330372082570058900e-01
3.030000000000000000e+03 5.712538911685730580e-01 5.252417887097992066e-01 4.550571478258811919e-01 4.709892801914231097e-01 3.389530166706536951e-01 3.801451704954321165e-01 5.986296649627986799e-01 5.837598399173038466e-01 6.553847166029403981e-01 6.115366656641044729e-01 8.668413653900175486e-01 3.531136164759237639e-01 4.063699961571933250e-01 3.803360256178880405e-01 1.924221703287379015e-01 1.450426223696580363e-01 3.001811886524872741e-01 2.785183830636432933e-01 3.154129901691278270e-01 2.589137174788618267e-01
3.153000000000000000e+03 4.484608235477514082e-01 4.491042783988631881e-01 4.805980271153018624e-01 4.680224068731033138e-01 4.498643709218062003e-01 4.878432694698672800e-01 6.306482440402442213e-01 5.522419804341669458e-01 6.829749944387751848e-01 6.313498949192190013e-01 1.839518368172716745e-01 5.401530708914946688e-01 3.536481273576692619e-01 5.918023310825506478e-01 4.212363306078391600e-01 2.197259024876237754e-01 1.648151816792085278e-01 3.019361317794926336e-01 3.385948464650709311e-01 2.954618624803666549e-01
3.174000000000000000e+03 4.826009911992541479e-01 5.163497712360004543e-01 4.924969666191849615e-01 4.589593585897409622e-01 4.754153839741367960e-01 5.010075341676483163e-01 4.806643126311822556e-01 4.695342290057954449e-01 6.843433157354359420e-01 6.494242794613047653e-01 4.941157382031367007e-01 6.019554400333528843e-01 4.052439825127532314e-01 2.757191303929292236e-01 4.842026096998754414e-01 2.313891655153608451e-01 2.704784682409559493e-01 2.557949383094719753e-01 3.247787268224864299e-01 1.251379581295525012e-01
3.176000000000000000e+03 5.260082753089443397e-01 4.356094168748052553e-01 4.933320452570732484e-01 4.962095781054543520e-01 3.243429581151467955e-01 3.971703069515158391e-01 7.024022066418845744e-01 5.802028455848040611e-01 6.365736076580049696e-01 6.642853945733692145e-01 4.751112829927660597e-01 2.489163653797038800e-01 6.216642281889949162e-01 3.978610873921657465e-01 4.081495014891642903e-01 3.234048175844418394e-01 1.981984324730162728e-01 1.208493219913056860e-01 5.028360139496790282e-01 2.380223554235266492e-01
3.428000000000000000e+03 6.195467033433612603e-01 3.734025831830053432e-01 4.902171724344080439e-01 3.121629071450381931e-01 4.097995443312623109e-01 5.650724984118857819e-01 6.877733800880776460e-01 5.116404385672823629e-01 5.959324582528061631e-01 6.367992743157676605e-01 2.480977149129583448e-01 5.444479877475185692e-01 6.594326780583804615e-01 5.799776577404675004e-01 3.995072424672163058e-01 2.198453549743510649e-01 1.165304339510540854e-01 2.492199443813275517e-01 3.848489569428200086e-01 1.730830835488812169e-01
3.429000000000000000e+03 4.336485826643116104e-01 4.914442801733600596e-01 2.840803409451889139e-01 4.573031227420082945e-01 4.919888361390460374e-01 5.318360824893252348e-01 5.668793585161563398e-01 5.125087147756595130e-01 6.419810875987919108e-01 8.243276448024383640e-01 6.087066013632690398e-01 5.595751678861454748e-01 4.835156513673007361e-01 4.950076180038274209e-01 2.464062247855054733e-01 1.264392585702489302e-01 2.323272707474170196e-01 2.049434034814481831e-01 2.740370817595598196e-01 2.967859497645217726e-01
3.930000000000000000e+03 2.598562508372731505e-01 2.709221124463532249e-01 5.239714796191121682e-01 6.481760305689948654e-01 6.065108845008954086e-01 4.992586296050740002e-01 7.209528663272702920e-01 5.453535360177916846e-01 6.684644919298851073e-01 7.015486624760113310e-01 5.062633657887822825e-01 4.418826322462399703e-01 4.911087131956998197e-01 2.987120224393461920e-01 4.710872099579834216e-01 2.044781150161561756e-01 2.311319626414965744e-01 2.794255545762910908e-01 4.451457837524133709e-01 1.327303602897680068e-01
4.117000000000000000e+03 6.906307202605863615e-01 5.061922868194360658e-01 3.627699851999532932e-01 4.595124078443558746e-01 2.721639150709946331e-01 4.438018607895816148e-01 6.615286551488626099e-01 4.704172057210065372e-01 6.357478306301789228e-01 6.429364354151050343e-01 4.407523495399799929e-01 3.209137326308095228e-01 7.323939162996943031e-01 3.732087753905889427e-01 3.509726731121211030e-01 2.472508410906108789e-01 1.562637568330484117e-01 1.602962275426129679e-01 6.274310706930144033e-01 1.883011323349239041e-01
4.338000000000000000e+03 6.537765606398482365e-01 4.240986226146550853e-01 2.941129073003586059e-01 3.542760991765698253e-01 3.832952548478726351e-01 5.137459132622332891e-01 5.514474672335141214e-01 4.127886409484850527e-01 7.413834359486835002e-01 7.844006816275663763e-01 4.006280532729883936e-01 2.958676269724483943e-01 4.138115785369168576e-01 6.970786939169110186e-01 3.757022753956631989e-01 2.200386466209766911e-01 2.253525644162253094e-01 1.798516349529942771e-01 2.811292524441678098e-01 3.718651833670713613e-01
4.508000000000000000e+03 6.150183241654864075e-01 4.034174475802874138e-01 4.595496814315320200e-01 4.792681007989233466e-01 4.147633585815750368e-01 4.634814666817491657e-01 5.610537237727295512e-01 4.884586264200910244e-01 6.138361895832228354e-01 6.738008677964956172e-01 7.208274727182607533e-01 5.209731281080755005e-01 5.694128361533877802e-01 2.936878993706181218e-01 1.759367548664463599e-01 4.210042279528282694e-01 1.976588927308398913e-01 2.094071056467314007e-01 3.025200480252597246e-01 1.375645298154959673e-01
5.530000000000000000e+03 5.628825669867899562e-01 4.683827590271648078e-01 4.227742086711186453e-01 4.407186608153859098e-01 4.079987481447493458e-01 4.497291477829979955e-01 5.146777826137045597e-01 4.826995504099275691e-01 6.608077444313067428e-01 7.511313116574557247e-01 5.494339229411728809e-01 5.507697047574167462e-03 3.864465813181278686e-01 4.680809259350949825e-01 3.092001591743272493e-01 2.750210071602923745e-01 2.345942265164448759e-01 1.874794474233255070e-01 6.581502510460848221e-01 3.686751068512856278e-01
6.228000000000000000e+03 4.326512203631955322e-01 3.862382991955933820e-01 4.831644495568124809e-01 5.003195247828543524e-01 5.249678132769641792e-01 4.206330425209409696e-01 6.519166219671632678e-01 5.245814526214430673e-01 6.562397899817955516e-01 7.097369540871323323e-01 5.936345350647985741e-01 4.244156607689429928e-01 5.412784465225671804e-01 3.778974360324977577e-01 2.886303471545343391e-01 2.690638376471491400e-01 2.180108266420734686e-01 1.769057864860329732e-01 3.564019881935705514e-01 2.627008806979216904e-01
6.372000000000000000e+03 4.606773538246574096e-01 5.085845979340232192e-01 5.731814359365677847e-01 4.442261636396035995e-01 3.870723514655175501e-01 4.197745176389611754e-01 6.213873287719089422e-01 5.619641215945504475e-01 7.122555109003035900e-01 5.776900068140866651e-01 2.441711492478180479e-01 4.429138687866380764e-01 4.386468862118323986e-01 4.349310576215082991e-01 3.788172163313339169e-01 3.114498639553548998e-01 1.507789624139599105e-01 3.494498531297909327e-01 4.163255616185236874e-01 2.330662604280233086e-01
6.538000000000000000e+03 6.724747750079008712e-01 4.466318650584419347e-01 3.775426680899073295e-01 4.051643216903325628e-01 4.033276666897032681e-01 4.066483477576486316e-01 5.458193634986117093e-01 5.477731471694834431e-01 6.662152963561633889e-01 6.444165203435806566e-01 4.801129635485831271e-01 4.817831089682252932e-01 3.837275808462903837e-01 2.920209349395608278e-01 4.462906920149937728e-01 3.396909932712693370e-01 2.535044867611945807e-01 2.487453894782236941e-01 4.324313489089622875e-01 1.094965606373318329e-01
6.704000000000000000e+03 4.959341494632240610e-01 4.666532716771431555e-01 5.194036454885251342e-01 4.936723159405413952e-01 3.899911303717725208e-01 4.474504268363841408e-01 5.085468581474756888e-01 5.621905941541124330e-01 6.862141522850911945e-01 6.496409903209028336e-01 4.755866239606056922e-01 3.730300704751752794e-01 4.941919959699525577e-01 4.033788049574027479e-01 1.078095674063451331e-01 2.792264488258866528e-01 2.907786539893623123e-01 3.279240420676397538e-01 4.772880480767756062e-01 2.042342553126723359e-01
6.840000000000000000e+03 5.584511669606898598e-01 5.245191037657251920e-01 4.366834504893334357e-01 4.761854451805560551e-01 3.836359838508919817e-01 4.543955246917009139e-01 5.773457200581199045e-01 5.222204701116719416e-01 6.336810955000202750e-01 6.291906947383915094e-01 2.522242401243818266e-01 3.538701493005739773e-01 5.141507494627781671e-01 7.088134406958798150e-01 4.720889752867026834e-01 2.310667020353634471e-01 1.598669476763838193e-01 2.534083858041715209e-01 4.512684914828056226e-01 1.671497732253648671e-01
6.841000000000000000e+03 5.545891234430223582e-01 4.605641638069019050e-01 4.495951379809041137e-01 4.453694907978039130e-01 4.102582589147750758e-01 4.622338866411348501e-01 6.045513622188436464e-01 5.667750952419968735e-01 6.498771084846680646e-01 6.085821098002672791e-01 4.222968600656370475e-01 4.679423440447449956e-01 6.315818518868590026e-01 6.311001637552755561e-01 2.784393640440024909e-01 1.874257770374923859e-01 2.541584938395444748e-01 2.628274675759467160e-01 2.829943115564960143e-01 1.485882895884189092e-01
6.862000000000000000e+03 5.026047213740727493e-01 4.739390743849525856e-01 3.976135470868011890e-01 3.644251872612611076e-01 3.528878307664299330e-01 6.293834881059292563e-01 6.512659691976979692e-01 5.291461401919949070e-01 6.012684524635661942e-01 7.380180128466451439e-01 4.214172462688123288e-01 1.846702003395473690e-01 5.259271295880668662e-01 6.295960519481476059e-01 3.108622815430353015e-01 3.394115865309725866e-01 2.529360295680588289e-01 1.206216247512062467e-01 4.512037653217404465e-01 2.779733492166951425e-01
8.475000000000000000e+03 6.114130998175241194e-01 5.774829987436851386e-01 4.098250147581374847e-01 4.857573580582373318e-01 3.564979992325983948e-01 4.186998006696189822e-01 6.631831358383130093e-01 4.487248928817154092e-01 6.256610301482866676e-01 5.907656287736375855e-01 4.804258335162193694e-01 3.659179388870745786e-01 3.574857559495683845e-01 4.806945548631756937e-01 2.885852752623642714e-01 1.838455256520101500e-01 2.505566562891158311e-01 2.638962454697263982e-01 3.398825791726128309e-01 3.777606841816135153e-01
8.476000000000000000e+03 5.959989987007046075e-01 4.414664055309584501e-01 4.626826844775735470e-01 4.181135189944560349e-01 3.828224814276356414e-01 5.352034745329868892e-01 5.076805245655661158e-01 5.629377496889377275e-01 6.113728345945848019e-01 6.471931636904526552e-01 4.388677066554688144e-01 3.271810212103409832e-01 4.338649423819996853e-01 3.830896953869137311e-01 2.236471013121231755e-01 2.943002060391273211e-01 2.658626685160286329e-01 1.931213536936732811e-01 6.420409909041658869e-01 2.573564869252019660e-01
8.625000000000000000e+03 6.115862475583420110e-01 4.999847911467532047e-01 4.206060735542175300e-01 3.832364676901288125e-01 3.876218023281155500e-01 4.504206012922849500e-01 6.407473587280173577e-01 5.470498713821203562e-01 6.331635368262135133e-01 6.032635922044365939e-01 6.624398386451966214e-01 4.608903834623723772e-01 4.294946184508997566e-01 6.585902657263703608e-01 2.014765698045236364e-01 2.241683480510437143e-01 1.798487581514214284e-01 1.903115923535554088e-01 3.200956158185741529e-01 2.676442759131416604e-01
8.646000000000000000e+03 4.757049104034885567e-01 3.521375296329058435e-01 2.651973218851668701e-01 5.159326089599998166e-01 4.449626323948099871e-01 5.291293805373730175e-01 6.042308087971230979e-01 4.642258198926263457e-01 8.552101732941022050e-01 7.494146234987979494e-01 3.454534739933664000e-01 3.081630029912989510e-01 2.939488415380887565e-01 6.442330173240224944e-01 3.486034162284946114e-01 2.713765471238547278e-01 2.525851915439650819e-01 1.700830900872909723e-01 5.239646630301491026e-01 3.045874750340765158e-01
8.795000000000000000e+03 5.808846101234304005e-01 4.110200027697897829e-01 4.290816407069020788e-01 4.961592847771144066e-01 3.640065313394106883e-01 4.566013262453758048e-01 8.017020598844909474e-01 4.407433429751169141e-01 5.898040960752253259e-01 6.877682385174134216e-01 3.993015162213064406e-01 4.144335163611871931e-01 4.469153424551954301e-01 3.911970369952643134e-01 2.506547766291983836e-01 2.176189619205888826e-01 2.870051756038303203e-01 3.260335588767485082e-01 5.394376314226417835e-01 1.718199935000744860e-01
8.816000000000000000e+03 5.120116246947142846e-01 5.228713523501753446e-01 4.922674996676154602e-01 4.637013859124647364e-01 3.572886744231847378e-01 4.545843160678333938e-01 5.533877836054389432e-01 6.257862901883588513e-01 6.360037096658889277e-01 6.010519105203170342e-01 3.450785786639848363e-01 3.882101183327247296e-01 3.934637511967720158e-01 3.467721820788564613e-01 2.861195333562266407e-01 4.049833765007135877e-01 1.044337306131548765e-01 4.110072280721948079e-01 4.728772058992235516e-01 2.249199042096623746e-01
8.977000000000000000e+03 6.486338441534919008e-01 4.039440551075113572e-01 4.061930973814135704e-01 3.591587900083119123e-01 4.614533125312025308e-01 3.805192078292021218e-01 5.472546008208130086e-01 5.833909116099273984e-01 6.386362465934222188e-01 6.908120508123813952e-01 8.344359370145487675e-01 4.349415070527893890e-01 3.427995759514073648e-01 3.593952006610043881e-01 3.476256219929104163e-01 2.415986673607912749e-01 2.551651006957625367e-01 2.014558698475325538e-01 3.025966325092128706e-01 2.099926459668519096e-01
8.982000000000000000e+03 4.221320121867517261e-01 3.894772725039459260e-01 4.605297674720172929e-01 4.747481443626795916e-01 4.869217893936589880e-01 5.156096604735737055e-01 5.617985563800899085e-01 5.380584214727751613e-01 7.500705882165512595e-01 6.792422616538261737e-01 4.296227414487857610e-01 4.415500699364515169e-01 3.872543940972454912e-01 3.602467400491649041e-01 3.251047972462576818e-01 1.986775415674772172e-01 1.584992089085071332e-01 3.567308265777129339e-01 5.262036933734514088e-01 2.520958503065189316e-01
9.035000000000000000e+03 4.183300017598742260e-01 4.518499109637385547e-01 5.162258898499574311e-01 5.287812175261621395e-01 4.772686329250930282e-01 3.742179418680102176e-01 6.778802276615388811e-01 6.163347789936330923e-01 5.737637076002504166e-01 6.699421316568170415e-01 4.239903450027063814e-01 4.746130100246125916e-01 3.289337192251345354e-01 2.958239587515335001e-01 2.158737566083965831e-01 1.936873135662420808e-01 1.905665867466062036e-01 1.971891898058875103e-01 8.314830008788577365e-01 3.159133221685277992e-01
9.440000000000000000e+03 6.207710061164399828e-01 5.451871554176223045e-01 4.347159798711872081e-01 4.225393406243518890e-01 3.324497872652709130e-01 3.418511788937820262e-01 6.585825491941909027e-01 5.094985571733109397e-01 6.514572674595473512e-01 6.468338859923700168e-01 4.153041440098644843e-01 2.681714417998339872e-01 4.350647396704252490e-01 4.307963751162633970e-01 3.633624397882065371e-01 4.294155024924373176e-01 2.083232515404423724e-01 2.353157912280131880e-01 3.804802852194312801e-01 2.481962777147016797e-01
9.441000000000000000e+03 5.698056015725903034e-01 4.590734018366769975e-01 4.012886996276121554e-01 3.849801592512268056e-01 3.109375722666338770e-01 5.270873723685922663e-01 5.870547054293825395e-01 5.848228324484475715e-01 6.696877978355357808e-01 6.922875556067776825e-01 3.218321560284677085e-01 4.001132818068788288e-01 3.922063206262038082e-01 4.880795824570800523e-01 5.180060836812897529e-01 2.463616503815547754e-01 2.384838070710773306e-01 2.202326995420452460e-01 4.241010261723182628e-01 2.117669613578119781e-01
9.865000000000000000e+03 5.675149380541198996e-01 4.981712633349058561e-01 4.436053502120292369e-01 4.458637087167537372e-01 4.378734115578043484e-01 5.225507397094089068e-01 6.453627511271958772e-01 4.695103254679585669e-01 5.937909830687740920e-01 5.956996446687288227e-01 4.368866433656683479e-01 3.318058149539176993e-01 2.580099325563979806e-01 4.805382980243600444e-01 2.781571137429226237e-01 3.594756283718200662e-01 3.021901251064216809e-01 2.128246688944351594e-01 4.192485532296278961e-01 2.973886431379751394e-01
9.883000000000000000e+03 5.930434242816929880e-01 5.492118376511496702e-01 4.982131634837043688e-01 4.659995291628803438e-01 3.416855171724816898e-01 3.795342469869178448e-01 5.572093170749388147e-01 5.400923743046712744e-01 6.467284854152487439e-01 5.963543932921726576e-01 4.414668861153008828e-01 1.793516733947182196e-01 1.343817196371052403e-01 2.983572692233486534e-01 3.148941717771197024e-01 3.796870665038579173e-01 3.721227664412821712e-01 3.224357986924660247e-01 5.147052019677269552e-01 2.865684278367104931e-01
1.020500000000000000e+04 5.737873433469007356e-01 4.806641870007236084e-01 4.276821408786792289e-01 4.278858479704304996e-01 3.938365264923812115e-01 4.370850589645577933e-01 6.503764557998095164e-01 5.017587096647961875e-01 6.656887963896841454e-01 6.442131527034469229e-01 3.964591909982746465e-01 4.128325666048756615e-01 4.620425448567097026e-01 7.881885758616014037e-01 3.619199730513389945e-01 1.750550825147026146e-01 1.393449612988274244e-01 1.904077684563430239e-01 4.375442915975740754e-01 2.511801414158252310e-01
1.020600000000000000e+04 5.212065850220956031e-01 4.510112422279797806e-01 4.036890620398499441e-01 4.549956914760967530e-01 3.928772543810940543e-01 5.179800726106056352e-01 5.729985088271869476e-01 5.967843803874259834e-01 6.644614079802748652e-01 6.466216478041447724e-01 4.988590961619290276e-01 4.249498307134880193e-01 7.081010370361674466e-01 4.862343140947781861e-01 2.145231927967026497e-01 1.653810199283964333e-01 1.931439786209295517e-01 2.568169671718014690e-01 4.293079495670616974e-01 2.013477327953772378e-01
1.050600000000000000e+04 5.644282941001822484e-01 5.156802010903612787e-01 4.509157882272553097e-01 3.893944217575422972e-01 4.526369390475999954e-01 4.752003175925434419e-01 6.331280036109895315e-01 4.666508856147962292e-01 6.212411253079210827e-01 6.300900555966244543e-01 3.019583673780381061e-01 3.379284831740779205e-01 3.065053627427554717e-01 5.808600306572163641e-01 5.074921562329456348e-01 2.237267745454746826e-01 2.419119455545245823e-01 1.653232419153163879e-01 4.735911516627535622e-01 3.075375591824731636e-01
1.051700000000000000e+04 5.715721048673556570e-01 5.514996789899064833e-01 4.707477203685292433e-01 4.543893583796798086e-01 4.038583166244598122e-01 3.951945228843411484e-01 5.449848109856824108e-01 5.006153570528939500e-01 6.151419689277174419e-01 6.581377907756441603e-01 5.334690444394596387e-01 2.572575344906787853e-01 3.799867985465343323e-01 4.670067617893987055e-01 4.103006588434192081e-01 4.513091621383720775e-01 1.651071337469202371e-01 2.009218398167787190e-01 3.673436576955006472e-01 2.380244009530824156e-01
1.075000000000000000e+04 3.999232431801542642e-01 3.797164022570452269e-01 5.425749156545269791e-01 5.703267805180252115e-01 4.384621194922460052e-01 4.303022838414056195e-01 7.160246291862811807e-01 5.579845731448369595e-01 6.316148839655020275e-01 6.788163532112284626e-01 5.979039702190400707e-01 7.371955929484623748e-01 4.395157507032912414e-01 2.934923111817605568e-01 2.359190147804306192e-01 1.464690453749066534e-01 2.102763802377200508e-01 2.148777333381846066e-01 4.251101281354546235e-01 2.294370088317056189e-01
1.075100000000000000e+04 4.246915095654361094e-01 5.172905513245118492e-01 4.955024523100545752e-01 4.669938684709846188e-01 3.524425649229080415e-01 5.310969171058150806e-01 6.025046284728983181e-01 5.274649681304328652e-01 6.678351818486220060e-01 6.916926978368364010e-01 9.232027091606691549e-01 4.170449436956655820e-01 2.799178560644298708e-01 3.237401589633573940e-01 1.865292007932059792e-01 2.568820398643491543e-01 2.250514394022647413e-01 2.569498034825758448e-01 4.038293921153408017e-01 2.420759475877393985e-01
1.075200000000000000e+04 5.341048658949244521e-01 4.897953383234420754e-01 4.168422468344806786e-01 3.814460443168977144e-01 4.552158007810847007e-01 4.564232900267042314e-01 5.794124323439436841e-01 5.777724668101543726e-01 6.960948778781886892e-01 6.128621772841928994e-01 5.790890713022686098e-01 2.974162175474922565e-01 3.431664577931411442e-01 2.857559026850408079e-01 3.590918394018472459e-01 3.066460189757824750e-01 2.998333509147847464e-01 2.712122325037498172e-01 4.713332400527659449e-01 1.983384899719643213e-01
1.082900000000000000e+04 5.466594100100468090e-01 4.585301766715935701e-01 3.635538661272798566e-01 3.660284678756636767e-01 3.016328825709131967e-01 5.276454607627848459e-01 6.766221780746612957e-01 5.890529082154788432e-01 6.076243562779655161e-01 7.738777805118913777e-01 4.672277678202055307e-01 2.606141673543806991e-01 2.942579517272108647e-01 3.225668583727582250e-01 3.805820859121493704e-01 6.288973050324991876e-01 2.376475812260487042e-01 2.056187059460994337e-01 3.110565813333603380e-01 2.300711375297358752e-01
1.108800000000000000e+04 5.462844407998578289e-01 5.083412982349319043e-01 4.646138402228597308e-01 3.915024315640346919e-01 3.298593744600553102e-01 4.525169780089149940e-01 6.032201657152646002e-01 5.387599333958181802e-01 7.284373709928801954e-01 6.372852115072179524e-01 3.803026368278005775e-01 3.996764645487186352e-01 3.194259647787647260e-01 3.986001284012886114e-01 7.106565045992971896e-01 1.638523679834838764e-01 1.373213713181364870e-01 1.933743965252001651e-01 4.826055117858106258e-01 2.879721334381445952e-01
1.109700000000000000e+04 5.252954390181955313e-01 4.753349262934499775e-01 4.496648793213345874e-01 4.932614615167189021e-01 3.327366491550571292e-01 4.845310019895053832e-01 6.058756586512253905e-01 5.515190918917296514e-01 6.850148957604055289e-01 6.309293147444693384e-01 6.337630504257096842e-01 5.047630857313322172e-01 2.449042844559186638e-01 2.293953944364118258e-01 3.409334804048100853e-01 2.990762652138541089e-01 3.199961153642664757e-01 2.414465732727023028e-01 3.307839969190876639e-01 2.345224847646910082e-01
1.117500000000000000e+04 5.566669395036510926e-01 4.583254417627847799e-01 4.839620599968120773e-01 4.946910974300013919e-01 4.306245927464933954e-01 4.636435953064662052e-01 5.213695782233717102e-01 5.274328393235772072e-01 6.387933434707014912e-01 6.196612972531291286e-01 2.719494235209113930e-01 2.225578940896080493e-01 2.411638830125233945e-01 5.256659380440741325e-01 3.787408606810401257e-01 3.560927012253386481e-01 2.209783412433693750e-01 3.983877618633088202e-01 3.730644306885276817e-01 3.026967014179013926e-01
1.117600000000000000e+04 5.024817757983148780e-01 4.955875971526567114e-01 4.602018769888807093e-01 4.942454030977868618e-01 4.127143073793761996e-01 4.112422526152901270e-01 6.036975821309107371e-01 5.660747834024466574e-01 6.334777966925545512e-01 6.531089754336879549e-01 2.513245516487703779e-01 2.103912525956505297e-01 4.515294934671906790e-01 4.822910834057318463e-01 4.084145808846738057e-01 2.472970311287349399e-01 3.826625964332832086e-01 2.038774375389308668e-01 4.920833323634101752e-01 2.504242944451895991e-01
1.154400000000000000e+04 5.048276226494318175e-01 4.842812424737695798e-01 3.600354650501074727e-01 4.806228072436269927e-01 3.962038985314416673e-01 4.713989888603173362e-01 5.925154858887293763e-01 4.916300000675715154e-01 7.423919544690652517e-01 6.993732241626120505e-01 5.104895776759855730e-01 5.095366784719095321e-01 5.612474609362144706e-01 3.399875883859748149e-01 2.380929447704705493e-01 3.395616769811906077e-01 2.515784466058104685e-01 2.030968283224026671e-01 4.557634958430249461e-01 1.232722634141212581e-01
1.173100000000000000e+04 5.628388330208887735e-01 4.982132819378360944e-01 4.378337246827267992e-01 3.832299807839584793e-01 4.639929330838734600e-01 4.510585695200129419e-01 5.555540505046796529e-01 5.216875392238443654e-01 6.541888926472806398e-01 6.454721968831290679e-01 4.294742112456526595e-01 2.501914156942610101e-01 3.332922061139114156e-01 6.177934420843287366e-01 3.842562278303918166e-01 2.918797555294780910e-01 1.736180744522077823e-01 1.385026498817915064e-01 3.473296487636489127e-01 4.550818947393218683e-01
1.173200000000000000e+04 5.250084204235857532e-01 4.473304426140413126e-01 3.488579820097588713e-01 5.220497680814580876e-01 3.917180888271793449e-01 4.272723454915884345e-01 5.816248813675860552e-01 5.714573139600743756e-01 6.521195752968738102e-01 7.426056598669297237e-01 2.728007244384680341e-01 2.802143931637416374e-01 5.104355359784706891e-01 4.716920261954554716e-01 3.234797472203843616e-01 1.870081032972406854e-01 1.274324458212210409e-01 1.811460525438615687e-01 7.151977970483048841e-01 4.001453061853523785e-01
1.219600000000000000e+04 5.434740919115104152e-01 5.454178359789441100e-01 4.993528386135876462e-01 4.435234139547793442e-01 3.953795195129999329e-01 4.582927984508642361e-01 5.385902129957784723e-01 4.815055103478236842e-01 6.688374270559587220e-01 6.165029912240200805e-01 5.380363891886653649e-01 4.323840119444671282e-01 4.091941322017877414e-01 4.744099679143233828e-01 2.348469214404063921e-01 1.399990960479323698e-01 2.371341428928988304e-01 3.128872269018432295e-01 5.179366892804002642e-01 2.131393197892126057e-01
1.219700000000000000e+04 5.666027994641913423e-01 5.094808529121575003e-01 4.148608028950172000e-01 4.535366556368445323e-01 4.088534232920809641e-01 4.259218296299249196e-01 5.407442830766558961e-01 5.971117520804770651e-01 6.308522147576182126e-01 6.278989622036169616e-01 5.336576493405863486e-01 3.843272474212323098e-01 4.397991475397254879e-01 3.185622797263096273e-01 1.765467402526782748e-01 2.862440395663871651e-01 3.236032823934198444e-01 3.147252919010581906e-01 3.714292779557832325e-01 2.324002174826881872e-01
1.239100000000000000e+04 5.349794637997425939e-01 4.958176009303150167e-01 5.188232535097149212e-01 4.532915836559587297e-01 4.331015980763286977e-01 4.440219944997009782e-01 5.732734566474348981e-01 4.973228808115099930e-01 5.887567902359954752e-01 6.663866567600846835e-01 5.201551018117559488e-01 2.964249817049773861e-01 3.412690959534458446e-01 2.903466593169614640e-01 3.530796122376081425e-01 4.017200153744314162e-01 3.681980095583790580e-01 1.800464888860257573e-01 3.528814476581497162e-01 2.475633781306619818e-01
1.239200000000000000e+04 5.215772339570732274e-01 5.139266199352333642e-01 4.094889503087261184e-01 4.824820909583812378e-01 3.829713798145087944e-01 4.385016686281005271e-01 5.439890001250906604e-01 5.032437616310116990e-01 6.727760846408731288e-01 7.252269206879438102e-01 3.440734233682635757e-01 3.035475251555330711e-01 2.588289451290433085e-01 4.576975776230843840e-01 4.690219656982053675e-01 4.198076162812775514e-01 1.761648022145243797e-01 1.954921200528298986e-01 4.097695788377576087e-01 3.355928984836709650e-01
1.240500000000000000e+04 5.529190017115851452e-01 5.536245939485567868e-01 5.081407245960365415e-01 4.659974218162051818e-01 3.285828507001555265e-01 4.220887238751335757e-01 5.771585449453285888e-01 5.547009845058094024e-01 6.138782331703613870e-01 6.197676164939730503e-01 5.870941400514320119e-01 2.183486393082416377e-01 3.369006072010216069e-01 5.692446773883870215e-01 3.244434050974553396e-01 1.347570367782850720e-01 3.522642544462700198e-01 1.659045913546250972e-01 4.012231572945712532e-01 3.580970795166836806e-01
1.251300000000000000e+04 5.637813471593022818e-01 5.508840565787662680e-01 5.062935830923358527e-01 3.598523385998415591e-01 4.056157773682514955e-01 5.424839677204412736e-01 6.480354012886425652e-01 5.027554904649693679e-01 5.512702815685763813e-01 5.810623342552101445e-01 2.759355380147773262e-01 2.314476236739102799e-01 3.627734305495788347e-01 5.889441709958948001e-01 5.298314159387329525e-01 3.336198810894910327e-01 2.275810369470867012e-01 1.276059133697117487e-01 3.040426038645699935e-01 3.973231075805080947e-01
1.251600000000000000e+04 4.504515416847416631e-01 4.676964456578799334e-01 5.334873485135129823e-01 5.437821577643831006e-01 4.169925736250617576e-01 4.412209981052674368e-01 6.142446144234910976e-01 5.507820301611229263e-01 6.152376898179766629e-01 6.470649244755160012e-01 5.257628404107596021e-01 5.276326613373446550e-01 4.371194096791736206e-01 3.867329528598785204e-01 1.666075963073037625e-01 1.814438435237769598e-01 3.701242708314633201e-01 3.532015973007442411e-01 2.814771324366637240e-01 1.789233725218661863e-01
