1.350000000000000000e+02 5.660008463989967264e-01 5.101595637032438901e-01 4.216588579868201236e-01 5.298237494364668176e-01 5.400426476823387834e-01 5.678524863824786495e-01 5.884521499011574619e-01 5.133709946722334605e-01 5.517958075430040576e-01 4.451467064032792464e-01 3.465067594416831320e-01 2.935914863238807126e-01 3.380265769703640344e-01 6.034693740256787953e-01 2.524530363214326223e-01 3.818317101560338434e-01 1.831858189623453148e-01 2.388145052976921034e-01 5.442419008324197449e-01 2.736367107511696317e-01
1.345000000000000000e+03 5.363614284392179687e-01 5.078887550663309103e-01 4.855806684716692523e-01 5.837016688537195463e-01 5.449189307497814827e-01 5.422199795566358116e-01 7.115126200896462194e-01 5.822427973756123532e-01 4.885295358960794476e-01 3.246371116608682827e-01 5.528353442794671224e-01 3.325213776687097056e-01 6.392784817085527260e-01 4.731107918522169942e-01 2.768756533327117464e-01 1.571278108623262448e-01 7.019576687491974054e-02 2.892694446147524578e-01 4.273996307476675693e-01 3.267230091773932754e-01
1.790000000000000000e+03 5.443278199211517565e-01 4.439064519771475092e-01 9.506772659192835873e-02 6.759958708050088916e-01 6.340294812425822935e-01 6.214674152593782086e-01 6.842704828876448042e-01 5.568294594287590549e-01 4.882343836727879305e-01 5.343313821186891355e-01 4.323176438155310053e-01 3.953192841906915667e-01 4.855250196928370121e-01 4.211175329468816453e-01 1.651858862742898448e-01 4.013074819920824376e-01 2.282475201094343875e-01 2.431877285559696511e-01 5.292449733751555252e-01 1.787482566222939884e-01
1.791000000000000000e+03 5.007047586643479375e-01 1.764690893596579102e-01 6.383261286223118613e-01 7.508153828177351885e-01 5.654648010509802925e-01 5.557189698668513200e-01 6.635143616754591855e-01 4.283291924858214639e-01 5.519917513976732026e-01 5.282195729228941206e-01 5.056710720113868351e-01 4.723522964548232395e-01 4.064341875933267234e-01 2.302884956324521004e-01 5.125588044071949234e-01 2.860846412651209536e-01 2.613313128938460905e-01 3.341172787245696996e-01 3.224150353681500270e-01 9.615159894412744768e-02
1.837000000000000000e+03 6.111699054814150323e-01 5.787733312514860007e-01 5.689022903889088267e-01 5.708090717071860887e-01 4.820362380254115675e-01 4.955617909369356977e-01 6.030283875407541627e-01 5.573357800177645149e-01 3.798682507124349628e-01 3.749665509445333500e-01 4.538424629267961419e-01 2.400940813887613989e-01 3.158721246679022654e-01 5.912230431632515826e-01 2.477696347297214385e-01 8.470776854101022546e-02 3.075006530871070565e-01 2.840495020818614713e-01 5.783620541041819552e-01 3.331663557107810147e-01
2.046000000000000000e+03 5.222981549214666952e-01 5.338210251886673641e-01 5.555144476913626006e-01 4.519779500957396556e-01 6.093835575141306471e-01 6.034878971217770838e-01 6.989771282745730341e-01 4.357428368608163294e-01 4.648346413355159967e-01 4.123992967764978368e-01 2.653684278552012610e-01 3.909755421210118764e-01 3.860309588794763602e-01 5.553384575521037592e-01 4.573113474004320556e-01 2.500273432599283141e-01 9.261073787333481966e-02 2.776453315319604709e-01 3.965451879206383090e-01 3.534843514101307926e-01
2.747000000000000000e+03 5.349358114321340896e-01 5.489160145791909251e-01 5.192114395089765244e-01 5.957979710925840333e-01 4.829647977648862112e-01 5.948267620355061069e-01 6.882510673266980517e-01 5.470848195423602123e-01 4.074625857468443524e-01 3.811139301269457769e-01 6.655593877051548812e-01 3.268199713894122671e-01 3.776239644588259003e-01 4.964786124464766193e-01 2.850341705894014477e-01 1.721381740639512936e-01 2.302342693289811115e-01 1.295081310621135628e-01 5.092922845004245191e-01 3.431256844782623050e-01
2.748000000000000000e+03 5.889205748944760233e-01 5.534518053486370270e-01 5.844067712500027323e-01 5.924281576748817724e-01 5.593101518602123789e-01 5.785483392147812154e-01 6.745776705771541204e-01 3.647832032334151764e-01 3.991529099598791763e-01 3.729641914890108323e-01 4.165939762728692597e-01 3.674265023927815177e-01 4.758653264073539058e-01 4.032975705909314645e-01 2.236594916532063937e-01 2.880511063479393452e-01 1.398467699737881154e-01 3.201069848991502931e-01 6.176187609758128083e-01 2.281111614122736109e-01
2.755000000000000000e+03 5.899533548628939084e-01 5.427919163321739404e-01 4.970477268182693087e-01 4.958154866916280601e-01 5.305216627488851255e-01 4.856221844315515290e-01 6.458735616020550019e-01 5.434746759025845808e-01 4.284745519775455258e-01 4.638757500907396136e-01 5.228081250322588192e-01 5.015835831937349720e-01 3.339716535663759811e-01 3.722972300113444599e-01 3.455558719750062568e-01 1.747045591776392737e-01 3.094136207183927345e-01 2.717259088802915223e-01 3.579987685925322127e-01 2.341071811369161704e-01
2.965000000000000000e+03 5.133476132782646140e-01 4.971688417911560576e-01 5.074194819424162617e-01 5.650463271880777905e-01 5.041095899105717537e-01 6.260708788607713959e-01 7.276255620446162586e-01 5.503958544971648825e-01 4.248307675996806920e-01 4.077967598597241894e-01 2.623422640079309809e-01 8.860649141614003466e-02 3.316131529096797981e-01 2.820655534563905054e-01 2.779023397766446912e-01 3.491775728894080388e-01 2.727499915334377079e-01 2.145319413776897721e-01 9.166901175009430913e-01 3.370184896202786939e-01
2.966000000000000000e+03 5.497203671662828084e-01 5.414733239237922158e-01 5.542978760129073645e-01 6.149802348365166482e-01 5.848354948315864776e-01 6.074954711729781964e-01 6.761974469674737476e-01 3.800880224446585576e-01 4.266950431486320472e-01 3.607437157786645421e-01 9.421257238146774071e-02 2.863869844164824152e-01 2.441992453815137465e-01 3.467901211234845626e-01 3.966600267816387526e-01 3.021443869046867015e-01 2.036826431344646582e-01 5.298113504054908773e-01 5.428510577649332536e-01 2.661006927586542781e-01
3.764000000000000000e+03 3.179995121217886189e-01 5.657365443436651598e-01 5.155320747999697639e-01 6.461917787554171122e-01 6.253653568270236551e-01 7.740081985539352116e-01 6.522762437831031157e-01 4.073264153268784660e-01 3.970672725478519571e-01 5.092560945493905811e-01 5.041131474282021241e-01 3.990440951404344294e-01 2.394684161265851763e-01 5.743298358432433748e-01 3.495683479817335293e-01 3.102434966650396975e-01 2.635680245127883237e-01 2.278351450345321438e-01 2.991605838725299726e-01 2.684226693724420243e-01
4.085000000000000000e+03 4.315591079631765914e-01 4.907564352089960891e-01 2.047617159714579527e-01 7.060868020556450020e-01 6.909630910357771327e-01 7.215235465469252985e-01 5.042768165715452167e-01 5.797972937920623515e-01 5.493542299917509864e-01 4.327486986825866411e-01 5.034555080354741197e-01 3.833003453840641006e-01 2.923526141351120988e-01 3.878292223544715367e-01 6.440580049200047563e-01 2.108449213866296357e-01 2.404741957653734330e-01 2.253371595447143660e-01 2.809467333833454705e-01 2.561080211186891331e-01
4.107000000000000000e+03 5.874782561760066857e-01 5.235035876521607623e-01 5.010723128292677853e-01 5.811625334242654928e-01 4.783448330699284212e-01 5.838910536982235833e-01 6.398992297004606478e-01 5.729847836262859095e-01 4.681176747682442296e-01 3.274774688255040478e-01 6.666014689184703856e-01 3.731244150011087668e-01 4.086721238578201465e-01 4.713291194496972425e-01 3.403741235252966124e-01 1.670156056086576357e-01 3.127246822713391494e-01 1.938673876266750473e-01 3.519088082211099811e-01 2.312745482675964692e-01
4.311000000000000000e+03 4.980532523805338840e-01 4.562839565198418823e-01 5.547872625580485551e-01 5.661417142164402172e-01 4.775658409847203800e-01 5.340655689395199524e-01 6.370221286046394704e-01 6.113982037266647573e-01 5.777541048631316123e-01 3.926401764816963014e-01 6.315311234433893528e-01 3.388140323570565382e-01 3.312351994962666746e-01 4.558883145902120071e-01 2.171130539345495769e-01 1.176232219167554771e-01 3.362345195941299769e-01 2.720590237760811547e-01 3.616512811754490353e-01 3.449913186414128585e-01
4.312000000000000000e+03 5.147820133690529376e-01 5.748341402258284605e-01 5.470831876129725879e-01 5.744466917889862190e-01 4.957572512551807198e-01 5.267115794651082705e-01 7.506325301883620682e-01 5.259158302847722899e-01 4.021425042268123584e-01 4.025398064470818160e-01 4.268053184192518446e-01 3.187677638500175936e-01 4.328852584143075832e-01 3.010743181011836800e-01 1.531128381980469688e-01 4.142425708182711497e-01 2.881070988118102916e-01 2.178769918684874685e-01 6.140425310579723517e-01 2.347217118309545825e-01
4.522000000000000000e+03 5.430408487075029100e-01 5.730541192528408878e-01 5.148019557885693542e-01 6.885319227131002640e-01 5.460930957751887194e-01 5.300812759236377403e-01 6.064236771302294882e-01 4.128259014143898509e-01 4.120337382944685434e-01 4.416448002827556563e-01 5.665258641125070493e-01 4.174938007197663836e-01 2.891382334409566823e-01 4.313518635654001177e-01 1.507833063084284553e-01 9.205312465950103717e-02 4.800839768501472538e-01 3.103218090370766236e-01 3.635162854549092715e-01 2.600849789761048303e-01
4.887000000000000000e+03 6.026194414267536104e-01 5.849703066016926911e-01 4.742235401529035221e-01 5.017586674116890633e-01 4.759979175389865147e-01 5.673742760092462811e-01 7.076890224920667771e-01 5.010517975670693014e-01 4.024886473555303046e-01 4.247852026781591683e-01 4.951371845042488173e-01 4.160380423771355418e-01 3.294811900238763247e-01 2.710116968984829233e-01 4.737549082282579982e-01 3.089481866905647300e-01 1.675016140354054772e-01 2.468733633947001460e-01 3.902295872461857273e-01 2.969706431561794369e-01
4.922000000000000000e+03 4.479593766670187382e-01 3.933428839892884610e-01 5.719817608765840333e-01 5.942683882159575104e-01 4.815988545962706091e-01 5.986650262749427798e-01 7.286465118651807016e-01 5.051697424778630596e-01 5.176092260029767633e-01 5.227381632604173323e-01 5.708157646632701088e-01 3.338638100700022648e-01 4.237902118338712776e-01 4.216150743884892194e-01 3.564281714937068135e-01 2.012968040776260681e-01 2.677326700060826958e-01 2.409833764039163995e-01 4.589012930148810288e-01 2.179337155614769761e-01
5.391000000000000000e+03 5.658247230981849896e-01 5.190266549308214517e-01 5.010693788944367011e-01 5.627718162423976933e-01 5.059543814319749089e-01 5.564085375052587601e-01 5.647005054305808125e-01 5.019084714229021804e-01 5.663742676876847293e-01 3.962881849239327514e-01 4.963183303866736118e-01 4.717716248212623920e-01 2.168568782049024313e-01 4.696819527128046623e-01 3.461737931483477859e-01 2.539810769511162691e-01 2.172876253765281263e-01 1.887933141225198730e-01 2.689543254307629194e-01 4.364952685725085879e-01
5.392000000000000000e+03 5.665409068669909898e-01 5.372405590916576879e-01 5.536225607411587868e-01 6.186976543597836331e-01 5.244802549140786807e-01 4.792478746170297232e-01 6.101992023328896009e-01 5.235697968281510795e-01 4.151951092294064449e-01 4.220995120674839729e-01 5.663959037531366425e-01 1.985226380672596158e-01 4.232584668774048153e-01 4.607665527229645730e-01 3.062296993833449332e-01 2.548440573948947963e-01 1.898989244443316515e-01 1.476202680222646058e-01 7.403208966092857946e-01 2.701399289351599231e-01
5.604000000000000000e+03 6.486096010257637046e-01 5.562802686643836259e-01 4.550981884208916695e-01 5.994062921956481160e-01 4.919982461086804815e-01 5.016825015201329396e-01 6.762346930233528175e-01 4.525646267260759470e-01 3.933801599905040192e-01 4.417992458622145291e-01 4.004628061183622134e-01 3.952330506376194874e-01 4.593070312042444314e-01 4.853375138106568731e-01 2.062590790735015223e-01 2.639342562825522931e-01 2.604295937462793309e-01 2.940052491187081785e-01 4.851475631964463076e-01 2.090681502437703176e-01
5.827000000000000000e+03 5.165294138336273821e-01 5.636326642231569428e-01 5.710111356885898548e-01 4.417535951698123853e-01 4.269385875751105508e-01 5.114531244299942436e-01 6.645056716580686196e-01 5.891413434490433421e-01 4.835666208570080227e-01 4.934302336181940474e-01 7.852026963897570377e-01 4.559354417572789586e-01 2.790698039001013875e-01 5.722715942713514359e-01 3.197301242553718392e-01 2.459218181724737440e-01 2.485024272069995543e-01 2.148267267928379298e-01 2.470073138790021550e-01 1.946589569098260697e-01
6.258000000000000000e+03 5.339131182996001979e-01 4.896945032146688415e-01 5.002981198369672589e-01 5.596040400045175778e-01 5.325746549303159716e-01 5.537648741483037762e-01 6.225510827016821347e-01 5.616256144327802513e-01 5.368740473231298216e-01 3.861823734801665964e-01 5.089337431120081190e-01 3.880279400086659169e-01 4.618262728948913654e-01 4.535009246444750008e-01 2.990017774941204354e-01 1.880348570441807143e-01 1.465263312090285819e-01 2.683123893655451897e-01 5.210782959241012646e-01 2.786576422295757305e-01
6.259000000000000000e+03 5.401635728546493320e-01 5.297850386992809524e-01 5.427625495842417491e-01 6.414012583795655198e-01 5.146758802225767093e-01 5.168765381671481807e-01 6.831387417145714513e-01 4.863744191797101379e-01 3.964595636272579826e-01 4.394805392679764222e-01 4.700938571419101542e-01 4.261516944466501311e-01 4.137502314302709538e-01 4.011505556155291474e-01 2.308133987884597171e-01 1.744425769086301037e-01 2.728335629414128105e-01 3.113186818400831002e-01 4.777360963159782425e-01 2.531579364420069589e-01
6.375000000000000000e+03 5.137971821348131796e-01 4.726350995857904191e-01 4.428985727248953563e-01 5.500133354030648514e-01 4.992435011950159818e-01 6.481467730762254797e-01 6.431037026865563666e-01 4.856817421902053789e-01 5.166446036486510573e-01 5.144200863662378165e-01 4.434173107775694067e-01 4.283411858076465184e-01 4.639264328307032281e-01 2.925201477859953880e-01 5.082100807032753353e-01 2.938980248768940928e-01 2.370021074537100869e-01 2.640744609337551396e-01 4.008809047357377864e-01 1.305481392887540282e-01
6.381000000000000000e+03 6.032063291596517773e-01 5.334990654597180360e-01 4.839455488021288665e-01 5.208403532632518429e-01 4.496456896327411523e-01 4.655931573428033765e-01 6.513584644917027600e-01 6.296531548411695711e-01 4.324650686262638266e-01 4.524046068682630595e-01 4.676641420275358119e-01 4.358264795701567440e-01 4.202420327857320781e-01 2.376054294880633189e-01 4.475382485123025056e-01 2.786340324712282546e-01 2.413265903960296610e-01 3.361220268433373626e-01 4.507471738414905449e-01 1.180740623052619898e-01
6.608000000000000000e+03 4.843486383526767747e-01 4.771849036917391595e-01 5.424341807017354355e-01 5.341182637838975955e-01 4.680723481610190029e-01 5.585429491860918194e-01 6.367229733072838904e-01 4.793264561334649732e-01 6.304399640091982171e-01 4.857901325843311802e-01 4.429674754413979731e-01 4.694794786044178547e-01 5.818536503289221118e-01 5.046588367270795628e-01 2.465981371543894962e-01 1.381729985033585961e-01 1.555874079359186313e-01 2.553985109153185107e-01 4.252695829911023462e-01 3.036973416231055767e-01
6.710000000000000000e+03 4.908199369805960610e-01 5.345743726707795629e-01 5.840112608762588753e-01 6.088800601146270308e-01 5.422431909463601984e-01 5.794279656483337648e-01 5.752365884940554563e-01 5.088029710676392758e-01 4.044602703957071443e-01 4.585494584236531890e-01 5.193969516672913844e-01 4.895704486159293545e-01 4.596114445815947525e-01 3.586876888091534710e-01 1.368571048799115397e-01 2.351819540419722299e-01 2.947268157973853553e-01 2.914430848759686499e-01 4.335210600760774913e-01 2.222872602541691445e-01
6.845000000000000000e+03 5.098355200639367313e-01 4.695079385754742929e-01 4.676868929150700405e-01 5.480659026780766441e-01 4.863195714769019129e-01 5.148572963686788295e-01 7.691660611125185065e-01 5.174701828969981987e-01 5.154094239869799754e-01 5.143790280206338439e-01 3.292051104671813722e-01 2.256757033314592542e-01 3.895172442620817854e-01 4.484747245405050764e-01 2.026681049736901441e-01 1.456234061704450578e-01 4.042461915255101124e-01 3.040768572917780799e-01 6.450000817123452412e-01 2.693954922823831866e-01
6.952000000000000000e+03 5.455811154424521359e-01 5.263369927697991724e-01 5.388616521167659545e-01 5.812045566025609844e-01 4.437725959559847277e-01 5.011845672105216254e-01 6.736013181042403986e-01 6.129581961228184328e-01 5.291806139248507179e-01 3.356396522188867526e-01 2.103159805411079497e-01 1.665224451141643913e-01 4.146515378052296752e-01 4.618486338013805814e-01 2.576016977591609747e-01 3.475211031437003273e-01 4.311620234722984835e-01 9.927475103927917155e-02 5.202467162385685517e-01 3.878443867385445443e-01
7.404000000000000000e+03 6.456280392277513602e-01 5.628930403754407452e-01 5.085893530754889147e-01 4.606178263392006755e-01 4.255867789192647188e-01 5.553099161043731913e-01 6.767543878670093660e-01 5.435100384949591579e-01 4.008549220753352960e-01 4.292903101202095173e-01 4.190013483200273892e-01 3.040124207390835220e-01 3.247495540426191263e-01 4.412226450924014443e-01 3.131913178270392395e-01 3.509849342688114993e-01 2.019047351412867619e-01 1.973206341137286046e-01 4.484072790744995651e-01 3.793501521124282849e-01
7.418000000000000000e+03 4.381447039197593485e-01 3.639477668646426967e-01 3.504210311716162707e-01 7.070439397347535460e-01 6.906202683915184659e-01 6.614251597584137610e-01 6.637877804958287609e-01 4.909138577507713985e-01 4.806911431108246147e-01 5.137430546434825773e-01 5.409344651068755949e-01 4.095629252710579760e-01 3.659139077401730167e-01 7.529006612682241917e-01 3.258827971183845262e-01 2.737875523773597997e-01 2.095669776224929615e-01 1.928455866414648945e-01 3.904369852300161314e-01 1.562884465512557330e-01
7.978000000000000000e+03 3.382531907811082150e-01 5.699033924567906695e-01 7.205187483311258356e-01 7.406771558353184570e-01 5.257370335278189755e-01 6.796413666445818569e-01 6.413406796053160441e-01 4.021075305307769687e-01 3.922373416161895610e-01 4.131440689910720332e-01 4.111130388594271268e-01 6.604729379673379697e-01 2.279665282108012114e-01 3.258290351918710637e-01 3.312111081017842795e-01 3.410995078445955286e-01 3.014569722496851512e-01 2.114410129392678139e-01 3.615344291704291613e-01 2.138059749158783829e-01
8.223000000000000000e+03 5.174216548876044985e-01 4.242332080376057801e-01 4.636416929907210549e-01 4.999398610746128568e-01 4.924520935339428140e-01 6.185776775921107973e-01 6.998008710217904493e-01 6.455063754812032650e-01 4.813721252395405381e-01 4.608429321358666897e-01 4.348175301962157735e-01 3.324773658090749984e-01 4.425048776292968555e-01 3.535627463644537283e-01 4.160805823664427416e-01 4.204982525711716823e-01 1.777868484009836325e-01 2.267985091140436726e-01 4.811334273923326132e-01 1.803629841851683846e-01
8.246000000000000000e+03 4.919054924789170724e-01 4.176149082154572700e-01 5.089679801423377947e-01 5.567115644494255999e-01 5.359994347742518261e-01 4.984883451159944912e-01 6.845623534221587647e-01 6.274029776404907999e-01 4.346889606583625443e-01 5.452747912677976538e-01 4.958124184352044050e-01 3.199210746761969038e-01 4.685021408368946760e-01 5.129195573244137440e-01 2.545823982371074323e-01 3.785701362241586931e-01 2.588542105320809639e-01 2.051779825407676894e-01 4.077482516389662193e-01 1.935808714194204305e-01
8.253000000000000000e+03 6.245923836659659223e-01 3.867163799192153140e-01 4.790077243235070781e-01 5.188139246368163038e-01 5.165903313667942198e-01 5.534310526807990627e-01 6.746634044782572337e-01 4.793069277953846963e-01 5.393118342460496706e-01 4.674451504050561312e-01 3.744386076028297650e-01 3.589489930840504828e-01 3.112149565949940411e-01 4.434130652812111606e-01 4.816683570720257657e-01 2.450999350577015290e-01 2.283372001194035605e-01 2.795790426336018930e-01 4.057204995602378683e-01 2.691814783576497727e-01
8.628000000000000000e+03 4.863789538728247042e-01 4.825750495149025432e-01 4.830490536371315757e-01 5.784454634782290050e-01 4.949404051006199845e-01 5.715395440673270988e-01 6.977572497451940414e-01 5.380471896560509171e-01 5.301869671826441310e-01 4.574897852060486048e-01 7.570253201171248669e-01 2.621735043748309457e-01 3.834041493678141954e-01 3.998320762634371417e-01 3.200987052338803984e-01 2.517997698034263321e-01 3.139368032772827388e-01 2.190025196453278256e-01 3.419328959899682330e-01 2.311323943440302398e-01
8.629000000000000000e+03 5.342975678708964393e-01 5.141779220167724818e-01 5.587355601655075166e-01 5.956092071208739513e-01 5.293954524860573496e-01 5.755978445144911415e-01 6.487325945979189878e-01 4.786396338061247868e-01 4.747270404227623142e-01 3.825783137525599065e-01 3.312257979986854561e-01 3.707411391957665114e-01 3.835830355328287977e-01 4.511998050008514949e-01 3.218037045494597792e-01 3.892449207078845785e-01 2.336618849771304185e-01 2.060026566916263180e-01 4.137722861829062904e-01 2.908907443158288975e-01
8.822000000000000000e+03 4.974194004030382810e-01 5.717972901637540240e-01 5.076783726718286927e-01 5.200787072625226992e-01 4.332121923677525466e-01 5.293598827251508876e-01 6.352565902052901281e-01 5.024315653092742417e-01 6.030997822447763390e-01 4.738290092389023100e-01 2.007208358583366936e-01 6.426375490015674430e-01 4.790654561666972677e-01 4.216427945896157325e-01 1.482865025395871394e-01 3.098589532368627442e-01 1.771354924515412821e-01 3.610944955226125797e-01 3.253535777075221014e-01 2.898012707593140558e-01
8.824000000000000000e+03 5.653132224018119212e-01 5.235575043050918476e-01 4.962143182796166507e-01 5.790908457461445558e-01 4.778997870812867199e-01 4.844254749097021140e-01 6.523102371156576096e-01 4.299749333052779732e-01 5.803854870289978374e-01 4.633343766592150081e-01 4.843142130436005055e-01 3.213786331098767435e-01 1.638330534908847835e-01 4.579448123127446979e-01 2.320028919796331135e-01 3.925219312007589556e-01 1.697008744236018218e-01 2.667679800858233641e-01 4.172365722387040288e-01 4.232343493731767770e-01
9.014000000000000000e+03 5.901945015978511400e-01 5.765622969254841079e-01 4.147704475626282639e-01 4.980489216318465528e-01 5.246668773531162344e-01 5.959594622032258204e-01 6.637315099427929521e-01 4.552891428075419578e-01 3.910433670675825812e-01 5.157595535142199816e-01 5.812247906862237912e-01 4.648728516638121477e-01 3.597417294508859498e-01 3.440724735802957457e-01 3.569625656256066870e-01 3.014976094884548874e-01 2.715541263975862485e-01 1.930393644252175467e-01 3.561434536049812860e-01 2.268233581386550346e-01
9.037000000000000000e+03 5.689974919871991776e-01 5.280317546953872121e-01 5.408217665484064129e-01 4.136024281830508742e-01 5.054548595562797786e-01 6.083993671911448464e-01 6.076502907170182599e-01 6.463525676460682989e-01 4.032418612044563200e-01 4.122193877963006292e-01 3.648439136252334403e-01 2.519956503392063452e-01 2.642285024097034141e-01 3.145728981382063805e-01 2.751082663179933441e-01 2.369063724548292893e-01 5.157372174041233714e-01 3.226598150121522401e-01 5.183075323662641454e-01 2.039393251752329994e-01
9.692000000000000000e+03 5.410657301073444891e-01 4.111770444084146825e-01 4.899124600969119170e-01 5.780558947826464067e-01 4.707525052735582749e-01 5.440187247507140000e-01 6.914799252714239897e-01 5.088108104813404697e-01 5.377343534127566604e-01 5.160922450621732160e-01 3.170758647929880492e-01 3.474452320070226530e-01 6.398457748090857766e-01 5.940443684977588790e-01 3.051836072913788889e-01 2.399308283686998333e-01 1.850606969729292339e-01 1.848876037728141297e-01 4.622430526233480275e-01 2.631298884769414648e-01
9.852000000000000000e+03 5.550160793471065057e-01 5.451208483579793596e-01 5.364543257531894094e-01 5.379118142162635507e-01 4.443090141651710456e-01 5.182743202458581777e-01 6.299342064094338722e-01 4.920157637429903308e-01 5.268835258004749278e-01 4.635465752265878758e-01 6.573224436596010190e-01 4.440599009750543780e-01 3.757683011745889257e-01 4.276742357831444519e-01 0.000000000000000000e+00 3.630518066849452996e-01 2.591982596324650112e-01 2.282117415353307477e-01 4.454348962945959833e-01 2.681524895376300455e-01
9.889000000000000000e+03 5.362336007467273236e-01 5.458196937591593967e-01 5.787950077103554136e-01 5.800050747410877561e-01 4.400798945349856939e-01 4.738864748476644406e-01 6.194243927144763573e-01 5.741788113298619267e-01 5.281746381407211866e-01 3.917059268629652924e-01 5.413357927064480490e-01 3.931616537679697432e-01 4.059408213420351297e-01 4.223845343346258607e-01 2.981064704454681191e-01 1.712702109744350387e-01 3.453526710216499040e-01 2.737394735315848981e-01 3.641459785065047083e-01 2.224928139951970474e-01
9.890000000000000000e+03 5.764809660581884376e-01 5.902467479221903401e-01 5.537214376472769928e-01 5.235056429301855330e-01 4.370140005154564133e-01 5.064804396629276617e-01 6.907428647036673031e-01 4.705437838940595419e-01 3.955649122491058378e-01 5.000146189548340114e-01 5.071295951722449846e-01 3.987257121272533844e-01 4.110479182622832073e-01 4.266439161868294527e-01 2.249172407546849162e-01 4.347952598851665962e-01 2.964043691467238562e-01 2.246146916415815986e-01 4.043967836975469465e-01 1.379273340883129528e-01
1.021400000000000000e+04 5.575954721141603843e-01 5.329408752273345762e-01 5.638657206285621060e-01 4.992879768083557379e-01 4.610519665152505997e-01 4.967725286662149631e-01 6.373822121502067395e-01 5.089295255933862228e-01 5.472052768127374511e-01 4.424333499154823879e-01 5.242559873432891537e-01 3.428426270648253782e-01 4.712548676604289555e-01 3.833922542852347681e-01 4.085335578095943831e-01 3.455563129186958737e-01 2.692986669529608967e-01 6.996700965325618193e-02 3.875285741087098335e-01 2.778906927606967781e-01
1.030500000000000000e+04 4.988710711246978069e-01 5.754561465393995823e-01 5.519782052865258581e-01 6.382410223874268596e-01 5.617601492372999994e-01 5.717909154021920681e-01 7.135634844866325377e-01 4.140969013630750872e-01 3.994063813712269706e-01 4.004214968335796931e-01 4.195902158818150540e-01 5.131734885257950296e-01 4.586874922809481836e-01 2.487191566539309895e-01 2.512894949369938735e-01 2.861180234477848083e-01 2.527984249425254681e-01 2.836063941150802070e-01 5.310797787438178430e-01 1.847865194134227507e-01
1.032200000000000000e+04 4.891957355521351358e-01 4.247275307080179418e-01 5.986510592814410225e-01 5.838694679031625201e-01 5.004734529200018933e-01 5.299174761754045226e-01 6.968386147058235336e-01 4.924832053478410132e-01 4.857137451008906037e-01 5.188849638017332122e-01 3.735473197188921013e-01 3.179676352617349377e-01 5.253080706508891362e-01 5.267166944563118625e-01 2.601009467578301870e-01 2.529571925059284077e-01 2.224932746652010240e-01 2.434481686370895126e-01 4.698600792392954029e-01 2.771120118505324692e-01
1.032300000000000000e+04 4.860637880779055675e-01 6.043591565132988563e-01 5.539393432854033961e-01 5.914367953216094209e-01 4.835192401757859026e-01 5.646226476408152672e-01 5.721692501907740258e-01 4.248176764939388672e-01 5.338445932492338342e-01 4.606273580930115852e-01 3.810283610756753925e-01 4.807601237258440907e-01 4.748985920181081899e-01 3.446127753162996910e-01 3.060839793716820245e-01 2.618416142126742674e-01 2.456148344464001154e-01 2.762076821319860986e-01 4.715765623362597192e-01 1.991997310270622878e-01
1.049500000000000000e+04 5.141765121068674338e-01 5.226176825128561187e-01 4.855464108996804806e-01 5.347559998299972195e-01 4.590247771887321360e-01 5.461255892556322600e-01 7.242462933809892256e-01 5.230825896714932366e-01 5.470158117667551778e-01 4.454029839208930586e-01 4.425967788805847958e-01 4.332019038766323216e-01 6.105908380632706356e-01 4.656026411496935191e-01 3.740089857115347360e-01 2.103188334592709652e-01 2.054287023261571754e-01 1.783566369883008706e-01 3.888355559120095228e-01 2.326674585961198138e-01
1.107100000000000000e+04 4.943826479716698641e-01 5.410464915578933054e-01 5.485229534484760139e-01 6.140311866596441792e-01 5.591266675389291452e-01 5.493270668267210555e-01 5.400667030369817878e-01 3.980332943160614922e-01 5.379186293687064913e-01 4.840769515345432761e-01 4.808484158210621362e-01 4.324180009906236077e-01 5.085420934200468590e-01 5.209705778621332994e-01 2.017871911034644916e-01 1.528258903136205105e-01 2.124380740476815299e-01 1.666766405688833996e-01 4.786866337000886262e-01 3.577078886915259770e-01
1.131200000000000000e+04 5.537605661022123593e-01 5.367505149427806987e-01 5.921285449587598837e-01 4.993749411217938694e-01 4.924755401994551640e-01 4.781110557555618978e-01 5.483858892025204046e-01 4.672045179174477703e-01 5.642649421654812869e-01 4.852939918498528904e-01 6.346421289356056761e-01 3.279208875909958576e-01 3.321416415225259544e-01 4.940936964461972725e-01 3.831708635190517187e-01 2.229298027081757783e-01 2.559577664412608367e-01 2.689287085771132624e-01 2.904161295223520178e-01 2.537749351689971289e-01
1.132400000000000000e+04 6.060287994514490517e-01 5.653321641950019849e-01 5.709133175505751723e-01 4.942984611089904501e-01 4.543931731781585270e-01 4.708201396791443227e-01 5.661686320660674898e-01 4.294157861627221351e-01 5.375406387272845254e-01 4.942067344217327407e-01 3.711259204450303995e-01 3.560334108641247663e-01 2.452392530022646233e-01 6.366624104116276328e-01 4.116258418162057620e-01 3.818196501649184782e-01 2.156807358282994413e-01 2.868795838414122668e-01 2.712322855789023879e-01 2.365727098957266794e-01
1.142800000000000000e+04 4.354589974760471049e-01 3.775919763046253208e-01 5.350946092667188125e-01 5.561525045325774741e-01 5.280008364208294003e-01 6.563136534282493217e-01 7.368038006727665179e-01 5.322733796052372401e-01 5.464100653881318603e-01 4.721019606297179871e-01 8.177665522727063374e-01 3.801020484626107532e-01 3.903900421314924762e-01 3.547219409498160725e-01 2.608345037787473952e-01 2.301755382872185396e-01 2.562643377463298955e-01 2.346412540314955775e-01 3.905058418910236084e-01 2.121935379145555856e-01
1.142900000000000000e+04 4.436983584043648898e-01 5.392682784078013380e-01 5.159736821272843388e-01 6.097732672217935912e-01 5.832376728504616858e-01 5.827921259657943276e-01 6.107159073648477099e-01 4.735482855014243597e-01 4.697175089541014148e-01 4.856543199161078017e-01 5.199037217822952694e-01 4.066561508292046989e-01 3.687803030894755696e-01 3.958357973202166202e-01 3.180197095440646660e-01 3.432519336839883195e-01 2.700704382500940248e-01 2.575865538527647991e-01 4.075319470024648671e-01 1.678620353028949241e-01
1.144600000000000000e+04 4.518008571101863602e-01 4.824931762180254546e-01 5.649251210885325447e-01 5.035226578600948688e-01 4.969772910785295039e-01 5.988943694403079387e-01 6.870315330394364262e-01 4.939640251666906345e-01 5.264761122914325409e-01 5.187634130951581657e-01 4.255146889879796168e-01 4.715744351514437605e-01 3.819573650629001227e-01 4.840300717339638403e-01 5.165842049513579282e-01 1.363120463243311375e-01 1.817496578818622865e-01 2.343326748228569678e-01 4.160258548087661934e-01 2.547492928053256556e-01
1.144700000000000000e+04 5.265030404436664702e-01 5.732768377527880377e-01 4.784777319959440112e-01 5.842222785056101486e-01 5.419301894463810498e-01 5.538860961096102598e-01 5.705627232476292443e-01 4.631118152205768723e-01 5.310916601129297421e-01 4.306471668819984999e-01 5.732524916695271866e-01 3.531260665337954130e-01 4.413152875370207617e-01 7.019191438026443075e-01 1.690923125371351921e-01 2.162199003978441114e-01 2.386519499540617206e-01 2.441641781166192515e-01 4.372353103694974208e-01 2.070333334505052303e-01
1.147100000000000000e+04 5.051439517417897207e-01 4.521279136037458235e-01 6.130099402902060568e-01 5.952568061529691645e-01 4.855279509359988754e-01 4.756009957934543841e-01 6.785941120891217926e-01 5.312395020654064881e-01 5.138197466971045069e-01 4.577439862560100381e-01 5.255308910204934403e-01 3.162259100274786294e-01 5.027783862965171657e-01 4.104220481711765567e-01 2.342963726715436290e-01 2.315356413267339875e-01 2.434204327005589086e-01 2.260216654922493074e-01 4.656395246725990589e-01 3.041497318658394344e-01
1.151000000000000000e+04 5.470640958929380293e-01 5.362754581533697440e-01 5.225869359997512564e-01 5.125282905702345237e-01 4.857553521132836338e-01 4.828541745897753645e-01 5.823581331979814646e-01 5.263255411697919106e-01 5.439266039407898434e-01 4.898032362036167653e-01 3.268312979741342938e-01 1.842590988407211139e-01 3.088263749696585903e-01 6.612337921668302032e-01 2.975795334853004737e-01 2.994294883486091630e-01 2.923755640003795064e-01 1.564343789091692805e-01 3.083714617615831988e-01 4.900783730856068665e-01
1.151600000000000000e+04 5.679266258939267287e-01 5.607550788850590440e-01 5.019762273698629151e-01 4.767598562681767960e-01 4.946374804415510917e-01 5.216979509812363913e-01 6.426606880082553763e-01 4.886761593782638080e-01 5.332466326258467060e-01 4.471018598682481304e-01 4.017797320861394295e-01 1.815800442800437897e-01 2.187365081670739619e-01 7.150129999869491160e-01 4.197641600375634496e-01 2.934634835650073437e-01 2.307785971843149819e-01 2.092336716675488317e-01 4.215495679402098683e-01 3.407613060909062686e-01
1.151700000000000000e+04 5.997250194315554284e-01 5.417216272237725949e-01 4.801143920809334831e-01 6.101050739311848492e-01 4.978300059891489493e-01 5.459137814474114281e-01 5.974577847328682578e-01 4.944186547202129578e-01 4.758026626821482696e-01 3.916448936694081340e-01 2.027938011569931087e-01 1.900757569538260028e-01 6.084855945179057368e-01 5.339064549498950818e-01 3.360183766038483122e-01 2.572617462323724680e-01 1.999048124821003747e-01 2.325050074561904323e-01 5.520245268600121324e-01 3.224534120459300324e-01
1.156400000000000000e+04 5.589614558986393256e-01 5.262596777960022454e-01 5.063927873718726547e-01 5.607967301926560788e-01 5.541260335119947422e-01 5.016214364254173441e-01 6.260651040228281117e-01 4.760269352930115994e-01 5.055537733193183891e-01 4.342826135592204317e-01 5.281186768458605574e-01 2.700929976192288917e-01 3.101428811427016097e-01 5.077553792496768414e-01 4.473249149380364442e-01 3.089873402334867292e-01 2.557148158948145955e-01 1.380794933049171724e-01 3.901699437143783533e-01 3.017479270032213390e-01
1.220400000000000000e+04 5.429342582316462051e-01 4.788533501817471283e-01 4.767315787313418096e-01 5.453679189197863098e-01 4.679628768155557617e-01 4.917397131641098595e-01 6.482236357969255458e-01 4.485178948831400891e-01 6.100617994541061018e-01 5.436604597239066416e-01 5.464095634269159341e-01 3.104826537598780467e-01 3.625375267047269978e-01 6.274706955333517744e-01 3.461731036834130304e-01 3.073865263376278079e-01 1.922782910428963432e-01 1.979047610693887849e-01 3.981618694224449695e-01 2.459984033357547895e-01
1.240000000000000000e+04 4.596918952873926267e-01 4.694413446004569446e-01 5.420189612339935126e-01 5.802041901005048352e-01 5.011507036072605503e-01 5.134691000135875871e-01 6.906832680688472781e-01 5.478968555292266229e-01 5.507955044611988482e-01 4.739566995255540260e-01 3.982500413244323134e-01 4.725061233630897806e-01 5.603015109917318659e-01 6.671460997496235779e-01 2.988795510024080393e-01 3.134164248213113235e-01 1.143171374253301453e-01 1.639257804626320647e-01 4.349964068226294667e-01 1.986980234113254473e-01
1.257900000000000000e+04 5.507328549830247111e-01 5.886220679149739565e-01 5.810960362193638984e-01 5.591258218528776247e-01 4.171061415200714717e-01 4.742627685719089103e-01 6.247840740523941117e-01 5.058122751265189398e-01 5.424193735270309569e-01 4.088514742555428017e-01 4.600550024362565771e-01 5.476184913658862508e-01 3.045468656955979125e-01 2.455279123790275464e-01 2.897699724924604481e-01 2.759739511262844780e-01 1.996754515039077527e-01 2.646628236732462280e-01 4.499804640931948096e-01 3.286365498592947465e-01
