2.756000000000000000e+03 5.757734343110916253e-01 5.226951475476419029e-01 4.799631592368040489e-01 6.333414512862196588e-01 4.496492304449910549e-01 5.300790321833044327e-01 6.510151338068476123e-01 3.727246723684130014e-01 4.780609983620626724e-01 5.551305456189822296e-01 6.107766228313837864e-01 3.093046986894946726e-01 3.425608061892864709e-01 4.664104595514897422e-01 2.153603436442869390e-01 3.672584184985622779e-01 2.769280687553152820e-01 2.071092816364109856e-01 4.022378563434958476e-01 2.557440384934756561e-01
3.173000000000000000e+03 4.787784101469718112e-01 4.424986912408385709e-01 5.218197465407580227e-01 5.452829372715386480e-01 4.133683824212293634e-01 5.487807108640037068e-01 6.520899396849344498e-01 4.521359104312295263e-01 5.552912552236132226e-01 6.769287546723600224e-01 3.684379847607481273e-01 3.975884111134315724e-01 6.372672265082677256e-01 4.325561181379550812e-01 2.026002145229650053e-01 3.898132397093530543e-01 1.897812760843377577e-01 2.592823245788354325e-01 4.245092448648635775e-01 1.849974632823291054e-01
4.423000000000000000e+03 5.344014986582379390e-01 5.606613145052317115e-01 4.635888279615340002e-01 4.255893720113014811e-01 4.251036199541506910e-01 5.483107746821064277e-01 6.183907048094202663e-01 5.170014679384447032e-01 3.839291408616789525e-01 7.316412130101870304e-01 6.541454211222398341e-01 3.836930836943127643e-01 3.450682904291856312e-01 4.845885976667229644e-01 2.614322592707231108e-01 9.939890027367995207e-02 3.372626172477187767e-01 1.622079284917380126e-01 4.491927805615211211e-01 3.173797189533699714e-01
5.020000000000000000e+03 5.327306698783286221e-01 5.067376052815004694e-01 5.329190797747151986e-01 5.893072741767818590e-01 5.206006823135211903e-01 5.599482342237177557e-01 6.902768801570906554e-01 4.148806282119363864e-01 4.886612840881711106e-01 4.575936966974504805e-01 5.034332557305744027e-01 3.722254219660670049e-01 4.084761061736067456e-01 5.440067753823155661e-01 3.694329432693925219e-01 2.328640686216004729e-01 1.902366286358871672e-01 2.210591516744656593e-01 6.062327039084571823e-01 1.461779348763308783e-01
5.828000000000000000e+03 5.861614851473921917e-01 5.790645592158123467e-01 4.233101568318199392e-01 5.020390369622841353e-01 4.652604884425046161e-01 5.367151242819022672e-01 7.045712094269179770e-01 4.207103304307174274e-01 5.036072464349792277e-01 5.138794701957353217e-01 5.993237894513128161e-01 2.802153157005974338e-01 5.616452795452646640e-01 4.667729003478965355e-01 3.254776840357895273e-01 3.195862339840890853e-01 2.374343373274344360e-01 1.477924611341719652e-01 3.598650076630115491e-01 2.359113715221247687e-01
5.847000000000000000e+03 5.027015435935460186e-01 5.464931527520271448e-01 5.650419404394407819e-01 5.822302757672868090e-01 4.799615622285320349e-01 5.494406689476107886e-01 5.865330407206642560e-01 4.880139678258772484e-01 3.457379092524242581e-01 6.122045361449912626e-01 3.925609386108983578e-01 2.969988723524684127e-01 3.920870670188921214e-01 2.971514830636931004e-01 3.162534530744258721e-01 2.574052747617959769e-01 2.462030942196245520e-01 3.033233205477861572e-01 5.313513934269126215e-01 3.144864269810154211e-01
6.382000000000000000e+03 5.725520556529135607e-01 5.164138607836411543e-01 5.083359344311565442e-01 5.438452669387719984e-01 4.372740397147608093e-01 5.404959352276331730e-01 7.791547988658020785e-01 3.821403896285177626e-01 4.707018289885412377e-01 5.294433865917490545e-01 5.340276024739336602e-01 3.917838693559891894e-01 2.247578701131879853e-01 6.120220237494098381e-01 3.427070061964675451e-01 2.891003667193093318e-01 3.450216701676040998e-01 2.688791150269985719e-01 2.044518082946266413e-01 2.105334322147242310e-01
6.959000000000000000e+03 7.158696962180395307e-01 6.092469482489084598e-01 3.927463783909915240e-01 4.520464064083073441e-01 4.622050857306452820e-01 4.774613045427848479e-01 6.122148507585087884e-01 3.952192929541780142e-01 3.997734874664343185e-01 5.966019654340329881e-01 1.591337512727806214e-01 4.095731886780314412e-01 5.750764362331304280e-01 4.266456913806401241e-01 4.206667949259752515e-01 2.437147700474780188e-01 1.166419305606215956e-01 2.861671121870618117e-01 5.044911615138686356e-01 2.890462218738250044e-01
7.387000000000000000e+03 8.273968274870896478e-01 3.940368113564254871e-01 3.651726670325126101e-01 3.430252098555596763e-01 4.410344706278559457e-01 5.088904354658271290e-01 6.786853180745016090e-01 4.583697141438565215e-01 5.140564447113961100e-01 5.581971139481958222e-01 2.239632959589906713e-01 3.210534181361360817e-01 4.287050663735993972e-01 3.929654723273272587e-01 4.389937196536264907e-01 2.922562405503342231e-01 2.392484096142323269e-01 2.901780200429635026e-01 5.093123866667423894e-01 2.388910445315309272e-01
7.405000000000000000e+03 5.971097583338986770e-01 5.416406888387857999e-01 4.588013944489742757e-01 5.208288833656595784e-01 5.213056253342205348e-01 5.659680107953575234e-01 6.652724919498763656e-01 3.550876107772490409e-01 4.496811295796274144e-01 5.495182231509154747e-01 3.598318291203739250e-01 2.943336550007376595e-01 3.951915065578883723e-01 4.124147605468747035e-01 4.179113758320536776e-01 2.349908935583538971e-01 1.968414551049317562e-01 2.595400286664766298e-01 6.387421029357355229e-01 2.464222497333073691e-01
9.038000000000000000e+03 5.585997695614351999e-01 5.511962393072484812e-01 3.953108175350771858e-01 5.922377998966389390e-01 5.486227619411062628e-01 4.887984371844452669e-01 7.811745386939737967e-01 3.376806364811125172e-01 4.109630586524128382e-01 6.052055602812026480e-01 2.989123333810384531e-01 2.410777639700028563e-01 2.865882668445327019e-01 3.629956400334160560e-01 2.853700102954623286e-01 6.016418674803430955e-01 3.235408939027893949e-01 3.053517111515035576e-01 3.452765687024924590e-01 2.066218765970418425e-01
1.164300000000000000e+04 5.165406731516980487e-01 5.081382790503091718e-01 5.222097925307521704e-01 5.713047922540924750e-01 4.714415270372538380e-01 4.832069722613330232e-01 5.916125948013906122e-01 5.366596677351238576e-01 4.453458107974753721e-01 6.010984567802155620e-01 4.323674915791559936e-01 5.537164603597614088e-01 4.289226082410974583e-01 3.287184735622938891e-01 2.898749232012994281e-01 1.294155404593720360e-01 1.638218430433148187e-01 2.977673966523973204e-01 6.143812255651370791e-01 2.496254442676678342e-01
1.191900000000000000e+04 5.701770288142588017e-01 4.402917187431920620e-01 4.851867439022497508e-01 5.027962892975266218e-01 4.364038219664420071e-01 5.349252063949364588e-01 6.030703762874386475e-01 4.223604786751886664e-01 4.972393606088886808e-01 7.183536215648007595e-01 2.820507091626325291e-01 3.949207019230315807e-01 4.408129079351746360e-01 4.425842099721084555e-01 4.246660678093409635e-01 2.905622681833716081e-01 1.779833671665640438e-01 2.498242375291550577e-01 3.809864534531915425e-01 3.126299730117765852e-01
1.250900000000000000e+04 5.632673186038327229e-01 5.196461466403752283e-01 4.866501485949790706e-01 4.832889025613796297e-01 4.687267678039873098e-01 5.375799659060787050e-01 6.236573578914382798e-01 3.822551228515088106e-01 5.452208181339552873e-01 6.102338639891506933e-01 3.516815231050247625e-01 4.301544213622460755e-01 5.971733690107394743e-01 4.155627607792531930e-01 1.949151587230054383e-01 1.592611993289552441e-01 1.971191153182557387e-01 2.886163762329753135e-01 5.856959933865336643e-01 2.647612380227201134e-01
