7.040000000000000000e+02 4.285500831873224614e-01 5.790427540621577718e-01 4.308640726135216092e-01 6.221806022380935719e-01 4.497746830003555574e-01 4.697807988910561727e-01 5.828221441831460403e-01 4.650161115649982246e-01 6.270750777689720890e-01 6.262323378790511930e-01 2.727378510845177018e-01 4.449692461844632629e-01 5.687194367175920640e-01 4.790143574563823781e-01 3.375137832165973628e-01 1.850490498487985525e-01 1.944845297902783043e-01 3.691409190779699201e-01 4.869440168965468718e-01 1.494670419224209679e-01
1.459000000000000000e+03 6.824319593256200633e-01 6.674926340807192382e-01 7.292780046159932361e-01 4.136163347343400076e-01 3.996280367986647653e-01 4.371666806732796284e-01 4.144944881522782398e-01 4.226487241040694509e-01 4.767770515140551391e-01 4.498581139283345243e-01 3.321358928605900873e-01 1.945570754332741625e-01 4.219282846633399253e-01 6.173482874632246764e-01 3.223300244248567537e-01 1.856068153329718529e-01 2.961396209378610034e-01 2.931579774784565662e-01 5.218191031745045283e-01 2.556051239531251240e-01
1.460000000000000000e+03 6.891387115148748244e-01 7.511085425512420422e-01 4.412297131910325465e-01 5.177064176294562392e-01 4.400959077487480720e-01 3.835009603225227881e-01 5.293158967011900584e-01 4.550226217293261155e-01 4.961238472913562236e-01 4.083759860305767320e-01 2.269707167386886826e-01 3.806490943612356181e-01 5.464770760913497671e-01 4.231116045987268759e-01 2.225073782565500369e-01 3.427783892887677486e-01 2.911995927795117400e-01 3.046620162653178587e-01 4.288910839972545630e-01 2.098529435677310151e-01
1.792000000000000000e+03 2.955842926689630223e-01 6.252073543511136311e-01 6.897528193923571083e-01 6.516474604033748452e-01 4.921991994582385344e-01 5.221275543286600929e-01 4.624705123197864753e-01 4.770213956965865254e-01 5.299457446430473340e-01 5.922037637425462409e-01 5.584973001926788472e-01 3.653404306819543201e-01 2.098445304117110555e-01 6.772870609415063692e-01 3.389951538015339438e-01 3.014764609839754583e-01 3.306267628294972116e-01 1.786487147401534248e-01 1.608490622101086676e-01 3.063821044157710727e-01
1.793000000000000000e+03 6.047453369104844878e-01 6.439757470482474488e-01 5.707854725329001289e-01 5.325717521412728361e-01 4.352370763464984971e-01 3.315370027893631555e-01 4.918603520861021261e-01 4.272566671879068356e-01 5.734172505566362821e-01 5.350658183658717482e-01 4.525984393242053483e-01 1.992314923471708021e-01 6.259123459929222255e-01 4.671257869931768059e-01 3.751013678497450710e-01 4.004291363134155346e-01 1.863287935436473697e-01 8.230979129389164040e-02 5.365906027201663431e-01 2.316806156396086225e-01
1.836000000000000000e+03 5.156647911824059349e-01 5.825475366733738891e-01 5.526497389072360100e-01 5.827775305301041708e-01 4.681914083452884401e-01 5.114287210820892549e-01 5.889342855804774457e-01 4.994588478412639310e-01 6.026590559205186048e-01 3.669052243230799815e-01 1.882414310647628763e-01 4.210275148605727158e-01 2.928978770857151304e-01 3.881196202906834758e-01 4.902709166644606542e-01 2.286122489598694518e-01 8.133104200579895082e-02 3.401870359552381373e-01 5.340104525427706861e-01 3.764078118894546021e-01
2.049000000000000000e+03 5.434423782428543515e-01 7.104343160273367541e-01 6.579897344739560339e-01 6.598869417556875172e-01 4.129769490662009712e-01 4.146394357939516273e-01 4.389842096933360693e-01 4.402489573279828594e-01 5.001493377602007628e-01 4.219091731264698608e-01 5.418274345488061083e-01 4.967426282583924380e-01 3.595195440471083970e-01 1.712556407452470175e-01 3.899142879688641261e-01 2.676633150445396070e-01 3.568688488130496439e-01 3.046171889638288888e-01 3.661063593337326449e-01 1.287008283135576414e-01
2.050000000000000000e+03 6.989579707483076776e-01 6.608513853743912536e-01 6.297151703029986169e-01 4.954846510840740792e-01 3.880559604954533226e-01 3.667881068436257275e-01 5.083669775988508555e-01 4.459113739559135703e-01 4.326208981421399979e-01 4.815302216052980144e-01 5.862167176694552673e-01 3.224449002672581388e-01 1.583629509274684100e-01 5.110465855400940782e-01 3.166723194307657363e-01 4.102872209255896685e-01 3.006770592241544970e-01 2.054674742538951937e-01 2.147478687811426035e-01 3.299187699332114532e-01
2.051000000000000000e+03 6.814105528477596430e-01 6.622969115528707373e-01 5.107885712118139798e-01 4.989008507433940753e-01 3.734890259765412668e-01 4.534416415498767061e-01 5.557923523357036766e-01 4.062928410133477830e-01 5.270336234616025406e-01 4.662518335388283197e-01 4.120554772126944210e-01 1.562487924351688429e-01 4.906874867012979702e-01 4.502964392574311248e-01 5.243390160851052473e-01 3.761905432948458028e-01 2.213191475919446261e-01 1.219602074348278831e-01 5.953129886399376458e-01 1.788890758043820695e-01
2.099000000000000000e+03 7.585368778396252010e-01 6.364987467189979764e-01 4.697360172400841805e-01 5.023745810973284653e-01 3.423758072376349992e-01 3.329620106036895733e-01 2.648951391414209322e-01 5.492172136611038757e-01 6.129750341534382363e-01 5.252332905884773417e-01 3.518795927893534903e-01 2.904446047631283889e-01 5.414032851411645364e-01 4.193552118390611594e-01 3.549570208149469552e-01 2.839627146582234252e-01 2.420220556317408400e-01 2.537303612056284741e-01 4.998847603667966877e-01 2.152505073372843192e-01
2.731000000000000000e+03 5.466323663073754391e-01 5.085541039139015451e-01 5.478019387453003652e-01 5.651014705897637880e-01 5.077568205240525767e-01 5.121689230870517529e-01 6.028135625655451912e-01 4.728947084539306123e-01 5.108974158949205480e-01 4.770015911521300334e-01 4.749162631058583273e-01 4.433342362145965554e-01 3.704642947214620841e-01 3.218777161144956156e-01 3.302772427513915310e-01 2.390204973559989787e-01 2.474636203552064151e-01 3.224817408594259915e-01 4.478188922887635925e-01 2.158219246999079355e-01
2.735000000000000000e+03 6.388330598979621300e-01 5.975233746817110170e-01 5.693841064990375900e-01 5.524614945455715853e-01 4.451006567844626449e-01 4.600667158677225199e-01 5.452204600885319774e-01 4.521300227995849741e-01 4.243982965777817196e-01 4.856566587076318053e-01 3.853629648764397286e-01 2.817718912987369206e-01 3.733777870580375358e-01 5.426171062023221747e-01 3.298251719944261806e-01 2.192888155461859556e-01 2.304350646221317855e-01 2.629502351169820118e-01 5.620121223763824281e-01 2.718133521452508194e-01
2.751000000000000000e+03 6.398764906490206350e-01 6.885133961877512032e-01 6.622811896470164328e-01 6.704002419403667368e-01 3.689586025433194694e-01 3.704404224824704439e-01 4.141166998592115123e-01 3.579402351477400379e-01 5.307625733027740988e-01 4.379398462753126831e-01 4.099289212693172924e-01 2.530777799744747258e-01 4.277928857711108535e-01 2.699292720830198666e-01 4.641824545185040951e-01 4.461684110977257034e-01 2.303987543096268908e-01 2.318513803602219037e-01 4.857834367389659569e-01 1.833464308731669046e-01
2.752000000000000000e+03 6.931789710326899945e-01 6.784987891575328112e-01 6.556480021983266404e-01 4.613574288703953252e-01 3.641626719225076747e-01 3.641764439012133425e-01 4.148355186245134552e-01 4.921376564329407177e-01 4.658254402997769605e-01 4.885553040172908035e-01 2.840533750632781573e-01 3.697268371254247565e-01 2.342409036099042108e-01 5.885245510564482974e-01 5.061165083805908571e-01 2.553894594151933095e-01 2.203327742160789693e-01 2.699724850185621916e-01 2.955022745099640802e-01 3.375059204297686799e-01
2.753000000000000000e+03 6.898977372947140418e-01 6.783681656829573248e-01 4.728391446382352314e-01 4.627869763384839241e-01 3.646190409467080507e-01 3.715284988583439918e-01 6.111526193817655717e-01 4.329995635750751859e-01 5.282040871482579503e-01 5.122697755209832948e-01 4.167830999711575335e-01 2.014433813655028271e-01 4.976392356009720630e-01 6.400849870728476665e-01 2.900022434313775377e-01 2.431296562340420353e-01 2.555510976780671073e-01 1.543608279101838787e-01 5.417291125394354534e-01 2.845001635500879478e-01
2.754000000000000000e+03 6.992077569975109208e-01 5.353828562949202174e-01 4.891583376999932842e-01 4.799210864493916873e-01 3.851239087698876684e-01 5.437568532679115663e-01 5.482956550664809248e-01 5.099299398543291062e-01 5.687805531100882384e-01 3.926536414930407726e-01 2.392973513134195318e-01 4.558213932855591510e-01 5.750350680745883736e-01 3.858145627532729716e-01 2.946121898170167008e-01 3.007323195634595270e-01 1.560394299535628193e-01 3.222337241088478188e-01 4.844613490231217678e-01 2.202001077156794107e-01
2.959000000000000000e+03 5.630485127190386629e-01 5.366756763283526688e-01 4.641886645739018435e-01 4.858394685890620179e-01 4.134073531708644111e-01 4.677736428868425334e-01 5.406276470249711252e-01 5.090002865998257686e-01 6.023357581439893194e-01 6.055896933956730344e-01 3.284736129846719255e-01 1.709006116475166315e-01 6.247182392801140516e-01 5.615249196113418773e-01 4.760897433377274113e-01 3.621194691593016546e-01 2.119970349680661836e-01 8.478667902779542243e-02 4.904434756845895138e-01 2.306689645297883562e-01
2.971000000000000000e+03 7.074441973202578726e-01 6.799980612439233685e-01 4.897258124229349474e-01 4.958987997917022605e-01 3.517864078815990392e-01 3.366189897709583878e-01 4.876998382133891918e-01 4.566752908476636730e-01 5.366718069808590341e-01 5.369238121158141919e-01 4.186359136067864251e-01 2.777635791261848786e-01 7.858447580135541344e-01 5.335748352191861388e-01 3.280376359808234166e-01 2.874026585741997208e-01 1.976038239650602935e-01 1.105875635318003675e-01 4.800241027553361350e-01 1.949833109616313787e-01
3.026000000000000000e+03 4.876796748603803300e-01 4.051355274895016567e-01 5.654036104406430230e-01 6.152878473971095108e-01 5.192584234618013994e-01 5.502120583099210371e-01 6.114355690333256321e-01 5.174910644177421748e-01 5.173335898882378547e-01 5.150656169638302417e-01 3.743297366542470694e-01 4.134505540338995755e-01 3.918861314130523965e-01 3.076112308065259149e-01 7.252964882139467662e-01 2.961302113069459452e-01 2.656880025826542369e-01 2.236578301338530972e-01 2.705836238889226530e-01 1.482678399223008592e-01
3.027000000000000000e+03 4.614123407029335211e-01 5.617812745476133962e-01 5.655938837356196958e-01 5.951563951183109769e-01 4.858331081742250923e-01 4.790181126524505895e-01 5.849530710965555880e-01 4.407273777101002321e-01 5.138212784471050121e-01 5.866346600921982235e-01 4.708013156142919486e-01 3.399125270113870778e-01 2.666488638669931022e-01 9.303400778868841092e-01 3.383967543895555208e-01 2.955893655579684420e-01 2.133166862243278672e-01 1.406034671723526974e-01 2.397833607585412585e-01 3.126742510398889952e-01
3.028000000000000000e+03 5.693508276709274840e-01 5.532603802902277268e-01 5.371930430499378684e-01 5.443118920865422927e-01 4.134013410117906018e-01 4.472239018250350751e-01 4.642149188290632944e-01 4.275702093643953261e-01 5.837013709580772813e-01 6.286101025274564158e-01 3.999429468877880867e-01 2.399415949019428895e-01 8.149581486682301312e-01 4.430177902222894870e-01 3.500461028688889309e-01 2.462379140376766140e-01 1.391568623355295409e-01 1.268830621789708846e-01 5.227227987172454737e-01 2.888639361695184427e-01
3.029000000000000000e+03 5.748744588373061459e-01 5.451802527791526076e-01 5.101091182621396714e-01 4.794048957127814425e-01 4.028864435157472057e-01 3.710749555724419668e-01 4.707797608714093252e-01 5.155623750422734242e-01 6.481852314768689061e-01 6.319706536215571324e-01 2.887030502505076868e-01 7.515280519776671442e-01 4.048505269464557355e-01 4.719891153154791574e-01 3.007985941553992792e-01 1.659301550354286836e-01 1.295277027484681431e-01 3.126779226544005308e-01 4.956749078193191660e-01 1.940265816816857392e-01
3.200000000000000000e+03 5.674077366119655297e-01 5.225944379489028124e-01 5.391599686506101108e-01 5.675027898768598700e-01 4.534481671456972451e-01 4.244859818103103866e-01 5.668296758149617975e-01 4.725733855006100104e-01 5.522042935643359796e-01 5.464087311852090512e-01 5.993490812594566286e-01 2.428834642166982916e-01 5.684626370350048807e-01 3.846383880698474589e-01 5.065702949550937584e-01 4.709028273368050521e-01 1.992013658488466232e-01 1.052605534327364090e-01 3.597142599502777260e-01 1.279165410510995637e-01
3.242000000000000000e+03 5.607329576933978155e-01 6.251830484809008937e-01 6.008134211012909898e-01 6.103502594500435086e-01 4.277747397762826087e-01 4.002285623736540066e-01 5.258784547315656921e-01 5.253805160521031192e-01 6.084107377806182715e-01 3.388680782304803185e-01 1.586824101835620504e-01 4.080027513232271086e-01 3.378196379168413310e-01 5.744399513254594414e-01 4.243376426246496802e-01 2.851537820250873989e-01 1.074606086683768391e-01 3.310076722294709173e-01 4.327744478385695537e-01 3.250868635155112485e-01
3.439000000000000000e+03 5.693531384758637737e-01 5.817728662317657173e-01 4.967629668920947039e-01 5.273694533672624862e-01 4.576892858705004508e-01 4.684218423984091717e-01 5.002395740707231697e-01 4.639713041355483236e-01 5.398857907847407489e-01 5.737732422649831632e-01 4.931518834813554131e-01 2.739753598425946901e-01 6.666653433265615769e-01 3.932496493614872635e-01 3.160461265742187109e-01 2.846751461833494368e-01 2.211577277057150959e-01 1.286827849215840258e-01 5.447659735987013807e-01 2.295973805382060251e-01
4.316000000000000000e+03 6.241537680499581464e-01 6.001481545825890773e-01 6.703451682742627149e-01 6.025391294088926486e-01 3.275124770214074554e-01 3.562081328196929908e-01 4.522080427883397591e-01 4.439986915083597996e-01 5.616384571698914696e-01 5.130606117296052648e-01 1.756445571695625651e-01 4.866689402704735268e-01 4.353790261871808842e-01 3.661345212628744905e-01 4.631491738618961351e-01 2.416328625353272030e-01 1.704612015153972038e-01 3.889019778745582689e-01 4.037317107517054970e-01 2.282761314371090644e-01
4.325000000000000000e+03 8.805191657091742119e-01 4.976873325183041596e-01 4.215435672049784310e-01 5.118624853762071547e-01 4.187315224346034315e-01 4.574063186512309920e-01 4.902862686088443334e-01 3.980314103307094342e-01 4.847479407464764800e-01 4.670487357919018145e-01 4.475179554777912183e-01 5.056355571169713903e-01 3.340424442866521959e-01 3.141135515220972452e-01 5.774853510324843286e-01 3.907871006521138613e-01 3.027134032141469144e-01 2.521483297124217371e-01 2.201914750030320445e-01 7.540105457746243411e-02
4.327000000000000000e+03 5.587395796177510032e-01 5.817067703697403891e-01 5.563859342380887973e-01 5.873496849598318637e-01 4.463627798078131925e-01 4.478814157822447184e-01 5.863073179563593751e-01 4.940231609496734122e-01 4.542257421959773889e-01 5.133071091067668013e-01 3.495178560360195918e-01 2.517189266110791412e-01 6.660056181191200686e-01 6.029394712303648429e-01 4.089288908249703036e-01 2.853227837857147953e-01 1.123523569211773293e-01 5.508844444243066185e-02 5.791466798071498445e-01 3.001009005397515805e-01
4.328000000000000000e+03 6.030623037412393694e-01 5.716937060721632990e-01 5.609873262478888289e-01 5.316347202519151605e-01 4.145883157640943839e-01 4.807807604488475439e-01 5.794806045955880336e-01 3.968839655768038321e-01 5.313167511104398555e-01 5.261090658549307797e-01 2.892175322768020806e-01 5.883122485949497937e-01 5.231739849383647556e-01 5.287224648868342758e-01 3.323701055029896767e-01 1.277221817724736030e-01 5.333230799280574280e-02 3.336949793543522724e-01 4.938497374173105303e-01 2.621317565093796986e-01
4.329000000000000000e+03 5.977797318019950623e-01 5.783885054257332792e-01 5.138327882421331871e-01 4.975814431451668352e-01 4.467272056971801075e-01 4.787806473266854601e-01 4.479461237254134254e-01 4.773678723619450004e-01 5.486188634991226998e-01 5.619307246119759069e-01 6.748943855692456362e-01 4.549321627549359204e-01 4.526938944996730663e-01 4.202921459610713395e-01 1.485343127458051138e-01 5.961706619880531577e-02 3.194255686789203019e-01 2.765538776200973659e-01 4.249014956196851545e-01 2.654550277979002559e-01
4.330000000000000000e+03 6.184768923913952499e-01 5.598567011479712585e-01 5.083884781362665306e-01 5.637309964668913986e-01 4.686415588482223948e-01 4.007892421820363760e-01 5.941256707813723503e-01 5.187978943422190126e-01 6.124301097518419779e-01 3.604023308154827854e-01 5.772127296236448935e-01 4.365861638148562096e-01 4.019024914597746356e-01 2.039598042231846320e-01 8.145593144246764117e-02 3.954028365555301017e-01 2.941418909699066164e-01 2.611988301593532458e-01 4.744972866771585696e-01 2.491502776949962306e-01
4.335000000000000000e+03 5.816664820306544081e-01 6.222294736920309655e-01 6.308719298905947070e-01 7.077897233828255308e-01 3.461237819436647212e-01 2.766353314988483358e-01 4.040127046854189441e-01 4.565948929736193262e-01 6.043691671960540468e-01 5.301155118846553327e-01 4.894038342341974768e-01 3.559015017722833574e-01 3.481580742175180432e-01 4.097155843725233670e-01 2.722671892158092799e-01 2.893456793942860705e-01 3.743586056697735809e-01 2.680375217784010111e-01 3.328848814905956410e-01 2.315983398510027269e-01
4.503000000000000000e+03 4.744419397921040837e-01 3.925035284613989095e-01 5.724245945308862327e-01 6.079914267100305914e-01 4.899624668425055507e-01 6.282761058904953178e-01 4.681585563593453903e-01 5.100936768930967036e-01 5.704297620898856058e-01 5.599819476436883603e-01 5.275450166137541919e-01 4.950703908055234526e-01 4.109538554903214846e-01 2.195973644102447164e-01 5.245333465519277372e-01 3.665847770849853804e-01 2.710097533927714464e-01 2.686930378698599853e-01 2.281804624442368423e-01 1.085293763875700701e-01
4.504000000000000000e+03 4.531886577888218914e-01 5.691235180020036699e-01 5.606025575430578778e-01 5.622410086582475541e-01 5.563452446611133473e-01 3.667593606049863175e-01 5.767400757289796731e-01 4.955233520209008091e-01 5.652323082730613679e-01 5.562355844495467938e-01 5.945587752748721089e-01 3.750236574896171904e-01 2.038912403405533924e-01 7.039246643495405964e-01 4.395492133572915794e-01 3.174315365955716617e-01 2.700275312035658737e-01 1.216912439321544415e-01 1.841574687402555699e-01 2.867396293487218251e-01
4.505000000000000000e+03 5.812565597727357147e-01 5.579909783358633080e-01 5.179744245321851182e-01 6.394551844393258078e-01 3.239779199492467399e-01 4.517908256910616038e-01 5.547127012493352494e-01 4.891169619333453067e-01 5.598835300674200877e-01 5.367528259639615662e-01 4.815692372086593509e-01 2.010123432992290404e-01 6.727874216197616830e-01 6.306860614059375258e-01 4.087054550041681056e-01 3.393240171669477667e-01 1.323963735272338793e-01 1.016908395284939759e-01 5.190795279849402810e-01 1.762464533290980517e-01
4.528000000000000000e+03 6.739066586301128980e-01 5.880483134902727560e-01 5.137696240771841838e-01 5.817872743988786732e-01 4.857624787405039335e-01 3.083348967994843925e-01 4.417762204980363316e-01 4.280129524486590564e-01 5.903809074933539236e-01 4.956909969067968547e-01 7.846720312392424512e-01 4.254140262338202416e-01 3.140475380110364645e-01 4.285869992850532273e-01 2.348425406124829140e-01 2.147336311163865474e-01 3.602741308758816707e-01 2.189388710498492430e-01 2.335290617544965308e-01 2.480998532467742768e-01
4.529000000000000000e+03 6.113630317085740895e-01 5.404254762877109819e-01 5.618580769169680966e-01 5.848415314992231329e-01 2.966193486688976644e-01 3.719625624587887813e-01 4.949692320379867061e-01 5.391796861385027562e-01 5.172909574615225381e-01 6.388234289473154748e-01 5.693622105321016758e-01 3.208039060812200027e-01 4.323346612449373572e-01 3.474310643647033348e-01 2.906630236526033251e-01 4.700267396335314762e-01 2.465579145328337940e-01 1.413075465903579353e-01 4.665576319278129658e-01 1.965089540992354944e-01
4.884000000000000000e+03 4.689614194405778980e-01 4.903584158591574038e-01 5.191682491034467217e-01 5.788424510741655427e-01 4.904434811700013608e-01 4.305954142346231084e-01 5.355899911320177731e-01 5.183349900623119844e-01 6.199868862249886536e-01 6.011238253352525485e-01 2.497414215544780380e-01 5.958405416157946943e-01 4.831038737683467921e-01 4.915969936970983611e-01 3.714419859714644945e-01 2.216768841320843619e-01 1.412037550866063751e-01 3.285320425817956358e-01 4.399516731133584213e-01 1.722667166048196807e-01
4.897000000000000000e+03 6.588459271950978247e-01 6.626573728679902020e-01 4.233725502336497803e-01 5.805186109136235562e-01 3.358957154456420624e-01 3.498716446835171134e-01 4.809819694111371891e-01 5.155643724352376722e-01 6.030761076121270436e-01 5.077160112083043408e-01 5.883429272686674372e-01 2.898224789342566110e-01 4.680205088801216440e-01 4.909412714464544414e-01 2.802218432974250550e-01 2.672765024856006422e-01 2.955184898738161259e-01 1.799878686131284322e-01 3.579116883749673961e-01 2.663086306375186396e-01
4.901000000000000000e+03 5.014732876962535446e-01 4.352247220759501434e-01 4.407982571841234098e-01 5.618297312153465173e-01 5.021457046594769436e-01 4.597132378114375251e-01 5.611407402667614175e-01 5.263798080176188554e-01 6.556928931628625001e-01 6.016059112899518890e-01 4.026970556832997206e-01 3.863873484896773181e-01 5.449153277638874027e-01 3.736239455329636860e-01 3.187227622378352998e-01 3.404433177328300975e-01 2.400007232464920481e-01 1.788884289161207508e-01 4.478718547832201691e-01 2.313952185855471522e-01
4.913000000000000000e+03 5.940572131421509861e-01 5.148346637743200782e-01 4.679439070676216783e-01 5.343144013480559673e-01 5.333250159269969926e-01 5.083932536413550141e-01 5.063826354206082403e-01 4.152077457405789485e-01 5.529719650187342461e-01 5.528463862729584566e-01 4.354382084821371568e-01 4.220722795832032581e-01 3.460710764857261590e-01 6.240221056088089968e-01 2.884190898511858614e-01 2.296839751412499131e-01 2.080259309156499981e-01 3.018178771684288941e-01 3.290235529904717016e-01 2.751465704626860909e-01
4.914000000000000000e+03 5.540623774494889409e-01 4.961281368918339374e-01 5.127016240243397194e-01 6.343392886280687648e-01 4.678360366821594507e-01 4.168632516426878376e-01 4.688729438197364874e-01 4.957434584478683237e-01 5.749847411116102425e-01 5.767962670722149854e-01 5.152967513455505300e-01 3.218851808370086220e-01 5.686018632600845502e-01 3.892717851709627253e-01 2.826008434633404121e-01 2.486390073619161312e-01 3.088825738477271599e-01 1.893484333536377406e-01 4.746767262889937111e-01 2.005086031111386335e-01
4.923000000000000000e+03 4.527656274954998672e-01 5.673184899302168294e-01 5.465163471664654660e-01 5.504847943733676141e-01 5.286002294377415422e-01 5.721574650692938802e-01 5.676400735953804899e-01 4.409365893346677279e-01 5.222774639511806871e-01 5.327889904962164191e-01 4.007941237932590717e-01 3.884920196218837329e-01 3.828111325905610984e-01 4.769211312072965669e-01 2.449330444263002060e-01 3.150878421829836906e-01 2.433808117139923677e-01 2.694958558880921062e-01 3.712514767452799180e-01 2.997155696061686858e-01
5.025000000000000000e+03 6.441609974132677108e-01 6.408960057050001602e-01 4.702682363273040789e-01 5.064485100781573879e-01 4.060270140003603423e-01 4.381607157968229749e-01 3.129697869819955680e-01 5.041157354584427930e-01 5.947795170104371865e-01 5.570597986951132397e-01 3.918309818038355208e-01 3.149205910456934210e-01 4.008484867779912864e-01 7.259627134005531834e-01 2.067244330292576926e-01 2.848864192305201604e-01 2.714381249780432603e-01 2.353198751899673868e-01 3.943757337662745499e-01 2.584070095883696516e-01
5.026000000000000000e+03 6.542705135934576699e-01 5.092701363943733517e-01 5.006052987150937383e-01 4.979993027116434989e-01 4.179373411847560060e-01 2.767048122426836732e-01 6.105903488855235484e-01 5.501716358010091401e-01 5.920651495604782877e-01 5.450500509790519033e-01 3.858036066798033459e-01 3.752031379996008109e-01 6.640812529926471974e-01 2.780864147438047440e-01 3.515964215093317913e-01 3.261669501729668186e-01 2.427723389951402799e-01 2.332611510049091286e-01 4.487753410132367393e-01 1.622687405689267059e-01
5.100000000000000000e+03 6.400873984968665775e-01 6.494363595270230549e-01 5.885757571225742613e-01 6.277849626694550489e-01 3.375360105048183512e-01 3.880424108513556569e-01 4.972443735982525759e-01 4.399546928189855821e-01 5.502771241330339791e-01 4.422783404840390786e-01 4.646781544039844669e-01 2.548724849332014708e-01 4.653398549698578024e-01 5.051335731050083933e-01 3.360459921782290027e-01 3.179361332122416783e-01 2.113898635016250305e-01 2.130900360553406869e-01 4.481448421778048696e-01 2.624009044167284754e-01
5.101000000000000000e+03 6.698899620911273889e-01 6.228822542317882238e-01 6.255045774961071059e-01 4.333718404279571779e-01 3.875700923698390254e-01 4.392210183026959980e-01 5.407170005458309392e-01 5.197146541801207498e-01 4.785661647054875178e-01 4.244754881837956573e-01 3.053024723893138503e-01 4.275021362203216824e-01 4.574926988794085769e-01 4.501586225561064469e-01 3.846502888601158743e-01 2.497485016780921774e-01 2.158296951759661464e-01 2.633033398635012401e-01 4.480117923460401053e-01 2.392828277477701548e-01
5.103000000000000000e+03 6.625503577035530833e-01 4.894303089225682246e-01 4.856879893136872295e-01 5.270888319986541948e-01 4.472023338583115404e-01 5.442555423098094369e-01 5.283257505079862471e-01 4.112087140770718241e-01 5.463995064595279505e-01 5.199105893777993259e-01 5.071265472786733453e-01 3.756489602544907380e-01 4.675758117643696310e-01 4.049893551695286087e-01 3.093571390430869261e-01 3.142928457171468848e-01 2.662913776076755168e-01 2.378380335499227227e-01 3.251224345532581772e-01 2.328570383978724456e-01
5.104000000000000000e+03 5.467613491714751195e-01 5.266517676986974816e-01 5.242774921454138592e-01 5.523205114569902374e-01 5.164867577354775863e-01 4.534009350247170111e-01 4.872171601878049763e-01 5.063052293451536512e-01 5.554617219570057163e-01 5.320884139411399261e-01 4.615325097896216811e-01 4.375872073154989939e-01 3.761426324995408854e-01 4.216472979419631506e-01 3.874773847180210673e-01 3.202044189239889871e-01 2.455006731086200877e-01 1.883397727438226865e-01 4.046386743111447526e-01 2.222328975640263660e-01
5.157000000000000000e+03 6.698629034999684650e-01 5.187440591152473468e-01 4.872964605470153088e-01 5.406814358454627989e-01 4.482832815647346258e-01 3.581790052802525381e-01 5.107367461669315434e-01 4.732089554666067954e-01 5.330217061947635226e-01 5.855219179715777100e-01 4.385676782097598925e-01 3.928461381371272654e-01 3.002990705501047963e-01 3.369098398124487637e-01 4.524519538413229736e-01 4.058794233921998451e-01 2.607241291218607149e-01 2.483953877306488700e-01 4.037639823342359380e-01 1.651660570296939468e-01
5.383000000000000000e+03 5.931277273471682321e-01 6.074606797025259297e-01 5.253974616530173725e-01 5.536271848512225313e-01 4.563361205838318280e-01 4.037260093518939552e-01 5.054684149833540419e-01 5.511603121355106438e-01 5.028868282924131572e-01 4.761176941075963009e-01 3.935787013450183780e-01 2.454464184534429771e-01 2.313294304961429904e-01 1.366578051546713524e-01 8.551242362783252615e-02 1.053245833012562832e-01 2.988995100200834143e-01 4.730574105393550166e-01 7.169822356525318297e-01 4.782890227839327046e-01
5.385000000000000000e+03 5.904430489496247381e-01 5.687461381490198642e-01 5.437113779589444196e-01 4.724465445438665867e-01 4.076728914176749319e-01 5.626244064944443402e-01 5.416418501558105669e-01 4.539934755413627121e-01 5.172668159856468328e-01 5.326286198302031538e-01 2.261219675659254802e-01 1.080967729996022558e-01 9.220483575941348930e-02 1.478734595200044966e-01 3.821516762730821082e-01 5.062330370114671574e-01 3.953323197857198101e-01 4.482708242402678178e-01 3.340804712025139955e-01 3.623323492640764809e-01
5.422000000000000000e+03 5.654338269232452863e-01 5.437214863734110004e-01 5.235031088423907075e-01 5.661093566421036005e-01 4.872379064009446092e-01 4.216364671345430026e-01 5.654489481142317420e-01 4.617887223593731827e-01 5.072241775926608076e-01 5.649138555043559107e-01 4.389237333324073065e-01 1.826242427510998134e-01 2.152310738640236254e-01 3.878186027920673129e-01 4.143034631290837266e-01 3.779624005890478422e-01 4.069677569125886851e-01 1.319248474303995056e-01 4.363241416417971696e-01 3.209939997020879732e-01
5.536000000000000000e+03 4.384678360893317084e-01 3.875433497310145081e-01 4.678532457580336645e-01 6.416219673325505024e-01 5.765745185793991201e-01 5.122514711972379065e-01 5.386991088635071367e-01 5.145549071461656965e-01 5.921775309101278140e-01 6.230796699766570912e-01 3.722525694991525302e-01 2.517054660577800473e-01 5.743144997365412507e-01 6.076370492648859312e-01 3.918317219596604284e-01 2.978419236373656132e-01 2.860466961474632530e-01 1.872126666605999634e-01 2.843975129352756537e-01 2.289435568613743532e-01
5.537000000000000000e+03 4.413402441485689831e-01 4.688116083373476961e-01 5.776638627256314162e-01 6.500313428074021571e-01 4.413461572398368893e-01 4.088427944972858885e-01 5.653307260701596615e-01 5.047197580385792692e-01 6.227297231186056381e-01 6.088919342628664744e-01 2.929008514204479163e-01 5.133943362756875350e-01 5.334616129322597988e-01 5.123397049427548255e-01 3.509741889093036527e-01 3.282429020629131777e-01 1.843213102531976177e-01 1.540114369799125693e-01 3.810469369356011549e-01 2.486176626040967619e-01
5.551000000000000000e+03 5.434585039764611158e-01 5.866589272496708363e-01 5.073599452556621925e-01 5.317059597816679029e-01 4.832951709029891241e-01 4.694915861819644043e-01 5.015913557134032974e-01 4.826301239174115021e-01 5.579833280146265784e-01 5.339172270193554004e-01 6.236940729357305369e-01 5.722251876121569047e-01 4.411725004757974800e-01 6.182592209920803050e-01 1.821230726090146412e-01 2.426299226166133971e-01 1.787594278721876540e-01 1.953322590517551360e-01 4.377315592789285392e-01 1.565124500301030286e-01
5.552000000000000000e+03 6.055595351712468322e-01 5.284189235843952392e-01 5.088469044471388703e-01 5.734081604756450234e-01 4.320309865241745984e-01 4.114775976457417106e-01 5.611725509241405341e-01 4.993585670321643577e-01 5.525330475977652256e-01 5.189055560387881849e-01 7.613917989863154823e-01 4.457292291554795227e-01 6.122634443530802217e-01 2.656317805990460190e-01 3.248955388711974868e-01 2.337308232817563447e-01 2.186635630618518900e-01 2.829321805074373475e-01 2.925006877476580835e-01 1.201371177464621437e-01
5.602000000000000000e+03 6.245051976229244461e-01 6.535988888072382652e-01 5.759661455483675585e-01 4.901404124021729869e-01 3.338990865519305684e-01 4.795845023099536419e-01 5.684100819603122856e-01 4.558733568225061261e-01 5.582323376837539097e-01 4.385737403734710771e-01 2.527902845409427668e-01 3.805548195798476030e-01 3.874427065732088948e-01 5.081095702477598230e-01 4.039276834642444580e-01 3.198861531754647602e-01 1.528810535940412219e-01 2.366520471738208231e-01 4.674095231236444214e-01 3.096491621633973290e-01
5.603000000000000000e+03 6.762733289372938605e-01 6.167039562495633120e-01 5.062076516923360581e-01 4.349547495341747894e-01 4.736089518052139513e-01 5.015438409315655655e-01 5.700801821162965188e-01 5.327823958015281969e-01 4.794801709023476244e-01 3.621479363313909183e-01 4.263307884198509479e-01 3.311421597341705492e-01 4.280291897904364706e-01 5.046974441812472900e-01 3.599255329653112123e-01 1.674564098566527770e-01 2.223622976831728382e-01 2.559794328329710322e-01 4.939275714862639277e-01 2.828778255832022359e-01
5.829000000000000000e+03 6.026990631359437911e-01 4.605118588035559402e-01 4.863115010646362202e-01 5.568062916736955525e-01 4.955180318623438329e-01 5.775502631535366360e-01 4.802870600012639768e-01 4.488427481741971703e-01 5.343241305024886145e-01 5.444436961129053287e-01 3.513245218065710884e-01 5.374526893104237812e-01 4.418720101358433183e-01 4.550639067191266651e-01 4.032119217003045097e-01 2.926602894982880398e-01 1.568752705926464153e-01 2.161623682815370373e-01 4.190725846454413928e-01 2.221381998903218802e-01
5.830000000000000000e+03 5.141050400458437863e-01 5.113505072619854985e-01 5.325603467197198571e-01 5.890004552434014995e-01 5.285511429096877434e-01 3.955806752931345649e-01 5.152561575283807205e-01 4.765556459601041905e-01 5.651808290170799998e-01 5.923951225927387432e-01 6.156293405991257739e-01 3.840777629460471743e-01 3.907875883794965644e-01 5.124481207128854798e-01 3.351812275392395124e-01 1.749653438619938328e-01 2.065932901054536586e-01 2.310527111004248291e-01 3.599412094251288052e-01 2.970458094821301076e-01
5.831000000000000000e+03 5.420440149893207549e-01 5.381510719320389269e-01 5.469010450788599487e-01 6.117771196211329032e-01 3.538509098303821432e-01 4.078651590365641733e-01 5.344585231139606929e-01 4.935414964677702354e-01 6.045191096254629581e-01 5.840205669406931532e-01 4.769621531903952549e-01 3.698457324910469635e-01 4.775415860536958435e-01 4.626274150136067687e-01 2.207898787261489415e-01 2.515717176869512461e-01 2.410749991696751748e-01 2.132783766716555285e-01 5.211416852828502089e-01 2.584331366352545234e-01
5.873000000000000000e+03 6.050969681017644985e-01 5.063808103079048273e-01 5.790996545064240886e-01 5.071637401344019080e-01 4.148942027259812648e-01 3.695628936721310209e-01 5.497533616469750806e-01 4.318631946620301587e-01 6.280055270151196911e-01 5.821088862747826331e-01 4.584526693957383658e-01 3.381868478564472036e-01 3.989053418893397929e-01 3.316325187006992081e-01 3.830766451157076036e-01 3.043019718207127244e-01 3.203299314392796804e-01 2.960086700232391066e-01 3.553617990319580811e-01 1.926455501298320327e-01
6.275000000000000000e+03 3.630339016158990462e-01 5.296353948666592260e-01 6.077820148408465961e-01 6.808332460301578237e-01 6.123100896781286107e-01 5.922445314499710234e-01 4.910441091453619511e-01 4.095478350819063418e-01 5.493550280006957998e-01 5.013055455118425874e-01 4.187936268535200068e-01 5.885901630542520468e-01 3.834670551912155445e-01 4.217864659827452734e-01 3.290151273276987198e-01 3.283793541064783938e-01 2.654419923635957246e-01 2.472641490599153669e-01 2.842865602282718118e-01 1.761900151735807940e-01
6.279000000000000000e+03 6.881565464782323227e-01 6.343299093093158758e-01 4.522640423279492006e-01 4.424107948463761320e-01 4.526498547254109717e-01 4.558334875383522888e-01 4.467080256884746747e-01 5.924773026569075673e-01 5.337012159352652052e-01 4.011845622545437973e-01 4.157657536114642838e-01 4.164707689007196012e-01 4.326163326659678843e-01 4.496188389981622402e-01 2.174582453317329134e-01 1.895766454314517513e-01 1.849224424661231880e-01 2.786404911723186495e-01 4.541050046466425516e-01 3.757112716754946180e-01
6.376000000000000000e+03 5.189834136435474976e-01 4.689439493285313953e-01 5.200089722038093720e-01 5.863264723872755324e-01 5.849978442444871973e-01 5.183831890582188962e-01 5.582892662831167030e-01 4.527466392926581817e-01 5.257703023916799889e-01 5.195900881520769676e-01 5.017177167190776110e-01 4.135532982080571962e-01 2.614242475940017352e-01 6.660106462888057965e-01 3.452914286929051335e-01 2.712365859204391438e-01 2.591748231407323688e-01 2.258791410915642894e-01 2.166794972560768806e-01 2.912722428851030609e-01
6.377000000000000000e+03 5.185391562343616423e-01 5.376805768523569284e-01 5.564903148404917177e-01 6.919372496706752695e-01 4.736233804418394921e-01 4.547272910195889750e-01 5.170438534628978289e-01 4.653408847325032904e-01 5.349373761440269215e-01 4.989295433720236650e-01 5.068808550165802007e-01 2.446192271405079055e-01 6.085105406017501384e-01 4.701614427154981457e-01 3.340544091260811421e-01 3.106023086945108314e-01 2.323708103264397196e-01 1.173222475168602397e-01 5.044359657350009352e-01 2.267317169946795330e-01
6.378000000000000000e+03 5.649475145949486299e-01 5.635835266632266416e-01 6.459593073723038925e-01 5.532978584355180418e-01 4.116824383544885890e-01 4.155404322827170316e-01 5.266460712508939102e-01 4.688154967291843223e-01 5.062721454966369050e-01 5.446256397796989113e-01 2.968082415418496489e-01 5.657116432558595420e-01 4.321864252773536808e-01 4.534499764367740382e-01 3.808027664893520181e-01 2.780428628060271912e-01 1.208445875375730311e-01 3.032345780613305286e-01 3.918753808854184562e-01 2.342355873643163222e-01
6.380000000000000000e+03 6.581246240634782696e-01 5.585162102209813018e-01 4.841130166132657786e-01 4.719225381552978327e-01 4.116847498882251211e-01 4.585975957626133859e-01 5.309086810143440749e-01 5.194062589530997753e-01 6.600771736373415299e-01 4.011926402480056608e-01 4.638827014712302854e-01 3.666090891662096007e-01 4.486586923926614845e-01 4.368636131994697580e-01 1.706122120313831592e-01 3.503826512135078675e-01 2.227088858039481256e-01 2.249067664752461004e-01 5.332412562961675873e-01 2.504546599961133269e-01
6.537000000000000000e+03 6.947564148530589456e-01 6.691822410282548539e-01 4.006469005047872955e-01 3.748064859084984657e-01 3.313516900542866628e-01 4.257814934109718230e-01 4.813844224150954920e-01 4.615272553211272610e-01 5.960990666225239876e-01 6.270824445738091280e-01 5.188753557865982691e-01 3.696982305430331905e-01 4.876863404994028484e-01 3.903289609673818439e-01 2.043869597009417283e-01 3.432432855995628529e-01 2.672314530014633371e-01 2.320844083639019562e-01 3.969153857408282970e-01 2.363214418993270505e-01
6.609000000000000000e+03 5.211374054963957558e-01 5.520796599718936770e-01 5.037499968331259348e-01 5.473218429804592722e-01 5.039954982489128765e-01 5.113217617514466129e-01 5.469144200198262640e-01 5.651890057721675742e-01 4.921812404401337826e-01 4.936438250175286258e-01 5.640177177572799350e-01 5.309491304612027340e-01 4.542583416256101847e-01 3.251849073311066651e-01 1.691560822647009688e-01 1.830272516546420924e-01 2.569306988250034673e-01 2.470996145694719093e-01 5.154846162369683960e-01 2.409920046792329296e-01
6.702000000000000000e+03 5.617674483089206694e-01 5.564066507953083773e-01 4.266663061140147928e-01 4.800861066712062697e-01 4.835017510200318447e-01 4.802153988155429820e-01 5.509984891554147168e-01 4.982793178526663813e-01 5.296372322465086047e-01 6.184271577526092578e-01 3.091768966078564107e-01 3.452639541014889679e-01 4.549902244168601007e-01 4.745729684034062368e-01 4.308440478215505576e-01 2.641812020456064114e-01 7.713237056464695984e-02 2.481563121462601884e-01 5.132452583410632707e-01 3.399641175460905718e-01
6.703000000000000000e+03 5.737108769611268810e-01 4.463752156435192853e-01 4.464665249653468893e-01 5.562796204814757228e-01 4.268729353357254008e-01 4.342511381671479986e-01 5.622516412872213820e-01 4.560355547555214883e-01 6.316063971439608293e-01 6.641384336526282572e-01 3.919759058100081850e-01 3.947685071621789277e-01 4.063966334374152223e-01 5.474573935583212370e-01 3.023860205816951696e-01 8.591405253046782708e-02 2.368306124507121302e-01 2.876834959020611038e-01 5.499098352899324249e-01 2.799077309794787971e-01
6.712000000000000000e+03 6.156813620549037580e-01 5.959764527413947688e-01 6.178038119232766023e-01 6.367649034428592980e-01 4.400242873479130457e-01 4.964626013379358493e-01 3.796121615040922159e-01 4.173545004339919151e-01 4.860775361581984311e-01 4.700022020768598874e-01 5.647194380787888823e-01 3.348592807898954637e-01 1.874415398623335005e-01 4.243893676590470010e-01 4.646967284710267765e-01 3.853808320333776405e-01 2.852847782422132106e-01 2.438955950202900957e-01 2.063464661064887129e-01 2.630201016518977086e-01
6.713000000000000000e+03 6.261416614767920663e-01 6.413576632499500274e-01 6.260832340187673095e-01 5.465856169890808136e-01 4.765301274399947884e-01 3.376296775726708166e-01 4.991341357029728809e-01 4.480815704189058390e-01 5.023184721864175639e-01 4.486238255086067994e-01 3.815044471992753428e-01 1.633092569855543463e-01 3.659042557241966587e-01 5.939140535264331167e-01 4.411106604188702596e-01 3.187716414117877650e-01 2.337205931047679763e-01 1.022000096879869813e-01 4.270666589952549219e-01 3.983691536613689910e-01
6.714000000000000000e+03 6.644418168231195354e-01 6.554694891003504109e-01 5.527017831092343458e-01 5.990031608814421205e-01 3.436138006689390401e-01 4.414916451813338250e-01 5.530531871203537841e-01 4.722102863163807895e-01 4.863101228126338604e-01 3.997856415673877173e-01 1.816463900870102233e-01 3.180392948494336625e-01 5.071310943059165188e-01 5.618376053879143850e-01 3.647352683910126681e-01 2.605932305743661748e-01 9.731390975309071878e-02 2.359017062668637421e-01 6.454634624405716226e-01 3.120118868001090506e-01
6.718000000000000000e+03 5.709604433035889715e-01 5.975706676789118710e-01 5.989813998821051921e-01 6.259314691562013477e-01 4.833605565545158744e-01 4.346051643151191413e-01 4.304259287323576322e-01 4.173362171052241165e-01 5.150716418001508590e-01 5.057177000618551244e-01 4.241228507535286796e-01 3.052232608259035085e-01 1.493793244399937714e-01 3.932986200562673118e-01 4.839585452951447042e-01 3.266613432466371481e-01 3.019826071216494823e-01 3.421000969338204301e-01 3.186137465990718787e-01 2.518313158976748789e-01
6.719000000000000000e+03 6.209782828254541975e-01 6.166480401208079831e-01 6.060920865179063588e-01 5.867251825689941969e-01 4.123174960542765888e-01 3.674197422900963295e-01 4.856858455313770029e-01 4.675988428734526581e-01 5.324683919027005663e-01 4.650310089771985678e-01 3.410950680513016864e-01 1.277291529264452385e-01 3.340717415580164995e-01 6.087659857699977417e-01 3.683009764437153999e-01 3.317852521685343836e-01 3.226368339195089807e-01 1.674643573873777214e-01 4.025443583277902859e-01 3.619530700361223152e-01
6.825000000000000000e+03 6.359026308822232076e-01 5.456661641412264840e-01 5.678689293202575650e-01 6.133846091695636105e-01 4.460255720701143956e-01 4.924499961681675364e-01 4.305699623504094520e-01 4.422160390206088532e-01 4.707423292068982912e-01 5.096698461739042063e-01 4.936737672391994791e-01 4.292287014743896290e-01 3.792510612638582135e-01 2.546226262122436301e-01 3.958391923581561778e-01 3.283880810400043870e-01 3.240292926968599829e-01 3.494831262328042532e-01 4.673211846745615738e-01 1.950484215218421802e-02
6.826000000000000000e+03 5.845023423831182674e-01 5.920997545818651453e-01 5.970309218255953621e-01 5.450055669842789330e-01 4.656379950483587882e-01 3.699398108951555408e-01 5.235153127400612449e-01 4.252407902902473058e-01 5.390216234064196810e-01 5.365292178532649059e-01 5.429593459396213628e-01 3.652701816295345072e-01 2.481847217666724448e-01 5.578966530840526739e-01 4.158489204217884483e-01 4.000435382178147981e-01 3.703040249790818250e-01 2.888395974317622961e-01 3.506772295955889324e-02 1.557790727222565508e-01
6.827000000000000000e+03 6.146143100500915946e-01 6.117392983944212048e-01 5.290435862130574707e-01 5.615136878894635419e-01 3.515616441177225604e-01 4.375158299166347353e-01 4.917146949375572618e-01 4.880504845506675737e-01 5.631387538243188828e-01 5.126955492046656460e-01 4.559954578598545694e-01 2.370984520810028862e-01 5.217115563522540800e-01 5.797757959522263915e-01 4.993634737729891748e-01 4.515707859703343985e-01 3.027955291782428171e-01 0.000000000000000000e+00 2.749078334254022038e-01 2.073212583662599751e-01
6.831000000000000000e+03 5.400891585818105023e-01 5.446883344841662034e-01 4.942635954935585274e-01 5.799565500097317861e-01 5.050775303284079643e-01 5.138007640646521379e-01 5.380473922591831881e-01 5.168952019152207589e-01 5.069976525872202933e-01 4.906933532440304058e-01 6.720510333103552059e-01 6.043900094962573188e-01 5.224085977138862580e-01 0.000000000000000000e+00 2.230670792577310324e-01 2.421775377811594687e-01 3.009915046985862097e-01 2.981916082754989539e-01 4.543286395684359436e-01 1.257964625544346071e-01
6.833000000000000000e+03 5.655975770519041657e-01 5.815240417125064898e-01 5.871616405730075705e-01 5.781363455682276831e-01 4.224031995107148107e-01 5.151627831316282213e-01 5.357474527638205197e-01 4.619266411451523058e-01 5.233570872578715560e-01 4.515931152183095820e-01 6.523960710688955222e-01 1.662531251440880695e-02 3.074542590114442420e-01 4.443946498865742334e-01 4.819945727871631225e-01 4.006153119699054077e-01 3.050219285819597004e-01 1.304135545134176011e-01 3.855023963973437939e-01 2.964535371156331034e-01
6.834000000000000000e+03 6.076017324586974189e-01 6.043052047676011895e-01 5.601654176896161408e-01 5.115341018819377084e-01 4.811108848335898802e-01 4.484504593267877870e-01 5.445305434421662261e-01 4.733972429437883767e-01 4.697777973013489983e-01 4.780771405421401776e-01 1.364033654678527448e-02 2.796568659033821791e-01 3.992772211348766254e-01 6.431412749024958408e-01 4.778393698340523965e-01 3.555585808851249308e-01 1.306595369545043017e-01 2.206257116837226917e-01 5.007424102356228257e-01 3.599262200100557529e-01
6.835000000000000000e+03 6.290529872264262190e-01 5.879058437898631029e-01 5.076182736592587119e-01 5.896648526315266814e-01 4.292898306469504766e-01 4.635862275541243749e-01 5.708106604984427568e-01 4.268961573155773959e-01 5.065058720710978735e-01 4.764900716513325585e-01 2.927229476975952149e-01 3.219387091684940971e-01 5.094835929412446784e-01 5.655334620346330610e-01 3.772829148671474342e-01 1.341333521770946280e-01 1.950602790317715607e-01 2.601034312225333767e-01 5.438430167510708291e-01 2.881480653117903246e-01
6.836000000000000000e+03 6.158356368912281109e-01 5.414433323136913501e-01 5.763470960840296753e-01 5.260352406491142219e-01 4.408272307360796560e-01 4.824085929124211081e-01 5.031216724106639671e-01 4.619040211292970710e-01 5.028642855519420696e-01 5.211394731308963690e-01 3.825714566868766986e-01 4.624946843237118799e-01 5.048645781672548294e-01 5.006877763836711237e-01 1.633663680206000890e-01 2.277530232400855337e-01 2.601589325668444697e-01 3.206557517260659185e-01 4.865289246893882980e-01 1.752452549454868724e-01
6.837000000000000000e+03 5.786240111548126563e-01 5.954868157565325060e-01 5.134741546437433524e-01 5.338771668313414542e-01 4.525596410754961774e-01 4.229660400699650769e-01 5.451078063358770764e-01 4.532524746663483817e-01 5.475360833735110067e-01 5.434093562477791961e-01 5.712058306101112093e-01 4.737209932780172550e-01 4.634728410090532269e-01 2.184213766004886870e-01 2.833286644480782490e-01 3.138262784631251634e-01 3.316140464997260895e-01 2.942378725317262300e-01 3.054386403607836087e-01 1.496495839650914539e-01
6.839000000000000000e+03 5.664994846991787680e-01 5.308784326622487670e-01 5.130676397592075499e-01 4.632924678676326180e-01 4.108202584918532185e-01 4.256086877417028513e-01 5.691519084327242295e-01 5.039458626111051887e-01 5.904742017332303972e-01 6.156824780406424669e-01 5.429548242299515604e-01 1.998237887714033045e-01 3.646722717749016907e-01 5.392515169765487171e-01 4.975906516865627460e-01 3.708849019071032149e-01 1.847577418662586513e-01 1.487919440402072913e-01 4.114686070555938491e-01 2.513568439925458198e-01
6.892000000000000000e+03 6.185594500107139959e-01 6.175076106498175177e-01 6.067745409108137311e-01 6.341765879863501265e-01 4.533232263231715131e-01 3.769638535890785236e-01 5.338142850880771562e-01 4.317365245310165189e-01 4.826778692207719934e-01 4.313971125929650929e-01 3.636856572425576917e-01 1.909838460317095643e-01 3.283132416292546263e-01 4.952270127955570311e-01 3.812804723928099881e-01 5.131304066585701262e-01 2.319616414568463070e-01 1.397831529389139127e-01 4.497256122920880173e-01 2.988654551904622592e-01
6.893000000000000000e+03 6.450887517411948435e-01 6.363717565517158503e-01 6.289201873275681587e-01 5.680631603015318110e-01 3.755619722296977825e-01 4.658555862742414511e-01 5.260875660029673551e-01 4.495494058256915837e-01 4.642361673647622533e-01 4.130509361744702512e-01 2.118338840175167936e-01 2.830008441706972633e-01 4.209910967477030197e-01 4.798304232201670017e-01 5.801225372024102489e-01 2.564698775776789175e-01 1.321564996088062383e-01 2.475767123916230716e-01 4.805645708515728365e-01 3.197138658520448096e-01
6.895000000000000000e+03 6.659136523105773087e-01 5.950151483252105189e-01 4.747794853069954302e-01 5.572287301328606723e-01 4.387404696727021380e-01 4.681761339833068192e-01 5.108047477919008816e-01 4.003153414878655170e-01 5.192060507813232029e-01 5.103709848442140595e-01 4.271829151491781662e-01 3.665850202237936339e-01 6.473842234717228639e-01 3.800369737130120384e-01 1.753279735005348616e-01 2.706518592333197470e-01 2.631482018586064897e-01 2.984082223912565834e-01 4.680002869477402072e-01 1.777253982497903340e-01
6.896000000000000000e+03 6.261138476970908862e-01 5.204144261825077722e-01 5.551584790642399847e-01 5.462596194099358371e-01 4.525022078577801699e-01 4.432330532870801254e-01 4.767224883323999407e-01 4.823884997159529897e-01 5.482402157649620689e-01 5.092158368570602889e-01 4.680432332766423786e-01 6.280926615690124448e-01 3.677100407232145041e-01 2.446646953237383848e-01 3.476589005259341780e-01 3.289403794686118765e-01 3.198358113345175502e-01 2.924257299953160749e-01 3.202141386055670225e-01 9.597440490240885524e-02
6.921000000000000000e+03 7.285918219274503116e-01 6.008917255456753814e-01 6.052370695721039917e-01 4.137160472796380661e-01 3.636418277974208246e-01 2.759976330114259357e-01 4.806532522387506612e-01 4.376195216469284111e-01 5.160349372292482029e-01 6.302312612778689926e-01 4.054209855778331817e-01 3.520590452227024270e-01 2.783054458054332603e-01 7.611311461039905746e-01 4.420146880943612855e-01 2.914703169500115210e-01 2.623918431652999539e-01 1.551283264801576189e-01 2.330161655049474978e-01 2.943066081340426909e-01
7.354000000000000000e+03 5.810277776827447171e-01 5.705166698539985148e-01 6.203907824772773028e-01 6.748407326206254941e-01 4.315707255263851461e-01 4.248459749175885203e-01 5.448106637821102938e-01 3.925462938089344100e-01 5.523948243574762218e-01 4.334698706813930880e-01 3.468468894810176617e-01 4.090797177491296566e-01 5.315519526363052805e-01 4.459809035357320539e-01 4.244856921761884228e-01 2.817095418424085396e-01 1.319938843834790043e-01 3.627490333171474735e-01 3.356551861560228556e-01 1.885253946239903444e-01
7.400000000000000000e+03 5.263105954822924204e-01 5.196706891045100862e-01 4.974078858666406977e-01 6.220747277841386369e-01 5.370713403178282164e-01 4.909168346120277304e-01 5.494463394457244076e-01 4.135883443408959192e-01 5.104539462039525688e-01 5.709627325700973310e-01 3.782897554464340617e-01 4.116938128604953340e-01 3.332103699647269712e-01 5.405329678157919648e-01 3.413748545919604305e-01 2.454553448396384618e-01 2.040541617606402569e-01 2.500088603818946265e-01 4.076332756100464749e-01 3.171027479202278565e-01
7.957000000000000000e+03 7.429602437554291283e-01 7.691113536360340008e-01 3.347651835086375982e-01 5.575786887880901377e-01 3.808051285565754451e-01 3.340043228029352385e-01 4.926732291934581287e-01 3.893676554255732780e-01 4.873384257011686427e-01 5.607860805385671554e-01 5.148756204320239505e-01 2.911504616135098811e-01 6.704391837144391131e-01 4.258461407429144918e-01 1.945695339145974423e-01 3.835599267246224686e-01 1.944791457003194890e-01 2.081196544675433246e-01 4.920714383362334576e-01 1.742700408381107902e-01
8.235000000000000000e+03 7.257696557663450010e-01 6.473049424783414718e-01 5.665213753432055688e-01 5.810740907541159794e-01 3.270269794463031565e-01 2.571622733848705766e-01 4.036903888565354093e-01 4.436033717734019222e-01 5.111660476726049840e-01 5.887795401398424611e-01 3.725228376030846333e-01 2.483312787922207499e-01 3.738759944533597834e-01 5.823369915934945018e-01 5.881158649423441354e-01 5.429206024934264407e-01 1.964398274931610511e-01 1.433761088424328201e-01 1.238557926695178918e-01 2.476315431600442651e-01
8.249000000000000000e+03 5.497466238965298402e-01 5.710760578338176519e-01 4.736213560804116707e-01 5.540819491518640394e-01 5.225396436980649373e-01 2.920078158347302333e-01 5.343532026479103081e-01 4.806689649346248538e-01 6.196567330250879468e-01 5.849218638821104266e-01 4.939411169731249274e-01 2.735423186500902659e-01 5.330585849713017632e-01 4.756330935525507897e-01 2.859249756833787681e-01 2.719716813400656630e-01 1.823809951001559293e-01 2.349503192403891438e-01 5.746761771653683404e-01 2.143228370840848385e-01
8.250000000000000000e+03 5.902334078767275116e-01 4.942908006779415664e-01 5.227381492567891863e-01 6.128694940194172602e-01 2.691507198005666512e-01 4.308603180179303438e-01 5.500222758306893001e-01 5.552480741366525585e-01 6.032230070603582517e-01 5.761128867964681044e-01 3.312018218848730711e-01 4.938511868964655660e-01 4.353427216331500760e-01 3.849585456299944308e-01 3.328417105939338039e-01 2.177413348189930486e-01 2.401180508793776258e-01 3.473057769990520183e-01 3.690591680013901588e-01 2.357673862732896086e-01
8.254000000000000000e+03 4.638888760999310135e-01 5.101528852308432338e-01 5.040868395473853125e-01 6.205062506968458402e-01 5.127334726035901458e-01 5.564929140846867073e-01 5.656711203055930781e-01 4.871536529177913910e-01 4.851498610399620492e-01 5.772360226066467481e-01 4.094640560004824126e-01 2.710942424577931220e-01 3.818408022977928806e-01 6.160202141672337373e-01 2.819525507347028781e-01 2.551560252156276354e-01 2.679816268643594457e-01 2.234395994390374895e-01 4.370301464632685984e-01 3.041736139377819725e-01
8.467000000000000000e+03 4.710579257286847121e-01 3.717790417010769510e-01 5.955366159499912992e-01 6.546423268214508484e-01 5.828497507098145958e-01 5.385904937034643458e-01 5.574889210491101865e-01 4.959542033553332452e-01 5.370040575848358255e-01 5.028485844286336715e-01 4.810544518264337488e-01 4.186254726624062394e-01 4.195763903140583562e-01 5.935432080067362115e-01 1.670325585990669048e-01 4.342663933901549367e-01 2.634381379988794958e-01 1.759979821796805732e-01 3.584795325155530343e-01 1.938700389688484682e-01
8.592000000000000000e+03 6.464347085522876846e-01 6.644471596765844090e-01 4.440162863077708466e-01 5.917674088351221329e-01 4.636530624912587051e-01 3.889446959637155588e-01 4.304243759820139403e-01 3.940411137547168985e-01 5.311944385755534848e-01 5.547962144991495093e-01 4.212409314618215661e-01 3.300594436268246001e-01 3.949792967293098145e-01 2.610843071739288312e-01 1.776407886520751378e-01 5.581008157729043795e-01 4.654219374356622363e-01 2.096615292183409418e-01 2.635232656170268251e-01 1.899410400974552160e-01
8.593000000000000000e+03 6.701718779932773762e-01 4.851428497813545238e-01 5.757513452951337207e-01 5.640080144874756174e-01 3.724532921888434878e-01 3.680269723748680333e-01 4.538659096048461294e-01 4.843398786562837510e-01 5.875871332155483406e-01 5.640481761677140771e-01 4.032805275086946972e-01 3.685427370235266897e-01 2.459033266681653618e-01 2.366138593274068336e-01 6.808119405895320941e-01 5.559916811817847693e-01 2.156872540205552746e-01 1.476509183520906265e-01 3.289296263143975940e-01 1.848206666668503750e-01
8.803000000000000000e+03 4.933072920059277111e-01 5.529749739137690412e-01 5.884261331347129254e-01 6.275562059344499399e-01 4.368730285000676505e-01 4.467023530426044164e-01 5.701550224192843963e-01 4.567059965604349792e-01 5.643597887468947416e-01 5.277560487030077407e-01 7.377618279971354109e-01 3.203241111012251063e-01 7.020324097083714410e-01 4.359267245785338196e-01 1.959205047125341104e-01 2.024715097770333205e-01 1.216381966581746715e-01 1.627398342196932912e-01 4.139021133976145128e-01 3.181635148720828865e-01
8.804000000000000000e+03 5.777462947264015991e-01 5.930171075485012322e-01 5.903651080309822996e-01 5.126762683768152362e-01 4.070392966634683862e-01 4.605677740636845430e-01 5.180591879132100397e-01 5.008433799218203752e-01 5.407901821549397914e-01 4.899056438231654265e-01 4.032776089732808544e-01 6.727040016827963154e-01 4.145404831664494805e-01 2.707604241674258505e-01 2.585906235332978698e-01 1.516822734513836313e-01 1.730170775021752649e-01 2.527126566471252223e-01 5.663433584468129389e-01 2.923595543118729378e-01
8.808000000000000000e+03 5.653119535138266816e-01 5.471466473574592149e-01 4.951859690475577946e-01 5.738769142667763390e-01 4.652153650249366001e-01 4.654203408852326529e-01 5.999587677337638869e-01 4.082285046362219005e-01 5.255549994535191338e-01 5.739440237335490247e-01 3.154173308557672306e-01 1.898215710551174329e-01 2.759052162008794884e-01 4.451342488564222766e-01 4.439014312906381377e-01 3.209906109212833369e-01 2.601998521469108261e-01 3.419314047741428553e-01 3.965532453069675056e-01 3.072490923259770246e-01
8.809000000000000000e+03 5.754168567151281000e-01 5.162710375342420832e-01 5.449044786795553819e-01 5.496720436560480483e-01 4.264778349031904114e-01 4.875430030312653540e-01 4.543727824267631554e-01 4.648194846296037075e-01 5.950450493754599890e-01 5.648697459091188700e-01 2.130507052120922395e-01 2.405011790208158862e-01 3.835346243612248185e-01 5.670670496045052689e-01 3.682698084104575886e-01 2.909228543878786266e-01 3.281010365967653164e-01 2.180102227967031792e-01 4.991306463149268180e-01 2.735694068698558135e-01
8.810000000000000000e+03 5.568164554397413424e-01 5.640017000492139054e-01 5.293438999313496707e-01 5.107753695237565728e-01 4.519538354562865901e-01 3.783618983918812795e-01 5.418807727795464935e-01 5.405904450339054090e-01 5.909435613005671328e-01 5.302458590639613778e-01 2.731444150343342869e-01 3.356427580136658317e-01 4.878955287964761856e-01 4.701569145889747392e-01 3.354880530393282712e-01 3.682487244344536115e-01 2.098357786841828776e-01 2.815671559329154250e-01 4.460853026443953873e-01 2.143389106385882037e-01
8.815000000000000000e+03 4.865981376264297276e-01 4.762632993794163605e-01 5.217591010716656763e-01 5.364913365522339106e-01 4.101780061966969759e-01 4.069906101598073089e-01 5.834649211979211492e-01 4.968724638398693272e-01 7.037368490545546917e-01 6.268220603506656774e-01 5.044563481596829879e-01 2.825477837865044139e-01 4.153905115005945836e-01 4.251306649103239743e-01 2.562775871648380055e-01 2.312310900903490896e-01 3.379241648621409411e-01 1.008216583125528115e-01 6.685844041355337719e-01 2.726455168742630830e-01
8.964000000000000000e+03 5.150972763775107932e-01 5.142705666834708200e-01 5.724334206362206023e-01 5.921089712137227457e-01 4.285929487263254734e-01 4.784424813117336694e-01 5.557675794492428212e-01 4.479223433504984642e-01 5.940847895011369673e-01 5.498003670471105497e-01 4.393649946176955701e-01 4.867890156183797834e-01 3.870924530083049153e-01 3.217968802733622291e-01 3.592589395455706436e-01 2.515577601574073840e-01 2.074398046511559124e-01 2.699438812847716473e-01 3.414366543214903404e-01 3.170655978365442551e-01
8.965000000000000000e+03 5.458911298008746193e-01 5.744455209392876904e-01 5.524804053280786276e-01 4.964505274886244490e-01 4.296917341133871249e-01 4.429996431443926630e-01 4.980939559091476232e-01 5.251699261856093148e-01 5.598033583218080533e-01 5.642257852514988015e-01 5.941906834258496861e-01 3.592255723624903085e-01 2.985415386935884596e-01 4.866962146861494865e-01 3.084247579448937127e-01 2.475093725945977374e-01 2.758777781317795497e-01 1.970162632474543873e-01 5.460946756552403913e-01 2.061838272392183535e-01
8.987000000000000000e+03 5.299415550081544302e-01 4.377819682236457344e-01 4.587718541288841045e-01 6.556577525660702843e-01 5.172286304835944648e-01 5.698767234680724991e-01 5.867322719380272389e-01 4.568391595316476650e-01 5.125951668858980126e-01 5.446880714425422765e-01 3.513739665286464975e-01 2.770066023520988407e-01 6.679313239974064009e-01 6.532605290692328204e-01 3.914500721833772956e-01 2.891054779539691255e-01 1.398910258478847923e-01 2.091360245434333021e-01 5.636999418830896946e-01 1.058236786438354476e-01
8.988000000000000000e+03 4.958737016705378475e-01 4.856496719835237119e-01 6.193415143689666724e-01 6.117908856875926560e-01 5.192878305845433085e-01 4.774933074452755721e-01 5.229345625159358413e-01 4.522346966387933986e-01 5.629531376147546284e-01 5.129677535890319051e-01 3.386206957249374705e-01 6.238123293849797690e-01 5.987010338644757068e-01 5.359305710689032942e-01 3.566448558621817533e-01 1.690851376527515437e-01 2.158303700327396935e-01 3.433011527955569520e-01 1.838863756974264130e-01 1.412298315749539734e-01
8.989000000000000000e+03 5.260117925876550693e-01 6.157563074335654640e-01 5.719037860482324431e-01 6.056616736531826861e-01 4.303621485074076158e-01 4.185865871257256621e-01 5.062634630489258880e-01 4.954593755851993686e-01 5.204032544979542152e-01 5.255036398284703703e-01 7.538964945736956746e-01 5.480245714782969735e-01 4.832566170111340931e-01 4.769895366303346651e-01 2.065102337332126448e-01 2.541837066756448271e-01 3.463278681144176252e-01 9.402144086842235959e-02 2.405411321479451192e-01 1.799171129250105583e-01
9.015000000000000000e+03 6.007274295646710671e-01 4.530418435644764097e-01 4.824683854265238159e-01 6.269412013013710983e-01 5.477106363558872371e-01 5.448027335317953135e-01 5.283358512165171605e-01 3.355976891597577394e-01 5.361945667442998831e-01 5.517517447596883562e-01 5.639841962765914651e-01 3.320610264128445732e-01 3.165365472469898189e-01 4.807147521353844488e-01 3.664159364415601194e-01 3.215821557425997401e-01 1.963452200251895596e-01 2.052826957831888899e-01 3.886531468142143675e-01 2.924298865192153651e-01
9.040000000000000000e+03 4.900333782808755090e-01 5.716667236881348702e-01 6.111326767265227167e-01 5.268782594891125992e-01 5.723923679062117298e-01 2.918923350682049445e-01 3.709833257081815994e-01 5.682611742469920735e-01 5.289488388023586563e-01 6.325714285440691143e-01 2.841021536650330526e-01 2.753658464253256333e-01 3.133051441447173846e-01 8.881987788872954814e-01 4.162256223263959831e-01 3.289137261747462349e-01 1.797836511043341690e-01 1.817871948161557116e-01 5.985845817488909537e-01 1.454499327876740411e-01
9.061000000000000000e+03 6.182613881042037240e-01 6.253432953641503422e-01 6.114475162584421808e-01 5.553306025477885433e-01 4.259618448716488426e-01 4.528959007523814528e-01 3.993744257571256728e-01 4.246211720669514911e-01 5.670117246127489574e-01 4.611205945350387303e-01 3.205173673468949547e-01 3.997502214633925632e-01 3.289960520643996356e-01 6.040871356904143896e-01 4.049772867011381949e-01 3.615709596127631431e-01 1.743491573883440005e-01 2.293838714668521850e-01 4.242149568443768781e-01 2.263461966008211979e-01
9.062000000000000000e+03 6.558983602842141103e-01 6.473191516661876976e-01 5.656857766812173338e-01 5.446256492826243578e-01 4.503820887740552781e-01 3.673505576667130401e-01 5.269094171179844466e-01 5.420182265568901370e-01 5.049775372844848009e-01 3.502573011160924343e-01 4.673649314113290099e-01 2.932069959903687573e-01 5.283200838167990687e-01 5.277864218764030113e-01 4.233825100723322410e-01 1.995711340648607945e-01 2.249188101050801636e-01 2.401743996270987169e-01 3.753147960500949343e-01 2.307327642129901324e-01
9.069000000000000000e+03 7.041260102038139346e-01 6.350770641768940239e-01 4.658160589185184608e-01 4.237673420375673849e-01 3.133938060832330286e-01 3.725859620473245815e-01 3.802295628735546384e-01 4.738882926594376599e-01 6.838673402504042986e-01 5.892709734846347525e-01 4.278090049091300417e-01 3.213646295558402755e-01 3.681896167473204806e-01 4.765705033617784192e-01 2.621196292313394682e-01 3.262968279141937877e-01 1.970751768016363314e-01 1.923317717723496134e-01 4.448339212040386403e-01 3.872515900752166451e-01
9.448000000000000000e+03 5.320345809173951945e-01 5.098011821291376089e-01 5.476046444480107134e-01 6.134020610413495334e-01 4.265131058348330395e-01 4.548888347168343338e-01 5.676797168513166847e-01 5.097578038939211131e-01 5.471921672148709614e-01 5.358102575617625929e-01 4.767212608281192199e-01 4.428535490856476686e-01 4.069683391801242056e-01 4.745723093406742921e-01 2.883576010322820848e-01 1.547402439721895784e-01 1.158082937344477453e-01 4.602583666835325382e-01 4.625086527549969739e-01 1.997644956487583667e-01
9.454000000000000000e+03 5.559354186059319858e-01 5.388662116692894966e-01 4.972230369277786943e-01 5.275763038285025130e-01 4.593602575054244186e-01 4.992056699112958351e-01 4.557061420131042206e-01 4.747628206338856405e-01 5.969365396837463811e-01 5.756965560167267570e-01 2.399184889473010840e-01 7.698817072619972279e-01 5.024929510079534367e-01 3.984076060716763013e-01 3.289607026784294175e-01 2.275812962064933387e-01 2.004903770810947394e-01 2.464232794387775372e-01 3.349573339879639011e-01 2.111378030220896762e-01
9.656000000000000000e+03 6.632508431783640246e-01 4.867974083665732032e-01 4.841297988460216417e-01 4.998303324207921117e-01 4.419668789262438668e-01 4.380546226073988025e-01 4.705950211741964373e-01 4.867992405477576390e-01 5.870125553276919206e-01 5.669864224876806080e-01 1.731274621119661405e-01 4.826169542202551899e-01 5.308944296542252861e-01 5.256346816695538493e-01 3.996378968128266873e-01 2.896729600563910934e-01 1.751935417136693263e-01 2.275628351696256102e-01 5.170701571472604563e-01 1.820955263839592053e-01
9.688000000000000000e+03 5.838614043257878139e-01 5.855894446318805624e-01 5.958305170136584117e-01 5.502726311126101555e-01 3.829796819993164236e-01 3.062291565657388470e-01 5.285411737919265551e-01 5.169336124529780863e-01 5.588414207143244106e-01 5.643342002363284093e-01 4.473652923102114931e-01 3.339151877420503678e-01 3.738389308605625794e-01 3.947703682507979761e-01 2.454198964099723601e-01 2.661825887045177752e-01 3.855468429149970788e-01 3.182372615058673415e-01 3.784095270808504052e-01 2.125090758107912592e-01
9.693000000000000000e+03 4.745530596362340647e-01 5.095481156462815520e-01 5.460578418234333098e-01 5.533295802591424728e-01 4.935444806175897092e-01 5.575909539733082676e-01 5.915272202313250904e-01 4.745615122733921054e-01 5.282708594276968039e-01 5.517336697078790708e-01 4.057066387348230441e-01 5.702270102158136789e-01 5.202263028888983731e-01 3.951204616805513159e-01 2.827849005000492300e-01 2.120079347629551525e-01 1.814566598210433646e-01 2.640610602511536120e-01 4.367035295212711166e-01 2.268721062042962922e-01
9.857000000000000000e+03 6.248646365392597213e-01 6.093287070337135569e-01 5.603175706767858921e-01 5.606922770383147014e-01 4.205111770036705776e-01 3.612126545606341166e-01 4.704967591905815372e-01 4.562109791382648605e-01 5.679788317805496423e-01 5.115402677794586017e-01 4.663746146522391722e-01 3.260977906465162279e-01 3.164237200819909335e-01 3.971747167862731409e-01 3.064265933868519642e-01 3.291528444352330718e-01 3.412805945747367509e-01 2.834981116825245340e-01 3.934066903701700091e-01 2.120759419871141860e-01
9.858000000000000000e+03 6.325863055761311582e-01 5.878503225531601650e-01 5.518994075019698631e-01 5.175903900494368548e-01 3.518832338248928382e-01 4.044165860610967611e-01 5.464798887017481288e-01 5.253323789874808636e-01 5.435154924640118734e-01 5.018155047831619475e-01 4.074319108927036970e-01 3.022877351439400284e-01 3.759675105530486117e-01 4.255212223155476203e-01 4.129071238157688284e-01 4.172527215632279574e-01 2.978558138299522984e-01 2.371744383666998246e-01 3.748985549286098506e-01 1.614993362822151612e-01
9.862000000000000000e+03 5.110700914897420288e-01 4.778328185167988740e-01 4.885343920065446377e-01 5.713332847166984196e-01 4.416639346797762156e-01 4.505800063569249114e-01 5.342503225346075801e-01 5.266654653803473085e-01 6.268063601750717417e-01 6.034226989240863981e-01 4.996853649517964957e-01 5.043432473063614863e-01 4.630973815387576797e-01 4.113268208611093879e-01 2.813261589379921213e-01 1.634364261438276400e-01 2.378028265232002281e-01 1.808714077839865819e-01 4.838236991256082420e-01 2.810657412864951410e-01
9.882000000000000000e+03 6.165944904551539096e-01 5.669753743579547534e-01 5.288033284397954947e-01 5.166661331101898291e-01 3.898686096784415578e-01 3.642264149766513137e-01 4.575178297886248746e-01 4.769789255174050613e-01 5.957449408330959262e-01 6.161286776472539861e-01 3.545095334422160294e-01 3.850342529634383504e-01 2.050494370349418838e-01 1.479917901552762205e-01 2.374974068557581530e-01 2.730846984878328443e-01 3.385914314597812669e-01 3.865209984520034392e-01 5.664965392211200879e-01 3.159100479382185855e-01
9.888000000000000000e+03 4.872869162291326717e-01 4.861020671855858510e-01 5.212313712939141697e-01 6.017519352913391906e-01 4.827344934830309353e-01 4.716734542223196547e-01 5.713288028323085799e-01 5.180678745763707127e-01 6.263002139876953089e-01 5.064368738494090527e-01 4.644129803166968107e-01 4.445590831637586948e-01 4.244612141493236956e-01 4.430891905987784374e-01 3.132955113183222839e-01 2.433539780858485491e-01 1.432878325887831927e-01 3.386283073174462532e-01 4.610323693030183301e-01 2.116801174119460061e-01
1.031000000000000000e+04 6.584079850649716681e-01 6.658257246717660394e-01 4.810504176103242435e-01 4.145719337885367395e-01 3.539283587403373454e-01 4.080520982876142955e-01 4.885383873305094160e-01 3.996507905119191517e-01 5.780232431959611006e-01 6.420701145755983719e-01 4.323174213736882265e-01 3.738888741907924751e-01 4.608467902339389299e-01 5.680218459424576372e-01 2.406488470528249379e-01 2.569965926265939116e-01 2.635005229914096914e-01 2.278164438684464610e-01 4.895508569089976336e-01 2.024950188764208514e-01
1.032500000000000000e+04 5.871395972424424681e-01 5.690407559273432669e-01 5.390001999926138376e-01 6.037180333352525352e-01 4.231123722198833481e-01 3.863510514025329523e-01 5.403397155023307308e-01 4.047219140251329672e-01 5.011536731489409924e-01 6.273773033010014988e-01 5.130079648724162888e-01 2.827774290170177451e-01 3.627351131550113905e-01 4.134184889726998935e-01 3.419466861991819484e-01 3.210157473901538161e-01 2.741507556445723082e-01 1.888667555262630582e-01 4.309603496276842582e-01 2.917202998565105454e-01
1.032600000000000000e+04 5.890978758083199596e-01 5.504276179666883761e-01 5.682003179485918265e-01 4.957131852531035943e-01 3.531071513320677702e-01 4.362149950619593763e-01 4.445906753995996774e-01 4.368291237727938703e-01 6.509362545537940026e-01 6.230359536551230981e-01 3.341681793662367728e-01 3.285722113171835601e-01 3.709068886974433710e-01 4.512603414982179761e-01 3.825834592570981352e-01 3.185713258932166281e-01 1.883779467287600151e-01 2.484848953277030981e-01 4.911303601246446160e-01 2.951963064077655075e-01
1.049600000000000000e+04 5.561822235805417014e-01 5.062400451904922605e-01 5.073690446396427189e-01 5.399682298379027134e-01 4.958569808309306048e-01 5.841687780017401632e-01 6.121175578100273018e-01 4.843338166936883571e-01 4.501615402789269083e-01 5.112179811958427189e-01 5.345862507270968678e-01 5.724046002573125458e-01 4.317928189978036402e-01 5.134379685625012346e-01 2.620656364211846889e-01 2.482240531387313043e-01 1.849087527336671921e-01 2.304578102041288101e-01 4.053733782492070503e-01 1.819809542239407274e-01
1.049700000000000000e+04 5.473386525528068924e-01 5.290821405230679009e-01 5.170921194518658393e-01 5.891433983674039254e-01 5.341870454682422498e-01 5.002386703785376421e-01 5.645743509467738841e-01 3.918356944756442584e-01 5.280282193385259504e-01 5.304472354546080348e-01 7.300353559668091297e-01 4.180567027766129984e-01 4.897120904528625696e-01 3.685102404798660802e-01 3.180145463281625062e-01 2.310111664720471691e-01 2.463233139128634674e-01 2.490553640966609028e-01 3.264984789207127647e-01 1.647369878816685174e-01
1.074200000000000000e+04 4.465910162394199356e-01 4.753635923980205624e-01 5.751700096606978674e-01 5.732406109253671556e-01 5.133610151440163305e-01 5.316294697665083779e-01 6.065007035450036277e-01 5.168690218059431851e-01 5.017643176784781778e-01 5.632922261751447390e-01 3.299636327876319664e-01 2.919762963927870492e-01 3.703144108651919564e-01 6.132464150525859248e-01 3.738176529266974413e-01 2.889438613291703262e-01 1.736737107426958027e-01 1.684517384452883793e-01 4.466840599198343975e-01 3.842922879664027458e-01
1.074400000000000000e+04 5.607925725329618860e-01 5.009045175429100993e-01 5.073557246139090982e-01 4.988864409005606682e-01 3.880284451827600845e-01 4.217674035306490099e-01 4.113412159720961081e-01 4.590445563929426709e-01 7.167178379142159494e-01 6.826636385634561321e-01 4.089638505744532249e-01 5.065586647463623526e-01 4.537101278370853641e-01 4.683253699140220161e-01 2.499606170702332875e-01 2.015487638658719771e-01 2.649888525054384103e-01 3.953264458719706886e-01 3.678816201683076659e-01 1.375276251693930973e-01
1.082300000000000000e+04 5.577001674863056868e-01 5.352577625026395669e-01 6.023665476408944786e-01 5.476171496690365181e-01 5.073217088047130563e-01 5.329655357266036564e-01 6.015701289610723146e-01 4.586649664418574468e-01 4.591155801401142766e-01 4.459599672585965457e-01 6.033615051013124786e-01 3.422531673905409022e-01 3.683827366641630463e-01 3.140314845387172094e-01 3.258810162127258603e-01 3.347654679037384007e-01 3.182402633861180496e-01 2.106169237535848171e-01 3.788588718136587374e-01 2.233171319786913245e-01
1.082600000000000000e+04 5.764205246928014725e-01 5.885428817177046357e-01 5.574449399449401543e-01 5.414694720648270954e-01 4.043092233427511006e-01 3.729760399165557017e-01 4.470996634418588078e-01 3.943083460279966923e-01 6.375852873668398368e-01 6.290684552249314887e-01 2.527000559658186263e-01 2.923355272621135370e-01 3.956248850161285802e-01 4.889811865895323240e-01 2.445857022062886410e-01 2.085852546027544552e-01 1.776116443495663888e-01 2.771493841021736571e-01 9.044077997956448955e-01 2.476639165686287392e-01
1.082700000000000000e+04 6.006071411924028824e-01 5.624017208053300187e-01 5.075180368297085298e-01 4.686137170793094886e-01 3.372131538944228013e-01 3.574388085110009605e-01 4.242583240749800422e-01 5.696243138544959672e-01 6.486753973551027119e-01 6.418087713788814819e-01 3.373140055499240231e-01 3.498890402088414842e-01 4.265064527988763343e-01 3.114351558823780231e-01 2.443345983829914303e-01 2.017255893004985534e-01 2.697693977118727493e-01 5.345553455777949381e-01 4.078473733937941215e-01 2.119318094272433783e-01
1.085200000000000000e+04 6.087908911034807247e-01 5.993132956859743565e-01 5.588078990957227044e-01 6.123413959447293609e-01 4.758573667621064374e-01 3.832918732556339081e-01 4.648378806336787572e-01 4.573004167958217847e-01 5.240199664245254185e-01 4.790556840511313030e-01 4.429423438529826451e-01 6.302139516739129199e-01 4.621824949451397990e-01 3.537710008722018129e-01 2.361372030542370770e-01 2.620839814056227790e-01 2.702690856808462327e-01 2.635762612689868667e-01 3.550373578743964420e-01 1.811366612010919253e-01
1.085300000000000000e+04 6.233880539639177210e-01 5.839854298960375223e-01 5.956216116806800631e-01 5.798517480031161186e-01 3.686104386332379468e-01 3.967316834085798383e-01 5.440024716901664670e-01 4.783139034307987147e-01 5.045414421164277075e-01 5.029167203280987541e-01 7.766162120823947301e-01 4.317584296327088289e-01 3.295061193695742463e-01 3.187075728798142160e-01 3.235115002212334279e-01 3.243397345422552869e-01 2.714372015341586231e-01 2.073955757870467875e-01 3.142596311508297768e-01 1.921932955025740242e-01
1.085400000000000000e+04 6.179247116764292613e-01 6.231995112671749881e-01 5.754275024165794727e-01 4.628771511247891102e-01 3.890642585985099045e-01 4.694436203677575525e-01 5.855804552621243220e-01 4.674536883671620013e-01 5.397478992513412566e-01 4.525393449425634818e-01 5.610801171586006220e-01 3.264813212870766868e-01 3.158573742369341630e-01 4.669958302987605170e-01 4.219498616889774123e-01 3.448181677101402887e-01 2.266824377563726178e-01 1.920423687683249780e-01 3.516027303136011195e-01 2.544378736664201224e-01
1.104300000000000000e+04 6.614414533393946360e-01 6.218638693329605616e-01 5.741887134498501188e-01 6.293457998536992060e-01 4.243079387469571584e-01 3.812859005852821670e-01 4.063034249827355837e-01 4.074609165863055660e-01 5.037800760765498431e-01 5.072699657910799687e-01 4.538426022014478978e-01 3.309999355923120556e-01 4.847777389887062971e-01 4.053005483576482826e-01 4.759768506242706976e-01 3.259979980744153183e-01 2.391782446914386406e-01 2.170475887074833077e-01 2.808675178977219633e-01 2.270571683214477055e-01
1.105500000000000000e+04 6.286834281300217597e-01 6.036030695490867126e-01 6.023579448878402243e-01 5.554223482305765680e-01 4.195786185598225915e-01 3.474627365790159961e-01 4.857931731792768382e-01 4.519488748348031160e-01 5.289901230682607647e-01 5.213477309601534104e-01 7.397785524184945505e-01 6.410945607622657860e-01 3.424463930923877242e-01 3.209202386251406858e-01 3.007779989534755116e-01 2.456231673474672528e-01 2.178696136380539883e-01 1.821450630448746000e-01 3.181857784556770263e-01 2.211930562199841133e-01
1.107300000000000000e+04 5.943041346129849245e-01 6.008842369222378021e-01 6.370097367872706862e-01 6.064297901970667759e-01 4.162886077758136683e-01 3.743411339977207319e-01 5.684659806624748901e-01 4.468886586094083513e-01 5.150617554754766125e-01 4.477930408623972958e-01 5.888049056663197112e-01 4.515964162848416508e-01 2.574017383406090875e-01 2.584235066421656790e-01 3.181358814945409730e-01 2.090577976044940001e-01 2.987598278477385239e-01 3.829658412857365746e-01 4.168777042688074363e-01 1.939122606348076261e-01
1.108000000000000000e+04 6.197137012109612542e-01 6.145140938692132959e-01 5.464783645199692286e-01 4.845124925437754859e-01 3.997272883919410491e-01 4.159054233461913497e-01 4.161924521044813030e-01 4.418415814466865599e-01 5.989223681249042919e-01 5.785412336404738287e-01 5.305850744609468261e-01 2.796474821553591728e-01 2.354286333185982572e-01 2.258062822369887868e-01 2.063333240821268733e-01 3.647872988750464063e-01 3.499862463073498131e-01 2.568891356542784554e-01 4.755411948165884639e-01 3.466450500943126234e-01
1.110700000000000000e+04 5.430902002811910378e-01 4.967398377006498889e-01 4.973079373600928776e-01 5.395797282739017708e-01 4.922263097820485100e-01 4.385150426420325043e-01 5.423944260496214032e-01 4.479835836080966471e-01 6.066920077967519198e-01 6.046881680258369141e-01 2.483393130941441707e-01 2.365702321626833027e-01 3.137514607623927421e-01 3.885530650371741279e-01 2.720113720324846551e-01 2.904414995752782058e-01 3.206374124755190791e-01 2.477639027367284086e-01 5.733206905827877842e-01 3.871476036675449706e-01
1.131300000000000000e+04 5.794048469341376295e-01 6.147054799361140187e-01 4.961080056109877234e-01 6.025784556172295581e-01 4.550690515847757300e-01 4.661245155424463826e-01 5.614797478430377797e-01 5.213297711748736685e-01 5.140567940590980989e-01 4.065407170574643625e-01 4.033438031408105862e-01 3.122806583443388795e-01 4.574513043592073336e-01 5.262722838126296931e-01 2.774085219712749129e-01 3.087376247466544488e-01 2.782472692286956928e-01 1.662583827433057049e-01 4.421274463837320812e-01 2.841537841393855235e-01
1.131800000000000000e+04 6.176510338409545442e-01 5.975613505650401169e-01 6.292894054821200900e-01 5.875372795314688368e-01 3.930127556104770492e-01 3.617052732114852676e-01 5.648458249899177552e-01 4.608678231831035421e-01 5.386647475783570282e-01 4.401993012097129565e-01 4.076655884212568304e-01 3.598551239752987296e-01 2.384163296952367672e-01 4.056957632003496683e-01 3.356296708384852723e-01 3.132459879004362291e-01 2.436070947388229990e-01 2.779973750996350690e-01 3.102068408063656801e-01 3.996120896638143405e-01
1.131900000000000000e+04 6.242198733346012718e-01 6.469198955547973418e-01 5.765647056501973511e-01 4.853962857268062092e-01 3.526580678619219977e-01 4.799154793886533099e-01 5.534772243811939552e-01 4.962321141817937487e-01 4.645206419165479605e-01 4.891378278699042847e-01 4.081332214879909714e-01 2.064449307842114445e-01 3.481516290187897100e-01 4.227872418704240465e-01 3.572000025030397929e-01 2.706173386207310627e-01 2.649184049548161668e-01 1.643428869283530269e-01 6.453179248656610856e-01 3.321427503137128756e-01
1.132000000000000000e+04 6.612725461584131326e-01 6.033782603974169323e-01 4.857156960510491395e-01 4.393363269478435806e-01 4.587775386937523736e-01 4.725632608841983662e-01 6.050881820927581645e-01 4.232780512655160421e-01 5.204645900313479290e-01 4.858080337379899194e-01 2.289256706440252753e-01 2.992549920666982555e-01 3.597204856453221078e-01 4.473761053458065740e-01 3.067930823229531034e-01 2.920749021577642712e-01 1.550548108938185898e-01 3.643673401261050548e-01 5.326612463910034290e-01 3.471890119881348435e-01
1.132100000000000000e+04 6.324997193072726676e-01 5.301114449746997526e-01 4.488649282426449560e-01 5.705078155914196092e-01 4.568003260883812811e-01 5.187793184565863136e-01 5.094412447840328539e-01 4.840739642197890991e-01 5.213377161927204018e-01 4.994500822422645592e-01 3.408309702574897071e-01 3.140094677078915097e-01 3.859859181972916664e-01 3.884954818897883855e-01 3.359463389904510655e-01 1.737274950098312010e-01 3.501807271229914753e-01 3.012795232006600932e-01 5.647813794827838407e-01 2.275642335896368995e-01
1.132600000000000000e+04 6.181668370241056865e-01 5.222032828080085398e-01 5.406841526589829527e-01 5.417741588317449564e-01 4.495517045120324684e-01 4.260670605776727404e-01 5.890798769715792638e-01 4.733037847199672576e-01 4.830424823316292748e-01 5.453665182683864465e-01 2.563100189930062611e-01 5.021153641744129370e-01 4.770310601744490731e-01 5.918298616980208759e-01 2.944584387817635873e-01 3.260806773230606193e-01 1.444693581932618154e-01 2.235268639231007826e-01 4.445639360914967475e-01 2.418728688454125642e-01
1.133100000000000000e+04 5.532059200974276392e-01 5.594142902773309167e-01 5.128290359027677381e-01 4.786860316796063275e-01 4.846845720743573893e-01 4.625695300416313160e-01 5.121934787635133990e-01 4.533322631981391848e-01 5.975084853573109367e-01 5.721651114293443419e-01 4.909655206559471186e-01 2.166933669795663431e-01 3.639980291191512451e-01 4.667200051614637246e-01 3.216194925921797565e-01 3.195705618729716146e-01 3.409399919997229134e-01 1.323135203731081178e-01 6.079263856330322513e-01 2.181290006822856620e-01
1.145000000000000000e+04 6.161935849749582417e-01 6.464642395894379945e-01 6.081693696043024566e-01 5.496587640910201022e-01 4.374025414585004934e-01 4.858658429192950767e-01 4.638896188132444198e-01 4.321990875182854519e-01 5.276221891546776233e-01 4.002614855833805940e-01 7.541160451817634502e-01 2.060054930070716883e-01 3.457454139748237232e-01 4.933931421469273659e-01 3.803713998151032616e-01 3.297888928471243708e-01 2.216950819843767073e-01 1.498283124429100610e-01 3.668774741819644802e-01 2.751239386631689210e-01
1.145100000000000000e+04 6.581142507382264917e-01 6.264377263671204732e-01 5.393601823384788219e-01 5.347952856861187820e-01 4.598204861893838702e-01 3.964747777873612877e-01 5.095154763849459867e-01 4.823803059017861550e-01 4.173678797508140192e-01 5.094403994815001058e-01 2.591525288607247623e-01 3.344275451809333721e-01 4.699023998061415131e-01 5.376539088319982618e-01 4.190637233510751680e-01 2.756157090915731245e-01 1.603400596546519785e-01 2.226003653567097951e-01 4.922285602366510693e-01 2.903489985388384986e-01
1.145200000000000000e+04 6.415925413507547193e-01 5.652294691644959013e-01 5.228636210003985152e-01 5.580026575282899248e-01 3.778854679755376256e-01 4.295935230496442658e-01 5.756831025390397594e-01 3.687697523629885898e-01 5.359063908848534785e-01 5.901757916408980620e-01 3.858499797902154027e-01 4.143797984193715034e-01 4.666888639695416230e-01 5.410366017734082877e-01 3.205617607030097904e-01 1.816366467735013313e-01 2.160035239357364079e-01 2.795515428603064234e-01 4.769085935089700801e-01 2.209337268665428067e-01
1.145300000000000000e+04 5.993965236869567281e-01 5.545949990126736173e-01 5.478813761361593926e-01 4.653175057130934378e-01 4.109257891028570420e-01 4.864912734007605932e-01 4.220630711977232385e-01 4.916178179312898355e-01 6.294692646109241174e-01 5.368495574533005410e-01 4.985162497600484910e-01 4.273196053501747693e-01 4.875649727513477472e-01 4.274150487749929783e-01 2.213467361689879509e-01 2.542852985431173218e-01 2.820035134669593435e-01 2.807393648329897240e-01 3.760588593048783679e-01 2.052971342558282952e-01
1.145400000000000000e+04 5.862445252520800398e-01 5.685255963244401078e-01 4.553438342815630535e-01 4.949226441047954728e-01 4.531997666761283239e-01 3.550994372479833183e-01 5.824474201785337923e-01 5.773716573285110343e-01 5.619963151469687945e-01 5.452558587917561983e-01 5.371982303806729364e-01 4.659822725430621260e-01 4.049256614091000239e-01 3.057024980477665022e-01 3.215710506890239184e-01 3.463780524275599237e-01 2.959507218225010949e-01 2.264626148383297177e-01 3.640444000603727526e-01 1.717766521132776114e-01
1.147200000000000000e+04 5.035554327528931617e-01 6.131294874791445304e-01 5.601891771577385271e-01 5.692543845328620344e-01 4.317052424886386186e-01 5.458317314542633358e-01 6.209922777914382852e-01 4.492057450782536709e-01 4.620823781515128736e-01 5.134414528020301294e-01 4.060990083440481069e-01 4.918919945363690038e-01 3.988375483049723669e-01 3.325636095984154661e-01 3.006367498853924070e-01 3.067295077003275305e-01 2.445098310791285479e-01 2.929370212191473311e-01 5.514219293186874982e-01 1.344967177612791664e-01
1.147400000000000000e+04 6.003153259317004498e-01 5.646802568128063138e-01 4.983929504622295337e-01 6.005576732648999494e-01 4.714022279100009150e-01 4.291942233276361818e-01 4.593413875104763733e-01 4.777784611594939057e-01 5.452062347863134706e-01 5.189167420848667112e-01 4.399624104959121706e-01 2.796513850855985028e-01 3.645166288701261470e-01 4.964215818703436867e-01 3.482371958309984916e-01 3.481663493856228531e-01 3.318554896599861803e-01 1.230781340582575850e-01 3.715469109036979023e-01 3.058828349212588393e-01
1.147500000000000000e+04 5.946116492545127086e-01 5.277526095440786547e-01 5.793423624725962950e-01 5.683735641436559183e-01 4.040114663653864291e-01 3.864655044645515236e-01 5.652293220365576243e-01 4.942858678187117549e-01 5.435817802042911540e-01 5.341674270335874386e-01 3.269963155668604848e-01 3.268892153006420220e-01 4.387888897604070859e-01 4.550948270224178804e-01 4.104421495779578266e-01 3.815660339734076589e-01 1.214859153620174437e-01 2.088488158299589281e-01 5.101956353438406033e-01 2.781789475528255728e-01
1.150200000000000000e+04 5.593708820720236785e-01 4.920534280600788457e-01 4.446341823443180075e-01 4.835126286805864204e-01 4.794932883209315766e-01 4.968901420100352850e-01 4.734912403574813022e-01 4.921643630707677741e-01 6.243436612639943206e-01 6.282872997954004335e-01 5.082488397087256971e-01 3.447989073191811138e-01 5.503581346468745528e-01 2.733819829431665682e-01 2.828247523666411745e-01 3.667313674839222104e-01 2.485057072653038268e-01 2.981356148010515517e-01 3.973484751326027409e-01 1.636430027088858763e-01
1.156600000000000000e+04 5.747217613850462703e-01 5.689253495315763631e-01 6.423194689296813920e-01 5.681805140886007077e-01 4.867630153330738119e-01 4.723489525916134690e-01 5.370865271500323557e-01 4.013459507220374922e-01 5.239551581117235513e-01 4.411756944405149095e-01 3.369765583965981248e-01 4.158138015072223026e-01 5.353519412259458710e-01 4.941266961349183306e-01 3.595997700251907792e-01 1.631772299778617707e-01 2.253702556233790621e-01 3.012728269146131010e-01 4.319276974188815399e-01 2.155578719781193753e-01
1.157000000000000000e+04 6.328542801539038809e-01 5.763048995365344096e-01 5.325982696119239135e-01 4.831063580705799998e-01 4.700484034556373092e-01 4.290678687662929369e-01 4.378624609637079002e-01 4.262428286019446788e-01 5.403243312112594454e-01 5.897265860459596221e-01 4.756028712056853403e-01 2.204855011452879210e-01 3.853687356903289229e-01 5.734874677817188848e-01 3.587723822890223624e-01 2.487023288817535593e-01 3.058899381772210990e-01 1.730410011747465504e-01 4.054496969928300110e-01 3.043420556253734199e-01
1.221000000000000000e+04 5.849511288422598598e-01 4.718723871138126857e-01 5.497276563344317690e-01 5.222302819806484697e-01 4.947954002718089050e-01 4.747500768111815872e-01 5.263555842765434978e-01 4.831963787810018562e-01 5.435334551909409839e-01 5.449510831724968529e-01 3.508735625843812933e-01 3.042539903281005209e-01 3.850139418377251377e-01 4.487157686312171490e-01 3.542517872501553811e-01 2.640909181947921902e-01 2.656980168238304851e-01 2.592032185768919916e-01 4.925787686161704482e-01 2.749590339529047189e-01
1.237200000000000000e+04 7.480104910434743903e-01 6.311975383421903896e-01 5.097587676483626984e-01 6.228977479145957341e-01 4.786441918703621123e-01 3.667260501681113283e-01 4.187251352438253194e-01 3.819534001003814794e-01 4.470374700503876864e-01 4.673123279009368525e-01 3.988579088616633905e-01 5.123452910877092092e-01 6.011602618472302595e-01 3.702464208762981657e-01 2.137222061047882871e-01 3.534613410935800726e-01 2.615032758130416135e-01 2.550686525685921802e-01 3.114412066534895107e-01 1.744555488612567484e-01
1.240100000000000000e+04 5.108205434123833655e-01 5.453134318769893296e-01 5.379027419675441735e-01 5.781735296917429601e-01 4.571108205334077912e-01 5.462978136448715105e-01 6.327883270399812243e-01 4.781179860761050615e-01 4.719459931945414466e-01 5.174766500383241041e-01 5.957443614613053828e-01 5.362143250772738456e-01 6.258797383157164163e-01 4.171153182943058146e-01 3.955907211571231819e-01 1.423596947261343004e-01 1.738393979840085757e-01 2.661460610333671872e-01 3.530398628406353767e-01 1.129034366532975647e-01
1.240200000000000000e+04 5.692968224093978291e-01 5.460874646208836447e-01 5.410917459159630960e-01 5.315683872840832880e-01 4.908260007489691490e-01 5.055476588222124201e-01 5.419083694060635725e-01 4.037340381770662123e-01 5.250313524998293513e-01 5.490789506863198444e-01 6.480713923157481737e-01 5.736375497118274547e-01 3.792139296075419108e-01 5.310804840575195085e-01 1.749972269646417056e-01 2.053385133684600128e-01 2.689994640596775621e-01 2.021727678728907629e-01 1.925892277957390319e-01 3.107464234790682234e-01
1.240300000000000000e+04 5.723521921021426095e-01 5.522154918035698801e-01 5.029437178274581699e-01 5.759344683019445021e-01 4.585300060507821462e-01 4.374719994344419827e-01 4.432208894064612603e-01 4.608054680694476657e-01 5.639291921186354584e-01 5.985279889519820040e-01 7.508968020867806681e-01 3.773650103738531714e-01 5.195017981627246817e-01 2.502557398427687763e-01 2.715968404924381518e-01 3.437267937003020690e-01 2.223468405913305856e-01 1.094637990576733944e-01 5.713000047644826163e-01 1.703470148485019819e-01
1.240400000000000000e+04 5.774394700400663494e-01 5.205809302667776528e-01 5.440665526495879201e-01 5.387708893607954241e-01 3.992466129075923909e-01 3.599966889332140152e-01 5.243169272043528562e-01 5.007881987110907041e-01 6.198187358125243351e-01 5.951459726563538277e-01 4.883301026967772906e-01 5.111344562748871834e-01 2.503149335089512872e-01 3.893591374384291481e-01 4.452807155037802334e-01 2.821870229792848850e-01 1.203297667867983950e-01 3.668273063186141547e-01 3.107364058438074617e-01 2.468244503882997820e-01
1.248900000000000000e+04 5.088480061850999547e-01 4.403408112412987019e-01 4.371972230554336258e-01 6.962322278615032944e-01 4.528684618338787993e-01 4.719079973419979535e-01 5.711665829194239041e-01 5.269160611818994866e-01 5.407957334435247176e-01 6.175866287442453029e-01 4.532085259308987757e-01 2.329568648759231253e-01 3.986253390175070743e-01 7.841729008565099246e-01 4.625709890651001910e-01 1.953166556904868678e-01 1.686555374170678745e-01 2.291214089368328877e-01 3.865042035165939804e-01 2.549402911110104086e-01
1.249500000000000000e+04 5.684737840872529091e-01 5.692383802872125198e-01 5.079847108670505484e-01 6.534659878177486725e-01 4.349664181873046931e-01 4.215051601373582812e-01 5.550490545137547471e-01 4.306594138388024628e-01 5.109633648835091302e-01 5.601869703056218119e-01 3.433421435273578126e-01 3.886124019165779209e-01 4.135283372918494571e-01 5.184321843219282799e-01 5.725793533268547231e-01 4.099413187414510662e-01 1.080766073341396377e-01 2.037699122713614863e-01 3.107199457866494097e-01 2.165853095322791966e-01
1.249600000000000000e+04 5.911255102986444632e-01 5.265998879570884528e-01 6.162376022472514370e-01 5.130984918424312813e-01 3.870143719474424260e-01 4.511060820519391945e-01 4.848528314531327932e-01 4.495393254921363768e-01 5.791242678030908975e-01 5.743090429318785661e-01 4.509801065194889991e-01 3.658491594579015294e-01 4.517637314087883382e-01 7.461609950246711476e-01 4.761553363537704420e-01 1.230400388742554502e-01 1.983481441199479722e-01 1.684429205845653366e-01 3.568106023223702739e-01 2.567058475019877717e-01
1.251000000000000000e+04 5.528086791533881605e-01 5.055295747923596039e-01 4.588740099407513373e-01 5.493165655348194454e-01 4.864872687188566136e-01 5.020910148059004596e-01 4.126680335002625988e-01 4.806949407334549784e-01 6.315161526120277591e-01 5.933105818331440018e-01 5.113927599061788287e-01 5.398972950582471286e-01 3.725114518470019065e-01 2.519887148083251316e-01 1.922243673910891126e-01 2.292342727610360842e-01 2.875371003882337684e-01 3.458072280385915409e-01 4.454649301150889196e-01 2.137079837293162365e-01
1.251100000000000000e+04 5.445934541291450603e-01 4.847402589900469683e-01 5.219626989242108772e-01 5.740738702862711040e-01 4.582382705560243963e-01 3.377615198757405457e-01 5.547377444897478860e-01 5.705086102696740324e-01 6.158871293225144372e-01 5.532661660874719223e-01 6.928836316920945482e-01 3.634848214604833316e-01 2.490988658811146839e-01 2.697905818276460921e-01 2.962478913553265314e-01 3.599364692721409575e-01 3.711488911837211302e-01 2.778614455603179989e-01 3.857849745367949446e-01 1.373951682671931407e-01
1.251500000000000000e+04 5.545849207421245097e-01 3.866563282963624282e-01 4.507740924556343787e-01 5.752683607289678092e-01 4.720650487464547740e-01 4.680426147855323293e-01 5.585088458654642318e-01 5.345832608046767742e-01 6.231592360954699705e-01 6.028884613356602085e-01 3.557529767615158489e-01 4.345938040237021238e-01 5.737627068763365701e-01 4.812345668884055461e-01 2.893606668965860163e-01 1.348310594678793772e-01 1.529247934108588225e-01 3.652438955187210512e-01 5.878419757852096916e-01 1.645654453326610422e-01
1.257800000000000000e+04 5.305059740909244814e-01 5.012865962486678928e-01 5.659831460362134692e-01 5.982078338599949863e-01 4.599850015308801221e-01 4.399163109908791891e-01 5.645211903942920495e-01 5.166881655869264289e-01 5.530299344723341726e-01 5.145859361562079570e-01 3.997072345775073976e-01 4.048517416558508053e-01 6.323531087348432944e-01 3.535627519032293331e-01 1.992197722479666921e-01 2.535355301874049894e-01 2.484833720057168516e-01 2.097758647093691253e-01 4.761362474169915648e-01 2.786999675600114190e-01
1.258000000000000000e+04 6.072533248441116527e-01 5.915609587193020324e-01 5.340739031519441404e-01 4.954510021918615559e-01 4.366418526380187459e-01 5.099475981917999112e-01 5.941425793546850631e-01 4.841295341220421822e-01 4.139130204664711044e-01 5.256668828675437055e-01 6.275533815026974604e-01 2.647668320893931670e-01 2.152552994750390747e-01 3.646716141300984093e-01 3.163601227899896506e-01 2.227086513654377986e-01 2.531553191004191627e-01 2.498670551998131428e-01 5.325964627921657701e-01 3.504482993054440221e-01
1.258100000000000000e+04 6.153752241186465355e-01 5.596986267980795793e-01 4.860497633383458749e-01 5.291985128877716438e-01 4.771639720001267237e-01 4.956842671609282824e-01 5.765318510881236591e-01 3.641619179193762434e-01 5.528103412483088563e-01 5.296971756713612089e-01 3.189500601031823313e-01 1.995023348477821257e-01 3.351043975845553469e-01 4.251920279896672095e-01 2.724008314990979396e-01 3.001984052818146842e-01 2.541906906293162627e-01 3.187937497569321432e-01 6.009072161938857626e-01 3.147617306729298958e-01
1.258200000000000000e+04 5.943981031864692399e-01 5.219220766605198181e-01 5.202669659334486774e-01 5.812893454121734749e-01 4.679733568862592952e-01 4.855412178388441857e-01 4.135824946403989788e-01 5.071355697886646974e-01 5.607595268129895727e-01 5.127101165130933946e-01 2.330563385785473784e-01 3.026900036680073569e-01 3.799932273853172671e-01 3.559539966089250718e-01 3.570171426881026400e-01 2.945557647720026262e-01 3.168342124151368178e-01 3.545655683743745845e-01 5.284090720889710324e-01 2.018615902462661815e-01
