1.448000000000000000e+03 4.623840560499027363e-01 4.192451689436218487e-01 4.241908588864631846e-01 3.893170613160190086e-01 2.953020472827613263e-01 3.981628344661822805e-01 5.759219643093070884e-01 5.962913411823784759e-01 8.280708596699207780e-01 8.289401578106043722e-01 6.346958718716519954e-01 2.504707506488820234e-01 4.413902061452654180e-01 4.333992165103638383e-01 2.796352787616467328e-01 4.537097150699315184e-01 2.316474036515503432e-01 1.855236253937378732e-01 4.144047203596561979e-01 1.828716085885282450e-01
1.449000000000000000e+03 4.533137520060510628e-01 4.163792340596042529e-01 3.316736676767434999e-01 2.972952154822807724e-01 3.237732349424446432e-01 4.194566970672427009e-01 6.555854938857551550e-01 7.241209896098846910e-01 8.341666595208897528e-01 7.794720237231378412e-01 3.343576042515448710e-01 4.495100388112222567e-01 4.373639906420925261e-01 4.154751012463534510e-01 6.048136384516037412e-01 3.040834540701414235e-01 2.095826805034664841e-01 2.688229138543576924e-01 3.442810869531321427e-01 1.086252842279380737e-01
1.777000000000000000e+03 4.581627910751480126e-01 3.128317218934588140e-01 4.092178109381356954e-01 3.478431809254138307e-01 4.236386422837143395e-01 4.825947054193689967e-01 6.276410706599042655e-01 5.985804603510652688e-01 8.998749638229852632e-01 7.008483192892290825e-01 6.327698984741261246e-01 3.236366249191173772e-01 4.347920685748634662e-01 4.831746833639244398e-01 3.164160077669240789e-01 1.411664942047023141e-01 2.687806363925213105e-01 1.866202827256457641e-01 4.527780274201139155e-01 2.839826664606243112e-01
2.071000000000000000e+03 5.146093008260048673e-01 3.581997658335693280e-01 2.883428138481766712e-01 6.251574111266795519e-01 2.771691765350805525e-01 3.860245061632114894e-01 6.604009490059787879e-01 7.090851755774337795e-01 6.785202112214967496e-01 7.580896277233213354e-01 4.589810817351680505e-01 3.534570744629769168e-01 5.356204941245933382e-01 5.311072280188455785e-01 3.161179607839454397e-01 2.866434055450452489e-01 2.187792713150669144e-01 1.733762298462469820e-01 3.751990269808300749e-01 2.625466474286372032e-01
3.254000000000000000e+03 4.140281470862047786e-01 2.846343912277222721e-01 3.793291387453943120e-01 3.463433183047137653e-01 4.403724694769355352e-01 5.606232088698398508e-01 6.636132281991947712e-01 6.703485863746246887e-01 8.125726535657019634e-01 7.290625790424051234e-01 4.431064648783954452e-01 6.141849070415061895e-01 5.029871443836783085e-01 4.847368032138245630e-01 3.558312773622386849e-01 1.944667920030423713e-01 1.111689291518654088e-01 2.306809962996956842e-01 3.891320986746535926e-01 2.345236809441667847e-01
3.920000000000000000e+03 5.188160660629492771e-01 4.627889592762072235e-01 2.963359086617981530e-01 3.786786164263820087e-01 2.738049264671463812e-01 4.507626206983512684e-01 6.645057556080334882e-01 5.846550137140024139e-01 7.843002967174342865e-01 7.952965650828195399e-01 4.303977153184435633e-01 1.804507244393483978e-01 6.151102189626451722e-01 3.191367751818046661e-01 4.620398923405819036e-01 3.515127587441629342e-01 2.010425285611111001e-01 1.115839584242195037e-01 5.888615956192145839e-01 2.430611665863549320e-01
3.921000000000000000e+03 4.991193286734782464e-01 3.268709248627643116e-01 3.446588905589362817e-01 2.968016587784814142e-01 3.913774181582277412e-01 5.138106948318490463e-01 6.694886402123445546e-01 7.019018307344920826e-01 8.184414505173051024e-01 6.829858430840131112e-01 2.087132305224332074e-01 5.514280917613579858e-01 2.860773801877501965e-01 6.081501299182300313e-01 4.146032946015000831e-01 2.316885827748799975e-01 1.102220079088574445e-01 3.448255245356510179e-01 4.056782970289505297e-01 2.719905139487444612e-01
3.922000000000000000e+03 3.879989035660423857e-01 3.515208059573798893e-01 2.513330100288460045e-01 4.145511139513758936e-01 4.289593088260438836e-01 4.972434181028270728e-01 8.073859455305755217e-01 7.175820128515808527e-01 6.752668066258372681e-01 8.047804241525988722e-01 6.199771649917706906e-01 2.437809838308742649e-01 5.093403452654154950e-01 5.171180016243694944e-01 2.609761558568968187e-01 1.203211242068791959e-01 3.236978866214782480e-01 2.185397827983636410e-01 4.328710415395802813e-01 2.664170295701393520e-01
4.340000000000000000e+03 3.990087377940150226e-01 3.497632804728227907e-01 3.884656160500962185e-01 5.026069242813433480e-01 3.682537174088771903e-01 3.275274018953806543e-01 7.740117482564665696e-01 7.246299451095704613e-01 7.723725700283141649e-01 7.268622898862567849e-01 4.323230951463846727e-01 5.436625438327532533e-01 4.312758037036195646e-01 3.352525385345958009e-01 3.044228771872588557e-01 2.027388359590109601e-01 1.490197008701232839e-01 3.611532020389636721e-01 5.085831653618053672e-01 2.000374848308731912e-01
4.918000000000000000e+03 5.148080897893314578e-01 3.873884710889144434e-01 3.120290399154153627e-01 4.061436370568817789e-01 3.624123589393184464e-01 4.188595525518881146e-01 8.076423882919835373e-01 6.526878801216475789e-01 6.911136004734526050e-01 7.176663816045651956e-01 4.070556674348370652e-01 3.610497693795072793e-01 5.702204255743947847e-01 3.938228669252877290e-01 4.316214412801558931e-01 2.507479651903907758e-01 2.487363579122072454e-01 2.218553694500129403e-01 4.297565689490552843e-01 1.784345662688423262e-01
5.127000000000000000e+03 5.550715091384123001e-01 4.163449201491756790e-01 3.501487092919636779e-01 4.809020630720610145e-01 3.943367521784200136e-01 4.573396740942599070e-01 6.486292058370783931e-01 7.008607610549506539e-01 6.343008847117183047e-01 5.933870268413791171e-01 3.869336898154031035e-01 3.551316708537235467e-01 3.882470620512045167e-01 7.379490868881378729e-01 2.174860182713684031e-01 3.556628963434822488e-01 2.683345495338393949e-01 2.576489585392841009e-01 3.622750929424743416e-01 1.740751925447799886e-01
5.532000000000000000e+03 4.785355245694804527e-01 4.158236252744997863e-01 4.144007197048815150e-01 4.350656573200048505e-01 3.419437553374727323e-01 4.046607886633492024e-01 6.604026595560216206e-01 6.870792892986592459e-01 7.811944561073435045e-01 6.422021712986116793e-01 3.716238058881882744e-01 3.400234717545984053e-01 3.272812332201497920e-01 3.869233619488834375e-01 2.920481437676392122e-01 1.942082865519010604e-01 3.506788046646896473e-01 3.304234837145036963e-01 4.845788454184702387e-01 2.625959387164544800e-01
5.651000000000000000e+03 4.569845920660136618e-01 4.239094362873707111e-01 3.976318608122217380e-01 4.813600936416183029e-01 3.589975436818498844e-01 4.136868670419996397e-01 6.496516006154771095e-01 6.633146688787905365e-01 7.839566384416390976e-01 6.451697001700281708e-01 5.976070023756873129e-01 3.275898344939420226e-01 3.547158512741505620e-01 4.970633151592673826e-01 3.143062144542441705e-01 8.741474031242196796e-02 2.775482210261332461e-01 2.967774968627590049e-01 4.858346821408908167e-01 2.523129282034939358e-01
6.503000000000000000e+03 4.864121113998938761e-01 4.102641045562644972e-01 3.973003396803669318e-01 4.073977900370484018e-01 2.772998664475868624e-01 3.989710509326176990e-01 6.289419970086091993e-01 6.765304031298908782e-01 8.445954420417760566e-01 7.089164833222904027e-01 5.023761761385945324e-01 3.000913848082944480e-01 1.975505345587323380e-01 3.978829919893002165e-01 3.291693423581111277e-01 2.770063886422515775e-01 2.363489596779136392e-01 3.334269757374027643e-01 3.803146074707953184e-01 3.621970383270704530e-01
7.561000000000000000e+03 5.584133027537497851e-01 3.342921565386145488e-01 2.306014852517850322e-01 3.922835204575478851e-01 3.336664001645280875e-01 3.400381854103713963e-01 6.648035497117364967e-01 7.139348671505778565e-01 7.926584207659983505e-01 8.260354393392131955e-01 4.919159828102773746e-01 4.789196416705700510e-01 4.134737470727185005e-01 2.046912646109912970e-01 4.935814027546769345e-01 3.339042218871374201e-01 2.421620348761663322e-01 2.388020094152568940e-01 3.397018965536733881e-01 1.789743779045134819e-01
1.083100000000000000e+04 4.436538032878682980e-01 3.609317194467525081e-01 3.035657085663382437e-01 5.199301022142324147e-01 4.585684039588707184e-01 5.259980699943674898e-01 5.898628605971096839e-01 7.153054970855211581e-01 6.754682705614527549e-01 6.847796217517226891e-01 3.160293227369151414e-01 2.655175155967283707e-01 4.509942713302753092e-01 1.000000000000000000e+00 3.312157501816054284e-01 2.394903931265693897e-01 1.731182189985226438e-01 2.218252341588622389e-01 3.694424614423057474e-01 2.346583095974739130e-01
1.108900000000000000e+04 5.401330033062440306e-01 4.807099832743126910e-01 3.687479922150194711e-01 3.769735387888574207e-01 4.046189017331721094e-01 4.783146050162028207e-01 6.220083823685053082e-01 6.578141006448176009e-01 6.548285819760640836e-01 6.245855325887191833e-01 4.654583168159379669e-01 2.835759584562451141e-01 3.507681494638499875e-01 9.318954371582437446e-01 1.935825703529233111e-01 1.566910848976203752e-01 1.888203599987005599e-01 2.753527423207992042e-01 4.757480426930688622e-01 2.690119284861622329e-01
1.134700000000000000e+04 5.634757937318387588e-01 3.835749215264773193e-01 3.356319189303154094e-01 3.594146114793294600e-01 2.279470246192915328e-01 4.209662954958596215e-01 7.164049431264084555e-01 6.631168877445029475e-01 7.305824109060669036e-01 8.052297897830724693e-01 3.857023272260968194e-01 4.429076370950585928e-01 4.789818467562975690e-01 2.591746810632102327e-01 5.531901944795534209e-01 3.855763104340609315e-01 2.358867743714908594e-01 2.345099290325748653e-01 2.095133616087291317e-01 1.971868797989710653e-01
1.239400000000000000e+04 4.573108579430864018e-01 4.301325725448817416e-01 3.667106567768120828e-01 4.001956996701689917e-01 3.430222773311800699e-01 4.053921048868600052e-01 6.493161758665856320e-01 6.382321021475085843e-01 7.950501206129176879e-01 7.612533771873893906e-01 2.411917655301310248e-01 3.264844117183456906e-01 4.885427797771785818e-01 5.843392260383982739e-01 2.158985486911430274e-01 1.986251928336420780e-01 2.056162553058391573e-01 2.931367849495120637e-01 5.365914040740851210e-01 3.357846265941376585e-01
1.239500000000000000e+04 4.642849797101126774e-01 3.716647599353611331e-01 3.463862076181534744e-01 3.591499136592459784e-01 3.347210337960978555e-01 4.829490585074263098e-01 7.206684014493288659e-01 6.956994110582778168e-01 7.637066480045545669e-01 7.349930834377660371e-01 3.782764061611156858e-01 4.327485781898639527e-01 5.086252648656179876e-01 2.739869404283452603e-01 2.333197021604623556e-01 2.338822183141723021e-01 2.858763874662900717e-01 3.082547362110020783e-01 5.538820801394236382e-01 2.022553215675781946e-01
