1.230000000000000000e+02 3.042337689734757600e-01 2.206806263272531876e-01 2.306483302993009576e-01 7.291934977425390541e-01 6.328236724488852660e-01 7.612535260778483526e-01 8.979483853521801340e-01 5.600051444500158127e-01 5.910488458021845304e-01 5.860254987506696711e-01 2.124905922392172075e-01 2.075647107704615968e-01 4.667286489309844244e-01 7.456063074324250639e-01 3.142907188820121545e-01 4.186901571257812260e-01 1.982839967297362616e-01 1.949549955277874169e-01 4.994704346140340090e-01 2.348775496474597713e-01
1.067000000000000000e+03 4.735503796749944705e-01 3.925369765227108010e-01 5.985093819641351676e-01 5.874225948827096477e-01 4.610379183636731937e-01 7.005427896265373766e-01 8.854298199198475938e-01 4.003036680961654104e-01 6.265491398491588315e-01 3.032294349546009182e-01 4.270300939268211193e-01 3.623108447173652991e-01 3.692845573399370362e-01 3.284930548549399587e-01 3.744699043348088674e-01 2.862852382950624164e-01 1.794539628410048160e-01 2.262445944480885873e-01 3.257957100327874000e-01 4.461472782677209370e-01
3.763000000000000000e+03 4.022711644632541161e-01 2.128962232387908993e-01 5.752318050110609704e-01 5.656428619753800513e-01 5.672006164365964720e-01 7.135373042051147419e-01 9.892791486830297965e-01 5.705764947738062309e-01 4.889145502662681220e-01 4.143363551701051417e-01 4.687183465377082192e-01 4.230042627491187313e-01 4.399287877021257342e-01 2.618625167115288255e-01 4.320133013817852863e-01 2.923637584241801091e-01 2.664312692931383730e-01 2.638290397225687700e-01 3.974873373736437232e-01 1.773389803044813362e-01
4.921000000000000000e+03 4.456060005067200569e-01 3.859986118949840228e-01 3.666537274782957212e-01 6.214426597195494839e-01 5.177408196552227837e-01 5.445549970923572181e-01 7.607909739274117955e-01 6.195340875991123264e-01 5.807824213607166719e-01 5.177788001578453869e-01 3.922561410933568804e-01 4.757909998664404672e-01 3.659247206173437683e-01 4.706790374975649560e-01 3.177322359146575459e-01 2.965949855773152288e-01 1.715212447750810165e-01 2.665697071313555266e-01 4.162439530978592206e-01 2.707384650080226773e-01
5.534000000000000000e+03 4.798379728170312775e-01 4.203805205794634015e-01 3.541559150760563712e-01 3.994714223865781233e-01 4.541479261474030693e-01 6.428289974411253160e-01 8.431337177523217097e-01 5.756857643198242114e-01 5.701364059677568319e-01 5.928272041255079339e-01 3.466994726858970699e-01 3.115505891148978579e-01 3.411072887067468362e-01 3.006910904016381059e-01 4.785454900146389745e-01 3.782264231734828175e-01 2.782417298937728267e-01 2.525848280651267208e-01 4.841732543366589758e-01 1.951038070096537402e-01
6.066000000000000000e+03 3.728150264987665219e-01 3.219847220838920610e-01 2.422853188567561378e-01 5.658013197849358633e-01 6.187130137617407044e-01 5.997587424179426918e-01 8.554844759676133448e-01 6.365660138266647783e-01 6.263587104681898055e-01 5.765537290575377671e-01 6.450470854009768829e-01 4.974760588599420053e-01 4.338753168214361522e-01 6.235329137823992784e-01 3.940424006776603871e-01 2.505235991862720946e-01 1.407783503198920538e-01 1.593358866793863071e-01 2.967077715772292734e-01 1.963117746914508077e-01
6.273000000000000000e+03 4.935443583463495765e-01 4.318128150586063585e-01 2.048501588165050902e-01 5.532011717642462134e-01 5.586460454017737609e-01 6.506115457027712434e-01 8.566236205384918367e-01 6.210312354889819808e-01 5.097374366018110337e-01 4.748567648432600596e-01 2.800914685394405579e-01 3.276455683577142453e-01 3.777314986176603662e-01 7.123778577669486189e-01 3.145713129534390418e-01 2.594827289348460297e-01 2.294114516379849589e-01 2.746358527445674769e-01 4.458638495263014812e-01 2.474644777503811621e-01
7.977000000000000000e+03 3.098739451078145191e-01 2.440093750159419150e-01 5.841069850332377689e-01 7.967970108505344484e-01 6.507350397246277618e-01 6.050213511965868429e-01 8.758948282369733995e-01 5.665191147431589691e-01 4.874501114425530135e-01 4.133429605690533970e-01 4.358836975170441441e-01 3.397767119024777682e-01 7.163216897781751191e-01 2.437478738823949387e-01 2.442350390217383205e-01 2.717385143424326799e-01 2.877703768802812312e-01 2.963779754581648551e-01 3.653257575267558344e-01 2.107483995409998589e-01
8.465000000000000000e+03 3.550276521626016257e-01 3.201894674601297175e-01 4.214610722507182716e-01 3.953098709439810121e-01 5.873359683349470561e-01 6.709964857552858097e-01 8.718442368436573053e-01 6.134987498275736861e-01 5.975575567388522469e-01 5.887519534196129500e-01 2.764920746370163607e-01 3.407258447833523829e-01 4.456113758544169023e-01 5.169286356541837879e-01 3.541657236462125158e-01 3.746331074976232411e-01 1.174969812750996934e-01 3.741302716269727657e-01 4.545646354738776540e-01 1.871065911381117886e-01
1.019100000000000000e+04 3.912171476077273002e-01 2.923898458892089103e-01 2.301915882529040336e-01 7.118040591614950285e-01 6.072895519335711478e-01 6.709638444595344975e-01 9.391941221189926692e-01 5.876372605295804297e-01 4.901946186725911203e-01 5.445700803017177183e-01 4.996699904297424166e-01 3.085169960072515205e-01 3.915913899534833043e-01 6.521199178836494248e-01 2.612255862056149791e-01 3.155698238132695344e-01 2.530744119753818855e-01 2.463251363020454721e-01 3.895493812541728218e-01 1.968979724309651569e-01
1.142700000000000000e+04 4.399135161991460929e-01 3.641254103294202515e-01 3.425760026200023178e-01 5.744550508126030630e-01 4.803244786162185198e-01 5.911216938116332642e-01 8.258201540368218518e-01 6.200461221009537782e-01 6.025026319113448992e-01 5.389507702499992670e-01 3.352563378317639509e-01 6.867488066976273897e-01 4.214678113448428465e-01 4.375900252231170184e-01 2.717467850527032769e-01 2.183888796601399784e-01 1.986104781539352881e-01 2.580604007894011787e-01 4.105261560451504144e-01 2.327982180815783286e-01
