2.069000000000000000e+03 6.799059267201206236e-01 5.147934584422728665e-01 4.539966337631708426e-01 3.361663769163126259e-01 2.652163039144208589e-01 6.028777356779111418e-01 3.869479645018238934e-01 4.404274179060051475e-01 6.352994776032864221e-01 7.478197168091247349e-01 3.650083724739015545e-01 2.764200308701816322e-01 4.420575990171474179e-01 4.518935747718501594e-01 4.698471611014868321e-01 3.487908076072363528e-01 2.358752821593416427e-01 2.564000894632047500e-01 3.977854620869420987e-01 1.914515698819970468e-01
2.070000000000000000e+03 5.558507024913548200e-01 4.867402277394550225e-01 3.363326935285960162e-01 3.198904676431417737e-01 5.541546045084559946e-01 3.248938712396811646e-01 5.080100185174767358e-01 5.811825590931819496e-01 7.944958336162174506e-01 6.720377901046670210e-01 3.248595186875167240e-01 3.982727784560459172e-01 4.024353011554802628e-01 6.214007800529466330e-01 4.132516899667922350e-01 2.729046018063875922e-01 2.543849762298168171e-01 2.264289719076636731e-01 3.209034780194674474e-01 2.293115787728198240e-01
3.785000000000000000e+03 8.273453620067353631e-01 7.049965853782190761e-01 3.418620973947500419e-02 1.890907758042761344e-01 3.543511272891930464e-01 2.718711349236652697e-01 4.018933245744698013e-01 5.402916274871299995e-01 7.325235823959388437e-01 8.251375734050238053e-01 3.325480636642242915e-01 4.049341829038215490e-01 5.698488654914395379e-01 3.269713639355046331e-01 1.960571885625757849e-01 4.416266063512803708e-01 1.997563233045266395e-01 2.582132482695705944e-01 5.079123702467088775e-01 1.951652925307620356e-01
4.339000000000000000e+03 4.792356006762513165e-01 3.363666639146623005e-01 3.359938720792872147e-01 4.412690827483302103e-01 4.596120356551459118e-01 4.381002495480551540e-01 4.471492395265305175e-01 6.716802858005561649e-01 8.191577083481805799e-01 7.647909542264161864e-01 3.388847404736778368e-01 3.632768900179895177e-01 5.993844187239545374e-01 4.814665662670415958e-01 2.555717763642449958e-01 2.538585531357687719e-01 1.735988900349145492e-01 1.489269963058346136e-01 6.081498187901825947e-01 3.013440987972618723e-01
4.917000000000000000e+03 5.721845724647097731e-01 4.800330237787348020e-01 3.624678294398986922e-01 3.370659589405570755e-01 3.614962606259940481e-01 4.127076590682254853e-01 5.384411049712880537e-01 6.787515895766976781e-01 7.304777237454150862e-01 6.763699366368014498e-01 4.133813166451942855e-01 3.327586464462691795e-01 3.865052841100974357e-01 6.227846902537201856e-01 2.902568115433725171e-01 3.516461040946979866e-01 2.087427067336379560e-01 2.416712163849670525e-01 3.776142522172443172e-01 2.479614596992991138e-01
5.447000000000000000e+03 5.124134984097362677e-01 4.830872827189546803e-01 5.313605898214656120e-01 4.617599274662878561e-01 3.220368472171143415e-01 4.331598714868734601e-01 5.395416373899126761e-01 4.970515280556690452e-01 5.935531872464583358e-01 8.204065374862397064e-01 1.983688456962907631e-01 2.005697312836727531e-01 4.121601806798519951e-01 4.290278221609713505e-01 4.231401081831105415e-01 5.289433280462439990e-01 1.237283273736655836e-01 2.361231040889839039e-01 4.498913934178656593e-01 3.334575034069550692e-01
5.531000000000000000e+03 5.018637258176164018e-01 4.326168509217913072e-01 3.985968623727863536e-01 4.532901718460276008e-01 3.884573206771745335e-01 3.924152856659148814e-01 5.241876969204660730e-01 5.759691824034465224e-01 7.673413701815186005e-01 7.597937341591806115e-01 0.000000000000000000e+00 3.492901173777306356e-01 4.176627386565648914e-01 4.060854485763627508e-01 3.278418673051746168e-01 2.722296365337589230e-01 1.866069302177124356e-01 3.909652266147272126e-01 6.195057741452997258e-01 3.179243865516247491e-01
6.061000000000000000e+03 6.070722135504191819e-01 5.460794753775082278e-01 5.581785652026106659e-01 2.468664767415815475e-01 2.176046342458267668e-01 3.520568599417425726e-01 5.117360317222477972e-01 4.257033442207224794e-01 7.669657335165899203e-01 8.566920286828546560e-01 3.001271026033335287e-01 2.263308638820535346e-01 3.016028375265790706e-01 4.954779725498489329e-01 2.912847321282763247e-01 3.904340216219737147e-01 3.087075159226957410e-01 2.428810010971401978e-01 5.316671758506126277e-01 2.677229271773725605e-01
6.062000000000000000e+03 5.624020811726547775e-01 5.531256171029430568e-01 2.295424285814625653e-01 2.347416744041397330e-01 3.079264169832255371e-01 3.966349788403046861e-01 4.527959476247143678e-01 6.884020181680349237e-01 8.905226765980792658e-01 7.726180972705378736e-01 2.635237129972431425e-01 2.707837863108779053e-01 4.382601489016246243e-01 3.789530145278779960e-01 4.599849445045385288e-01 3.552496942280532477e-01 2.398838191951631338e-01 3.090793864414628778e-01 4.468342666704237520e-01 2.055436256971116260e-01
6.074000000000000000e+03 6.693236351386130378e-01 6.501006314763757565e-01 4.167027796461824085e-01 3.938732322798656482e-01 2.908731829121041085e-02 4.054626235681927926e-01 5.479045350537864456e-01 5.560898887932128609e-01 7.540400150386626921e-01 6.750250416602633363e-01 2.804064185449230973e-01 2.681228766773371963e-01 2.882864177003453543e-01 2.859186639472316993e-01 4.209571801399700219e-01 3.781399229471180123e-01 3.203076466196320693e-01 3.260797062380085265e-01 4.373390330265213288e-01 2.529679910988373304e-01
6.922000000000000000e+03 6.157336562893611642e-01 6.114649446372818486e-01 4.017534433276264694e-01 4.312652665274265273e-01 2.605596503678594411e-01 3.944542573265180652e-01 4.977800640879394001e-01 4.569176829303377985e-01 6.592621963036310317e-01 7.751952112388574845e-01 4.095845733109144127e-01 2.474020386322695053e-01 6.611406414327865022e-01 5.755360521889779646e-01 3.412201780503695825e-01 2.990925712627866551e-01 1.516028950318983881e-01 1.210534340000585796e-01 4.866857028538684182e-01 2.795483389533774954e-01
8.461000000000000000e+03 6.305154107789479045e-01 4.113501851090511363e-01 4.448673641785046429e-01 3.754578494716881987e-01 2.326191761230518018e-01 3.394416149023156692e-01 6.220260487926652093e-01 4.918992356648901887e-01 8.088175979319404130e-01 7.854362260427532050e-01 5.692972401593683340e-01 3.616306914113262549e-01 3.304103188444785233e-01 3.919008842013257943e-01 2.110202895973717074e-01 2.569105677866897475e-01 2.627372534625852518e-01 2.728367378209222704e-01 4.285325708323374228e-01 3.160172125920302499e-01
8.462000000000000000e+03 4.648237682716830910e-01 4.576653242543710642e-01 3.469291464370495848e-01 2.537557060865704983e-01 2.978220342323791292e-01 4.855269964854346254e-01 5.467872873874208839e-01 7.314687666018421242e-01 8.124457640746655107e-01 7.960961419239642733e-01 4.691664527042188060e-01 3.272512131447146144e-01 3.848968693541720554e-01 3.015100285102637612e-01 3.357370251051516319e-01 3.337648268360653425e-01 2.973529795699703659e-01 2.701743242300511660e-01 5.776889911358477070e-01 1.394517405552562761e-01
1.134600000000000000e+04 5.775512726063510849e-01 5.556911450039895284e-01 3.684310093339062120e-01 3.747144724777544678e-01 3.317789018263598289e-01 2.715871755765794093e-01 5.549800979395888012e-01 6.234398803382590337e-01 7.508346193984890560e-01 7.208669000659918558e-01 5.214500501677620248e-01 3.097895167404879913e-01 4.660961078306430916e-01 5.113874093610297766e-01 1.899281901831303132e-01 4.440411453613485881e-01 3.160921565864260319e-01 2.248710833215542271e-01 3.904010714916952285e-01 1.187617571080024081e-01
1.186400000000000000e+04 5.681072920030714180e-01 4.867926493052218140e-01 4.216257601039215541e-01 3.388458975362804160e-01 3.099931541671971380e-01 3.762126016920610549e-01 5.720892875714975734e-01 5.084004906096013521e-01 7.369941129408519309e-01 8.251497591930405662e-01 4.612402416557605522e-01 2.613630165944671457e-01 4.288003114399053239e-01 4.915419628016470810e-01 3.453766758783113344e-01 2.724201790598431705e-01 2.525182847360661342e-01 1.335762020000997308e-01 5.672013742520196633e-01 2.832303196344922447e-01
