5.540000000000000000e+02 7.938265308838464707e-01 8.534760636005304102e-01 5.645656437829827956e-01 4.346447034892892969e-01 3.625660278273540871e-01 4.790124531478571757e-01 3.960473935453380778e-01 1.257620742155028393e-01 3.554671819982848646e-01 6.225598539613449445e-01 1.735412221327038707e-01 1.894830519523245382e-01 4.315485387687774677e-01 7.132603960225992745e-01 3.199768913515270152e-01 2.205987129239268818e-01 1.391232947485433469e-01 2.507559370116217989e-01 6.610654603618490999e-01 3.646478470211736989e-01
5.650000000000000000e+02 5.909494302636282281e-01 6.491245769122357956e-01 8.161326137681598203e-01 6.782345270649240421e-01 3.085120628596545456e-01 4.008447986389339079e-01 3.435350525153462176e-01 3.606633565758226023e-01 4.244007251918964774e-01 5.765230540025849670e-01 3.812036086599995821e-01 2.758803218878451702e-01 3.546233174223489271e-01 5.335589890757972409e-01 5.746788914865954556e-01 2.923118230098833426e-01 3.416275374847048685e-01 1.262595596282201360e-01 3.018870672535182709e-01 2.462811233745634543e-01
1.047000000000000000e+03 7.989718416876478990e-01 7.962234142181003893e-01 8.438730402583306534e-01 4.468229226270986065e-01 2.762125364282943529e-01 4.731987526319829107e-01 2.505489814025024797e-01 1.933150942663691974e-01 3.318774684636497940e-01 5.630919396045609426e-01 5.469007947606315811e-01 4.067749153240404203e-01 3.497066915706646961e-01 5.647094810438963997e-01 2.786885411568669757e-01 1.805959144356366619e-01 2.983398958468970741e-01 3.039644359281603037e-01 3.499712942815887962e-01 2.019216286344296396e-01
1.806000000000000000e+03 8.051564045378367673e-01 8.642723547336773615e-01 7.935624654180669646e-01 5.904556294490622692e-01 3.054440321136602243e-01 9.992832273957473477e-02 3.098159639812523847e-01 3.288251847355640467e-01 4.318174280042501034e-01 4.437007090763491202e-01 4.172044105688322291e-01 4.289771682047511803e-01 4.397309999309189088e-01 5.190803627582800672e-01 4.116454352196487476e-01 2.406485301877765437e-01 1.042763843188930645e-01 3.146555238780378572e-01 4.081004967456387522e-01 2.249202874321228618e-01
2.097000000000000000e+03 7.134092085460178589e-01 7.864437215652075874e-01 7.562916295147773527e-01 5.982548350425136441e-01 3.510551238513422434e-01 3.911802230286476334e-01 3.612800092519818373e-01 3.081254659284878850e-01 2.693801385770821510e-01 5.282248124842175985e-01 4.558843704661683094e-01 3.443623297408413553e-01 3.291719799166398785e-01 3.565058489953319976e-01 4.598391921893559831e-01 2.671356099843663623e-01 2.566502395423158611e-01 2.456168220547552683e-01 4.228501081539848272e-01 2.615521319673425049e-01
2.255000000000000000e+03 6.831328736864874518e-01 6.428280255235653273e-01 6.989714455803959225e-01 7.678411857024391995e-01 4.643135271372988426e-01 4.022122693823286799e-01 1.987190324133290831e-01 2.294904876683397377e-01 3.749134668635490941e-01 5.991467514057914334e-01 3.992181824827198411e-01 1.509146696793405573e-01 3.567809222253375268e-01 3.705361111187482903e-01 4.038705042503099030e-01 3.785606966054311795e-01 2.820530698313118978e-01 1.610094276882449715e-01 3.995181066255309998e-01 4.070583456126531940e-01
3.424000000000000000e+03 6.891850679683236836e-01 7.139667008161459938e-01 8.357797644977865703e-01 4.332675061669735150e-01 4.613875711460012075e-01 2.154504670305825986e-01 4.733245998108723818e-01 2.495700345950772059e-01 4.576215977960972348e-01 5.455285312237765361e-01 4.639242801782585968e-01 3.358769950342949118e-01 3.362984531152189427e-01 4.931050705090716524e-01 1.697638328687136600e-01 3.739242824614972815e-01 3.535314324229442695e-01 2.757397310053251172e-01 4.356377734614178543e-01 1.757619077933235130e-01
3.453000000000000000e+03 7.521493156590536300e-01 8.016283596959492552e-01 7.486091060036466072e-01 6.288795773743540707e-01 2.804124442107899240e-01 2.368735372073527412e-01 3.448066693778513714e-01 3.576230202879828735e-01 3.849182887625638427e-01 4.939653348525590015e-01 3.425603835653982521e-01 2.970114669091331039e-01 3.973427152499104942e-01 5.309947771299184938e-01 3.668007242937932899e-01 2.094665179171886771e-01 3.852292207023885195e-01 1.883611822791285972e-01 4.085331757732941216e-01 2.755008172427844682e-01
4.895000000000000000e+03 6.221264174656252477e-01 6.354885771086070667e-01 6.330802394938747080e-01 6.729041276103839841e-01 3.420393199568918519e-01 5.043611902727866969e-01 4.005609146095676643e-01 3.579459060203003529e-01 4.575641430792418696e-01 5.293115900002732799e-01 4.004746277119829445e-01 4.396689535579787478e-01 5.287478959596005890e-01 3.429352339957528750e-01 3.840018527497400802e-01 3.014680361527273811e-01 1.944604688157952899e-01 2.230118161217077011e-01 4.920738885377169969e-01 1.857711069196177067e-01
5.633000000000000000e+03 6.694420198470290018e-01 6.793008464921501677e-01 7.032434721067343242e-01 7.309169359003399036e-01 3.118435230483733722e-01 3.331602999063589254e-01 4.045450097691138946e-01 3.853956191866775294e-01 3.825791587021498130e-01 5.222138021297775268e-01 8.893062140734024623e-02 1.249105412315810182e-01 2.100494670862635138e-01 1.654451140995849001e-01 1.000000000000000000e+00 2.225130925501671575e-01 1.010699227046249343e-01 2.087491192134040829e-01 7.148198453024097176e-01 4.281427426630756150e-01
5.860000000000000000e+03 7.420211038284114657e-01 7.720822253139469904e-01 7.885847202110236598e-01 7.180940934545392285e-01 4.294337363166322863e-01 1.877068043152892163e-01 3.949096680612501076e-01 2.631830559300730177e-01 3.435147804095873281e-01 4.282698823057297655e-01 5.428918439368858317e-01 2.788447056301491256e-01 2.998240831477655965e-01 4.036651057407420473e-01 2.774215710838150439e-01 3.931886203414345915e-01 3.318815248940892859e-01 2.663718183029003539e-01 3.858140690207373935e-01 2.059158139425013578e-01
6.241000000000000000e+03 6.037803265994106106e-01 6.807479118401993379e-01 7.278545657976955852e-01 7.508757580551311817e-01 5.634624592425081513e-01 3.146418532949928348e-01 2.381050866372714236e-01 3.440525731515686747e-01 4.117161581074438859e-01 4.775388601486013074e-01 4.533404075177029369e-01 2.570320652630472269e-01 2.805275141242543069e-01 3.070163741257246892e-01 3.074780813631708409e-01 3.175935643842373035e-01 3.272574822325650112e-01 2.828630523120060913e-01 4.652247463543007222e-01 3.070510681293330824e-01
6.242000000000000000e+03 6.825403746635311242e-01 7.275559439819052621e-01 7.205078662860493477e-01 6.831326602955541949e-01 3.073967543750691367e-01 2.157142940447884516e-01 3.849245152968223116e-01 3.650445152247716596e-01 5.023830348120700284e-01 4.998807249985757206e-01 3.018857995399705785e-01 2.533041918397165859e-01 2.771471907553458291e-01 4.029225950490368802e-01 3.770652078458969769e-01 3.785463480208419162e-01 2.808793199539616481e-01 2.690022457997848226e-01 5.150191612380197181e-01 2.726980365595499944e-01
8.458000000000000000e+03 6.824070074751520387e-01 7.236608410993360385e-01 7.163262569829447202e-01 6.328686937779213206e-01 3.040567178039924601e-01 4.038720250451378058e-01 3.895139168015105402e-01 2.749619652374262757e-01 4.198300535844412540e-01 5.496647721262403197e-01 4.138714084675502725e-01 2.474774623719007416e-01 6.578690827875599556e-01 6.043810529078537108e-01 3.440130652155378166e-01 2.376775721266481955e-01 2.180543544325978245e-01 1.534003623413572881e-01 3.944628306035595222e-01 2.745170289849077072e-01
