3.890000000000000000e+02 6.556671655747583483e-01 6.818784709692655710e-01 6.766322608447785658e-01 7.509578670907769427e-01 6.848320958142752879e-01 1.634272853543969894e-01 4.389689889503445852e-01 3.953614978509054634e-01 4.080497412553881209e-01 4.462199953023563426e-01 4.641164709702427782e-01 3.239682249657843682e-01 4.062454345990513804e-01 9.776075216760563014e-02 2.247830072811637381e-01 8.441926509068248263e-01 6.586930370065244844e-01 2.288453605453234230e-01 2.470621581890686258e-01 3.136509471135416616e-02
3.900000000000000000e+02 5.569204005587317097e-01 6.724823940142855561e-01 7.582732090855645035e-01 7.583140634439998751e-01 1.161570461964643031e-01 5.620475765772685595e-01 4.535356052175549824e-01 4.607309909514927804e-01 4.293707621688230835e-01 5.051620734984204608e-01 4.910183317649323698e-01 4.628398777215572135e-01 8.166527780276217063e-02 2.269640862328445308e-01 9.949879417816267502e-01 6.582968054382337675e-01 2.691212428591293615e-01 1.859457891103832028e-01 9.611859312980369774e-02 1.315860847430662672e-01
3.910000000000000000e+02 5.338380080781925940e-01 7.288116922991202395e-01 7.465758722661687274e-01 2.464945255098661137e-01 5.278779736994054783e-01 5.541492124491683713e-01 5.024020985965459429e-01 4.628405125934573761e-01 4.755045891567786787e-01 5.443153978520491876e-01 6.797163820837169856e-01 1.106622671824413207e-01 1.997890669460525293e-01 1.000000000000000000e+00 7.748638984030690180e-01 2.689846866330876662e-01 2.165484735473387767e-01 3.166305975061570188e-02 1.816090106936933679e-01 2.269970358804659083e-01
5.400000000000000000e+02 3.182081712188556955e-01 4.283047744207754137e-01 5.608718901851325045e-01 6.811733798302572751e-01 4.659631185725801594e-01 6.570640509909247973e-01 7.004101224645506996e-01 5.552435435833624755e-01 4.642676988743992816e-01 6.706680947033791806e-01 6.672830689094231271e-01 4.585938140223126402e-01 1.056492839798164746e-01 3.261303357585187968e-01 7.605270361869260753e-01 4.486059988706987411e-01 2.117001224662100334e-01 1.826194955064694425e-01 1.381382289989992185e-01 3.762574335080571819e-01
5.410000000000000000e+02 2.938019454410422115e-01 5.297810163662612926e-01 6.502745980084716493e-01 5.198703479776127789e-01 5.978573100887217828e-01 7.518941211148544301e-01 5.730854161831476778e-01 4.704048516621193166e-01 6.313875550999213937e-01 4.858947589256832345e-01 6.329624928022310471e-01 1.214342888499673895e-01 2.711267358636163527e-01 7.208932200421137582e-01 5.098335858869194048e-01 1.941300475491818667e-01 1.933750778270865445e-01 6.004292402337015055e-02 3.732377216106677609e-01 6.418092885792082702e-01
5.430000000000000000e+02 4.396490827950812474e-01 4.611205440803864963e-01 5.867771106916691570e-01 7.003052352484376852e-01 5.464539583155967328e-01 5.235754309776987636e-01 6.527228684984737184e-01 4.055410532951406744e-01 5.956481103454731585e-01 5.404160752882325447e-01 4.342617171485816940e-01 6.901543122629320015e-01 4.374604739560438715e-01 2.376247711041261090e-01 2.415758284065176731e-01 7.146031485418198603e-02 3.227956279632502312e-01 5.295019885445810814e-01 4.333548731051457548e-01 1.340800186415320450e-01
1.319000000000000000e+03 1.000000000000000000e+00 8.426074963699420328e-01 4.580980476710559413e-01 4.910136878370490732e-01 5.319379683614009480e-01 4.579296990396439782e-01 5.774312334438111982e-01 2.167225887752367852e-01 2.920055642851769329e-01 3.191282765090606710e-01 5.043706858743647325e-01 4.062910520187792973e-01 3.507684972016287817e-01 2.599849575266349189e-01 6.342694416165540749e-01 3.920739517722170997e-01 2.246215957098009197e-01 3.512867765575086176e-01 3.094915685520375215e-01 1.433366980471423857e-01
1.406000000000000000e+03 8.739114959510169145e-01 9.952293821079181146e-01 6.567412805307231149e-01 4.620616070052493973e-01 3.086332911173090277e-01 5.327489926623750760e-01 2.384816271796033615e-01 4.068586228448957676e-01 2.904753659497341656e-01 3.468754703427773256e-01 4.391040095537604437e-01 2.996074909008199505e-01 4.193000790819515489e-01 3.904808584402317817e-01 2.694144286998521043e-01 3.984872425872756918e-01 4.279578280172796068e-01 2.024086717019792370e-01 4.911865816101193549e-01 2.327794724944541871e-01
1.407000000000000000e+03 8.794711373190282622e-01 7.001649698885484829e-01 5.470168401855266538e-01 4.888765185018085213e-01 5.842133809445033688e-01 4.355125267752815721e-01 5.304991510558885182e-01 3.915172374762614371e-01 3.726864142221522069e-01 3.291647792503283321e-01 4.580925200467890201e-01 4.788458996693764624e-01 3.619113928633921895e-01 2.740003277998445119e-01 4.967155840573124759e-01 4.330544975422531695e-01 2.414013294166286461e-01 4.324230699528778810e-01 2.774989899760860745e-01 9.064175747952794848e-02
1.408000000000000000e+03 6.076553460166683740e-01 5.951398303745962792e-01 5.632850850377705276e-01 7.186009402222182096e-01 4.676129666875794566e-01 6.970696137741392295e-01 5.033451577197721738e-01 4.714937416290013172e-01 3.444044459107002409e-01 4.052069996551790898e-01 6.960965917852379725e-01 4.040788620123724750e-01 2.410217908842107459e-01 4.919445302625482519e-01 5.201346849609636003e-01 2.389350973579910387e-01 4.801537649543017872e-01 2.083369720404709413e-01 1.433474404425706950e-01 2.373363785558270100e-01
1.668000000000000000e+03 5.798255056176967459e-01 7.989463633191001835e-01 7.785372536756142159e-01 5.444469212946188019e-01 2.754487215293476288e-01 4.181082094919366665e-01 4.090319280894970655e-01 4.611384093139171414e-01 4.562024763354471379e-01 5.152772852861251529e-01 2.951971055407133226e-01 5.227775927107112253e-01 2.423394921109136013e-01 4.275617572497206753e-01 4.614176706138636841e-01 2.009877575719917486e-01 8.581130744801143684e-02 5.493064173978065012e-01 3.428963014849940594e-01 4.351253250664566807e-01
1.670000000000000000e+03 6.422030819971202842e-01 5.920084397647397134e-01 4.590354807344020904e-01 5.236980567518774166e-01 5.404252455612370554e-01 6.605921715884827128e-01 6.023678269719389133e-01 5.847011701793702887e-01 3.299125534953364913e-01 4.544911373152309420e-01 4.094882832567645070e-01 4.251978999156634242e-01 4.088845463734467334e-01 2.566847256377500219e-01 1.388663046471899087e-01 5.884492077190099923e-01 3.049961622749978729e-01 3.712447246859455485e-01 3.831695443476855756e-01 2.512163298510151077e-01
1.916000000000000000e+03 4.884472314506294044e-01 4.432829888527018980e-01 4.204517690621479287e-01 7.667348116388255086e-01 7.166694937267634735e-01 5.985130446919331160e-01 5.944906546425355875e-01 5.059429217870586859e-01 4.467048093891811122e-01 5.089800087101099546e-01 4.544007995590910731e-01 4.342662228379032818e-01 3.599948448686215996e-01 3.898334733961072440e-01 2.383892722595427616e-01 3.150201147242132071e-01 2.743370179860798452e-01 4.482459729082830524e-01 3.718904517720499903e-01 2.838778733293382261e-01
1.917000000000000000e+03 3.232520060076307655e-01 4.227755215129958000e-01 7.480179362808829779e-01 7.587509770838736234e-01 5.597822594352146464e-01 6.774966646058898645e-01 5.443672082269535029e-01 4.745441193438220129e-01 4.732067471191669372e-01 5.156378683591307244e-01 6.595930132856088202e-01 4.198473474221132151e-01 3.658220912602674901e-01 2.457806554079561834e-01 4.075355484106744641e-01 2.853589763205569563e-01 5.189053272464851929e-01 3.168641455391427164e-01 3.272040729491502709e-01 5.595906638556990415e-02
1.920000000000000000e+03 5.479401198438801357e-01 5.844285329158391828e-01 6.696112660901794023e-01 6.364793455577326675e-01 5.402992306039013926e-01 6.099106928043691589e-01 5.303417748956857913e-01 4.426311928365003756e-01 4.333917770280810711e-01 3.977084831976893109e-01 3.623315178370210554e-01 3.947609158873207069e-01 3.066427604878514401e-01 5.862519425374590476e-01 4.186089135158940211e-01 2.794537919526558500e-01 5.846852283806701356e-02 4.244290095522090800e-01 2.971635311204811059e-01 4.584094439764003770e-01
1.921000000000000000e+03 4.434301412050999924e-01 6.372086031294504904e-01 6.218598933499334125e-01 5.973844442133878774e-01 5.618642869934832307e-01 6.085886586600320891e-01 4.644565024710066714e-01 4.508153403096818446e-01 3.409934664211523581e-01 6.558650090304561919e-01 5.328287703250733642e-01 3.168795077589746656e-01 4.934631026991587732e-01 3.805433765066643659e-01 3.215024680670596768e-01 4.693696228779378754e-02 4.340768826258760704e-01 2.034407973593562458e-01 4.326676751971593182e-01 4.749565002445075845e-01
2.416000000000000000e+03 4.515305698090399389e-01 5.379994962172469641e-01 6.074584271998486606e-01 6.171612224402525104e-01 5.923947433873909540e-01 5.782687479393371355e-01 5.943279682609695636e-01 5.194402217537237298e-01 4.601021131537605391e-01 4.888119915681202188e-01 6.946659940601895844e-01 1.309971329469532819e-01 4.755663392759711949e-01 2.971996565481409558e-01 6.124783813365831664e-01 4.798495648224158083e-01 3.576124548212412102e-01 7.270801585801918432e-02 2.595961940626658748e-01 2.729301819313161848e-01
2.417000000000000000e+03 4.030898714782533698e-01 5.833911931383828353e-01 6.059985604809402515e-01 6.442119531421611756e-01 5.294575960961460659e-01 6.697685826415505916e-01 5.510472175193845690e-01 4.816396049228675591e-01 4.439479487182798612e-01 5.270541939526011133e-01 1.832152957566299256e-01 4.907084969173396982e-01 2.409296319132108177e-01 5.706306456703740260e-01 5.362166360823601430e-01 3.249480572438852577e-01 7.600172009336822465e-02 1.714068386216696382e-01 2.817399268173217952e-01 7.164659885972539666e-01
2.418000000000000000e+03 4.445496538490099070e-01 5.829167374068147112e-01 6.314373559169976780e-01 5.908499930124762045e-01 6.304212270488794845e-01 6.307731233275727378e-01 5.106249073400278560e-01 4.652019434062114045e-01 4.874189783277158017e-01 4.614634762258403855e-01 6.146099124038097994e-01 2.284354067431540736e-01 4.448175280153147115e-01 4.569566555203580238e-01 3.401642600543257622e-01 4.851908772937711667e-02 1.540513782112228613e-01 1.679170971298352688e-01 6.062366963488456939e-01 6.223051862267101608e-01
2.419000000000000000e+03 4.515239837872901396e-01 6.137982028835861081e-01 5.923504004998453309e-01 6.883448240326301981e-01 5.997474492320478134e-01 6.041957619056012030e-01 5.042566853444471198e-01 5.229628979183488235e-01 4.243667112762187221e-01 4.313306969581131578e-01 3.410435907183906323e-01 4.899463382993925475e-01 4.105977495081416517e-01 3.336069663864478230e-01 9.559589844805048420e-02 1.536441092851913159e-01 1.930893444671211434e-01 5.299916806429881833e-01 6.083669037869755547e-01 3.909636744989416490e-01
2.420000000000000000e+03 4.781058237788813337e-01 5.777650581802312724e-01 6.793028824711644376e-01 6.602697889109285789e-01 5.689506590161766963e-01 5.966408917010989077e-01 5.660418519924104164e-01 4.530080748154314829e-01 3.893821098641055967e-01 4.517544606709664734e-01 7.107109452569254637e-01 4.546956841198881993e-01 2.961674849557641709e-01 8.904210438226214941e-02 2.116908875550664315e-01 1.917752102049162521e-01 5.847915300516024484e-01 5.329537407413872385e-01 4.063770462883631862e-01 1.389883464660255086e-01
2.421000000000000000e+03 4.499306239099684079e-01 6.597686204952565303e-01 6.590742155193360929e-01 6.394044344950610137e-01 5.673647035027182817e-01 6.599820764956652042e-01 4.956325462699427975e-01 4.210723874300021929e-01 4.175973675199214363e-01 4.387398610761090723e-01 6.674117567157701325e-01 3.379025432133163642e-01 6.983048106145629819e-02 2.083328127749501102e-01 2.568618921390082854e-01 5.755586285119206336e-01 5.937261412775445280e-01 3.384184309629829079e-01 1.878725669955226829e-01 4.300154938234150848e-01
2.688000000000000000e+03 4.428302499154523897e-01 6.031671129138418408e-01 6.610464242920506273e-01 6.803275791543273998e-01 6.083983735074246502e-01 7.157783073551651221e-01 6.126942142316884610e-01 4.500216352924021890e-01 4.191935598730875956e-01 2.808434170053482060e-01 6.422239400977056700e-01 5.264986553544851455e-01 3.575112415349454564e-01 1.852448750081861217e-01 0.000000000000000000e+00 3.209721191913196270e-01 1.987961878690053252e-01 4.895569779256865317e-01 5.153996705397371203e-01 3.737549571730708342e-01
2.706000000000000000e+03 4.728229312282205554e-01 6.910906281206752322e-01 7.101009262606357009e-01 6.765892388028537097e-01 5.855405456827705857e-01 6.807468748838889638e-01 5.715967592133458508e-01 4.633753299952994564e-01 3.940984449152660773e-01 1.957301098121221605e-01 7.294507077635209447e-01 5.737547260187264575e-01 4.511151348257586013e-01 2.600889167160758686e-01 6.226882889626116904e-04 2.656094983632230622e-01 2.149966521831854771e-01 3.163697369142050020e-01 4.641937962374688142e-01 3.542572295418552342e-01
2.858000000000000000e+03 4.708813164199600609e-01 6.410265236347452156e-01 6.856568698092757597e-01 6.130828663572129855e-01 5.460188102410091782e-01 4.892615719822796527e-01 4.800323581845359899e-01 4.622721390834750865e-01 3.924241232143755309e-01 5.862480448888882645e-01 5.304424587253216972e-01 2.143309260294214147e-01 1.672623926914165171e-01 5.026353771674142434e-01 3.810143045349484447e-01 3.745760372727219845e-01 3.782816484648555688e-01 1.954784396980259187e-01 1.743055270475319385e-01 7.809696068901127441e-01
2.872000000000000000e+03 5.471363384621180659e-01 7.199803995314265626e-01 7.253104265512378968e-01 7.462104881616548058e-01 6.474995524057667318e-01 5.017215686962516186e-01 4.220257377896067807e-01 3.916189488934342378e-01 2.808736994000954890e-01 3.754395617106665584e-01 1.968632064741797083e-01 5.591735071765009391e-01 2.541072981144012477e-01 4.310416245375390809e-01 3.668127780888918998e-01 1.941607679724144386e-01 1.137814747112593644e-01 4.282418063235373107e-01 5.318682516524360082e-01 4.675082694214490742e-01
3.082000000000000000e+03 6.439862941761235193e-01 7.525925148864821557e-01 7.678849412885748738e-01 6.959804124510686751e-01 3.244164327678495385e-01 4.167240304928573336e-01 3.679914457775534387e-01 4.014480171798956998e-01 4.139527805579099606e-01 4.509668823349295974e-01 2.708042366957650882e-01 1.000000000000000000e+00 4.391538795491010672e-01 3.564848344011343206e-01 4.285868632245470322e-01 1.670524208481748152e-01 4.887776137713917279e-02 3.369916966966863825e-01 1.780304850568621700e-01 2.820225687872639497e-01
3.150000000000000000e+03 4.193900464796878613e-01 5.593140177660483880e-01 5.692925080170261332e-01 5.609047898886478922e-01 5.850550641039437005e-01 6.796215430200331920e-01 5.296356885770624467e-01 5.408439492382549618e-01 4.829761609281650325e-01 5.225658817592815364e-01 6.603259730488997281e-01 4.278362680115447292e-01 1.631672610399260703e-01 5.681574578039197410e-02 6.409709524926939794e-01 2.580548439791200410e-01 5.055981967339064909e-01 4.383668770254723901e-01 2.836117538492655132e-01 2.051001625262716677e-01
3.394000000000000000e+03 5.562209803507074390e-01 6.180702667937202355e-01 6.365023927413954175e-01 6.197340721601836133e-01 5.906215572597163233e-01 5.630989861847284228e-01 3.795310440306432498e-01 2.776569705429253743e-01 5.115906639994055594e-01 5.786217961922095476e-01 4.757243161917685814e-01 3.227789269875129818e-01 4.517370339514415467e-01 2.202638036193171889e-01 4.145111989466772340e-02 3.528405123295950130e-01 3.403838843345275977e-01 3.773159659552788314e-01 7.530499681888392915e-01 2.211323236374726220e-01
3.397000000000000000e+03 4.626872661032775946e-01 6.229386597865235187e-01 5.910391126046687926e-01 5.136728744960716853e-01 3.458027866224694380e-01 6.747235086958809358e-01 6.380154729561371418e-01 5.369091408912385344e-01 5.084167812821770438e-01 5.041056510927093282e-01 3.256983975908613327e-01 3.712282724705469328e-02 3.738371350112689728e-01 3.963118385579063596e-01 4.854404720535882012e-01 7.088454161075740112e-01 2.093881707688227956e-01 1.721478510798744865e-02 6.466981907536240026e-01 3.760455239129606997e-01
4.172000000000000000e+03 5.693399608516340749e-01 6.933940124888219314e-01 7.895476317248099063e-01 7.150186142961034719e-01 5.338309301810428842e-01 4.175859277201353636e-01 3.712252827553993995e-01 4.377830999599670037e-01 4.036278326875928912e-01 3.859631894159909482e-01 3.581514368178883023e-01 3.228447108019899536e-01 1.762632132354115255e-01 2.300291481792954285e-01 4.259588483529212488e-01 2.354021074819430126e-01 6.398723111274023934e-02 1.000000000000000000e+00 3.420329498692195602e-01 4.093869334156192141e-01
4.981000000000000000e+03 5.142222192677137205e-01 6.020503075906714630e-01 6.961862822371711612e-01 7.074385797116735652e-01 6.089730317016646133e-01 6.147411074683256649e-01 5.395706125559578403e-01 3.925310855986006153e-01 3.036536644122168616e-01 4.287504796691308240e-01 4.784434008867851085e-01 5.617877065157609318e-01 3.977738596487654932e-01 3.501647237358029852e-01 2.902526427472619241e-01 3.053128330777944988e-01 2.009311780691256377e-01 3.902395645306202532e-01 3.135807178308981369e-01 2.818617972040023956e-01
4.992000000000000000e+03 6.228193162601598498e-01 8.511762288900369677e-01 5.436992376372374869e-01 6.041639639095603975e-01 5.373770905090976546e-01 5.101224657873951740e-01 4.830177072858624077e-01 3.686547110852562148e-01 3.217305185429100156e-01 4.519362896941565011e-01 7.370721947449691003e-01 4.930937020269713367e-01 7.585078681301664627e-01 2.723676354495285223e-01 1.991050951904231037e-01 1.703014968833737597e-01 1.119348477064809055e-01 9.405340738664347278e-02 3.856819634231165028e-01 4.179125031025250347e-01
4.993000000000000000e+03 7.119816312045226248e-01 5.575090217381460933e-01 6.289309897024537577e-01 6.349692112282979695e-01 4.993853732806690093e-01 6.073124540935996851e-01 4.289034443523886964e-01 3.714698044298498925e-01 4.397422623141085118e-01 4.335618632052679611e-01 7.472801277755564131e-01 8.546183038171222268e-01 2.538195348205850577e-01 2.060846973149616512e-01 2.442811180179487174e-01 1.244844119633636281e-01 1.253083867434021115e-01 3.320262845782363526e-01 4.496499206445853658e-01 3.043934223778960169e-01
5.499000000000000000e+03 5.825146077494950392e-01 7.421698084301148191e-01 6.237149487740041298e-01 6.967077977823251667e-01 6.407343803163583207e-01 5.075053524496569990e-01 4.209336070891428472e-01 3.706774167113683349e-01 3.389684201042262313e-01 4.152009541996069530e-01 9.347107171068106402e-01 6.379726617146137535e-01 2.099417853791352151e-01 3.512612988031370009e-01 3.067895399812836099e-01 2.652844254602625407e-01 2.700181687959539167e-01 3.418925992631458022e-01 1.005265570112734291e-01 2.800782615828532052e-01
5.500000000000000000e+03 6.078316976569256846e-01 6.217976935618694245e-01 7.050445236336085886e-01 7.157326846434058920e-01 4.865770720711631303e-01 5.406349962566980860e-01 4.212839839681413734e-01 3.812191582958758818e-01 3.906268024088462298e-01 4.524487798883350398e-01 9.856559362630886723e-01 2.682293146912038129e-01 3.419773390367457644e-01 3.293800602937860811e-01 3.647028756681844897e-01 2.934334180231069067e-01 4.161076142678418743e-01 4.880381983524036821e-02 3.358456963568728360e-01 3.581753960027532768e-01
5.501000000000000000e+03 5.073388152919451333e-01 7.026476893216353492e-01 7.318023190094236075e-01 5.928700586428503616e-01 5.348213714115706008e-01 5.520376588459313671e-01 4.448486282013366933e-01 4.481020639700410979e-01 4.420808319674306430e-01 4.014020585591197565e-01 4.354795128224754897e-01 4.155242428198385740e-01 3.208377594153511980e-01 3.911510849100410248e-01 3.979006782688931376e-01 4.428968201592750065e-01 8.205471755575959036e-02 2.933088673805546720e-01 4.086058159575811644e-01 4.017304510375554472e-01
5.503000000000000000e+03 5.955995970416402274e-01 6.208741503776677995e-01 6.510468948946265266e-01 6.374691782788053374e-01 5.619788676574943853e-01 6.337940963342565404e-01 5.709296461311100801e-01 4.341248008240398693e-01 3.249208708295895920e-01 3.572573537548121014e-01 5.024898936973019037e-01 3.719939549368253551e-01 3.329439374328954093e-01 5.014342314920022803e-01 1.248340706133341249e-01 3.057654822890070734e-01 3.565068476108967377e-01 3.255720400453072649e-01 5.216987304356492938e-01 2.420874275322750235e-01
5.504000000000000000e+03 5.066908144767371391e-01 6.547724483942429785e-01 6.610383275454624341e-01 6.583424187756889978e-01 6.368048489356803454e-01 6.910301113330123979e-01 5.034097889674957749e-01 3.771016415147606660e-01 3.364511830597488595e-01 3.848850405117530404e-01 5.758542614851033248e-01 3.953176006607462267e-01 4.787666910365636630e-01 1.312422216837529632e-01 4.019378018386305929e-01 3.719521366919117389e-01 3.873699745816398532e-01 4.742523572384884645e-01 2.931793498146237908e-01 5.001001037271463057e-02
5.509000000000000000e+03 6.272919083073146274e-01 7.074676815466057755e-01 6.603920119400609190e-01 6.488057341245611065e-01 5.880746294330178037e-01 5.673864417223679624e-01 4.443373575323358859e-01 4.344419075704011868e-01 3.307610482293221743e-01 3.327708176729766154e-01 4.383375467886190258e-01 3.031300874721095107e-01 3.720075753443486954e-01 1.918438306630578793e-01 3.633457689322095591e-02 3.018958855411810194e-01 3.704579373979999812e-01 3.469383359125357558e-01 3.343368885819382186e-01 9.673408493472664960e-01
6.018000000000000000e+03 8.426103203001882314e-01 6.533575671168804222e-01 6.357960286743915557e-01 6.459058529316299424e-01 6.212752466158072417e-01 5.381553099143340235e-01 5.170214789886026230e-01 3.542174854909618809e-01 1.530717820788485284e-01 3.307640000098358013e-01 7.172148380804231893e-01 4.685798394701334857e-01 4.194251543654646253e-01 1.199353454726812679e-01 1.625561112210132386e-01 2.469672462731316021e-01 2.694127563413157844e-01 2.808909086544701950e-01 7.500406657224343299e-01 1.810421158143074305e-01
6.020000000000000000e+03 5.269846086389154971e-01 6.727631518699287438e-01 7.290634180429113043e-01 6.355834261795453299e-01 6.480031705959525823e-01 5.498321634014128323e-01 2.385200385744567220e-01 3.605792358122065222e-01 4.857209328246360203e-01 4.820258009475447691e-01 7.026538636498589341e-01 1.340384742244332961e-01 1.409939260110017190e-01 3.242689286779470437e-01 3.512318283496695392e-01 3.263769347472518789e-01 7.680471010118083974e-01 1.653162663231920182e-01 2.143737885566163459e-01 5.995898172037104068e-01
6.021000000000000000e+03 5.253182417656654390e-01 6.930381901435558323e-01 6.243581205687555036e-01 6.941046831862781596e-01 5.005724850318308272e-01 3.422030843159982738e-01 3.783456888311622635e-01 5.113103475996931824e-01 4.381736204738365670e-01 6.025832167103916115e-01 1.939286948363511398e-01 1.592545492369251692e-01 2.720409060688845915e-01 3.281703614920943868e-01 3.832160716980664850e-01 7.171336030627315505e-01 1.775689661870861469e-01 1.342129299051525726e-01 5.659859515773152383e-01 6.422831636928069132e-01
6.022000000000000000e+03 5.631258706688649918e-01 6.217073465481995909e-01 7.019375997570651560e-01 5.937058166516436808e-01 3.052350830189268227e-01 5.002958442675745632e-01 5.752042224761613198e-01 4.879262379561028484e-01 5.981798400650548686e-01 3.907074814086236025e-01 2.120510589296317472e-01 2.766537388681197251e-01 2.594083620498716103e-01 3.403610339163604670e-01 7.670472534279991761e-01 1.515608097466778215e-01 1.323229493855494210e-01 4.459220153929291386e-01 5.767659968131630954e-01 4.013338622389707178e-01
6.023000000000000000e+03 4.946393410071963648e-01 6.857950081585033608e-01 6.053297516092110975e-01 4.186802374149018457e-01 4.706675850208950629e-01 6.762084817344665710e-01 5.424143621630422851e-01 6.549868899375383968e-01 3.567210792260290808e-01 4.834316318361407960e-01 3.905291976320816039e-01 2.812895049731605202e-01 2.877931415199621035e-01 7.344815058375674388e-01 1.976013236185928112e-01 1.229050619390746335e-01 4.731303121804723566e-01 4.810375732535535631e-01 3.988179631937344150e-01 2.015069241244748233e-01
6.524000000000000000e+03 6.185261886941133547e-01 7.955200485796216636e-01 6.229082303075601512e-01 5.191794028090072066e-01 4.724015445479456954e-01 4.777592433141942263e-01 4.303245909676872150e-01 3.431421226690577475e-01 4.469855525719769185e-01 5.374678522621332277e-01 5.997925266213018913e-01 4.374727675040077646e-01 4.226582200421100111e-01 4.146802724453688138e-01 3.074411669536452618e-01 8.286508017138523308e-02 2.397886981736223888e-01 3.076907189934748876e-01 3.904877282994441146e-01 4.369833571629653246e-01
6.802000000000000000e+03 5.482734426015052343e-01 6.930433192438852918e-01 7.165279021255330782e-01 6.877112774290081720e-01 5.756487986223437492e-01 4.746364747542778373e-01 3.735228512349190177e-01 3.998406282787288490e-01 3.881995492324643027e-01 4.704724102077465497e-01 7.570186511169748611e-01 3.219580630931734855e-01 7.946972125594094216e-02 3.288304804314206020e-01 5.614593002113474896e-01 5.974416432234299634e-01 4.782754774326679614e-01 2.179931944264247856e-01 6.260954212485368708e-02 2.763154193524874902e-01
6.803000000000000000e+03 5.654686066526133370e-01 7.063531880258233642e-01 6.990652314664832501e-01 6.618506525694700660e-01 4.534757446981675932e-01 4.992342145236124407e-01 4.561421607541658596e-01 4.370917198630718259e-01 4.543859614964234628e-01 3.930341081029877781e-01 4.843099428694330744e-01 1.103771994345111029e-01 2.989570519526907888e-01 5.671073601430227651e-01 7.133338414453913590e-01 4.771052919543097848e-01 2.546608103356298169e-01 0.000000000000000000e+00 3.126618076468018481e-01 4.290615613257452443e-01
6.804000000000000000e+03 5.817170295598982355e-01 6.955934095941787021e-01 6.809843450661431374e-01 5.621013494499456087e-01 4.871560570819564173e-01 5.820832131480434546e-01 5.039406719980569216e-01 5.150218847719605364e-01 3.739503817980003864e-01 3.675546764763401586e-01 1.537482142188576761e-01 3.109596908021957651e-01 4.788830574587275013e-01 6.637476030454422249e-01 5.304065396116343090e-01 2.281629154624073008e-01 0.000000000000000000e+00 2.194257241888065146e-01 4.102445172252459082e-01 5.590702489173365874e-01
6.816000000000000000e+03 4.415880183580187524e-01 5.538585148959310756e-01 6.587501971932104849e-01 4.502243218492085752e-01 4.513831827394389484e-01 5.113260233713849967e-01 7.783048740838666157e-01 6.047326089080155009e-01 4.227964022700441693e-01 5.625714674383088809e-01 0.000000000000000000e+00 1.442640433739378336e-01 3.183353162547601922e-01 2.615557149765906919e-01 3.077225321292358928e-01 1.138983352924299586e-01 8.052288467949070272e-01 4.680905811501703262e-01 6.732708175810475648e-01 4.163616353056010522e-01
7.670000000000000000e+03 2.690546417678632007e-01 4.376089119214056078e-01 5.157237938685854672e-01 8.679624687051714638e-01 6.722528328310120038e-01 6.105259628134436234e-01 6.306354095980365448e-01 5.383411674999587504e-01 5.219349521960487959e-01 4.999123053217913726e-01 3.940153765431961275e-01 3.278186558640023285e-01 2.644806253354677894e-01 3.688129352870302968e-01 4.335345199143751937e-01 3.856418522727930176e-01 4.178470360112209736e-01 3.137346681833806383e-01 4.531651413423241070e-01 2.090075271600694284e-01
7.671000000000000000e+03 3.014032466185370684e-01 4.888112549277541241e-01 8.185248855163788084e-01 6.970207916991171260e-01 5.459348684855611644e-01 6.862060542150454356e-01 5.533114229131761430e-01 5.317824358641209948e-01 4.407575793520469576e-01 4.354323212799676157e-01 5.035625831465688762e-01 3.153349155207234578e-01 3.446898137697793629e-01 4.463136837878963759e-01 4.865391608337443774e-01 4.271105676207193058e-01 3.681454058047188282e-01 3.981287802852221946e-01 2.588416899825525253e-01 1.042309348160027661e-02
7.672000000000000000e+03 3.611474748619073472e-01 7.735786202930291511e-01 6.811134183813393195e-01 6.070949359511738086e-01 6.506739164086865479e-01 6.350015601670407905e-01 5.681027975155096277e-01 4.638340560318963690e-01 3.875474319524042088e-01 3.248448063910314154e-01 4.606790126523999107e-01 3.823307021833626806e-01 3.982901451802622894e-01 4.774972869331166048e-01 5.091993334998288212e-01 3.578886238795839225e-01 4.389033736515736139e-01 1.874112076913131142e-01 7.143836028965504237e-02 3.147980891955690086e-01
7.675000000000000000e+03 4.909977759772536920e-01 7.066331585448744068e-01 6.994567660474024784e-01 7.301954627691685795e-01 6.127320199828595326e-01 5.925549210866507543e-01 3.607190852189640085e-01 4.356493476897271289e-01 4.025941671214811612e-01 3.471610708148907265e-01 6.029978290899098425e-01 4.370052733029828884e-01 3.320535150377038613e-01 4.435342260011816973e-01 2.325245696755779690e-01 0.000000000000000000e+00 2.531562884938122759e-01 4.962088274303047553e-01 4.571797551863862608e-01 3.782570203492095495e-01
7.676000000000000000e+03 5.666158630198474544e-01 6.788509070501312914e-01 7.237545391246616999e-01 6.786748349668298985e-01 5.645528409112364754e-01 4.712665629075446505e-01 4.781520373860019824e-01 4.368707523765844591e-01 3.027060470401619630e-01 4.430450276251204911e-01 6.264563359757888694e-01 3.658853378129974798e-01 3.922955307361938315e-01 2.216689809624745044e-01 3.988936237596437534e-02 2.447536170301834457e-01 5.399603530136790619e-01 3.778775503912991662e-01 3.892469411232838961e-01 4.364563799548765166e-01
7.678000000000000000e+03 5.748303254863701417e-01 6.742061166138941797e-01 6.564617783378392524e-01 5.415219279433495236e-01 5.728290383470592273e-01 6.013874207806260141e-01 3.819258134770906477e-01 4.638077279151320287e-01 3.480121442065047255e-01 5.179117413026481653e-01 6.051909265853742115e-01 2.105683101844458283e-01 8.452814903142575817e-03 2.895391854262843179e-01 5.962364898562880766e-01 3.911247553425125090e-01 3.365163011602733678e-01 3.544597382460385471e-01 5.255415678935351220e-01 3.469179350573783349e-01
8.058000000000000000e+03 4.814115647290290179e-01 6.782116552630047535e-01 6.599116420962650720e-01 6.577591668431700400e-01 7.394356433613850088e-01 5.004569690270542770e-01 3.984499622123107154e-01 2.686192451847178031e-01 3.548759863828769290e-01 6.225856427430001006e-01 3.425670429895725233e-01 5.054151203697891948e-01 3.275030043339242081e-01 4.039241535360643676e-01 2.960756383663778468e-01 3.196103038120794992e-01 2.104885635739198457e-01 3.002693875520506261e-01 3.762675609278449129e-01 4.970666401492563335e-01
8.067000000000000000e+03 3.622972580779776908e-01 5.169321130773256723e-01 7.844883745818975740e-01 6.950677724220111209e-01 6.434452100586036671e-01 6.636896951116915133e-01 4.776233988797912722e-01 5.133924044057958103e-01 5.209391515050677546e-01 3.127218935915458964e-01 6.466997260934511660e-01 1.548767990906403658e-01 1.702737933328189179e-01 1.802843122716943358e-01 1.715263417571701310e-01 6.951767414488719821e-01 3.599528737922895738e-01 2.493894261292123882e-01 5.061173659108343381e-01 5.322497525915597105e-01
8.070000000000000000e+03 5.194650957641226974e-01 6.622855692898181879e-01 6.798319136274767471e-01 6.024620766451505016e-01 6.115552657996840002e-01 6.883875079201661196e-01 2.891873628149169151e-01 2.845534979695791278e-01 3.359550353137599754e-01 6.516556756743204781e-01 1.849460734617593416e-01 1.049873726257355283e-01 5.722894528830765326e-01 3.162154751583626244e-01 2.531392032825089400e-01 3.496589361216642655e-01 3.778445348943020865e-01 2.198446047435247408e-01 4.852750149195442231e-01 7.059224450490382274e-01
8.434000000000000000e+03 6.941800082515143799e-01 9.370348856464703058e-01 7.469618646208514567e-01 4.123259185483369449e-01 1.911662026086400901e-01 5.761896824086599755e-01 5.266646046070657672e-01 4.040292871729251889e-01 2.927249779001707131e-01 4.155130883732103819e-01 4.499746623328652051e-01 1.535600457150554932e-01 3.544318511642607916e-01 5.592439379775627772e-01 5.309474906767712721e-01 3.708216390097743842e-01 2.952774017474307788e-01 1.463219297650702189e-01 4.584950534193256155e-01 2.862989282111121914e-01
8.437000000000000000e+03 4.002716982789564226e-01 4.419724389905178574e-01 7.125627555103899446e-01 7.640074054798245973e-01 6.270180226237844767e-01 5.616353726080020037e-01 5.610718508423757633e-01 4.027395121311581061e-01 3.952581064936422361e-01 5.938375423931091523e-01 7.268741124620723415e-01 4.706100601876183065e-01 3.561173096741240829e-01 3.154994990496114426e-01 1.980977982488644762e-01 3.731002252176028322e-01 2.390701415147357956e-01 2.053687373763970758e-01 3.781724320755934787e-01 3.924057955055618163e-01
8.438000000000000000e+03 3.179473086703669682e-01 6.780011449002272261e-01 7.403285164557599218e-01 6.755246838714530355e-01 5.129294400359859507e-01 6.404504003566382497e-01 4.242293463477777027e-01 4.128345219458858240e-01 5.619756275479849128e-01 4.552318190695764377e-01 7.390397935298216314e-01 4.324432261582498715e-01 3.081217656825084306e-01 2.154820926131242043e-01 4.918787984435691318e-01 2.631791010016441557e-01 2.617123727122327992e-01 3.383115443951761891e-01 4.414620049690394232e-01 1.451655569486603736e-01
8.439000000000000000e+03 5.330342842985212881e-01 7.064237466268026289e-01 6.643272088113577611e-01 5.815380375237472199e-01 6.042124040568450649e-01 5.185958286698837405e-01 4.406040220825996334e-01 5.982719062164065793e-01 4.123950395119811430e-01 3.214738016068257043e-01 6.705934139638434210e-01 3.719180165020253837e-01 2.041937657300186282e-01 5.183105183559968410e-01 3.569010537892486346e-01 2.801539410263904628e-01 4.058858097928665365e-01 3.964604279066376580e-01 2.073473555775502131e-01 2.306876301471424417e-01
8.440000000000000000e+03 5.793010076692071131e-01 6.619083075393291660e-01 6.050463673509155482e-01 6.890610033942716761e-01 5.043459125162214063e-01 5.640618462572530856e-01 6.775436177619623690e-01 4.659324934416078645e-01 2.911030203593464316e-01 3.554306297664643899e-01 5.474058155783338986e-01 2.390585006137334878e-01 4.712941303641849378e-01 3.532505520642171271e-01 3.532011001431943353e-01 3.997475347144924251e-01 4.432153736577896797e-01 1.404053950662028649e-01 2.675551074434039389e-01 4.111450356869281175e-01
8.535000000000000000e+03 5.995575463772038205e-01 6.534921305715645223e-01 6.186975945968808954e-01 7.183497274261751997e-01 4.364355847373394548e-01 6.008703663324140853e-01 4.967628376036034021e-01 4.285511963909196531e-01 4.047766957061952886e-01 3.877821741354649521e-01 6.267515081225714102e-01 3.304138348311520534e-01 4.432135303319219566e-01 6.167186857092368246e-01 4.498908192109614124e-01 2.145710883484510112e-01 2.637617720284250455e-01 2.185061927407600524e-01 2.257878987741730181e-01 2.395922275920532862e-01
8.536000000000000000e+03 5.331587003413199577e-01 6.228278062883730870e-01 7.308634129146198699e-01 5.458619040008372281e-01 5.963556308443820342e-01 6.181418235821396490e-01 4.928123696221062833e-01 4.596575909288490580e-01 3.666685737072328810e-01 4.198430968450680423e-01 4.919934044821714925e-01 4.949056709862116876e-01 5.669963261652297692e-01 4.497967090073888285e-01 2.828766061200569948e-01 2.641318841897626890e-01 2.523644291493342684e-01 1.603443642490878229e-01 2.773890505301122023e-01 3.452113175293495817e-01
8.537000000000000000e+03 5.002447908925099496e-01 7.166767473494571883e-01 5.676976742867931858e-01 6.767420352205092415e-01 6.066063132405488112e-01 6.066005155387259595e-01 5.185652104491589309e-01 4.106158770096807742e-01 3.952003776613969288e-01 3.984256346209637534e-01 7.380527627375600419e-01 6.364079520110520471e-01 4.174050535969145992e-01 2.869137170985036067e-01 3.444806366552125021e-01 2.588163001778268080e-01 1.941636689832759444e-01 2.168401310770528834e-01 3.773412264076324574e-01 1.500087478234304328e-01
9.411000000000000000e+03 5.577413630987715365e-01 7.042637151637307635e-01 6.987987842490931412e-01 6.128503220833391163e-01 4.305297287891077240e-01 5.036285353876664983e-01 3.242357400426703617e-01 5.295682589335357626e-01 4.566202297913371511e-01 4.811869466459913203e-01 4.112885683775222012e-01 2.794858877539347364e-01 2.445391379045086799e-01 2.066023114342843969e-01 2.059013705597552979e-01 1.534179064682347493e-01 1.746755663193673147e-01 9.151317058192955933e-01 4.053006841571827890e-01 6.052694880706054326e-01
9.412000000000000000e+03 5.692317533640471883e-01 6.835451732643907929e-01 6.232969898887095184e-01 5.276809050977495641e-01 4.750804722799588098e-01 4.443679024871463601e-01 5.890330982868496879e-01 5.022299954166260516e-01 4.579506351033090783e-01 4.717983119697342076e-01 4.132588761003740951e-01 2.794407893442034663e-01 1.773218876369243302e-01 1.993199272618447482e-01 2.111313811357443671e-01 1.736957490865436160e-01 1.000000000000000000e+00 3.330088760145206717e-01 5.937458860323986398e-01 2.064947615738342845e-01
9.413000000000000000e+03 5.512504812913227026e-01 6.170355514705988531e-01 5.468432938822561651e-01 5.670483643255189721e-01 4.113984993914046595e-01 6.906405265203942045e-01 5.599075082350269961e-01 5.045568722445666898e-01 4.483291642545474964e-01 4.788858077144612091e-01 4.302029509687033682e-01 2.189943686294456293e-01 1.801415533118834178e-01 2.149955208882035895e-01 2.444176359956837241e-01 1.000000000000000000e+00 3.867599056100548549e-01 5.367839762063432163e-01 2.546641379066492128e-01 5.619143276655248070e-02
9.529000000000000000e+03 6.239391368886487710e-01 6.947779741741332282e-01 7.053493279963279905e-01 5.799497615834530162e-01 4.501145341942934253e-01 4.779287569916473855e-01 3.915911024320670730e-01 2.967036242422755321e-01 5.249256686479354395e-01 5.219741888398157226e-01 3.411637714859850901e-01 2.286070938872872826e-01 2.945641978494668023e-01 5.162737992496195805e-01 5.358160232346474983e-01 4.177948437147429583e-01 2.792078763679775033e-01 1.108871119503436753e-01 3.586265993640749827e-01 5.300805682165201649e-01
9.531000000000000000e+03 5.558119795545513053e-01 5.897406374917308902e-01 5.613595241791241586e-01 5.418788077219103272e-01 4.784330122274135788e-01 4.520828242232839966e-01 6.403728940482862342e-01 5.527476115520069122e-01 4.935204846698918457e-01 5.133139439897288492e-01 4.393059818228352564e-01 4.670529355681687367e-01 4.346381812464264471e-01 4.507639665210138591e-01 3.093559020030925977e-01 1.094119266219696629e-01 2.862641713807788091e-01 4.096204132690178246e-01 3.296499802613416241e-01 3.457842581308708252e-01
9.532000000000000000e+03 4.683513258932740508e-01 5.633637767840389277e-01 5.613483932765425122e-01 5.717480689477323352e-01 4.218969323664563120e-01 7.401343667313394770e-01 6.175993590374920794e-01 5.449978411128642009e-01 4.962170972682510839e-01 4.488996624063036345e-01 6.716314447075582006e-01 4.751182521095542177e-01 4.010880671243240436e-01 2.996426440800096236e-01 1.603449908594539175e-01 2.781190480249248198e-01 4.497624394503107470e-01 2.555762672042103389e-01 3.629051974147912696e-01 2.705548088306436449e-01
1.015600000000000000e+04 6.648511505223263507e-01 7.933036401173666485e-01 5.555634245811472693e-01 5.688218774277494783e-01 3.975424535876878607e-01 4.995053226234058008e-01 4.131464436543818008e-01 4.238884360037715737e-01 3.907706966317710529e-01 5.405540193884706968e-01 6.811876410502239187e-02 3.052270600997162853e-01 3.930489247992972612e-01 4.976728073787516915e-01 4.607551300940777028e-01 4.178298990507115507e-01 2.633189437012952161e-01 4.294412163637604807e-01 3.390134225337667617e-01 3.145582628865645214e-01
1.015900000000000000e+04 4.472108310148545374e-01 5.121375116052834242e-01 5.634358790778873916e-01 5.725262691764929635e-01 5.425654912628454785e-01 5.725710827937943170e-01 6.214818919169197153e-01 6.276965276251745829e-01 5.143001270856397689e-01 4.846893964013063161e-01 5.736855625789540891e-01 3.571456094509048440e-01 3.513685671941821353e-01 2.437337347251112840e-01 4.429566371977416983e-01 2.202428755211388589e-01 2.228931976481745569e-01 4.735172208727415621e-01 3.427946943720642237e-01 3.977591242275099748e-01
1.045800000000000000e+04 6.512402294914966250e-01 7.468173275031253500e-01 6.624945292446805523e-01 4.711574299237342722e-01 4.790957533035131166e-01 5.583388341279106326e-01 4.130771977216985968e-01 4.156792398225692686e-01 2.699055616268144497e-01 5.958864642948877854e-01 2.455211783189213404e-01 2.607679027120797244e-01 2.341279827677547887e-01 4.551721729766367575e-01 5.641898816287528318e-01 3.384675427646920975e-01 1.492756567561096814e-01 2.130559556679587629e-01 3.174489000507572101e-01 8.575512025391938131e-01
1.081000000000000000e+04 3.883568558755096656e-01 6.203815144633625378e-01 7.873868776852223084e-01 8.077581339852836217e-01 6.284706742391542589e-01 5.262635559942216990e-01 4.321956890891541780e-01 4.734192209842120747e-01 3.573550252036664099e-01 4.087140279187044811e-01 3.482616319779336389e-01 6.858795937774273543e-01 4.057685542279694801e-01 3.285905726414142247e-01 1.816953281295223821e-01 2.755300428812041957e-01 2.210492071825331806e-01 4.655770828247070003e-01 3.354636452116057654e-01 2.784768076587366692e-01
1.096300000000000000e+04 5.187392262895414996e-01 6.793518448918481889e-01 5.765589382190412504e-01 5.238757384864988209e-01 4.271093940700563807e-01 5.426376204320026986e-01 6.608329608225660401e-01 7.511651527254314953e-01 3.874224028428605582e-01 3.427112182193660650e-01 6.897566927485951904e-01 3.556221870193144730e-01 5.107329734149784750e-01 2.937453160084866344e-01 1.395760823031051423e-01 1.428840651910473492e-01 4.168238677904844147e-01 3.146885848975550792e-01 3.760163557220876362e-01 4.069689556690347376e-01
1.097300000000000000e+04 5.823070054781275262e-01 6.702666155176006946e-01 6.229508042517609701e-01 5.952050687450184396e-01 4.913606480295695245e-01 5.668118760505896914e-01 6.023574067687412770e-01 4.581811218885389336e-01 3.109660977628021516e-01 4.595081910246821000e-01 5.215521521712429553e-01 2.323561196541317764e-01 1.682692008367607517e-01 2.682760914744180547e-01 4.217477582642327749e-01 3.196569672817704544e-01 4.383694106170313298e-01 4.919214319342484765e-01 4.407990640527912340e-01 3.163928124574522105e-01
1.122400000000000000e+04 5.132878248881697081e-01 6.075206672542330377e-01 6.733715177388627238e-01 7.633382085908985148e-01 5.923710639988317705e-01 5.598619007810965442e-01 4.340257107510911982e-01 4.011532468507312821e-01 3.960648331668263911e-01 4.438033307868530786e-01 8.087617267023756717e-01 4.702114368453998994e-01 3.597192227983154744e-01 4.009524611887931300e-01 5.029254221674054337e-01 2.613251700433975588e-01 1.808288730568237135e-01 1.501190445127787987e-01 2.914063554419519253e-01 2.465246704468818939e-01
1.123700000000000000e+04 4.920793068047852881e-01 6.254808514709903067e-01 6.697801574859021390e-01 6.476102212950509696e-01 5.166260838440723813e-01 5.517540619685379344e-01 4.776310215198713016e-01 4.590401903641573855e-01 5.115026942132043786e-01 4.313970488297756423e-01 4.661913677494263775e-01 6.274339370610279021e-01 2.580376142494135161e-01 4.501653424678520032e-01 2.262522880827367300e-01 9.234028335450306449e-03 3.584581923560812289e-01 3.437873242211587077e-01 4.284015775657154523e-01 4.457946818107902942e-01
1.123800000000000000e+04 4.969473980179517913e-01 6.559727146067150239e-01 6.528516753352331392e-01 5.999602516707468469e-01 5.250920817073615465e-01 5.842156763843315836e-01 5.089048698626422729e-01 5.594710694199724887e-01 4.005254562135399654e-01 4.104001088401880715e-01 7.984743902835391705e-01 2.489509994926045189e-01 3.488641638039166604e-01 1.807822476271937762e-01 2.926640829343033975e-02 2.991866182147580044e-01 3.271822294334968406e-01 3.027897771074705147e-01 3.978147313746991931e-01 7.987395312898645239e-01
1.123900000000000000e+04 5.243597046322179267e-01 6.409558064371908559e-01 6.097046191319568376e-01 6.073393708064812602e-01 5.605792866358356719e-01 6.132567536682081988e-01 6.195420576897274767e-01 4.392333412788783642e-01 3.772418615764172034e-01 4.157331143356924885e-01 3.980997187546305716e-01 4.151561667266472355e-01 1.693079519116383880e-01 3.266697596797073222e-02 3.967688786180260108e-01 3.447623125598415772e-01 3.641562121877854330e-01 3.500735568982134005e-01 8.041419412432488922e-01 3.022427496196107843e-01
1.124400000000000000e+04 5.137575292730989229e-01 7.221570301195373576e-01 6.392330946209439091e-01 6.082504869193727792e-01 5.332960491985360152e-01 5.562657862287804234e-01 4.944451983921552274e-01 4.445097014739178842e-01 4.024441426324871229e-01 4.466436168551453645e-01 3.815764515591815176e-01 2.665217962296451693e-01 2.513370825560722333e-01 6.067919687413964036e-01 2.130551535358920778e-01 1.282346196111565917e-01 6.260998741811450996e-01 4.715447864867061689e-01 3.524686787140389743e-01 2.855059498849282784e-01
1.161800000000000000e+04 6.234527376668350662e-01 7.655144610669826211e-01 6.745066397072124742e-01 6.320951458178016846e-01 5.052216423970868897e-01 4.580751765808752096e-01 3.851176280176307753e-01 3.821798655499714092e-01 3.922763979143446544e-01 4.596545249295602709e-01 7.777963939538658222e-02 2.502036947434353453e-01 6.749582882832477759e-01 5.988634684956744003e-01 4.100175566458915122e-01 2.841364305161629411e-01 3.789004826549729338e-02 1.712913083085535193e-01 5.201426760775003100e-01 4.826915396245587964e-01
1.161900000000000000e+04 6.331529353900833268e-01 6.718528391169527048e-01 6.518896457899249208e-01 6.045386456732260161e-01 4.395505333162149086e-01 5.137875843761132710e-01 4.408053912196743251e-01 4.452518713019001928e-01 4.458105793461134558e-01 4.546552649071783359e-01 3.181831737547232697e-01 6.536971119092750415e-01 4.794885918341221798e-01 3.518997705875925863e-01 3.077810579351589193e-01 1.922374884791748506e-02 1.602306638194717081e-01 3.887014099738448358e-01 4.310564492155665173e-01 4.449898564622777331e-01
1.164600000000000000e+04 5.463336130496875276e-01 6.623187308324562927e-01 6.367703649358875673e-01 6.199901745576380518e-01 5.748962366598513452e-01 3.888136029596186427e-01 5.152755697038604588e-01 5.617732084175280916e-01 4.649621737373523245e-01 3.999794033132312854e-01 3.974491122774767571e-01 3.472272364884829710e-01 9.794623937510855971e-02 2.647035088521437207e-01 6.288374706558793603e-01 7.126797663971077279e-01 4.446896356480074530e-01 3.270866511463934034e-01 1.712106074103844633e-01 1.763708424132854335e-01
1.164700000000000000e+04 5.319783402109498072e-01 6.287840531101496211e-01 6.302679633235015455e-01 6.530515876191238522e-01 3.504333644503957457e-01 6.219737064919232949e-01 6.251208468401392437e-01 5.118446670007281707e-01 3.681985996507860515e-01 4.539532459352134675e-01 4.571553873887783670e-01 1.033236578262269195e-01 2.018835945196353898e-01 5.674138172383001999e-01 7.578256992290923755e-01 3.903841555405078156e-01 3.249393635016472048e-01 8.085865579611201115e-02 1.920649865403675771e-01 5.996706521325263495e-01
1.164800000000000000e+04 5.028628468054214817e-01 6.240961118979465594e-01 6.614807587608118045e-01 4.603309432058184103e-01 6.064244710431764274e-01 7.252107226269477458e-01 5.717108596238520413e-01 4.083604680643670437e-01 4.295093827326383895e-01 4.262790551228999303e-01 1.289850985847699194e-01 1.981790327321340250e-01 4.533967726531706877e-01 6.720381747866146505e-01 4.155663412365014353e-01 2.734924010491412427e-01 7.116962062776627240e-02 9.407049460647411154e-02 5.257490003323835870e-01 7.498088034763236154e-01
1.174800000000000000e+04 5.058916948317856432e-01 5.904507601170387865e-01 6.461502483175873834e-01 5.766916876117728075e-01 5.867818185251297836e-01 7.493634327296623265e-01 4.659111866339281094e-01 4.712451479714763747e-01 4.039318734147975820e-01 4.184379000518659852e-01 4.385619600278319319e-01 5.366694976425357977e-01 1.583000021940365043e-01 2.006903164977956455e-01 6.806236145535575766e-01 3.486770662190235015e-01 5.158421036088772782e-01 3.699307575447334795e-01 1.598313019806262281e-01 1.705145183240620588e-01
1.188000000000000000e+04 5.311967929201520944e-01 6.820627101784521029e-01 7.098091958077996644e-01 6.636843134748682260e-01 5.857893076767979323e-01 5.124329634392860156e-01 4.486203096314652639e-01 4.473177982937012187e-01 3.816374541324352720e-01 4.012437260538863626e-01 1.000000000000000000e+00 2.332379144236085555e-01 3.020139067738927263e-01 1.680351785297780343e-01 5.453903830772235395e-01 4.839437437017002908e-01 4.044941686312312212e-01 2.421483223090325487e-01 2.224149598998739763e-01 1.005292447130628486e-01
1.199200000000000000e+04 5.570499936652897333e-01 7.081732063772898655e-01 6.762978933162728801e-01 6.790256114904567042e-01 6.141350123664957028e-01 5.781114662726054565e-01 3.773322394194368878e-01 3.528781950425958769e-01 3.630040910448990021e-01 4.355016174678497110e-01 5.858617503145873151e-01 4.373320962394745548e-01 4.912903784673124385e-01 1.606711464515516719e-01 2.073510417552828500e-01 9.932538275431233854e-02 2.224813157581821133e-01 5.806648474124294079e-01 4.533239409425564581e-01 3.625394168580715615e-01
1.199300000000000000e+04 5.677147763194415608e-01 6.579284163167580246e-01 6.770132300758971988e-01 6.794970287063416547e-01 5.483444600308192696e-01 4.862455380785636327e-01 3.865904821056082574e-01 3.935546189165851638e-01 4.005228198381642901e-01 5.247177176193084103e-01 6.472805506924191876e-01 5.485638245976638405e-01 1.389084225131340944e-01 2.060307599538873380e-01 1.561561011733202109e-01 2.254859640602113191e-01 6.500443591808009458e-01 3.879438238741053091e-01 3.880492519229631343e-01 2.875206436962200462e-01
1.227100000000000000e+04 6.187808198133304405e-01 7.331293505393652321e-01 5.941203821549023711e-01 5.098067225608375885e-01 4.152619418892287140e-01 5.118579498333016842e-01 5.068078598565525228e-01 5.096219790021612184e-01 4.418020802965306193e-01 4.630348347353543947e-01 2.146690949819960170e-01 2.418652659312135189e-01 5.184059747753739789e-01 5.054774775864807612e-01 2.378289440361180673e-01 2.196250418240359714e-01 3.261019252158862125e-01 3.688067840195899394e-01 5.325328326697551518e-01 3.632334613511652432e-01
1.227200000000000000e+04 6.022457571464606696e-01 5.982610787656432727e-01 5.387036479260846056e-01 5.242254349594634988e-01 4.953485042568611108e-01 6.239163192594983087e-01 5.782799251803342200e-01 4.963398245553898303e-01 4.471547919442694918e-01 4.686150176616742380e-01 3.340664177655794931e-01 5.355397448934866578e-01 4.281730718422167570e-01 2.127878455801218427e-01 2.635698635576534943e-01 2.970965786443775514e-01 3.831026482388925070e-01 4.291596983533447762e-01 3.586343782027094362e-01 2.913427504929097522e-01
1.227300000000000000e+04 4.794400222233215492e-01 5.470243935888096098e-01 5.496398389650697380e-01 5.911227980651995173e-01 6.149092097407611313e-01 6.876455796633252904e-01 5.609392208425669768e-01 4.996798462578251332e-01 4.510869522623951466e-01 4.672945887533155873e-01 7.586174739717335136e-01 4.625488180718477782e-01 1.771251534603578426e-01 2.500294791719297471e-01 3.605795478200211623e-01 3.658071185552788096e-01 4.645843035944221544e-01 2.793855989045820332e-01 3.112999423293826839e-01 2.297861695011659267e-01
1.227400000000000000e+04 4.087757047818478262e-01 5.292795341641438611e-01 5.793819615812457746e-01 6.603251035387142087e-01 6.448607744877323800e-01 6.353035683588255100e-01 5.254792217181654124e-01 4.683987899721346326e-01 4.168380746132631653e-01 5.861829806874356841e-01 7.113660376950591280e-01 2.260413316390563754e-01 2.362392320623520892e-01 3.784548776368356071e-01 4.725436787226737767e-01 4.823896030398322488e-01 3.371599354560493866e-01 2.608822445189529771e-01 2.832591013317345419e-01 2.714783192248865773e-01
1.227700000000000000e+04 4.584265755483195592e-01 6.232230483203463622e-01 6.106032222986600422e-01 5.946551174920021721e-01 5.041639576990406546e-01 5.208219619999973071e-01 5.946852481380554556e-01 5.435570823473281354e-01 4.697613220873696482e-01 4.894730334472690569e-01 5.023514150489555297e-01 4.238832714923693734e-01 4.701183149381901183e-01 3.630882000018947342e-01 3.259252235730533132e-01 2.110296693039849514e-01 2.312862971505345588e-01 2.729255241909736007e-01 3.769856627151290107e-01 4.303400014219045944e-01
