9.780000000000000000e+02 0.000000000000000000e+00 5.589048957423977670e-01 7.080356444172046793e-01 9.018059346371873897e-01 8.188565495016828510e-01 8.197105983445600597e-01 5.272860502397449523e-01 3.253385775235288491e-01 5.083648956143339559e-01 4.659380134558195885e-01 3.305410599726738008e-01 4.451397346682874900e-01 3.570316490883353455e-01 4.395480478006307812e-01 5.822991599458106071e-01 1.773626249874771243e-01 2.425851951573865517e-01 3.467063437586878627e-01 3.602128048406875171e-01 2.797389827608364743e-01
1.035000000000000000e+03 4.828836897954739693e-01 5.626559306969645124e-01 3.053225414474530219e-01 5.418473632836516840e-01 8.317381176270054466e-01 7.202815684284633591e-01 8.498602289484276096e-01 4.921107525797581705e-01 4.929113959897059027e-01 2.840332587528877628e-01 6.068967152797829501e-01 2.689921550681794171e-01 4.185798477609133372e-01 4.653163019158083613e-01 3.143288155243564308e-01 1.287741842060147190e-01 3.324874408981329799e-01 4.116125681729616570e-01 3.059575836034503782e-01 3.856058232212123960e-01
1.036000000000000000e+03 4.483234923406804184e-01 3.402208712810178559e-01 5.666843078009399237e-01 8.832098591012758071e-01 7.214421671064746855e-01 9.406059890907241261e-01 5.576299891575949852e-01 5.505181912128668253e-01 2.469725595850739419e-01 3.159934657967217175e-01 4.112420005990429228e-01 4.753859789126543278e-01 4.307858485914337621e-01 3.179397609621744669e-01 1.914963836608817027e-01 3.365645733339581169e-01 4.697137853709919542e-01 2.444508922411588736e-01 4.122272667510920585e-01 2.682746914909691083e-01
1.671000000000000000e+03 4.814997347927236770e-01 4.846230978956216351e-01 5.587521741599200675e-01 6.407090772925663202e-01 6.672295074697089934e-01 7.212491722194277477e-01 6.704287284157468552e-01 3.835640823358908991e-01 4.455626707928107000e-01 4.325623668055694204e-01 6.485133589271450116e-01 4.744678205903115065e-01 2.387816486874200228e-01 1.437815799752455992e-01 7.199181492771298263e-01 3.171172357088131166e-01 4.347182936140880360e-01 3.295765750726969978e-01 2.987661948770959364e-01 0.000000000000000000e+00
2.309000000000000000e+03 3.917959756210350752e-01 6.652901611608208476e-01 7.433441316376928620e-01 7.342107708906354668e-01 6.871252521500295085e-01 6.768524184971390634e-01 5.816659930413176083e-01 3.813085670489871348e-01 3.146385945464048040e-01 2.979016609435338192e-01 4.150428402446694198e-01 3.213934698586706773e-01 2.606410365129618878e-01 4.128948292870746606e-01 3.794407535326111414e-01 2.468785855776961247e-01 3.445255247794610787e-01 3.103297500266550824e-01 4.258456864759393445e-01 5.011707214126643883e-01
2.689000000000000000e+03 4.847138383661631078e-01 6.568971584932834507e-01 6.922928846045206530e-01 6.900888412778390935e-01 7.165563681736581980e-01 7.208183957748146575e-01 5.113080122562322360e-01 4.706115291188289751e-01 2.434494811408418335e-01 2.680919924567282675e-01 7.962160841321110905e-01 4.186246040295314996e-01 1.699289063187479076e-01 0.000000000000000000e+00 4.157610715086429432e-01 2.112174783021649460e-01 5.668107672301582189e-01 4.638210685855538307e-01 4.098022839547234009e-01 2.150824859452326321e-01
3.078000000000000000e+03 3.650297718775059597e-01 5.185148126401263324e-01 7.968682361809725778e-01 8.781121627662107354e-01 7.561985493926494106e-01 7.153736377103410149e-01 6.059831865132970785e-01 4.656824182850332061e-01 1.737792739712806789e-01 2.671717443331925734e-01 4.795569206021740305e-01 3.928842448888368866e-01 5.148500626128383884e-01 3.061821569850743385e-01 1.316723769003194378e-01 7.412099465149747379e-01 3.334192832493681480e-01 1.987077052751899664e-01 3.193348186153263657e-01 1.136887064883839588e-01
3.161000000000000000e+03 4.330818596833236889e-01 5.242840493041632799e-01 7.559926070330705850e-01 8.020189769201010455e-01 6.973462405425358002e-01 7.709019908669595411e-01 6.497669103047818417e-01 4.979467488313349399e-01 1.832825173855984202e-01 2.148525674234595673e-01 3.066056044249531043e-01 4.086789840458657785e-01 4.930636417798358595e-01 2.134740246245726558e-01 4.268655585204688130e-01 3.081374506719876671e-01 1.613228146912900340e-01 4.037904293276619039e-01 4.722014137654946819e-01 3.429370949977892380e-01
3.707000000000000000e+03 4.454678565187877304e-01 6.189783102223170852e-01 4.663857020024772537e-01 7.123766836420439841e-01 6.138244196556185139e-01 7.025572607459366070e-01 5.907872782784440169e-01 5.161210983707520406e-01 3.842788584433544652e-01 4.180995347024463737e-01 7.589380003350274517e-01 3.629349008805351495e-01 3.121427061827279914e-01 5.128945268465395779e-01 3.511523800346444402e-01 2.738669677254961313e-02 4.921718922447613220e-01 1.945358437120504047e-01 2.923588540528780366e-01 3.941855939715149248e-01
3.708000000000000000e+03 4.921697151883702714e-01 4.761407530422749890e-01 7.129000369896646427e-01 6.854593927191436897e-01 6.913267770049403849e-01 6.906186267318666916e-01 5.734248136464870083e-01 4.230796706291333198e-01 3.871456163252227078e-01 3.435372297896625016e-01 5.765906413444632506e-01 3.822812545234212100e-01 5.017692400375290962e-01 3.767534181949737104e-01 8.838102466845486338e-02 5.204470180361262521e-01 2.483758983364064976e-01 2.481289309798294096e-01 4.419235460016436301e-01 1.874594454123183762e-01
4.670000000000000000e+03 3.645485036407203339e-01 4.495112552351410162e-01 5.099893815999058111e-01 8.615146137467507570e-01 7.536449911852424188e-01 7.391849859770156517e-01 7.111736097564007597e-01 4.967456062023028474e-01 2.969507190219780046e-01 3.953476912155882150e-01 2.867391227324929681e-01 2.124131338675775693e-01 2.545271648674771181e-01 4.720847757777308917e-01 6.924555941742116527e-01 2.581996433507268707e-01 3.126183230015985304e-01 2.570025003244234552e-01 4.147056656580823120e-01 4.350075534614672446e-01
4.671000000000000000e+03 3.197618674137688854e-01 4.922931812159017650e-01 8.224189205164761374e-01 7.780430354385401426e-01 6.985701517443938524e-01 7.721353138748450196e-01 5.197946552814294296e-01 2.991988071900188451e-01 3.348575031154499837e-01 4.661097854050695322e-01 2.917301755880254421e-01 2.672594259659600291e-01 3.955505833685846184e-01 6.453418915690548596e-01 3.019343655461891318e-01 2.823179073646360782e-01 2.651296839157458729e-01 3.158020050043774396e-01 4.162403471419674483e-01 3.801075469095323567e-01
5.120000000000000000e+03 5.405359436413510466e-01 6.129730032342119994e-01 5.485686662526599866e-01 7.259997593667661953e-01 6.351706563357618629e-01 6.475877223028662089e-01 6.051628430583469997e-01 4.997095059147834140e-01 3.124028365603320756e-01 3.176381038066217743e-01 7.036805607269146501e-01 4.242016260285415563e-01 2.472769170687084406e-01 3.258336289134895480e-01 5.964451901048740678e-01 1.874707925043095913e-01 2.391398923971924662e-01 2.386740468496931222e-01 3.613921342092032973e-01 3.500765662832803216e-01
5.121000000000000000e+03 4.894149908412427918e-01 5.522107577123539501e-01 7.285609956421157385e-01 7.075632727308379666e-01 6.355673431987497457e-01 7.078110396458879849e-01 5.595296727955791916e-01 3.489392191136816979e-01 2.789455892811415483e-01 4.284755178393822583e-01 5.788613888936617879e-01 2.612286584226651276e-01 2.667019351419777640e-01 5.556520104504206747e-01 2.288629284018961763e-01 2.158614521380346207e-01 2.475594374490629745e-01 2.672091069999283364e-01 3.466295039801078337e-01 7.214479971421767779e-01
8.068000000000000000e+03 3.930182813933957298e-01 7.507597855782390806e-01 6.877018030199709697e-01 7.005820708790555518e-01 6.367863435607138411e-01 5.746621177309361173e-01 5.584194195864987664e-01 5.603096220793467586e-01 2.599983037763183291e-01 3.258135154157724700e-01 2.415823530748281434e-01 2.044923965511800390e-01 1.556852011295599969e-01 1.678829962474199244e-01 8.152499262622509013e-01 3.570723314836568574e-01 2.853512978458699334e-01 4.372666547723605412e-01 5.353168262059052607e-01 3.707444329157919549e-01
8.177000000000000000e+03 3.871562723207196965e-01 5.495884631142715637e-01 5.663439405194571341e-01 6.768352448326512283e-01 7.416307567768450904e-01 9.119591217941136474e-01 4.445455486834127834e-01 3.445792863898970437e-01 3.858884827440824394e-01 4.827755442096790528e-01 5.498986088615371859e-01 2.111187730327757917e-01 3.305982958395585758e-01 5.377684363689501090e-01 3.802091764323956014e-01 2.975830826526319473e-01 3.970574457557217718e-01 1.667398220667462294e-01 2.909121755122490716e-01 4.949083240784485915e-01
8.547000000000000000e+03 3.704504170095045401e-01 4.985985816973725337e-01 6.324365167007057753e-01 8.172387049933639291e-01 7.621066525462567576e-01 8.893650202831614449e-01 4.310062028728257610e-01 4.228297801552946544e-01 3.777734388904687157e-01 3.289035073113592000e-01 4.708276643662326344e-01 3.336265943183525096e-01 3.416326282461873975e-01 6.235461984554753201e-01 4.020900943594623023e-01 2.339778234378826205e-01 3.486117135501473063e-01 2.297070477329478944e-01 2.065988046286349467e-01 4.336853504137299642e-01
9.277000000000000000e+03 3.906137184789398864e-01 4.260001176995280026e-01 5.845782749413415136e-01 7.803889383747467656e-01 7.229148738129791418e-01 7.032679110297738179e-01 5.787395743002805570e-01 5.917751396570404276e-01 3.834345319390933815e-01 3.837476591208743293e-01 5.733670174596234848e-01 3.166463166562062947e-01 2.723086879456041443e-01 4.549105222582768282e-01 5.869841318743481695e-01 2.560615818945442546e-01 2.588011096793366161e-01 2.312779253186986184e-01 2.715821318808903095e-01 4.347158166229939669e-01
9.278000000000000000e+03 2.981652288750449853e-01 5.580573611993911998e-01 7.482756951464609729e-01 7.507844300110180225e-01 6.585898306265312030e-01 6.487590274695873571e-01 6.235335163975931350e-01 3.921494250204912713e-01 3.212953720521480871e-01 5.026103017582086441e-01 3.856671305924025961e-01 2.528064694841667959e-01 3.409491012488719552e-01 4.944277739459843612e-01 2.662567110973260154e-01 2.024630531751366036e-01 2.070410457261151749e-01 1.543497490261410698e-01 3.771931751192239002e-01 1.000000000000000000e+00
1.016100000000000000e+04 4.262621867031748946e-01 5.657142907318384317e-01 6.135419198638024652e-01 6.087802243066119390e-01 6.848876383570885462e-01 7.659156942585111372e-01 6.019884239236303891e-01 4.845025104218091405e-01 4.096941385220485010e-01 3.376737143835111254e-01 5.515914195001970777e-01 2.343992702218994362e-01 3.775083741448946317e-01 2.664374235634323074e-01 2.728798510445747949e-01 4.923863196600316017e-01 2.921966342859430021e-01 3.257785883854028564e-01 4.685065979219307786e-01 3.220964309658123081e-01
1.016200000000000000e+04 4.466835168996124983e-01 6.096971291140083071e-01 6.218864527482327320e-01 7.501263596939954370e-01 7.641953665344394242e-01 7.044173683287505705e-01 5.422984105399520915e-01 4.539753257868673897e-01 3.008142241324412991e-01 2.956855059675092545e-01 3.654670659682481282e-01 4.353002510072310760e-01 2.445682441604077884e-01 2.786758526600220387e-01 6.042793887368105299e-01 3.002054870458057412e-01 3.791047372274150007e-01 4.111082397745057238e-01 3.587954181271295617e-01 1.797850255209777204e-01
1.027800000000000000e+04 4.469865876182436693e-01 4.851768464575597628e-01 6.507070627348015002e-01 6.616994540225151766e-01 6.950622461472532043e-01 7.649830920075935126e-01 6.687512179442436366e-01 4.130190463383934807e-01 3.175070426319351879e-01 4.031884754369119972e-01 2.412072041039184100e-01 3.423849370448073803e-01 4.933955557895067234e-01 4.009972360122729396e-01 3.808540217639030945e-01 2.685121505809538456e-01 1.225639859009075711e-01 5.665510578504608930e-01 4.343908129541415586e-01 2.569016788848086930e-01
1.027900000000000000e+04 3.729043085992043149e-01 6.411168719966633400e-01 6.680062556476178415e-01 7.568627098484751459e-01 7.607901196435702396e-01 7.640977937502518857e-01 4.612394176150363956e-01 3.519006163071536353e-01 3.716822229080576911e-01 3.363259152427339749e-01 4.664527315505503924e-01 5.069967910923527388e-01 3.322264508919829384e-01 3.474785704906644956e-01 3.126950357583060947e-01 1.073170293366222244e-01 5.838580750282295062e-01 3.341703702833401790e-01 2.672925405212697725e-01 3.419275100629516340e-01
1.029200000000000000e+04 4.407739289207182054e-01 5.074874183033136754e-01 7.191452145656070938e-01 7.539345212484388492e-01 7.264613210139839738e-01 7.361552646009469347e-01 4.697218385328647550e-01 4.034436301087734877e-01 3.389372772888942231e-01 3.808331881918425865e-01 4.113642308570138462e-01 2.691565664271753366e-01 3.011655645928936753e-01 4.789281707983410463e-01 1.744399671439110233e-01 2.775922807530951664e-01 3.885036090124591168e-01 2.691564002004988576e-01 3.872599512277023481e-01 6.789284402729858225e-01
1.080800000000000000e+04 4.117127424211796116e-01 5.538484059208638177e-01 5.187928183195489318e-01 6.434490428559134223e-01 7.680971220623549200e-01 7.869463442450576052e-01 5.692460533604172257e-01 3.959149086248221483e-01 3.749649827762664978e-01 4.781961212378324499e-01 2.621744937180354174e-01 2.395054210874409673e-01 2.285519345428645155e-01 7.533277432298685072e-01 5.020571389550486652e-01 2.988422777211521830e-01 1.503647495850987947e-01 2.806384075068958373e-01 2.924189522653378170e-01 5.986172896586164915e-01
1.080900000000000000e+04 4.245974925865515504e-01 5.126415648197717445e-01 6.389694365710998358e-01 8.061734539231443231e-01 7.687457877297545483e-01 6.572608126924445182e-01 4.266629766230767840e-01 3.998830475879432966e-01 4.418432927324779103e-01 4.012916452402318646e-01 3.316642471128050107e-01 2.437883978420815334e-01 6.508603598432308734e-01 4.673497801875767799e-01 3.478239861597322569e-01 1.350539860146666438e-01 2.925754233410337024e-01 2.038077855306426600e-01 5.572624290973882122e-01 3.242905413699899708e-01
1.096400000000000000e+04 5.591878256586413354e-01 5.884312494931550619e-01 5.579775730952066803e-01 5.416566616812000801e-01 5.372688748907656908e-01 7.743480490298181307e-01 8.525976685114098341e-01 4.448618642392828115e-01 3.202500377436584000e-01 2.935053484770517307e-01 5.370172362288490042e-01 5.754840487387513637e-01 2.684539837363762449e-01 1.400822026486723548e-01 2.079839483872227279e-01 4.205481826817304980e-01 3.640292854135930289e-01 3.154371179398242075e-01 4.322763499986844726e-01 3.343487528993827618e-01
1.096500000000000000e+04 4.846855279878902190e-01 5.798412592083724837e-01 5.830441337705587479e-01 6.468217064098269464e-01 8.016913762554606082e-01 9.626863415817804581e-01 5.265195213171566246e-01 3.822608354901586014e-01 2.749614194398616873e-01 2.649842449979603609e-01 8.506861296790905191e-01 3.139091495952814892e-01 1.213052476140517727e-01 2.089951375139340317e-01 5.180609633359853916e-01 3.670737378087096103e-01 3.633628758662099112e-01 3.703329066921350332e-01 3.659841286142849204e-01 2.097341756697697346e-01
