5.360000000000000000e+02 3.145505683048611112e-01 4.064750091900388163e-01 4.644525661408776540e-01 5.964023289399237315e-01 5.438023894753430953e-01 5.714907269646055665e-01 6.504617604312814549e-01 7.288063971912780437e-01 5.471155385839423513e-01 6.938383409621422526e-01 1.992440057504519524e-01 3.150102241184025709e-01 7.142997252993213975e-01 7.032950951321195188e-01 3.278858406389599245e-01 2.587526645113226720e-01 1.618096576080457413e-02 1.392636537340778691e-01 5.090261723573498154e-01 3.283164709279947080e-01
9.760000000000000000e+02 2.267974256664584132e-01 2.555422407818329633e-01 1.268559768109093211e-01 6.731144264762779494e-01 7.898141879959710288e-01 1.000000000000000000e+00 8.798192861745122162e-01 7.946814741833999607e-01 5.565667040069998128e-01 4.465482268267533250e-01 6.476561585411092503e-01 2.373959641893242656e-01 1.920869957779291759e-01 4.527878003722871081e-01 4.104232425547146290e-01 3.713902482091308577e-01 5.092379612326191074e-01 1.573440961294571561e-01 2.873506877389411795e-01 4.115783124428906703e-01
9.770000000000000000e+02 1.198376206909018971e-01 1.227442251302781756e-01 6.188243153065550173e-01 7.728494007811899102e-01 9.405817978051363992e-01 8.895062850489418027e-01 8.057218988182026642e-01 5.425848724549533486e-01 3.569525560918788143e-01 5.839933902729708137e-01 3.610607960543927297e-01 2.291540995082912979e-01 4.140974309560537248e-01 4.113050445285588164e-01 4.585099991694409072e-01 5.048449475002736442e-01 1.866832560996302126e-01 2.223727116023465344e-01 4.308497403022343852e-01 3.506835753518299792e-01
1.034000000000000000e+03 3.032686266179214774e-01 6.200327845009067085e-01 5.763883793347432949e-01 2.768472411706570657e-01 4.640359504725101170e-01 8.463227309949897803e-01 6.390297457197428033e-01 7.820182690438927109e-01 4.615335496973330676e-01 5.254672619909217524e-01 3.969169754816130880e-01 4.369815476985616232e-01 2.491938016428274782e-01 4.872937749070745395e-01 4.934301235085949422e-01 2.625720814746380083e-01 1.400531877790133772e-01 3.140728297199005814e-01 5.066773817271934544e-01 2.945330378777554770e-01
2.184000000000000000e+03 3.759846865841013352e-01 4.861068337949574492e-01 4.000297914112183606e-01 3.308659140444014657e-01 5.801524088784493216e-01 8.126066922805821324e-01 6.885207799097652348e-01 6.175065715241006004e-01 5.558523952694428560e-01 6.584092421489294855e-01 2.948787811394864566e-01 4.960813194834001738e-01 2.279327221991316876e-01 5.218446126523935691e-01 5.240833363374800546e-01 3.612890290965276030e-01 1.965943471926054897e-01 2.514738824199446166e-01 2.016220948702086846e-01 5.120184145670769738e-01
2.185000000000000000e+03 3.284761811015395883e-01 3.677035017103911230e-01 3.115591887002857607e-01 5.946858925079687719e-01 7.397190333428573794e-01 7.155315354186591037e-01 6.142065744044742370e-01 5.447422902857069760e-01 5.947913648449985047e-01 7.395437371830284601e-01 6.506054901654465539e-01 2.298671795060324985e-01 4.240754675229315707e-01 4.676277646760766404e-01 3.953043210906256877e-01 1.658497138859161835e-01 2.474290398686704306e-01 1.078201262363898821e-01 4.649324595588913422e-01 5.293394814555714145e-01
2.186000000000000000e+03 2.234168428740568590e-01 2.902649226017010586e-01 5.517039738411462224e-01 7.338997119127339541e-01 6.356679982774492421e-01 6.483392208632666742e-01 5.359035635329896241e-01 5.884184333878886841e-01 6.862614725863313003e-01 6.716710795090656827e-01 3.568097093860183588e-01 4.832474238946521394e-01 4.348423871133302865e-01 4.023799905617215233e-01 2.343328789120868727e-01 2.542836060983977853e-01 1.365005104799490443e-01 4.053591075346774097e-01 5.426431813255955250e-01 2.909870457920413767e-01
2.410000000000000000e+03 3.249337148581463164e-01 4.713302354613769785e-01 5.229159522806849925e-01 4.827805679343659673e-01 4.898718082910076821e-01 6.485135356079891888e-01 7.071191483917269593e-01 5.912418432875999885e-01 6.156094342212640180e-01 6.419206637802855608e-01 6.104494472566553975e-01 9.187302035474551043e-02 2.381014823865029162e-01 2.222617486878469550e-01 5.850714306796790387e-01 6.435575946541897130e-01 4.262422034221002853e-01 6.940506783212233022e-02 4.969435068027481806e-01 2.587292322827771107e-01
2.411000000000000000e+03 3.191758980449097560e-01 4.812932459743011204e-01 4.540178379697141775e-01 5.222167261011668726e-01 5.672978644762924905e-01 7.385685295093123992e-01 5.916209867338024786e-01 6.151392324580636783e-01 5.817706004467199099e-01 6.363350383685421052e-01 1.368795401120969091e-01 2.590910662564349098e-01 1.803473406329355599e-01 5.565708993792741754e-01 7.231421843496619317e-01 3.981438239366350551e-01 7.760614597836974771e-02 4.042918160158658902e-01 2.769302733014242790e-01 5.534243948505037647e-01
2.412000000000000000e+03 3.338934816212296708e-01 4.265098293790608452e-01 4.969806703136229742e-01 5.970941460528259581e-01 6.747395322814069285e-01 6.402364115892557050e-01 6.271233507558238163e-01 5.868973947512062805e-01 5.833176865904623476e-01 5.670958419456135768e-01 3.340426152127832782e-01 1.797465169991137035e-01 4.481867266332633104e-01 6.454468001902702312e-01 4.272785602673422889e-01 5.637840607128362380e-02 3.952478264050668377e-01 1.729577952962671195e-01 4.926593442726305838e-01 4.508921557854800866e-01
2.413000000000000000e+03 2.818500514935409762e-01 4.614254022913372721e-01 5.610969861992145535e-01 6.857899696857886473e-01 5.628638634012491648e-01 6.687606661890671544e-01 5.913906341225070307e-01 5.843184760775367304e-01 5.025210510277899889e-01 6.162396796948118594e-01 2.580875448361963920e-01 4.749827258403278574e-01 5.650827330948314797e-01 4.040043892342927156e-01 9.600669098103650767e-02 3.700523127408355539e-01 1.869086554469980566e-01 4.012316327523002268e-01 4.415122000560888216e-01 3.031774828261960542e-01
2.863000000000000000e+03 3.159705636195739298e-01 4.974926370835432432e-01 5.172848573617893075e-01 4.675373740614883755e-01 5.799657966060610681e-01 6.116751632907756475e-01 5.362044866333248727e-01 6.615083732800685068e-01 6.736971749083144889e-01 6.241918957935435053e-01 6.116766388680177080e-01 4.156435374934572269e-01 2.260301315866855287e-01 1.603808468418653765e-01 7.867709452639897183e-01 3.357135089133331807e-01 3.804981969524042218e-01 2.906785124363829298e-01 2.588194025053418001e-01 1.587611477212131084e-01
3.398000000000000000e+03 4.879764185932249920e-01 5.784553632221615116e-01 5.230692856543627256e-01 4.430765930814165587e-01 6.485507947946336227e-01 7.229944274842527996e-01 5.840353189033578030e-01 5.464943280019661787e-01 4.724717938038270337e-01 4.471456107372182021e-01 5.850571164700472948e-02 3.916885398916623573e-01 3.323878492700715337e-01 4.526934933429767050e-01 7.826597638768056919e-01 1.905316789254113130e-01 2.017404704116552636e-02 5.391159267572884772e-01 3.711755063830991519e-01 3.671710650492580053e-01
3.706000000000000000e+03 4.947815150247358296e-01 5.685921970982084073e-01 6.287331294251086167e-01 4.425165118633578865e-01 6.473211371388879476e-01 6.336922073239746878e-01 6.060121044834089199e-01 5.340164249003741537e-01 4.720666760221141067e-01 4.172796486605368504e-01 3.631541361668585433e-01 5.531518589975080724e-01 3.449239164271971636e-01 3.732161555801575270e-01 5.472708699051829218e-01 3.004829127634522923e-01 3.330848793219735871e-02 4.712711608972952049e-01 2.812786986997440342e-01 2.820125219629810442e-01
4.668000000000000000e+03 3.437953591237434825e-01 4.763052094978117434e-01 5.015158653348119611e-01 4.453798563138364197e-01 4.300339161254432829e-01 8.587914717533887687e-01 7.091085461153648906e-01 6.192589630105285181e-01 6.222569248440404932e-01 5.095767218966784640e-01 4.131592531741541952e-01 3.457237828829940463e-01 1.838290886561784188e-01 2.381826413593611524e-01 3.287173212148115087e-01 4.369375754135761958e-01 6.625365841161490188e-01 2.622887026189910653e-01 3.839105224763188495e-01 3.392283872175728132e-01
4.669000000000000000e+03 3.518048594212198621e-01 4.936898197634332353e-01 4.554243442946994680e-01 5.095354869874583192e-01 8.419229669232171087e-01 7.820684825941882634e-01 6.673588863778568969e-01 6.632118829243563995e-01 4.724338788710198966e-01 3.550604204956103183e-01 4.796986479292329464e-01 2.009667576154233470e-01 1.921254287018899776e-01 3.037147706905526934e-01 4.977033995706162117e-01 6.141844515602302712e-01 2.765537605793043641e-01 2.930527277245627005e-01 3.421171379183793326e-01 4.200247479672455375e-01
7.092000000000000000e+03 4.253639546110767333e-01 5.120540059342999495e-01 3.617387199255740482e-01 5.247679908504921942e-01 4.771916565251809184e-01 6.464610700363010443e-01 6.873794674143827166e-01 6.135558439008989007e-01 6.811850707887396883e-01 5.443990976474299970e-01 7.958253803591704978e-01 2.755347294724906360e-01 2.061651759726199629e-01 4.413354101593530143e-01 4.499219105629707616e-01 5.300939515511582378e-02 2.915940765497738729e-01 3.099779516383566191e-01 3.227753774418755661e-01 5.946347892569694427e-01
7.235000000000000000e+03 1.186609711750818974e-01 2.014175404082622911e-01 0.000000000000000000e+00 7.736306922919106155e-01 8.826483160535152361e-01 9.777918965821953412e-01 8.383832815179808051e-01 7.145934493918074670e-01 6.478722451409932859e-01 6.315530932261683716e-01 3.240732571025588954e-02 9.293933245829133494e-02 1.315515821324131363e-01 4.474683724598509937e-01 1.000000000000000000e+00 5.360988170144669329e-01 3.052027129024279528e-01 2.580725653271442877e-01 3.530153118157758896e-01 3.827685759036868474e-01
7.236000000000000000e+03 6.228621213000798407e-02 0.000000000000000000e+00 6.982807271213875566e-01 8.402195615790830630e-01 9.015955619689991485e-01 8.376344362819462264e-01 7.030951983878154232e-01 6.281427732119571061e-01 5.500539567774294092e-01 5.539517364222529272e-01 1.091503670975164791e-01 1.247245839747093826e-01 3.413523953919504472e-01 8.759453646261476933e-01 5.497074890672233316e-01 2.479679391025112201e-01 2.384753416202801402e-01 2.310744077791370144e-01 3.427266250092470545e-01 4.995741461223337510e-01
7.668000000000000000e+03 3.243298305536068127e-01 4.411183131591713824e-01 4.298358344643182782e-01 4.836454975885638441e-01 4.988546454132859465e-01 9.225403165113836845e-01 6.897326888539730971e-01 5.485135387761139736e-01 6.060459723338639249e-01 5.902712015080192609e-01 4.734922133211647566e-01 4.385515269779858838e-01 2.304666130347903519e-01 3.265540840635848263e-01 3.051277953375218788e-01 3.010793894392552739e-01 3.615843946050045221e-01 3.526267046312532294e-01 4.474258837299224800e-01 3.661908565128294546e-01
7.669000000000000000e+03 2.975808401899743272e-01 4.046860923761260165e-01 4.616817664601959859e-01 5.375813320053618449e-01 8.747460954432885183e-01 7.305976646778393757e-01 5.533892464217646801e-01 6.127509591986299853e-01 5.317776143081531792e-01 5.764172138279556323e-01 6.132523862588147301e-01 2.520812808185714515e-01 2.757094153468706565e-01 2.849975385224330915e-01 3.580599157611780714e-01 3.385161123830441321e-01 3.757424169726216179e-01 3.580936136489022981e-01 3.693578353823289695e-01 4.239728183574956732e-01
8.064000000000000000e+03 2.638859349874984050e-01 2.963514100824400921e-01 3.705869567331758763e-01 6.037665662982578674e-01 5.807196760328221519e-01 9.208705865018401715e-01 7.286761202371793145e-01 6.738303945909652759e-01 6.201435850075773804e-01 5.640323257215450470e-01 3.757266345645435268e-01 3.803984996502206561e-01 3.448753628304109253e-01 5.206504965288561992e-01 1.988439278518529252e-01 1.898955742960861948e-01 1.718665906876505334e-01 1.332031297089230348e-01 8.292761573309951340e-01 4.493249798620139179e-01
8.065000000000000000e+03 1.605320436612873991e-01 3.439032878399675419e-01 5.612680568417498517e-01 5.981261889496136686e-01 8.610990899323818226e-01 7.558251162751133956e-01 6.795142352326593027e-01 6.174096758374250093e-01 4.928812130292243299e-01 5.833481465729949411e-01 5.334946826120152696e-01 3.692816998778420956e-01 4.519265654590817749e-01 1.813954365524057255e-01 2.390273050050419623e-01 1.603677928757474280e-01 1.452087467467185200e-01 7.229850902119903111e-01 4.402792843427057456e-01 3.385044921967739762e-01
8.156000000000000000e+03 4.281623371632104491e-01 5.909200649251025173e-01 5.388760021196958849e-01 4.232774708787938600e-01 5.041613315471564771e-01 5.531603197074502765e-01 5.891415093443834738e-01 5.765733666420086445e-01 6.449881367580219127e-01 5.688991950751558502e-01 4.916520812849383693e-01 2.868392726652920222e-01 3.922843864442638884e-01 3.570184240179289925e-01 4.095191470724407479e-01 2.049404928839573259e-01 4.337608239713439118e-01 2.374404509622861092e-01 3.838910405296986350e-01 4.270362056036544618e-01
8.157000000000000000e+03 4.365026351510753466e-01 5.067507416082909222e-01 4.127827657142813522e-01 5.485512520625115407e-01 4.796055370727027589e-01 6.443021011243836860e-01 5.915876081501953987e-01 6.616045260311218534e-01 5.142064127369322390e-01 6.502394934424571282e-01 4.279091742396605169e-01 4.388882793547118077e-01 3.209211145422145028e-01 4.071219902591269313e-01 2.707550802027889336e-01 4.277323450614067268e-01 2.714660122295641242e-01 3.153627875302178474e-01 4.413279401017273229e-01 2.412051520949842209e-01
9.276000000000000000e+03 3.231069794552643981e-01 5.250792395465064821e-01 4.316093242180802925e-01 5.947483899719951950e-01 7.514157396746669049e-01 7.569814225065968349e-01 6.319109429851686999e-01 5.458867169523643481e-01 5.629407280805407421e-01 4.354045427534872226e-01 3.013905283844305893e-01 4.262983691866831237e-01 3.074372900383140483e-01 3.375139045154761930e-01 4.982161887093561337e-01 5.351954395802814846e-01 2.878544847555927766e-01 2.543300141713499829e-01 3.280208707414849489e-01 2.657682669641453499e-01
9.342000000000000000e+03 4.212509369776071821e-01 5.100211247627394195e-01 5.222050633027947031e-01 3.096424263874707483e-01 5.814227925807328168e-01 6.670023078057220056e-01 6.871712885876022359e-01 5.746522151935586908e-01 6.053840685644027442e-01 5.905633521727670088e-01 5.170343375415901166e-01 2.260638931671275775e-01 1.097818253202866856e-01 2.754411539793334973e-01 4.794556241084638182e-01 2.806365219811409739e-01 6.162614477278525182e-01 5.072911244961681998e-01 3.072671319434529535e-01 3.087746725295672512e-01
