5.290000000000000000e+02 5.101805043677563045e-01 5.219760017436468891e-01 6.253445283959460088e-01 8.883790320683747632e-01 3.032222722229513390e-01 2.737277812482043493e-01 6.433338362051006509e-01 5.984082020718274331e-01 4.135404153961876883e-01 5.094625959512036895e-01 2.902857127317697294e-01 1.253099652553285037e-01 1.932217795973036611e-01 6.064999881718609043e-01 7.469034127627451891e-01 7.793814109458241379e-01 3.252802224624273264e-01 1.207481215979197137e-01 3.275540980083887499e-01 6.092583709693082383e-01
3.583000000000000000e+03 5.094292183806893304e-01 3.657018284587627011e-01 6.239079359158862248e-01 8.137913828368590341e-01 6.393146939726909173e-01 3.263308087298441018e-01 5.721449485155849501e-01 7.398884442073244694e-01 3.018857974643720521e-01 4.335264179753435809e-01 2.797909672385033852e-01 3.294086301921839155e-01 5.220106562753826784e-01 2.849633260575993310e-01 5.163726005051152423e-01 6.746889461904412855e-01 3.457226296997157333e-01 1.656821702211716540e-01 6.030163758110568262e-01 3.704033334374148834e-01
3.891000000000000000e+03 3.019995769570599231e-01 3.932234004310996012e-01 6.049386685537673225e-01 7.423814373796026045e-01 3.838860974667258619e-01 3.478492700163535734e-01 7.581063721453777937e-01 7.850808032432782246e-01 4.991247629619025572e-01 6.243845222212729418e-01 1.561032256473528224e-01 4.237634818890889665e-01 3.752030136888267475e-01 3.779942493564187878e-01 5.030072104452834036e-01 4.011826499763345155e-01 6.045526223472650340e-01 3.567386887872299739e-01 4.853898063249945660e-01 3.449550214298183759e-01
3.914000000000000000e+03 4.345113856306466182e-01 4.173568085509768988e-01 6.828301255409275905e-01 5.380268160328950389e-01 7.241854279835800989e-01 4.578688822126247837e-01 6.358286000109493186e-01 6.203452033623478856e-01 3.466214194525549241e-01 4.313533451401184160e-01 3.635992259219980594e-01 1.938653791637201251e-01 4.444725458327415946e-01 6.267740351225264961e-01 4.673611232636072366e-01 6.383888346846684492e-01 3.562303948948146171e-01 1.173469664283252195e-01 5.935300238146697938e-01 2.967915598352446338e-01
4.040000000000000000e+03 4.416856972625275435e-01 4.336668866077968421e-01 6.105622238758592335e-01 7.116019912835231942e-01 4.994301655387811678e-01 4.671647873836358711e-01 6.489677136004793345e-01 6.443214029443061763e-01 3.305740458402930404e-01 5.495157460987492026e-01 3.110761115225774143e-01 4.879358230317159539e-01 5.832806780184063289e-01 3.834067574351046059e-01 4.822395133920536203e-01 4.059838600633980388e-01 2.093912660589570540e-01 3.459516447032227049e-01 4.254887137257276630e-01 3.768965571842670115e-01
4.047000000000000000e+03 4.277831464313024412e-01 3.002322165803454346e-01 6.695561283594541058e-01 7.270676037891211640e-01 4.689328025073367656e-01 4.045567325328548458e-01 6.354809108576582322e-01 6.088638505695206371e-01 4.049889330136652865e-01 7.577651063130018683e-01 4.807060157168588366e-01 4.500326786180197658e-01 3.937510169614243938e-01 4.511576046935292239e-01 4.717639487020846567e-01 2.723855797854333183e-01 4.610575284185408629e-01 2.404744646160558719e-01 3.268445481905346561e-01 4.684930373455309383e-01
4.063000000000000000e+03 4.423210044244976769e-01 4.280955098482537857e-01 6.581029303943675135e-01 6.996142978386162836e-01 5.762128321182187207e-01 3.604914966664146125e-01 6.325312440342528708e-01 6.016437410570715238e-01 4.362733341826360856e-01 4.894305624622224959e-01 2.831808407537612093e-01 2.009597884988722771e-01 4.065224528559542305e-01 5.085474400497028702e-01 3.951536968502218361e-01 5.918658833417678178e-01 2.665574076926794378e-01 1.828535093982901205e-01 6.593604077900017124e-01 5.558811034062217660e-01
4.861000000000000000e+03 4.973155516177951707e-01 4.587363599685759241e-01 5.999455026003953639e-01 6.632801596094938246e-01 6.248247385851092295e-01 4.389157246923477418e-01 6.147212317119582492e-01 6.134531979299941984e-01 3.774885887266469786e-01 3.913959765524372414e-01 4.029275653326521711e-01 3.928694623232371064e-01 3.437605365288592951e-01 3.597867428295106751e-01 3.284127091114633634e-01 6.307258747614995498e-01 5.517868375038060824e-01 2.399333662615411034e-01 4.076163292187953147e-01 4.328049203259854982e-01
6.187000000000000000e+03 4.655242097739433205e-01 3.834597693557396103e-01 6.750234204249291325e-01 7.019113233465664736e-01 6.558479244693782295e-01 3.779111344264647343e-01 5.196705978794919911e-01 5.868242679110711180e-01 4.221696714877965495e-01 5.401171251419126795e-01 5.793250073374717202e-01 2.270013282462788606e-01 5.201298783174204132e-01 4.360894802511405266e-01 4.241887096799851764e-01 5.128395508697923821e-01 3.512512304606806302e-01 3.042662415947905985e-01 3.757212412894693765e-01 3.215944077586494476e-01
6.676000000000000000e+03 4.033800100806229638e-01 4.115959794825060358e-01 6.426849524364313115e-01 7.955712311895500877e-01 6.055438249626998726e-01 4.301065235725099467e-01 5.934960315088598781e-01 5.894316979646117005e-01 4.260339322268240081e-01 4.826626117087177703e-01 2.024490037723774560e-01 2.140331012991422421e-01 2.884885531283506444e-01 4.477245709409354291e-01 7.593077883930132721e-01 6.665341102171139509e-01 4.565129398668891225e-01 3.221107418540185563e-01 2.485281459899381928e-01 4.826379349468613578e-01
7.557000000000000000e+03 4.597507652556434565e-01 3.568726272559155088e-01 5.887279486957652797e-01 7.426509867731394543e-01 6.088895672742850040e-01 4.408393745933329444e-01 5.459860487852116195e-01 6.469338222882219380e-01 4.758016256414093759e-01 5.011568681014203497e-01 7.954974766727288538e-01 5.138628222122064715e-01 3.556751624411519930e-01 3.682560846038649416e-01 3.852803073147422208e-01 4.485875827232441715e-01 2.850093976379033389e-01 7.549177780526125647e-02 4.594694725075150199e-01 3.789684706619294019e-01
7.821000000000000000e+03 4.397039214519834482e-01 4.275184580665680190e-01 6.502458243450756070e-01 6.785141527613374191e-01 5.782871433965216523e-01 3.779352259686136750e-01 5.725156146916158262e-01 6.126499354997549940e-01 4.049232926155714174e-01 5.880437551966591903e-01 5.513556019279792775e-01 4.352925102502173127e-01 2.632358741408805103e-01 4.179005355052762827e-01 3.923545139004279703e-01 4.242885788228009658e-01 3.242455770928592274e-01 3.079600288646221484e-01 3.780102347583307321e-01 5.254759938641669903e-01
7.915000000000000000e+03 5.039279719769604871e-01 5.448722627127696727e-01 6.006725803480158499e-01 5.517758252595673651e-01 5.375409009015378325e-01 4.200102473714071305e-01 5.535969942879344075e-01 6.238460423229081897e-01 4.260264587992633745e-01 4.528675416914656471e-01 2.649094037852805505e-01 2.799724439226419226e-01 4.455791098223598756e-01 3.706417348256223487e-01 4.867597631367811539e-01 8.291511166001450661e-01 4.471393096289177915e-01 2.041045246281901482e-01 4.635319510960190237e-01 3.422948569085094705e-01
8.433000000000000000e+03 3.811215594389330552e-01 3.469984416110382663e-01 6.418013746977497824e-01 6.091891038058040442e-01 4.359813585439482053e-01 3.877547166326909545e-01 7.345114167059366705e-01 7.429504101203713295e-01 5.431799167871543821e-01 5.428036017850305095e-01 4.117106052292677232e-01 4.085909300203753869e-01 2.788961191035094211e-01 4.594256901321035480e-01 5.714228127723107731e-01 5.616722453178087937e-01 4.034059547346390273e-01 2.613491844513856632e-01 2.752866051475811870e-01 4.429244701906750459e-01
1.248200000000000000e+04 4.236080930828362567e-01 3.770112723116079145e-01 6.700896679775826259e-01 7.685381007629698003e-01 4.875632130676412213e-01 4.764081227869219060e-01 6.065396499891155813e-01 6.208231855137001931e-01 4.326200271815203724e-01 4.940303654425334812e-01 4.192255549313012586e-01 4.661797348212078362e-01 2.955473549933738675e-01 4.420641433453954550e-01 7.519095447970490786e-01 6.475412211394179218e-01 1.843804205376068095e-01 2.719828983961380953e-01 2.421101542382019245e-01 3.657308791526378000e-01
