5.300000000000000000e+02 5.511674397631994848e-01 4.088505451134942792e-01 7.116999389116874797e-01 2.284548081407275222e-01 2.906657532770819952e-01 5.279433376896746077e-01 6.387740150216684176e-01 6.212427031794962584e-01 5.020862706705140344e-01 6.587781577496584218e-01 1.158928693101861224e-01 1.820095815758984714e-01 5.662913899072257173e-01 6.977675367778574111e-01 6.635668478614706878e-01 3.521461905000355386e-01 1.379320239837401596e-01 2.058801406686199265e-01 5.667706517193690230e-01 5.142634546953499530e-01
5.310000000000000000e+02 4.541444926158655360e-01 4.928573416014020436e-01 3.269998467400488940e-01 2.147698114072945641e-01 5.671797458652202417e-01 5.248250409789771975e-01 6.665172907618264198e-01 7.025341493338512766e-01 6.377961884134676351e-01 7.205691556777346074e-01 1.719777523587087409e-01 5.449973263025590375e-01 6.656329448881487254e-01 6.333583950373494753e-01 3.514242684114125548e-01 1.495551671984840236e-01 2.439685527224493833e-01 4.207249645915850933e-01 4.887734670798732362e-01 2.807921299314989350e-01
9.700000000000000000e+02 3.930321081456590315e-01 3.942464374088998635e-01 6.463486247695728881e-01 3.338376076849351448e-01 4.136181026316543830e-01 4.302775329087745182e-01 7.272152958934545719e-01 6.603425874474057045e-01 4.302296824468707093e-01 8.906006449953111082e-01 8.386011941292565997e-01 4.830344981221429967e-01 3.276674208010020295e-01 3.595043467376797253e-01 3.604708654349209063e-01 3.454916512034587606e-01 4.189112605711886594e-01 1.975587623206171151e-01 2.826652506524491293e-01 4.263425093810927491e-01
3.167000000000000000e+03 3.908229241167854862e-01 3.254627081404681821e-01 4.358387749631880692e-01 4.447669143711506790e-01 5.491358547726512551e-01 5.357216194712725033e-01 7.118598048664117606e-01 7.127088078769072688e-01 6.301521011772550640e-01 6.861458794162494934e-01 2.888092611571691504e-01 4.915238876434088189e-01 4.746531582428796248e-01 3.875504418605066892e-01 2.229956938066657013e-01 5.616175511507127682e-01 2.959837422256850759e-01 3.166328238092824821e-01 6.115468292794479233e-01 3.870978683790896602e-01
3.405000000000000000e+03 3.491153554642872359e-01 3.027165017620961907e-01 5.170199699651398806e-01 4.964518678318515232e-01 5.421315181207786438e-01 5.642229719211329098e-01 7.614010300352446192e-01 7.329081461854358714e-01 5.585160942925195826e-01 6.078684816848941574e-01 5.995877299962286688e-01 4.098452831307380362e-01 4.092309966972295654e-01 6.796847783142788701e-01 3.871817322186981158e-01 6.308728392240015026e-02 5.932466245242312697e-01 2.090353051579057209e-01 3.120991590319864284e-01 3.329334462806865513e-01
3.567000000000000000e+03 3.631834103047505424e-01 3.136549992142631527e-01 5.528496666165685358e-01 3.569064960262280373e-01 5.176827584341007205e-01 5.508403576509482980e-01 6.783158447155052118e-01 7.008913236484693998e-01 5.018396823133949303e-01 8.647297176473421887e-01 4.504313310796002612e-01 2.753932114071068193e-01 4.831092216023489261e-01 6.012423858393548537e-01 3.839507352856156297e-01 2.284152313806293855e-01 3.945880366516079096e-01 2.526679571629140697e-01 4.017519265160892639e-01 5.206319150344183022e-01
3.588000000000000000e+03 2.491327901932738065e-01 2.719473158054407369e-01 6.489539606460422716e-01 4.673535407823293797e-01 6.416786974161207135e-01 4.857019041388805358e-01 6.802061161834173086e-01 7.591699406484148094e-01 5.093341515254152796e-01 7.569111958313036181e-01 6.746495016357269003e-01 4.499748502480231394e-01 3.067167374843669525e-01 7.055382789354542883e-01 4.317603500390369553e-01 3.543941180301213856e-01 3.264614858551831422e-01 1.646600349179717648e-01 2.080403233286446940e-01 4.274670050612469074e-01
3.892000000000000000e+03 4.227074025629147802e-01 3.693160360375866702e-01 6.057176842876949019e-01 2.910783194651121453e-01 3.420631002533682241e-01 6.085669717136859003e-01 8.265859411983753624e-01 6.739937394095021350e-01 5.781410647557945204e-01 5.599642393114709904e-01 3.913448542660287743e-01 3.529388596116613264e-01 3.524483585780148753e-01 4.692702524432895150e-01 3.801163847221231129e-01 6.612128181026856177e-01 4.115888329109081978e-01 3.401252975181822125e-01 3.204204464342945702e-01 4.007946379240545087e-01
3.916000000000000000e+03 5.058301134180943626e-01 3.001684736829392519e-01 6.290424781842814950e-01 4.637034699777565772e-01 5.660461405708929750e-01 5.546995136907699742e-01 6.025090687747579610e-01 6.442876723567315667e-01 4.351121004965664563e-01 5.928390275824663158e-01 3.925964683301333413e-01 5.589589759005774150e-01 4.133745559492323918e-01 5.286659987661912474e-01 3.748386688728008176e-01 1.431576025921393880e-01 5.092698484936803993e-01 1.651910895119562128e-01 4.749906900013091127e-01 4.374418955338443826e-01
3.917000000000000000e+03 3.568847769433333705e-01 4.093894480117838408e-01 4.604639189982002723e-01 5.409290928896267614e-01 5.904800854154121925e-01 4.855982891449766026e-01 6.876790664939718134e-01 6.370356450661719405e-01 5.730383949458224269e-01 6.926444937388308576e-01 5.617252930312162107e-01 4.231480118758577103e-01 5.364147062252541120e-01 3.805579308327245447e-01 2.039038890688740224e-01 6.140555516577932416e-01 2.137470004014996594e-01 3.670327651771049249e-01 4.422388387903338769e-01 3.082093677686337241e-01
4.293000000000000000e+03 3.799523536356304576e-01 3.724822549376445302e-01 4.694038763347149201e-01 3.760208009077108393e-01 5.236221969377357066e-01 5.938666802641666687e-01 7.166722764374503507e-01 7.215337253409646046e-01 5.327428720638079929e-01 6.958210956176215101e-01 7.665538986729147908e-01 5.897949203277577102e-01 5.067407830422974158e-01 5.556786566392247773e-01 3.518430442292083127e-01 8.585000213392443569e-02 4.339543803128370070e-01 1.599256372489927247e-01 2.405489598610348612e-01 3.155261174395874724e-01
6.189000000000000000e+03 4.769251101110362767e-01 3.665658837331192133e-01 5.539659975044939344e-01 3.136001759343752804e-01 4.105035137285570346e-01 4.833457463231174978e-01 6.447402085842871555e-01 7.008595782174350530e-01 5.178248486090686331e-01 8.214006633856716366e-01 5.143778564626745320e-01 4.354368433039996766e-01 4.200796953828614400e-01 4.923075397707049605e-01 4.149949302927794514e-01 4.471396955265836692e-01 3.352737110549871002e-01 2.162276448340505475e-01 3.538423980625305387e-01 4.206572575261315339e-01
7.822000000000000000e+03 4.632601867656499506e-01 4.255616384917372264e-01 5.815621057151346696e-01 5.482467920655532678e-01 3.929708092722378199e-01 4.517869536206776115e-01 6.448632629871635658e-01 6.044388197627189596e-01 5.628830539369993335e-01 6.323291253419573987e-01 4.309055121519079767e-01 2.654305198310969449e-01 4.176854063990865784e-01 3.923773024066427584e-01 4.259659669254242664e-01 3.833123225116830124e-01 3.868832231345519790e-01 2.717542849692689555e-01 5.232860005992562291e-01 5.139076543230107763e-01
7.823000000000000000e+03 4.591687089531917287e-01 3.566900289800326584e-01 5.026172915765013682e-01 3.193836142137879142e-01 4.688615250182397443e-01 5.158447780109224334e-01 6.313407265351800302e-01 7.440270038023202304e-01 5.989322414299131925e-01 7.129315918210439307e-01 2.650983857724256154e-01 4.249044934537961615e-01 3.956617095788020344e-01 4.297729861398618123e-01 3.966484061079735279e-01 4.627959856491106749e-01 3.456548677371467648e-01 4.088417883622794680e-01 5.163167337748787444e-01 3.678309962811548428e-01
8.424000000000000000e+03 4.289764318024337220e-01 4.229970960845879646e-01 5.605677224638777600e-01 3.414153761262099795e-01 4.431142131091713177e-01 4.377303580939048144e-01 6.858198706156294344e-01 7.258121369742137619e-01 5.781625550322470053e-01 6.623113761406024258e-01 5.540481924533592339e-01 4.585124617141272951e-01 4.285596617221280602e-01 4.601417869211823497e-01 2.745211149619783964e-01 1.649534562039340901e-01 6.281569392332837509e-01 2.957296150103426724e-01 3.243202850728800768e-01 4.084327687516814409e-01
8.425000000000000000e+03 4.553127670824089201e-01 3.345974335019865631e-01 3.798960849065364798e-01 3.766477201154462273e-01 4.508892870918957962e-01 5.516584532525585782e-01 7.694133279930313041e-01 7.554923946241182131e-01 6.233062718674131641e-01 6.775781914330955003e-01 4.672674438032246580e-01 4.448631061807848952e-01 4.734576038908532292e-01 2.826427167493281156e-01 2.247416122434620911e-01 7.696966059323071541e-01 3.852367757242715629e-01 2.314176001395837623e-01 4.187258235998073674e-01 4.130857277891395452e-01
9.409000000000000000e+03 4.179294116138431714e-01 3.309385657398649649e-01 4.920479184515533233e-01 5.713746679773493709e-01 6.084562476396109254e-01 5.523555066180045880e-01 6.521840059998038619e-01 6.640548210964321019e-01 4.624025492689393113e-01 6.641378750083207771e-01 2.927794395564336516e-01 3.636677870699531745e-01 4.310678377913964021e-01 4.245744431664045804e-01 4.166914308253291122e-01 3.282157663176312190e-01 2.648887143937388444e-01 2.082371563017912930e-01 3.190935232291302603e-01 9.433719101642610294e-01
9.620000000000000000e+03 3.555012185880390141e-01 3.790240221860620151e-01 5.911850806060227059e-01 4.496106678254560007e-01 5.774472942686382781e-01 4.906520897447155805e-01 6.298610747713051516e-01 7.061736243631994148e-01 5.563000326662994599e-01 6.297775775656638819e-01 2.581348095751909155e-01 3.489902543682520952e-01 7.734468648113879130e-01 7.161789730408010257e-01 3.623207816590756636e-01 4.214622200752639047e-01 1.515413482171385495e-01 2.057540636904800768e-01 4.183853245083430927e-01 3.797299305901597477e-01
1.028700000000000000e+04 3.373637390470428654e-01 2.659359596102996437e-01 5.026927921960802070e-01 4.772568511741567265e-01 5.575606046687271444e-01 5.365108986449287354e-01 6.472761832295358397e-01 7.727028070525334691e-01 6.388108043692384275e-01 7.218892304181740993e-01 4.098885247874580195e-01 4.952828841912373381e-01 4.802678154541674682e-01 4.436455386626983466e-01 4.219395446883781320e-01 3.956252236257916111e-01 3.190405272331696129e-01 2.950179185673088567e-01 4.962221321523190842e-01 2.689131111351871772e-01
1.230000000000000000e+04 3.180478914355471809e-01 2.524064264013230474e-01 5.069686073088665035e-01 4.500234527305311816e-01 5.820939745978970237e-01 5.849749260276582152e-01 6.809492328923951732e-01 7.567631252498376870e-01 6.532208981442332307e-01 6.820073695594849328e-01 2.893176318512975520e-01 3.452248665879597000e-01 4.982192460762890907e-01 5.073985300372415574e-01 4.439865843422873271e-01 3.857162963049947657e-01 3.518431766188458432e-01 3.404792239585218150e-01 4.753644109108606797e-01 3.746782966418168992e-01
1.248300000000000000e+04 4.144242814029518440e-01 4.386104997839015418e-01 6.278657373162211952e-01 4.279618040210913521e-01 4.907559045814193222e-01 4.755446826776336677e-01 6.456570259343780149e-01 6.220296313351169060e-01 4.699291590154826559e-01 6.867374234150557255e-01 4.362635817010373507e-01 2.817228601943151389e-01 4.176903191545489613e-01 7.108329296817876841e-01 5.716881321549769357e-01 1.992986415845451054e-01 3.185608259582177748e-01 1.353698265399055911e-01 3.442664612641108124e-01 5.875981428101656467e-01
