2.940000000000000000e+02 4.171499199211325393e-01 3.710139549282250315e-01 6.318836253032075190e-01 6.586159079109846770e-01 5.037656184939263149e-01 4.947265215265159721e-01 6.266538887350699971e-01 7.078658589397797130e-01 4.765507823636161988e-01 4.522577646499047477e-01 2.420203305143263373e-01 3.291933091815802959e-01 2.668974643075896491e-01 4.296520944539201081e-01 7.013666903453270596e-01 6.818480195774867525e-01 2.804709722110792502e-01 3.221904727986208417e-01 3.470054889624331618e-01 4.748224485432618325e-01
2.950000000000000000e+02 4.193781272664785509e-01 4.136078084500730001e-01 5.758621635031274666e-01 4.682444303678843789e-01 5.277164030447947241e-01 5.102309234531628990e-01 7.636168335706715604e-01 6.764174092383802295e-01 4.484385777869665524e-01 5.129143055391932604e-01 2.991535461162458387e-01 2.470471824033117214e-01 3.942111545834314223e-01 6.438607264583221523e-01 5.803575974865793352e-01 2.952680849595035739e-01 3.641238935304939583e-01 2.173451255584591957e-01 4.340222269636305752e-01 5.332565908169178970e-01
6.830000000000000000e+02 3.817473262846168836e-01 3.423622412368778067e-01 5.599551185131503850e-01 6.798387444119979861e-01 5.136864175359603379e-01 5.408118731474922392e-01 7.060335220119201560e-01 7.084894954485400076e-01 5.074641933243311254e-01 4.667753508455612099e-01 2.410182590693173144e-01 3.647284893418329399e-01 2.230291748391717566e-01 3.554878575651939654e-01 6.046858603609759353e-01 6.110136921976584423e-01 3.467582438167477465e-01 5.676266392118285431e-01 3.107443273342454515e-01 4.038452481979080688e-01
9.690000000000000000e+02 4.986062225120218572e-01 3.572470716012893233e-01 6.291955348334354881e-01 8.091453602593237093e-01 4.169591336867376485e-01 4.118565921632396098e-01 5.654268028979847482e-01 6.973864794664573763e-01 4.818379916349914693e-01 4.575800894961324361e-01 4.063631687101753043e-01 8.588181145005616690e-01 4.856427588840497300e-01 3.323447865689410641e-01 3.644301030444656031e-01 3.486948358274498672e-01 2.976783504138298952e-01 3.393139766765282950e-01 3.009581326039003080e-01 2.877780111465815249e-01
1.317000000000000000e+03 4.977575727542274953e-01 5.469225051664625692e-01 7.116516662993842557e-01 6.019707656397819129e-01 3.489047179648606112e-01 3.991025565935696906e-01 6.236723370435504066e-01 5.666749603501836097e-01 5.173867127589726334e-01 3.678239396968863151e-01 5.603592415750736633e-01 4.670295638146502726e-01 3.948724789552257586e-01 4.318719908309702760e-01 4.134210997876202054e-01 2.881107175670902243e-01 4.927843335858931861e-01 2.967329641633169035e-01 2.880295982064494109e-01 3.861778491992410856e-01
3.584000000000000000e+03 4.358224321424281067e-01 4.303278095313654017e-01 6.919217350916672116e-01 6.753638207247327774e-01 3.807330659502523029e-01 4.919543380015359291e-01 8.361229689933449283e-01 5.483124235567717886e-01 4.650043793710294526e-01 3.420034689564901975e-01 3.212869068517504312e-01 5.185954524852853798e-01 2.806251300902981027e-01 5.087790923798888310e-01 6.172397581073920669e-01 4.012278074032542552e-01 2.054254627441192693e-01 4.693545582857030496e-01 3.634055421667194974e-01 3.126719623308793494e-01
3.915000000000000000e+03 4.661592009632973266e-01 4.704698346702203549e-01 5.134481113039487399e-01 7.486002576389522156e-01 4.991551082977755960e-01 5.293371773823584148e-01 6.732423184473793620e-01 5.683464661565984510e-01 4.402803920298222762e-01 4.365720583877941707e-01 1.827168234628631094e-01 4.266804875491220783e-01 5.964020049315951200e-01 4.449675060863751419e-01 5.687580875916296019e-01 3.959614154092662708e-01 1.382371340794655290e-01 4.427702503064594453e-01 2.813423534854324060e-01 5.132028405674143867e-01
4.041000000000000000e+03 4.783899091122597591e-01 3.987049171185887420e-01 6.126582683106174265e-01 4.729188381080173809e-01 5.060765249026039081e-01 5.387452234438111498e-01 6.979710639993736976e-01 5.511312954475627857e-01 5.438023033507007886e-01 4.792846283773193883e-01 4.662225604615246044e-01 5.676842151162624361e-01 3.698861900525113877e-01 4.654900801495870377e-01 3.970045290170877705e-01 2.344532931710758272e-01 4.159761081098051760e-01 3.016230288194446385e-01 3.622488059823425477e-01 4.166629448349769005e-01
4.064000000000000000e+03 4.701430784613706559e-01 4.405162751343834615e-01 6.015393425554451667e-01 5.587798570943153242e-01 3.847935249136504310e-01 5.179836205247908554e-01 6.427098565292871379e-01 6.419941127434026784e-01 4.842101826568071532e-01 5.351651323605632893e-01 1.952847739540820304e-01 4.023662057399344794e-01 4.989309925657361422e-01 3.879063425425308131e-01 5.498489494694602797e-01 3.069648277416749393e-01 2.253090820699688024e-01 5.179083306310144907e-01 5.433750400980758011e-01 3.295840447988835908e-01
4.286000000000000000e+03 4.251131495698879381e-01 3.728531325371930438e-01 5.857258705401482413e-01 7.080950735860482848e-01 5.209654629053912522e-01 5.304776604403104168e-01 6.538294134424108561e-01 6.658029681595543092e-01 5.297705098860492345e-01 3.660570355937095566e-01 2.509676779381503908e-01 6.960373223155729150e-01 4.778313780926814469e-01 3.560539648214279818e-01 4.904925313836232537e-01 2.758464741434759615e-01 1.123849340845568812e-01 4.630628949072925216e-01 4.471403783843324042e-01 3.889297204523060603e-01
4.862000000000000000e+03 5.033352205589659567e-01 3.922537882606078052e-01 5.883331622875478395e-01 6.312736823075733028e-01 4.809804269378418207e-01 5.117210636570819204e-01 6.675684079299724072e-01 5.983270777674496443e-01 4.064824219389492344e-01 5.270921977655999013e-01 3.977785605333773455e-01 3.545268640612488920e-01 3.678041336930020777e-01 3.359273965402350126e-01 6.047514296414522317e-01 6.711561884597891936e-01 3.111459177322064562e-01 3.073321873959442563e-01 4.408329140611343955e-01 2.903620070169323775e-01
6.188000000000000000e+03 4.325983546767036003e-01 4.580049530092663024e-01 6.041198082800646185e-01 6.571927544306584990e-01 4.053881602374357351e-01 4.137705630362584763e-01 6.272227245938027940e-01 6.306975656303652755e-01 5.315188139525206523e-01 5.603664214622410267e-01 2.353522990761555689e-01 5.492571980133488241e-01 4.564762606091348207e-01 4.442728023368595625e-01 5.203725990586669514e-01 4.401554703844537397e-01 4.045669163362016763e-01 2.859294937899194422e-01 3.354106752978592842e-01 3.756308378012114257e-01
6.677000000000000000e+03 4.523773353887998172e-01 4.216105565242380115e-01 6.533837463291771730e-01 5.870702116037966878e-01 4.542707195678504783e-01 4.759227784548795137e-01 6.226989246673388934e-01 6.276813395507753190e-01 4.725423764721491393e-01 5.212361157048546190e-01 1.962467340485856693e-01 2.694232636061821284e-01 4.144695442934300256e-01 7.032882106172170245e-01 5.741945672233116360e-01 4.927026269388684598e-01 3.680866342665242708e-01 1.365564931549025918e-01 4.451207621335914189e-01 4.673625801816131964e-01
6.678000000000000000e+03 4.678074871613461805e-01 4.397580266627409418e-01 5.396884248622779712e-01 4.179715805459789379e-01 5.152908492737779955e-01 5.138599766310713024e-01 6.783816261785888813e-01 6.795551902011677248e-01 5.180624211934550249e-01 5.010591196202514030e-01 2.490213694087018148e-01 3.901970688002223686e-01 6.562881564681812829e-01 5.361216484511170943e-01 4.488549593436870766e-01 3.993956036333196624e-01 1.561710663274734068e-01 3.060891152613805510e-01 4.345063732729339545e-01 4.332422273580377459e-01
7.222000000000000000e+03 3.928691991817872542e-01 3.640532811770714194e-01 5.843065776573179715e-01 7.059853951868403366e-01 5.456868387608646565e-01 5.043677095986563996e-01 6.558328210371540123e-01 6.720770314911983512e-01 4.789738585460259213e-01 4.917504206824464541e-01 5.181103950799206270e-01 2.501180017684249135e-01 4.831051595433626944e-01 4.334065763329635335e-01 5.279000927056390902e-01 6.393787544340139295e-01 4.671521813440188131e-01 1.442755158789112979e-01 3.666699058831124902e-01 2.861220947932684999e-01
7.916000000000000000e+03 5.763876924669123492e-01 3.913251476651300464e-01 5.214707693054150273e-01 5.228027038141889182e-01 4.581286393467567941e-01 4.521939443417606341e-01 6.772891130167543183e-01 6.402980298085182431e-01 4.596525695712102011e-01 5.614814541598160957e-01 2.693777435541141463e-01 4.366765768330276853e-01 3.600546594768635478e-01 4.731152495883013120e-01 7.291043140356758823e-01 5.115151857846182981e-01 2.479157308008274052e-01 3.380418118625115320e-01 3.312746884569481298e-01 3.491980080526863039e-01
8.149000000000000000e+03 4.649465624050720947e-01 4.399552159913569516e-01 6.069645356177991724e-01 6.116453263644808791e-01 5.082015720121378921e-01 4.799945286625861285e-01 5.751522601632708120e-01 6.259708591357751040e-01 4.882316276519097498e-01 4.919919473656743647e-01 4.684933796659266902e-01 5.247344393767835458e-01 3.808879193899112336e-01 4.452217485251151463e-01 4.771256978029407847e-01 3.543721174012638420e-01 2.770189490488472739e-01 2.854840543375130046e-01 3.511418805877646876e-01 4.508946056031655769e-01
8.150000000000000000e+03 4.865900746266755283e-01 3.984299996851909942e-01 5.575450251271760749e-01 4.891553261588970636e-01 5.246265587458572854e-01 4.738177116385655641e-01 6.812629966038816764e-01 6.979781901173462977e-01 4.963502860966221286e-01 4.770063134576765784e-01 5.256532375222258135e-01 3.886522800434545344e-01 4.503126304327491614e-01 4.828516157685600607e-01 3.744059623897369460e-01 3.323747339716798810e-01 3.642684199323962257e-01 2.510325962385174248e-01 4.543863067554788082e-01 3.926577792070980455e-01
8.334000000000000000e+03 4.907197676918138018e-01 4.146292203826592027e-01 6.013232697477516320e-01 5.236171667427678145e-01 5.204205249276295797e-01 5.005982279131255819e-01 6.564158575019869435e-01 6.495495342389305815e-01 4.676093280679216035e-01 4.413897888747870257e-01 4.550596598773838930e-01 7.095642623156172002e-01 3.287083599907308917e-01 5.066443907346466213e-01 4.341965735975987783e-01 3.936443607172410708e-01 2.644534010821992798e-01 2.950116189581887816e-01 3.749752699271362566e-01 2.700998450458887423e-01
1.071500000000000000e+04 3.928300233881309445e-01 3.740053428574879324e-01 5.957089105870982948e-01 7.026386808756015512e-01 5.399502819964010492e-01 5.267532481692042134e-01 6.400668592498875986e-01 6.118100201329425003e-01 4.612732299507144029e-01 5.534766227555413254e-01 4.632107219952802946e-01 4.446129831099168705e-01 2.870284355618951677e-01 3.313789557822015008e-01 3.388258632300946149e-01 4.819287990089569651e-01 5.568312731400243409e-01 4.547523426240553945e-01 3.385464558318200257e-01 3.372823326413423306e-01
1.072800000000000000e+04 3.837781012983829676e-01 3.896948910457149196e-01 6.320584710681081964e-01 5.893779487243596682e-01 5.215764954649829699e-01 4.650711763921451802e-01 7.055451131774387319e-01 6.976904831945653918e-01 5.158939825431526627e-01 4.430713524604738551e-01 6.711707344220145810e-01 6.116946141594792330e-01 4.403016133132165444e-01 4.167862526028082160e-01 4.342723719713456609e-01 4.960107349406895350e-01 3.330937476272856079e-01 1.866878283292793539e-01 2.591261342348479269e-01 2.352310287398176603e-01
1.081700000000000000e+04 4.241283941219400333e-01 3.673102961781998799e-01 6.191677854134771675e-01 6.474679842557476972e-01 4.490102202335466974e-01 5.060084027982105770e-01 6.457717409763908956e-01 6.437174324088478228e-01 5.327714352275071397e-01 5.147164945740245745e-01 5.239282369897694247e-01 3.697630987631180255e-01 3.399640324263197289e-01 3.538503765789973721e-01 5.665376536489710180e-01 4.998157331797130065e-01 5.091549739762545324e-01 2.607404445866629006e-01 3.599396832500809662e-01 2.873088594312436794e-01
