2.960000000000000000e+02 4.407003495059584885e-01 3.418102999525663432e-01 4.462029486390776678e-01 4.656100707599658550e-01 5.183559977161944499e-01 6.143496605847129644e-01 7.012483492198645640e-01 6.286944299979017048e-01 4.784590641334032224e-01 7.642198920548183283e-01 2.351864141405965725e-01 3.822501421625411622e-01 6.188419690244867377e-01 5.581185040594164315e-01 3.102762289555909825e-01 4.100678527815773688e-01 2.601994291140366511e-01 3.077335235126952284e-01 5.106534440372892947e-01 4.191866553768240355e-01
1.661000000000000000e+03 2.601199815398632098e-01 2.337641329425108605e-01 4.790974564589567941e-01 6.390219565304904314e-01 5.962010394881098740e-01 7.912438965752358611e-01 7.374095466303730584e-01 6.708961385893267293e-01 5.675135920984393234e-01 5.847197489893900535e-01 3.922267603653648571e-01 2.306215073174338326e-01 5.515176065041705877e-01 3.814582964551272437e-01 4.536443480302603248e-01 5.598470932045858106e-01 3.400416558315117466e-01 2.158728257211907087e-01 5.665295462352263334e-01 3.692589721937441505e-01
2.194000000000000000e+03 2.951183891712597096e-01 2.441126296319116040e-01 4.658780051215754003e-01 5.078087783684193113e-01 6.324404109681742714e-01 5.845213680633469799e-01 6.961033281739391620e-01 7.346724439719566346e-01 6.316197896408596302e-01 7.298023556368696818e-01 5.748659994093366921e-01 3.907056639335096393e-01 2.700798124429907854e-01 3.548323405575060652e-01 3.911714899831784109e-01 6.134456782213705273e-01 4.951708360786411522e-01 2.539666231199479429e-01 3.648746437419604915e-01 3.783353951573779628e-01
2.195000000000000000e+03 2.832988634211343060e-01 2.231971226886718673e-01 4.559437921593983978e-01 5.691651213187223224e-01 5.797420466284731733e-01 5.336126327140813252e-01 7.500492314305851060e-01 7.782578826529992222e-01 6.556951885701386429e-01 7.202459580604506639e-01 4.058866859916842595e-01 2.857942761070552673e-01 3.721843809692288452e-01 4.105321873427687507e-01 6.059756871171485537e-01 6.208071990470250823e-01 3.398867973309218082e-01 2.762571695168891117e-01 3.953965015290085150e-01 3.637620342690827124e-01
2.196000000000000000e+03 2.666666922142822971e-01 2.152831671014218129e-01 4.934284625872570884e-01 5.084740705945044459e-01 5.271304683724393758e-01 5.863299567317393768e-01 8.029437557473529941e-01 8.020958039626781000e-01 6.493853719194073726e-01 6.762719315289649202e-01 2.761271760372630002e-01 3.662722104945366208e-01 4.004688449841420916e-01 5.914407337435677592e-01 5.693216157887401874e-01 3.896678199311683355e-01 3.369555248100973288e-01 2.789596598676636341e-01 3.535259689894807433e-01 4.639440217197204896e-01
2.339000000000000000e+03 3.327245693065997156e-01 2.957565498152371353e-01 4.963785344914797282e-01 5.501701113503704166e-01 5.681233545719480693e-01 5.172314848958613487e-01 6.901218161611685220e-01 7.244580874284853866e-01 5.818825985836548753e-01 7.181015094144259647e-01 3.135938343794095751e-01 3.525655391307874198e-01 5.952678766595577153e-01 5.650066558113738813e-01 5.009524843314591136e-01 3.825148615763659388e-01 1.909113691340126040e-01 2.385761240682826856e-01 3.975052396964681156e-01 4.823271205454933708e-01
2.424000000000000000e+03 2.864808739065401455e-01 2.446271139747367984e-01 5.130791729117915034e-01 5.525154462433420344e-01 5.947193202678759949e-01 6.127115835730045923e-01 7.671089922200394762e-01 7.281910067020430644e-01 5.294912678329182221e-01 6.892901182356310219e-01 2.801840193197508988e-01 3.055470368419233029e-01 5.668353329672107810e-01 5.584356551159438409e-01 4.056332459907065480e-01 1.987868268448461373e-01 3.425418072484028853e-01 2.225412263541779734e-01 5.755641750844571192e-01 5.210946264412521511e-01
2.627000000000000000e+03 2.652938417134372839e-01 2.369689837263390664e-01 4.234520633086699681e-01 5.440849338171638294e-01 5.904324956301207905e-01 6.179605477198388819e-01 7.978559239267837278e-01 7.303093951115684490e-01 5.967492775543367101e-01 7.683513724340969020e-01 6.009718854115950748e-01 4.251406479329137289e-01 5.254095250324338773e-01 4.547374831781544335e-01 3.460105159926372131e-01 1.859263645985332059e-01 3.535813113752198089e-01 2.055100802199502918e-01 4.462909825579443601e-01 4.471706269879457407e-01
3.702000000000000000e+03 3.114607494097239582e-01 1.634513584983840195e-01 5.353272900564434167e-01 4.123980354559675932e-01 6.431823497375339649e-01 5.951917445804746354e-01 7.952953262077685492e-01 6.673445714535056750e-01 6.691688862399501891e-01 7.172841133719261020e-01 2.903150464723941917e-05 9.268875294333571582e-06 0.000000000000000000e+00 1.317405853520684234e-01 5.341293829547569816e-01 1.000000000000000000e+00 6.225819925510062136e-01 4.745926768889301983e-01 7.577942128760239981e-01 5.738535373541204798e-01
3.703000000000000000e+03 2.134525467020095268e-01 2.896265329796252064e-01 3.999784768580117444e-01 5.815725114284390207e-01 5.908131095074862227e-01 6.260113949512811082e-01 6.715813940235447754e-01 8.118195626245325869e-01 6.440020502318783979e-01 7.538941182862449741e-01 1.987212123048995351e-05 0.000000000000000000e+00 1.228749764943669193e-01 4.984231496087884183e-01 8.276513911733447415e-01 6.813962984421393365e-01 5.485639795223019588e-01 5.726437028181200484e-01 5.332151580633680554e-01 2.622307353364451421e-01
3.705000000000000000e+03 2.044420854299547063e-01 2.477801734182365490e-01 4.549370520308956833e-01 5.468242628011680262e-01 4.893196884695296678e-01 6.578764752298376095e-01 8.029864549525826956e-01 8.105122591400965026e-01 6.522470111089548883e-01 7.065627574913866393e-01 9.483125374569423283e-02 3.883860943956998213e-01 6.396192374152465110e-01 4.885567741143347353e-01 4.690750451450011460e-01 6.322723563415691972e-01 3.807004415086689963e-01 1.106129094145304331e-01 5.538145296390782901e-01 3.439273004595136407e-01
4.304000000000000000e+03 2.956097759166777528e-01 3.002959148706788595e-01 5.070449309431660501e-01 5.091252648181723295e-01 5.738596325876168525e-01 5.426539492968369682e-01 7.163357755977354246e-01 7.280412154535628177e-01 5.774126361930167484e-01 7.353556733081284547e-01 2.391300339734500069e-01 6.260531357848941880e-01 5.307728724233840012e-01 4.330761844506446634e-01 4.951760801858991479e-01 3.235027462328570191e-01 1.964511107757626884e-01 4.376283036355270717e-01 3.700311967628272525e-01 3.345450943392880849e-01
4.305000000000000000e+03 3.324600881849086864e-01 2.635667053628554801e-01 4.575489978598650254e-01 4.998961043554325245e-01 5.356807138483512531e-01 5.536458213583920207e-01 7.435413932509390422e-01 7.302521580314376148e-01 6.618151785916971397e-01 7.099002750829096486e-01 5.918558667307345367e-01 5.111111257415239528e-01 4.133775576907587346e-01 4.729151035268913672e-01 3.297237105926226763e-01 2.161386684575684058e-01 5.195843057765634487e-01 2.492153992700242016e-01 3.181269590127822622e-01 3.898933576890505903e-01
4.306000000000000000e+03 3.051946521709082427e-01 2.211055621190027298e-01 4.574797407086633738e-01 4.629102984736800375e-01 5.551009647796806279e-01 5.860904560769208960e-01 7.535665687746782027e-01 8.130459390438192768e-01 6.460631837846947390e-01 7.047397913299194849e-01 5.459803581838991171e-01 4.497943477575256366e-01 5.100620554095729453e-01 3.558410567925396895e-01 2.798126553392018545e-01 6.727306220639808210e-01 3.456349916169691450e-01 2.400507292065093279e-01 4.190164020918007437e-01 2.775714716414807159e-01
4.307000000000000000e+03 2.655794515881352291e-01 2.175904371694091233e-01 4.323200035615558656e-01 4.802116233131490941e-01 5.850804980734408689e-01 5.907585637302658066e-01 8.444757783671614781e-01 7.944354412614647032e-01 6.366014176403584912e-01 7.039400097599617379e-01 4.829288066214707520e-01 5.578153478451085556e-01 3.857541642133261450e-01 3.035216786520475996e-01 6.777758123292298986e-01 4.524361012027030560e-01 3.354766076477069259e-01 3.417004241741196657e-01 2.998294550881049347e-01 2.114691875738578530e-01
5.088000000000000000e+03 2.916587770106621180e-01 2.661341724271756304e-01 4.495610475938125461e-01 5.119587189534612337e-01 6.329262564304930505e-01 6.160241966610615627e-01 7.226555164183786628e-01 6.948786345670578957e-01 5.827225335725592092e-01 7.615201100243778054e-01 4.692106576074256963e-01 3.027151911441641197e-01 6.154038001536379365e-01 4.291604746034164419e-01 4.948840173461238612e-01 3.280995956987166617e-01 3.175209281999789579e-01 1.728275106327414046e-01 4.536277919540688819e-01 4.403309385407261911e-01
5.093000000000000000e+03 2.394450089538157911e-01 1.512931654830609041e-01 3.777668696733709197e-01 4.290118084333642279e-01 6.236193031326294767e-01 7.221534836662445445e-01 8.545343037864905344e-01 8.231471997325799927e-01 6.812561418332430119e-01 6.941863654813126283e-01 3.701041610180565433e-01 4.143717662706919436e-01 3.110401859739947428e-01 5.228135849362547383e-01 5.053677269584314624e-01 4.666815608785446212e-01 3.394998417895722098e-01 3.281257194997046489e-01 2.982677846035202696e-01 4.800042289148070407e-01
6.024000000000000000e+03 3.076071550538313493e-01 2.192295533127280871e-01 3.749793947685644002e-01 4.718131708165386740e-01 6.519364584850617650e-01 6.260189511919722616e-01 8.904307865060068217e-01 7.078304627426957873e-01 6.120577134077057613e-01 6.936270413942925428e-01 3.849055764616903796e-01 4.160737599001558262e-01 7.133781696392189620e-01 2.986460173679797436e-01 2.785392240314349399e-01 5.661158534344503668e-01 5.130736275169368588e-01 2.976761310461418231e-01 2.873773984701223916e-01 3.250149698050770475e-01
6.525000000000000000e+03 3.651046556078508254e-01 2.341152722396984132e-01 4.278681452434101584e-01 4.841941777999517194e-01 5.385795155333163997e-01 5.752413600996926224e-01 7.053563573451466784e-01 7.683446418040886794e-01 6.595260206237721912e-01 7.234296955326803280e-01 5.179495565845804173e-01 5.371831818145644810e-01 4.808365477723677839e-01 3.867003164402252890e-01 2.508243439616432147e-01 3.531776171647410534e-01 3.747732823999838092e-01 2.986634561317461634e-01 4.397550348058201219e-01 3.757214818326140571e-01
6.526000000000000000e+03 2.838524604908491122e-01 1.972784069274635399e-01 4.532210548044502407e-01 4.748073018288666569e-01 5.854144784550076031e-01 5.567799420907512120e-01 8.046205113178924728e-01 8.169401173869733634e-01 6.648273489275533521e-01 6.975580871488015200e-01 5.659300013223159675e-01 5.159898957707547140e-01 4.113393655504478663e-01 2.669767374808428850e-01 3.927413716860684856e-01 4.787886585765486203e-01 4.051399755404614944e-01 3.540757011583931524e-01 3.982202195491080232e-01 2.547817312930722999e-01
6.527000000000000000e+03 2.440161773637658793e-01 2.123286861818776960e-01 4.380444104034726949e-01 5.147185389169492975e-01 5.516727263514981106e-01 6.369409488466660774e-01 8.472741866211839223e-01 8.099276261245136332e-01 6.285093403517547639e-01 6.819753094971023888e-01 5.263455856191974203e-01 4.273993568342852600e-01 2.749792051690753136e-01 4.047310550042636512e-01 4.839152531817981218e-01 4.973626431427550787e-01 4.605119669821155504e-01 3.013399428534018210e-01 2.614488462632371668e-01 4.211854489730369466e-01
7.084000000000000000e+03 2.139955064889846048e-01 1.677203014535033065e-01 4.943881215939824880e-01 5.036818166417327269e-01 5.768020055647485878e-01 7.023094453948109939e-01 8.442983431682877793e-01 7.460542831122480845e-01 6.505949300300881699e-01 6.873354786278957906e-01 5.411648622652004414e-01 2.048910851418713763e-01 5.363309502922921634e-01 4.253192546311190814e-01 3.456127576310473737e-01 6.701225843411358074e-01 3.179113083888610580e-01 2.939999868859884957e-01 4.584562638047035010e-01 2.866882616897070135e-01
7.087000000000000000e+03 2.485094115874038889e-01 2.028460684059698593e-01 5.363350815963533469e-01 6.065254806408656441e-01 5.814454848475362203e-01 6.396007384415555164e-01 7.747038048644291353e-01 6.589131901548602732e-01 6.155054550413348036e-01 7.054916174001366613e-01 4.455704861089788138e-01 3.657893811469866141e-01 6.536760520562765464e-01 4.065412573656858042e-01 4.580943700505475946e-01 5.441132051917159096e-01 2.528424862405178608e-01 1.746418867973310585e-01 3.877572579439966249e-01 3.836345642578988246e-01
7.093000000000000000e+03 2.212145757577431149e-01 9.546822870744543776e-02 4.191088935015587214e-01 4.680133072805708894e-01 6.266899097001337182e-01 6.964217584485059565e-01 8.578207425747023107e-01 8.909501499675984704e-01 6.492179586195778729e-01 6.926558015850455829e-01 3.967470002006526775e-01 3.634143748491900361e-01 5.138790274507827327e-01 5.065607950832239359e-01 2.322181565008742399e-01 4.159367529248691464e-01 3.884571927230913713e-01 2.618869220619228777e-01 5.519533928446387350e-01 3.949176295780066903e-01
7.241000000000000000e+03 2.971486277472019100e-01 2.365041329231554468e-01 4.711669787973522538e-01 5.044059913196710099e-01 5.621722002187544698e-01 5.804940634073393335e-01 7.592579518833504348e-01 7.290195822934693037e-01 5.834099191451576072e-01 8.047810892138527183e-01 4.735714428291107336e-01 4.569739071482849524e-01 4.662676002709862377e-01 4.979451449748258929e-01 6.396461013033317711e-01 4.619532390073952666e-01 1.581278859299409534e-01 1.456918085679298480e-01 3.703331912732362730e-01 3.875779078383035370e-01
7.318000000000000000e+03 2.875373431232361998e-01 2.430130003837082109e-01 4.677522169588501089e-01 5.426932981074962248e-01 5.542986723614237166e-01 6.048078114861190624e-01 7.311509470719644854e-01 7.076445522978986880e-01 6.049532295690802641e-01 7.966307265443517416e-01 4.427779909149654469e-01 2.300824559502488986e-01 4.512202956282828636e-01 3.771470256076063232e-01 4.781028396185191820e-01 6.284481188798182183e-01 3.089887963656919867e-01 1.367202428070970199e-01 4.596898587572498807e-01 5.683318503399167332e-01
7.323000000000000000e+03 2.869829666021420644e-01 2.202779114911778136e-01 4.539882219748432868e-01 5.703065794731574378e-01 7.509962062518003023e-01 7.945844079742542254e-01 6.670242855542404259e-01 6.803417399594232640e-01 5.220037380920381498e-01 6.020462600857859892e-01 5.193776528915252655e-01 3.370390989001001425e-01 2.206576129699220346e-01 4.401619926551196826e-01 5.418052022660249101e-01 5.166005830252802244e-01 5.790943359512776833e-01 2.328715684832000365e-01 4.248777383538041019e-01 2.672215004741665401e-01
7.824000000000000000e+03 3.984670070028157318e-01 2.793216701031187021e-01 3.675294606660949870e-01 4.086142190208815195e-01 5.361208677261470879e-01 5.012697932108989285e-01 7.912468719774827797e-01 7.749037089296368919e-01 6.695528050931290887e-01 7.250746087230628412e-01 4.167074904860268436e-01 3.952418760615793447e-01 4.255525312588721576e-01 3.929782399969059536e-01 4.525480860200706834e-01 4.039539148351122821e-01 5.068265802866583902e-01 3.938157338755624570e-01 3.628737835039860249e-01 2.784537173803744992e-01
7.943000000000000000e+03 3.805648683103559637e-01 3.126249524764495580e-01 4.635884395854186213e-01 4.949336442413396764e-01 5.634684657043256273e-01 5.493720347344296373e-01 6.824311345332788603e-01 6.755126319363983223e-01 5.888774094308376617e-01 7.319161555199155123e-01 3.277951315787505093e-01 6.984643151537066608e-01 5.007426642676033879e-01 4.692281763063793076e-01 4.189826558499302744e-01 2.129826835778173555e-01 1.385382717851864343e-01 2.264931689314185204e-01 4.026336538104232643e-01 5.827437156440440358e-01
8.339000000000000000e+03 3.092061752101245009e-01 2.711086022349810110e-01 5.121477171392331273e-01 5.762467503683798009e-01 5.622306256323768014e-01 6.220650191763318348e-01 7.558731402669034427e-01 6.709166683490576100e-01 5.102365770111214616e-01 7.154980735408941195e-01 4.601616727942124951e-01 3.893780287832311338e-01 5.023600933162327697e-01 4.671973560489529609e-01 3.352561014567481124e-01 3.408860725363286881e-01 4.016001286248881974e-01 2.770926682851129752e-01 3.823965068644589183e-01 4.604187936121794666e-01
8.426000000000000000e+03 3.759386935527121443e-01 1.572880281336120067e-01 3.968524430320690688e-01 3.798499791336101827e-01 5.690142368317893107e-01 6.252039485717421075e-01 7.987408608061763449e-01 7.919570084658491549e-01 6.321799446178313353e-01 7.734621511902798341e-01 4.574574454987432315e-01 4.959116030620218107e-01 2.934633601569738848e-01 2.334916862311935681e-01 7.297978652139965883e-01 4.776703929971381490e-01 3.063892931792657204e-01 3.238485447974846498e-01 4.273302226384879665e-01 2.952103102837701498e-01
8.427000000000000000e+03 2.239196987834205232e-01 1.748482070187800941e-01 4.000200071527039714e-01 5.247956541530164332e-01 6.504326363245667153e-01 6.543930366995314163e-01 8.428701020090179075e-01 8.015729979180725717e-01 7.202444656737536643e-01 6.135512987622477876e-01 4.835564051599803848e-01 2.914748526765637004e-01 2.298842962761480924e-01 7.188744991505272575e-01 4.616881206626040623e-01 3.550464633556238980e-01 3.992314321109751152e-01 3.109889022104523892e-01 2.895531996731426361e-01 4.790444557421943417e-01
8.559000000000000000e+03 3.515541568537901007e-01 2.257404076859744202e-01 4.413570555888071123e-01 5.090113596655840844e-01 5.673430859142515326e-01 8.666470871090465877e-01 7.120257595803082262e-01 6.822285561850356395e-01 5.264230688428457317e-01 6.056185266444482629e-01 3.950181561535541230e-01 4.440529088808608527e-01 3.936563676186297656e-01 4.185726308279031360e-01 2.958982884400236379e-01 4.382508689388406875e-01 5.370739004958112739e-01 4.057380574199181966e-01 3.581099856639364809e-01 3.450348620133643629e-01
9.838000000000000000e+03 2.850318018454471858e-01 2.546443838863782227e-01 4.479503652678072934e-01 4.378325038961212723e-01 5.984593538434243021e-01 6.184963632854583171e-01 8.206582237045012551e-01 7.721028321335239308e-01 6.302321649709594631e-01 6.395860680337308590e-01 4.766253645379076587e-01 5.601599643849602961e-01 4.257316179589399341e-01 4.749945204104410457e-01 5.046666532051276022e-01 9.259575063565803621e-01 2.765949745982845265e-01 0.000000000000000000e+00 1.814515830666251217e-01 3.728398255354259394e-01
1.015800000000000000e+04 2.527771412515256166e-01 2.162588099023853572e-01 4.201737986366509969e-01 4.856021382542940468e-01 5.710645226562337529e-01 5.997169428242014044e-01 7.621784446407537938e-01 8.150777868318338504e-01 7.046348451745010344e-01 7.331468506958133124e-01 4.467611312930798717e-01 4.837053531769531234e-01 4.423481069370424068e-01 4.613553931415770859e-01 3.411362807356899118e-01 4.873719108174369152e-01 2.825959783656112334e-01 2.186454625023466769e-01 5.186398036830150993e-01 3.648351784272918508e-01
1.028600000000000000e+04 3.185831614955185742e-01 3.038759071997825245e-01 5.073254953724237737e-01 5.827865036214482375e-01 5.520119883298839625e-01 5.600374434261388146e-01 6.949736408310412950e-01 6.423362376747983049e-01 6.214279439701281271e-01 7.065213517486828021e-01 5.189495741662061290e-01 3.904205973286924980e-01 4.631530117723489659e-01 4.530838571212737476e-01 4.182933721364439084e-01 3.891714248033401047e-01 3.104265315631086763e-01 2.347282479540934996e-01 3.803902846503151580e-01 4.698260182908444715e-01
1.028800000000000000e+04 3.067103416221839685e-01 2.638921976875620024e-01 4.436371412089616939e-01 4.882381929363953099e-01 5.356742943570430571e-01 4.951400255611849710e-01 8.018768760594329192e-01 7.914629145200373639e-01 6.559934231559312323e-01 7.220562000901582511e-01 4.897514953286306594e-01 4.837336062489729360e-01 4.429299672513695718e-01 4.214989609589521735e-01 4.025722368689145791e-01 3.765938145656538838e-01 3.702742231150217833e-01 3.793432933787141970e-01 2.674824366680840781e-01 3.841486276794570665e-01
1.028900000000000000e+04 3.076184148235802662e-01 2.102065779793960143e-01 4.532545014225488611e-01 4.673141595955733751e-01 4.954957281973089711e-01 6.440956719553063703e-01 8.281462518466703449e-01 8.109131739959237750e-01 6.604625671938034737e-01 6.240078173428509345e-01 4.790567517790078611e-01 4.468033528587753156e-01 4.214582589604912721e-01 4.027633085953237213e-01 3.879368641730535083e-01 4.382561283663628515e-01 4.759509678999490068e-01 1.707963764758836100e-01 3.826992750333380044e-01 4.541694690959703906e-01
1.029000000000000000e+04 2.618316947053411781e-01 2.200854270907597887e-01 4.417026506877657077e-01 4.199202598563314681e-01 6.574969225859863542e-01 6.695580676980358303e-01 8.516212731200704100e-01 8.157562691125554988e-01 5.731290780218235570e-01 6.168225866187968531e-01 4.490963978545366442e-01 4.314969423896000134e-01 4.087433186910310878e-01 3.939224236843360538e-01 4.438693598241804095e-01 5.739646235728580459e-01 2.208816759366541704e-01 2.814261956035529200e-01 4.592299468693641917e-01 3.905688704102301401e-01
1.162100000000000000e+04 2.904748017564849349e-01 2.286565526414497951e-01 4.333549820669796437e-01 4.901143600618854679e-01 5.818117698292615270e-01 6.074593042102488516e-01 7.943116007791166666e-01 7.550726044958776528e-01 6.211761096888236411e-01 7.352557472204200861e-01 6.437049764701079368e-01 4.848992751282512059e-01 4.298123975671324093e-01 2.211979816950460642e-01 3.419185288883290208e-01 5.966215027367405277e-01 4.642934982733400995e-01 3.781075663380826790e-01 2.694929691800257987e-01 2.458828911387421490e-01
1.162200000000000000e+04 2.709027708172638826e-01 1.930247291577356639e-01 4.467525018560412065e-01 5.099934743487603006e-01 6.061371933615237184e-01 6.270038744976125233e-01 7.752735766711741361e-01 7.701834825618389946e-01 6.621166646434732961e-01 6.967920213276626029e-01 5.137176559610067139e-01 4.638258868860418160e-01 2.366275204255368636e-01 3.659614212329803107e-01 6.035695104904620356e-01 5.959658022519014331e-01 5.137154735244686687e-01 1.898719792719590627e-01 2.620742621984891718e-01 3.608739958012059379e-01
1.227800000000000000e+04 2.802554673029055143e-01 2.245026047142251180e-01 4.589662689310751165e-01 4.995175363836935611e-01 5.598971375704121511e-01 6.573946370341325895e-01 8.249714253113411555e-01 7.770812821807694393e-01 6.201426163278016546e-01 6.217457660299020583e-01 4.961853678826679270e-01 5.649639861857818079e-01 4.319215887127709208e-01 3.921189216337199190e-01 3.476352853077330773e-01 3.353631731683545669e-01 3.356976390853163017e-01 2.819456805279508815e-01 4.263284582611764906e-01 4.005794015921251838e-01
1.228600000000000000e+04 3.427637577460420082e-01 2.686842591853597084e-01 4.529977325700662583e-01 4.475857965424223095e-01 5.709968630878342610e-01 5.844045133345648901e-01 7.376139020872451990e-01 7.322799496285149479e-01 6.397232305840714339e-01 6.921797599578470850e-01 4.500700045826750428e-01 4.254391158096081371e-01 4.262735599575205869e-01 3.846090168382128582e-01 3.944095346616652287e-01 4.133167886585229489e-01 4.810171485060913965e-01 3.324232556165028218e-01 3.867636519862557853e-01 3.398421586711796727e-01
1.229900000000000000e+04 3.268332875153319717e-01 2.775527668019291960e-01 4.891634609406559364e-01 5.831062192789989718e-01 5.236708597816430721e-01 5.773741613939823436e-01 7.410260112973913182e-01 6.664637082126732004e-01 5.983342719694966227e-01 7.164482179857050159e-01 3.543885693234542500e-01 2.960209751634444997e-01 3.467831632500269490e-01 5.049004880269243323e-01 5.139151926910340284e-01 4.539352162607120378e-01 3.316144879773832987e-01 2.843634828508232459e-01 4.590159381974178721e-01 4.835105375388865645e-01
1.230100000000000000e+04 2.959403554480705134e-01 2.690514364182908791e-01 4.288363602123335117e-01 5.197241219469923568e-01 5.896146608198213901e-01 5.280881493988366371e-01 7.849317137540205991e-01 8.058212215899850372e-01 6.215786852046414346e-01 6.728288138062218371e-01 3.277407364691391489e-01 4.817728240159344089e-01 4.863448457642481348e-01 4.258058272318508419e-01 3.788810874290317599e-01 3.946436189966595620e-01 4.061915241905457163e-01 3.429347667773484654e-01 3.577921206529589004e-01 4.201808635040840678e-01
