5.470000000000000000e+02 2.364245931168851289e-01 1.647290595321516671e-01 4.964428474310209061e-01 4.283519328841698948e-01 6.623049946599924853e-01 6.072822106867904468e-01 8.790133175000204302e-01 8.493907819937498438e-01 7.045778921015192209e-01 5.082917390048105055e-01 3.684900447015289071e-01 2.668066015733955298e-01 4.743328560265493432e-01 6.822453034238394887e-01 5.211187879834533465e-01 2.639127898176922837e-01 3.335605572181615797e-01 1.616635781070780153e-01 3.183765855516521581e-01 6.218276561255070556e-01
1.307000000000000000e+03 2.154796156889492442e-01 3.671530040705912601e-01 5.672890965861734358e-01 7.049982206805690543e-01 6.024360081696762403e-01 5.460074774700446332e-01 7.889319884226533297e-01 5.849834773931494869e-01 6.438735658623360170e-01 5.072236381989669862e-01 3.790158187546555091e-01 4.223628554892029929e-01 3.300328751180949816e-01 2.569529763904663255e-01 6.571182055837766489e-01 6.168140460433392258e-01 3.630196794325137311e-01 3.212860429020358843e-01 3.614986942547319115e-01 3.642976353227813102e-01
1.662000000000000000e+03 2.880707151743286398e-01 2.517837965606707362e-01 5.490408918793805437e-01 5.537438418998501533e-01 8.268142035879152418e-01 5.939515235974869301e-01 6.992650179768110652e-01 7.402791866738664961e-01 5.472984453178099118e-01 4.361683022780400987e-01 2.221653389678070190e-01 5.411500242363429525e-01 3.710093687008738650e-01 4.414629529626404314e-01 5.201377975320621294e-01 3.883770074291217345e-01 2.625736464570748718e-01 4.301832775460467939e-01 3.578069349750484518e-01 4.618951920739399197e-01
2.633000000000000000e+03 3.139242725697988234e-01 2.433770281531817958e-01 5.004438086728071333e-01 7.040976156470444280e-01 6.474521559482715460e-01 5.756676752410825326e-01 7.724734771222020457e-01 7.591414587918083878e-01 5.982054149296957002e-01 3.958599947107008243e-01 4.428908764439633550e-01 3.521574399471171235e-01 5.098350695935064403e-01 5.089738484835997223e-01 3.980468799721301743e-01 3.815929638451102668e-01 3.288943262059577655e-01 2.001738797651220203e-01 4.155637720202571828e-01 4.920359178763959451e-01
3.160000000000000000e+03 2.163518959037042388e-01 1.968976908918042279e-01 4.160020999318801982e-01 6.344986216007312274e-01 7.055901535310794559e-01 6.661563960516257987e-01 8.676350220025840221e-01 8.153317504141884831e-01 6.125378795967744150e-01 4.794870996075202285e-01 4.836438903287673119e-01 3.238432712085485554e-01 4.739646761593207525e-01 5.661668585308224921e-01 3.125341817229304042e-01 4.616984292462246176e-01 3.475270769122414949e-01 1.747961934387022853e-01 4.585555617329780675e-01 4.483612673773403889e-01
3.575000000000000000e+03 1.208653251233255954e-01 2.519583339300500713e-01 5.502361142122227378e-01 6.773139919463837533e-01 6.999628845439187508e-01 6.783779388693025325e-01 8.414675784667248193e-01 7.280645779588028610e-01 6.073665757849519009e-01 4.614837303034858285e-01 4.525792290229879722e-01 5.898328564917955097e-01 4.195954408571376804e-01 2.447379704946250900e-01 5.520104955439445460e-01 3.512558659760731117e-01 3.342471175614074586e-01 3.722922892341809509e-01 3.196556599318720049e-01 3.742076316720885365e-01
3.905000000000000000e+03 8.828398902434693440e-02 0.000000000000000000e+00 5.442074156634494342e-01 6.613489863663182255e-01 7.092691855596924277e-01 7.450698672995625937e-01 9.588016183410805748e-01 8.284995434347527388e-01 6.421568176967126229e-01 5.608225053054890497e-01 6.010796388161957493e-01 4.791302526250278415e-01 6.191278023848869605e-01 3.442233573360542476e-01 1.759783276244910877e-01 5.983598903990698936e-01 3.118047465190343370e-01 2.260947485864140682e-01 4.036310404445469513e-01 3.202364342320839774e-01
5.095000000000000000e+03 1.914481318898948459e-01 1.685973764570072031e-01 4.845860821334713742e-01 6.834904919426330050e-01 6.836337934747014344e-01 6.788073724071367332e-01 8.512529759007939623e-01 7.699380065665730744e-01 6.144485062746982695e-01 5.031099015928200968e-01 2.981846052051860263e-01 5.060283619994245807e-01 4.851248864634022384e-01 4.417236005628051299e-01 3.915321598203705400e-01 4.640330963076100268e-01 2.376343909701083279e-01 3.458605331267232130e-01 4.486486536890746946e-01 4.028954167604785752e-01
6.200000000000000000e+03 3.382597772353441168e-01 3.092145344465377366e-01 4.764533172994928067e-01 4.521930712348577464e-01 6.545237045328787806e-01 5.795386046585532247e-01 7.588447427717628369e-01 7.445403676303163909e-01 6.835608275593719751e-01 4.303377632945334930e-01 4.057158332301383230e-01 4.144925380348693511e-01 3.630438565414819685e-01 4.306916223534100197e-01 4.512841305829441430e-01 4.762138823825357026e-01 3.099909991525869879e-01 3.312059309087517223e-01 4.229381950830073400e-01 4.245756171071287111e-01
6.530000000000000000e+03 2.707408055896781129e-01 2.054172637445743632e-01 5.070531448000792363e-01 6.452343453348098334e-01 6.853186383140416060e-01 6.447909902221697909e-01 7.983145857302219595e-01 7.789791417587582645e-01 5.854154028230472706e-01 4.177674914649582849e-01 3.608494745137278414e-01 4.358512996471019529e-01 4.327580569253986487e-01 4.672824707892686003e-01 3.976192306255193487e-01 2.088760572678686200e-01 3.381454561142255288e-01 3.806434812793565436e-01 4.287282772233232397e-01 5.120090043891170062e-01
7.085000000000000000e+03 2.177830396720009387e-01 2.510387002445071403e-01 4.539965231898879794e-01 5.027997989648032018e-01 7.076994255270697698e-01 6.729030054358283719e-01 7.638833211741727913e-01 7.959760997066736010e-01 6.181233531930465652e-01 5.686412158797680139e-01 2.159536288065136977e-01 5.757534309187205546e-01 4.525838813912886338e-01 3.679870543370430958e-01 6.630843079939483520e-01 4.070453198564443764e-01 3.991453789394691642e-01 3.724396618529842717e-01 3.039701422863217983e-01 2.767467741679178195e-01
7.322000000000000000e+03 2.563046463516513440e-01 2.448934407097046739e-01 4.592146692839024769e-01 4.982414287380073636e-01 6.282265242477622635e-01 7.381816505412319707e-01 9.698363469915304291e-01 6.586408270937262888e-01 5.184977306576289413e-01 5.757453758164522428e-01 4.087383447656655067e-01 5.090474662664867811e-01 3.243007712639831563e-01 2.141836520039251401e-01 4.270330578048013859e-01 5.488030961814286401e-01 4.207340031230671906e-01 4.464362490637590608e-01 3.254797346177062956e-01 4.139435674033472568e-01
8.176000000000000000e+03 1.841215582268612150e-01 1.881486309901651555e-01 4.506614343691865421e-01 5.036742981976296551e-01 6.523500489522888746e-01 7.160510945683979944e-01 9.823991159714223764e-01 7.396337623599295030e-01 5.484468740424109923e-01 6.546568410131655691e-01 4.192710571077520876e-01 4.813401372007760082e-01 3.349149763435920746e-01 4.551064246267529922e-01 5.743926256113429663e-01 4.427314479147784199e-01 3.575840757173801010e-01 3.389019704322407955e-01 3.000351971460757383e-01 3.358107033793002461e-01
8.178000000000000000e+03 2.480416907172166563e-01 2.059977747702280981e-01 5.001719611975161683e-01 6.675595539025166447e-01 8.063216534243703437e-01 5.821765352830374773e-01 7.056128359182245458e-01 7.321885210440893799e-01 6.197480884925803402e-01 5.102121564893018490e-01 3.326302589259650944e-01 4.563569486064362746e-01 5.712270397606239447e-01 4.385460880892232405e-01 4.227583975592397736e-01 5.004791984744241251e-01 2.513911050257659485e-01 2.303441581797692761e-01 4.727402800280765538e-01 3.732708571356430638e-01
8.340000000000000000e+03 3.214702820402079442e-01 2.849158626826535645e-01 5.137912855113047073e-01 5.150876556239304405e-01 6.457811353416454958e-01 6.130742719293460485e-01 7.012361539358942242e-01 6.901150251424587045e-01 6.668792578382828351e-01 5.056131315704518459e-01 3.772651107226243639e-01 4.957762484757596844e-01 4.570313331648033217e-01 3.281550108720865389e-01 3.515468579708336816e-01 4.628762904420664070e-01 3.391776161647391263e-01 2.683250158577136224e-01 4.487424689606183681e-01 5.040997956189396945e-01
8.546000000000000000e+03 1.545844996181779396e-01 1.729320787763533873e-01 4.162935338806996177e-01 5.524905916968781971e-01 7.370210746712649863e-01 7.199332802696757350e-01 9.612392995858595190e-01 7.267312943993650132e-01 5.880364157636333022e-01 6.411104819312992698e-01 2.419620389705529340e-01 4.500514042874890208e-01 4.492549074583733204e-01 4.806698802695731354e-01 6.625649017753894032e-01 4.833910002203642420e-01 3.170709984305298823e-01 3.208477678853816073e-01 3.597164637123961284e-01 2.840168685256427850e-01
8.556000000000000000e+03 2.933702860283492475e-01 2.834471021403806024e-01 5.412059527887982391e-01 6.241851252994153887e-01 5.342603797898750617e-01 5.068178016931126351e-01 6.888906627820431394e-01 6.689045865236469268e-01 8.093353949212713783e-01 5.408069852537440436e-01 5.068754100663325213e-01 4.647844001755070953e-01 3.382730209911517516e-01 3.988025249761582569e-01 4.437735497450706057e-01 3.877110513066797659e-01 3.540988111354490542e-01 1.773229813907809538e-01 4.060877561376801670e-01 5.558871728543487434e-01
9.414000000000000000e+03 2.880326367318110647e-01 2.056952003338915203e-01 4.591255447409057777e-01 4.581559040747663625e-01 6.832402134902227919e-01 6.559750879616909058e-01 8.188377823701158409e-01 7.802587136169143456e-01 6.298812001606634015e-01 5.367112661646444849e-01 3.420947110112601552e-01 3.333172709931304101e-01 3.285982225281318114e-01 3.399871691082566039e-01 1.000000000000000000e+00 4.961705597354841846e-01 5.730694262440932940e-01 2.090025911450333618e-01 2.019909137686327627e-01 2.731817808139440085e-01
9.648000000000000000e+03 2.998925401333149554e-01 2.767690733884727305e-01 5.105424924982634449e-01 5.989265431206463042e-01 6.724935159187914735e-01 6.492826313303629027e-01 7.412571079443147637e-01 7.049587104210133237e-01 5.773988918104641099e-01 4.587955381876562266e-01 5.344799681058503005e-01 3.719503665328393605e-01 4.400544161970227353e-01 4.573933013059117703e-01 5.640967813133357378e-01 4.322627687023302134e-01 4.230951748734262940e-01 1.076367831059302643e-01 1.889629746393038934e-01 5.541535817248682827e-01
