6.810000000000000000e+02 2.976223846903346404e-01 2.980209332611202799e-01 5.662354292484829132e-01 6.686567295174872250e-01 6.724585709890946728e-01 6.654740796533912262e-01 6.293942683430412410e-01 6.465636388412643321e-01 4.881220349439929218e-01 5.579391672282846271e-01 5.730352381007249862e-01 4.427909735308350747e-01 2.249473209881615310e-01 3.371684421511312868e-01 2.078507262919396803e-01 3.059042059857443041e-01 5.030670716820740962e-01 3.783562242154602240e-01 3.561842120336210504e-01 6.563606768727776597e-01
6.820000000000000000e+02 3.420507956388580961e-01 3.338632927546371643e-01 5.645306705230934696e-01 6.427722861159109735e-01 6.881961529630886698e-01 4.904215548408186742e-01 6.685277877707154204e-01 6.662452417517048531e-01 5.207900658923880766e-01 5.275866420121327893e-01 4.665835644993456266e-01 2.414505135989535589e-01 3.587267029555801234e-01 2.212880887660434448e-01 3.525251811094916032e-01 6.412381179873231085e-01 5.108004836254040892e-01 2.728232040783546419e-01 6.957977553894572065e-01 3.094750393634870811e-01
6.880000000000000000e+02 3.505791786677090460e-01 3.236533193433497879e-01 5.802255200810982894e-01 6.602951212205324660e-01 6.135922586979863924e-01 6.141248076031885494e-01 6.131979745978473062e-01 6.171545956768301755e-01 4.910193541868904665e-01 5.796775057317165025e-01 4.519222862415850916e-01 3.288903463917561276e-01 5.981974990012762783e-01 2.652947055095093432e-01 3.432012994038858289e-01 4.267857491181323293e-01 4.469352428661490517e-01 3.594784120848457110e-01 5.107600788293086280e-01 2.920100446193170107e-01
1.310000000000000000e+03 4.017178444192129327e-01 2.846506478662453876e-01 4.844014880194708050e-01 6.540774324249908345e-01 4.873310422874543302e-01 7.213427998734731617e-01 6.987091181411624330e-01 6.501224847217916825e-01 5.640106076710802441e-01 4.947777372796505757e-01 2.260271284874915132e-01 5.838800977832633299e-01 5.112254500043699190e-01 3.791838993030524629e-01 4.131059517344927712e-01 3.239347475824159162e-01 2.755694434320045683e-01 4.284138578530573005e-01 4.531434104660707063e-01 3.878727101580147774e-01
1.665000000000000000e+03 3.392040246341895271e-01 4.496156728882558240e-01 5.340697451482666613e-01 5.666220397134074105e-01 6.885017179728875059e-01 6.434825481260897373e-01 6.497447008284219505e-01 5.563619113598069488e-01 4.344816607460301738e-01 5.421857938388719989e-01 4.414380907940577137e-01 5.254163724389623313e-01 3.979449264038674716e-01 3.352473639641485592e-01 5.989324101498465502e-01 3.780042983297273174e-01 4.362887802422409922e-01 3.578252667198471015e-01 3.257359792870651582e-01 2.357957260565554658e-01
1.666000000000000000e+03 4.720699524762848043e-01 3.019452901683084001e-01 5.039590652395236070e-01 6.604024752041953716e-01 6.629622357897090312e-01 5.081517642235050536e-01 5.625089752789558251e-01 6.164736229513491095e-01 5.052559215688595673e-01 6.158106581971912741e-01 4.963759048725392975e-01 3.829400321634491289e-01 3.197814344751984672e-01 5.716064597942726033e-01 3.711466632247991670e-01 4.880042740238307308e-01 4.243876188195699894e-01 2.103393700281890599e-01 2.240511614693412312e-01 5.749431115677412496e-01
1.667000000000000000e+03 3.558279386588023563e-01 2.859794751317150663e-01 5.722435131738723424e-01 6.527496778887925677e-01 5.356826635891898114e-01 4.440434668484857239e-01 6.510504194129849154e-01 6.968170107683414605e-01 5.895662478440419907e-01 6.736656111004544201e-01 3.885643618132698651e-01 3.305111383190735275e-01 5.855917317780775511e-01 3.804550298035799805e-01 4.889178255381140814e-01 5.176123759760998810e-01 2.742628697847146468e-01 1.361191938806394219e-01 5.868816891128566526e-01 3.728462143788811578e-01
2.312000000000000000e+03 3.431027653506007469e-01 3.141314508376795156e-01 5.449311023064724591e-01 6.540153261852849065e-01 6.043266687373211044e-01 5.796716119701326164e-01 6.955572764046114020e-01 5.518197144932097675e-01 5.351008539347751336e-01 6.584668072195145605e-01 4.475834437439060731e-01 4.156346586850701574e-01 3.593160937780348618e-01 4.206873077777443792e-01 4.146792612791824206e-01 4.408078337334977448e-01 4.223683972487893290e-01 4.032870793470096915e-01 3.883165914685647313e-01 3.132712561812038832e-01
2.313000000000000000e+03 3.536098510959614361e-01 3.106512912789115566e-01 5.531541386049657616e-01 5.556367789199032625e-01 5.913858568113934400e-01 5.486940539522382476e-01 5.547327146639632334e-01 7.053557439701256815e-01 6.074870558395831788e-01 6.469505153647373552e-01 4.084837249450222751e-01 3.596989570067502529e-01 4.174424443305750909e-01 4.117144312925681837e-01 4.360303807813022958e-01 4.955765531641974087e-01 5.012306463763911424e-01 2.786175337030672439e-01 3.097020123727879382e-01 4.417776488745152608e-01
2.336000000000000000e+03 4.276715638824876153e-01 2.935365559854111184e-01 5.708700172173000187e-01 5.729621532852116061e-01 6.272515727390730600e-01 5.695002422147361631e-01 7.124215592492475491e-01 6.608693975605347548e-01 4.443240824232816411e-01 5.069446021685151127e-01 4.966233688468325580e-01 4.605525142873458933e-01 4.793892317097684930e-01 3.023289181795086322e-01 3.364603636902133155e-01 6.077266961460697781e-01 4.821316668917151604e-01 3.324994140080685945e-01 3.481432738189607634e-01 2.370017362482433609e-01
2.337000000000000000e+03 3.483255779981248024e-01 3.501041327915435097e-01 5.208858938655308579e-01 6.090919809011569042e-01 6.016811806484982927e-01 5.841732970150063098e-01 7.021706024348647324e-01 6.412869845873243602e-01 4.911375261226555433e-01 5.977724827031712929e-01 4.713836001757528149e-01 4.997847973549380818e-01 3.124382891525907535e-01 3.479085621387243976e-01 5.922991372929686804e-01 5.940318916192591781e-01 4.346047553992033463e-01 2.552665202042095349e-01 2.440252189507969571e-01 3.412785665021413339e-01
2.637000000000000000e+03 3.542469728837507881e-01 2.738801485548493786e-01 5.410808874022188242e-01 6.610612420889021568e-01 6.955181809572728024e-01 4.526030687032256972e-01 6.445429785167152703e-01 6.725756032560528119e-01 5.568339559296999752e-01 6.302920119188143433e-01 4.243848936033695063e-01 4.219542352082230607e-01 4.246669310940515141e-01 3.474393157653937747e-01 4.814828986706466418e-01 6.011815518713389261e-01 3.116714023151779811e-01 2.270879940500637184e-01 4.711247342190668097e-01 3.632505018167279109e-01
2.638000000000000000e+03 3.209668144457994976e-01 3.093870659866193029e-01 5.598038117556123350e-01 6.701238979716008792e-01 4.575303876866027020e-01 5.042272664508816726e-01 6.982837376529588136e-01 7.280801167842064769e-01 5.855162155699109583e-01 6.331042595128859585e-01 4.185471776332155835e-01 4.290677969897110366e-01 3.479669851660846525e-01 4.824763502826848183e-01 5.687612373178906333e-01 3.693282943118822992e-01 2.870027081257708890e-01 3.577653520138269205e-01 3.624592281411438965e-01 3.865211775685576945e-01
2.692000000000000000e+03 3.337823275982557125e-01 3.342503831629584643e-01 5.732646585959552121e-01 6.209816645542289848e-01 6.736962551823211243e-01 5.465603678599182391e-01 6.859101421249623742e-01 6.800058958038794898e-01 4.686733638423910553e-01 5.219349722222598187e-01 1.570830442294570972e-01 4.554668442006818418e-01 3.427288486631714926e-01 5.994865148718767633e-01 5.489232294961471359e-01 4.430051413754309553e-01 2.420864973613160998e-01 3.649735330293268909e-01 3.799713555869911885e-01 4.817567277478652654e-01
2.693000000000000000e+03 3.767716487236312806e-01 3.446145795093595310e-01 5.408449315559434867e-01 6.513665870487166387e-01 5.654232820430038498e-01 5.487621924860175415e-01 7.130890334631031502e-01 6.536194111814885854e-01 4.938893148090072183e-01 5.371813097536143333e-01 4.149954003167593553e-01 3.180784449636190336e-01 5.514870179849222787e-01 5.052537154059779656e-01 4.058552183441117567e-01 2.543359332635477532e-01 4.143266271341752294e-01 2.458607642317737485e-01 4.415278815236370891e-01 4.501100580484794778e-01
3.134000000000000000e+03 3.912434829591350249e-01 3.498479020163169917e-01 5.736410074029193451e-01 6.316661295255033837e-01 6.337664657964011683e-01 4.840787970700894394e-01 6.520941547866698773e-01 6.402506203110104321e-01 4.742291070930431118e-01 5.760578206544126889e-01 3.514429319836973042e-01 2.017432211989072521e-01 5.307646777882165656e-01 3.992251484995492095e-01 5.074638559189561526e-01 8.909399396787873737e-01 2.674691966633286899e-01 9.931325055078046860e-02 5.833004622653411575e-01 3.156683617393513663e-01
3.138000000000000000e+03 3.878453116576574544e-01 2.545923412259117891e-01 5.049407966222684285e-01 5.777503839129332075e-01 6.344517021882988272e-01 6.778007534979019200e-01 8.104766766210985685e-01 6.321046136403468685e-01 4.639444269516619368e-01 5.119111760323975524e-01 4.841533978294400575e-01 7.706405955401689489e-01 3.241494718042167156e-01 1.966659278154769541e-01 6.046019674414854217e-01 2.994808450806610844e-01 4.601703729598174974e-01 4.012583627004311371e-01 2.897554946237586027e-01 1.863894682099347944e-01
3.139000000000000000e+03 3.125261278441629487e-01 2.841490243358723577e-01 5.210823216298697824e-01 6.133375918961810891e-01 7.152047702801991313e-01 6.726553649751175756e-01 6.651638143422481386e-01 6.559277523606230620e-01 4.921510355293057803e-01 5.610185119447156366e-01 7.702587535115286155e-01 3.300213073056317836e-01 1.984853220602458002e-01 6.104827928268957704e-01 3.291904112425997897e-01 5.512207468914323005e-01 5.087281204010395408e-01 1.936342931712255744e-01 1.873977274443341945e-01 4.157031366457142885e-01
3.140000000000000000e+03 3.267562874601330769e-01 2.865885564108504591e-01 5.282421109545785143e-01 6.875348395833367210e-01 6.902784983365887195e-01 5.187000602576481434e-01 6.738072938206927098e-01 6.650771273373861092e-01 5.182348242501144675e-01 6.077739410578506529e-01 3.647582087645646620e-01 2.234650687074191122e-01 6.812285275388719752e-01 3.675728457271724703e-01 5.890717494471521265e-01 6.853539882532148075e-01 2.834635912594106744e-01 1.174893829695536906e-01 4.622442852002151548e-01 3.361379169490348318e-01
3.164000000000000000e+03 3.691707710419647182e-01 3.181473062459428958e-01 5.860202869511370594e-01 7.013260693961567149e-01 6.780986622307525469e-01 4.966400412629921046e-01 6.332562732481117340e-01 6.506951795687115903e-01 4.697306342285174630e-01 5.372961475025560540e-01 3.355975302207075406e-01 4.945043054667820348e-01 4.467509125883030174e-01 3.175524935248356662e-01 5.350040765066046422e-01 5.428930014442536756e-01 3.578237217117764546e-01 1.322419868677609800e-01 5.423744854314763719e-01 3.720813500836743226e-01
3.401000000000000000e+03 2.174306034854195102e-01 2.828785617051026713e-01 5.479195182683412879e-01 6.263296936071544030e-01 6.843134310918210783e-01 6.571243158705217802e-01 7.837900611589911914e-01 6.818981815938346402e-01 4.967584293151280916e-01 5.694701325380647772e-01 4.822974207529575064e-01 7.113606361427060598e-01 3.205836864152910581e-01 1.891748678429996389e-01 5.973183140673031799e-01 3.970450085289194964e-01 3.386912962621479450e-01 4.959860537719567031e-01 3.548478461238244175e-01 1.255767408454220579e-01
3.403000000000000000e+03 3.414480205785204725e-01 2.895467146677188075e-01 5.380949270287472830e-01 6.171511611081037518e-01 6.273731326821112564e-01 5.397432123833842965e-01 6.729773468359586674e-01 6.815092299378923135e-01 5.556847448046121629e-01 6.043943419449901988e-01 3.367531047171507530e-01 2.006542717392084119e-01 6.282646774839133474e-01 4.253318850150663577e-01 4.282084150150844981e-01 7.800708120751639330e-01 3.366388411108948153e-01 4.645393923857626950e-02 6.264761396674565219e-01 3.250045510855983921e-01
3.563000000000000000e+03 4.180693057241584576e-01 3.150904142419442833e-01 5.897228577935804683e-01 7.087764486709163814e-01 6.321169511892300585e-01 6.015925130103472185e-01 7.587469130347203050e-01 5.191691191619846046e-01 4.024791148435695742e-01 4.750035065100478016e-01 4.259332775116198566e-01 4.845764920000168452e-01 3.481464491231629488e-01 1.622165608580094787e-01 5.298010555354404350e-01 2.927489844987278822e-01 5.070848059160016907e-01 5.213301884129559749e-01 4.155662606557280481e-01 2.923910278546080210e-01
3.564000000000000000e+03 3.727760340509455039e-01 3.750189722339856702e-01 6.072472070855166049e-01 6.269857655397381713e-01 6.463571505384458904e-01 6.367839204426144484e-01 5.474560954505097721e-01 6.117998177677961280e-01 4.716813209948987895e-01 4.868853285570154954e-01 4.675111897141283057e-01 3.421315913562401057e-01 1.580280426271839511e-01 5.163655140819365386e-01 3.124914586505458947e-01 5.826703108026614064e-01 6.335868012487283485e-01 2.964336359393626164e-01 2.837511428509202349e-01 4.874536440647786462e-01
3.565000000000000000e+03 4.152294674413105624e-01 3.810758607691564492e-01 5.482538584775371593e-01 6.250195855458855476e-01 6.685730290719245072e-01 4.241273001271234633e-01 6.394053320041291899e-01 6.610340981337198274e-01 4.675179366250618584e-01 5.550625582150781057e-01 3.407541448082067048e-01 1.603220404805789090e-01 5.192426365677508260e-01 3.144243180731245424e-01 5.561628557575390985e-01 7.562712241394585755e-01 3.753544286818427111e-01 1.871548123870567792e-01 4.883841724149419750e-01 4.127415101505370054e-01
3.586000000000000000e+03 5.147631100995709863e-01 3.790224533492142500e-01 3.879283188389430204e-01 5.111228529967606349e-01 7.717627251151371048e-01 4.783934876417251791e-01 7.293309514153126782e-01 5.732807459531040761e-01 4.385322461898534252e-01 5.922150198995955739e-01 2.948621649055414573e-01 5.397248335496178662e-01 6.493885248871916760e-01 4.289704970190604261e-01 2.947973461231793157e-01 7.388390961541356772e-01 3.470015645661614356e-01 2.258163965717821520e-01 3.501815184858685370e-01 2.516907166608125523e-01
3.587000000000000000e+03 4.353655761740506946e-01 1.891140569410163508e-01 5.005279471590021734e-01 8.109970828249039032e-01 5.253528740770269101e-01 6.207170541560513843e-01 6.224961973991756103e-01 6.550275228915355408e-01 5.890105254255219025e-01 5.432354397826327785e-01 5.438338001191678206e-01 6.664966251610778825e-01 4.364162774714375748e-01 3.000973038765654688e-01 6.899636373194883987e-01 4.196281799044804806e-01 2.913414321218338321e-01 2.520434724032397100e-01 2.551163153331150735e-01 2.043100171772202767e-01
4.289000000000000000e+03 4.565705301565622376e-01 2.906578366170478045e-01 5.363353691438496051e-01 5.978157236742397407e-01 6.728999785717290072e-01 6.929369398390710089e-01 6.540991458506846268e-01 5.428865976222300160e-01 4.194381430327875915e-01 5.362376737082790168e-01 4.059500514130601756e-01 5.649205459377829586e-01 3.508167880647075632e-01 2.188850431352659942e-01 7.273919353367318541e-01 5.841724565844068628e-01 4.154093780369210731e-01 3.697820916353538045e-01 3.070742619175308441e-01 1.355802008315535323e-01
4.290000000000000000e+03 3.525503122106928289e-01 3.246463173052555051e-01 5.434857009719799015e-01 6.781412873059446955e-01 7.467912020037946741e-01 5.400655853122805494e-01 5.764773883100033913e-01 6.284515972509745474e-01 5.282772977255676405e-01 5.417354995892490477e-01 5.510268473841523074e-01 3.485541909726478371e-01 2.155764058960216167e-01 7.167431509921535771e-01 5.458739429378460795e-01 4.828962881114245431e-01 4.557174062993141761e-01 2.027725398837843529e-01 1.330039557947265971e-01 4.298805264044416874e-01
4.291000000000000000e+03 3.674662869021013689e-01 3.147944435051714951e-01 5.729946674047591282e-01 7.375883324284024933e-01 5.566763906817896457e-01 4.446611456609771418e-01 6.515939038631435309e-01 7.061100466359534478e-01 5.100943181464984155e-01 5.871217653525016011e-01 3.702669965209505198e-01 2.332693982576423686e-01 7.687138524554832930e-01 5.857928758900388111e-01 5.074668123298210487e-01 5.869116295667844430e-01 2.811943068876490703e-01 5.666251232146658767e-02 4.594102546317019864e-01 2.570354117216821499e-01
4.618000000000000000e+03 2.825221730628226791e-01 2.835226836232920822e-01 5.118224607171854013e-01 6.136314383759369218e-01 6.650636761665389418e-01 6.034525255366420815e-01 7.872361098683744451e-01 7.385422884724966996e-01 5.358430118480934645e-01 4.806999001575726904e-01 4.823518042659175054e-01 4.263912635543821161e-01 4.775895543930475662e-01 3.940523491992828919e-01 3.662297491106113467e-01 3.944505365340423286e-01 3.281737483190260707e-01 2.325932442143677781e-01 3.427460070414158899e-01 5.817707404867290544e-01
4.983000000000000000e+03 3.220646946497096041e-01 2.892469156598782010e-01 5.164831317680480538e-01 5.920640661931497739e-01 6.604345926446139048e-01 5.970662441695280265e-01 7.200139172295065837e-01 7.570740794304992027e-01 4.895464318120215097e-01 5.247615121459215937e-01 5.135642133425386557e-01 4.371919957239880916e-01 3.754422366641608222e-01 4.341695575642255389e-01 3.407695709251934990e-01 5.308584125187438829e-01 3.136926991164236678e-01 2.410600322853835020e-01 3.373158249075277060e-01 5.313817577793159552e-01
4.987000000000000000e+03 3.792510102440609376e-01 3.097031785190275111e-01 5.244830823987992607e-01 6.940369379647537418e-01 6.095123435005725954e-01 5.940929288072038794e-01 8.215134679409620277e-01 5.779719483718337436e-01 4.503517639648811355e-01 5.029372356071231120e-01 3.216803249563149891e-01 4.875356126750996499e-01 3.622998900973241621e-01 3.534222968692979361e-01 3.460971465041322026e-01 5.700591190405092101e-01 4.582145482483089838e-01 5.600509704160310243e-01 3.164521889467489801e-01 2.605070353645259629e-01
4.988000000000000000e+03 3.628575266746453809e-01 3.061125844767734749e-01 5.922836201359074071e-01 5.888141059886302653e-01 6.292644994632852207e-01 6.873120090791570158e-01 6.069179830246100860e-01 6.475641224435251253e-01 4.884330197258652251e-01 5.017401939516622500e-01 4.852345288209448659e-01 3.672964305766504012e-01 3.551582352300572953e-01 3.479974360693859903e-01 5.456324580530220736e-01 5.460874608337057401e-01 7.048690170675045996e-01 2.170394187705997624e-01 2.608133392076227297e-01 2.765682676563855913e-01
4.989000000000000000e+03 3.534003287428928441e-01 3.639872986895860696e-01 5.231793963710286155e-01 5.995912052423116867e-01 7.192881551593763856e-01 4.762135139592792998e-01 6.770127491250758078e-01 6.728485069041632016e-01 4.771906017221324015e-01 5.744781863117328635e-01 3.845470752373550405e-01 3.787506360205766809e-01 3.678645471415665225e-01 5.770877386607474735e-01 5.536608598529568770e-01 8.901224580731597058e-01 2.946326283973637605e-01 1.783647887469772264e-01 2.912990589584706358e-01 2.455794802014223954e-01
5.098000000000000000e+03 3.586336558947796349e-01 3.019699041440748744e-01 5.464425625380997520e-01 6.629864840903868517e-01 6.490765981142720964e-01 6.408493713432209526e-01 6.401149872640685690e-01 6.437588271470786605e-01 4.835331097916166776e-01 5.263461270655648283e-01 4.417657233379638226e-01 3.955833745625275677e-01 4.586988410175659170e-01 3.115019323940810270e-01 4.988950209027290805e-01 5.012496609074983400e-01 3.693476737190441450e-01 3.402779959948585842e-01 3.608342510822951654e-01 3.666140321772794475e-01
6.495000000000000000e+03 3.137933019081172725e-01 3.541517379950562816e-01 5.339269615788574397e-01 6.019606621980467809e-01 7.054206483237647207e-01 6.404666247896593223e-01 6.462218606493266293e-01 5.949365267470093643e-01 5.201017804565630787e-01 5.518628375070286918e-01 4.793859029880390699e-01 4.359054240608689068e-01 4.392031623345318825e-01 3.309729881221930570e-01 2.503369719195625009e-01 3.901128385221004358e-01 4.987284583091332046e-01 3.732820542110792394e-01 4.713518663388012175e-01 3.467563445726626892e-01
6.496000000000000000e+03 3.890632159453007999e-01 3.011188017945087281e-01 5.238675433854198538e-01 6.796082799087685977e-01 6.586835142769214002e-01 5.039178874001040143e-01 6.062437044177971801e-01 6.930976907160844025e-01 5.130112128827358786e-01 5.797892290056609887e-01 4.571574453656034320e-01 4.691791686714608112e-01 3.504711041944312822e-01 2.652505377283940202e-01 4.222948705217020593e-01 6.322342139250747284e-01 5.012765752103686134e-01 3.827418457098996640e-01 3.658536734235376398e-01 2.332291474736652992e-01
6.497000000000000000e+03 3.506255167244026749e-01 2.999444821748828427e-01 5.780438903517782778e-01 6.383123886671602243e-01 5.234734763143913394e-01 4.779935600049566857e-01 7.324189552143682835e-01 6.973302552922344688e-01 5.499224693871278546e-01 5.967900584499443717e-01 4.673904607246820442e-01 3.556282297839050699e-01 2.668021934437445064e-01 4.249914808200800920e-01 5.962309965627531350e-01 5.981952837319352012e-01 4.835460153643704184e-01 2.627606322149340645e-01 2.337132952440216516e-01 4.020559843594435079e-01
7.101000000000000000e+03 3.459393975770935215e-01 2.973628813544408889e-01 4.897033078920288163e-01 5.844707938823822113e-01 6.988726143563577242e-01 6.084559021068283169e-01 7.238838736284586295e-01 6.840616530091364611e-01 5.016590001432542634e-01 5.347995615720178009e-01 6.194250290985141572e-01 4.460030424358190082e-01 2.686480970406007196e-01 4.007640925767319007e-01 3.780560664451040886e-01 3.857489564504166801e-01 5.762292643135797920e-01 4.034337450415028115e-01 2.808168561574597155e-01 2.734281503704745764e-01
7.221000000000000000e+03 4.140448156999291252e-01 3.392125375927116382e-01 5.792414967595842512e-01 6.710675417395768338e-01 6.987327909962883776e-01 5.098024376716838724e-01 6.187766806664584118e-01 6.136104511824326257e-01 4.702099962830632029e-01 4.844326490334302515e-01 5.088286922108283816e-01 4.971217390733613239e-01 2.355965246428425031e-01 4.590970823351203656e-01 4.116301747062366401e-01 5.184961553055937866e-01 5.081162563286535372e-01 3.500388972735647974e-01 2.265866775863212557e-01 3.497091979444321153e-01
7.324000000000000000e+03 2.692349180946740916e-01 2.192975202668114021e-01 5.002403023758968947e-01 7.257779119252560918e-01 8.179978268254616269e-01 5.166614364252566372e-01 6.980697696058066892e-01 6.886004457303930293e-01 5.512900729145152612e-01 6.006437287402766056e-01 3.500086330621297592e-01 2.334128444292377091e-01 4.615078723444658859e-01 5.683921116116646965e-01 5.244004978882436108e-01 7.251890548110164758e-01 3.121895627340229296e-01 3.336802074501007409e-01 2.791671124024871498e-01 3.100865828236750166e-01
7.325000000000000000e+03 2.663395543057401338e-01 2.613856275839737675e-01 5.884593786980300001e-01 8.024044490012953723e-01 5.139960843727410245e-01 5.424856490723287683e-01 7.041797563081966249e-01 7.121046595404775248e-01 5.467217878672587794e-01 6.019476662827535351e-01 2.292336370138949864e-01 4.616513545463348800e-01 5.635778381820796268e-01 5.202518689979633848e-01 6.616135306632815460e-01 3.651933414109893583e-01 4.148562322949195802e-01 1.793456377056662776e-01 3.063233522723127766e-01 3.529396855681932177e-01
7.938000000000000000e+03 4.223448623133837510e-01 3.746731058160183703e-01 5.069980866227361549e-01 5.268514702967198593e-01 6.519173979903795102e-01 6.366829746241966514e-01 7.419656762528253902e-01 6.128224133112853966e-01 4.284917672409346845e-01 4.693571747523608284e-01 7.192485816542524280e-01 4.400662349857114020e-01 4.283191762517886692e-01 3.969284864358977316e-01 3.527364243574919178e-01 2.271831514876372082e-01 5.055098724040475444e-01 2.709224262178908660e-01 3.531501734684821536e-01 3.166294066757049386e-01
7.939000000000000000e+03 4.241419993876879291e-01 2.952207581984916951e-01 5.007981284871441119e-01 6.506676592296913864e-01 6.841369146998380613e-01 6.208498688670419652e-01 6.559664829795521790e-01 6.351848557825886532e-01 4.663915086643810604e-01 4.966040578282254758e-01 4.944567976692134659e-01 4.902071602435196240e-01 4.503029460249599047e-01 4.004062304270455397e-01 3.043596368065383806e-01 6.941915099903689379e-01 3.988155708220736950e-01 2.926934611637257433e-01 3.579472934697895958e-01 2.201186875207357951e-01
7.940000000000000000e+03 3.546678142490040653e-01 2.883149303145504105e-01 5.721656339178237127e-01 6.879556228050266453e-01 6.656100824888387946e-01 5.389454720427946377e-01 6.805683840276327556e-01 6.683508382160999739e-01 4.896446700037532240e-01 5.128475349712573461e-01 5.208111908190469208e-01 4.873130515542736241e-01 4.295206034500875236e-01 3.266898468599858663e-01 6.891297813196238797e-01 5.144231903517261228e-01 4.013457130828335662e-01 2.774212246518578673e-01 2.352803881773746775e-01 1.990615870449640445e-01
8.431000000000000000e+03 3.365336166790205419e-01 3.090991612041342762e-01 5.679001274533489463e-01 6.810539938383159964e-01 7.919204682755590641e-01 6.145962840255244641e-01 5.560854309239122717e-01 5.086091420196665602e-01 5.184510677972530290e-01 6.037961577520141176e-01 4.129330134631730709e-01 3.347758282393181739e-01 4.162395354876436415e-01 4.091332146597961850e-01 2.815570565951425186e-01 4.712954726895656754e-01 5.170180476259574887e-01 3.823357256642299085e-01 4.360847490302300900e-01 3.715456212060846419e-01
8.432000000000000000e+03 3.531034130944612492e-01 3.371914846527345744e-01 5.735624958646194926e-01 7.901641928373777102e-01 6.357042243326923581e-01 4.240903551960162887e-01 5.110289400341959665e-01 6.958538915958490945e-01 5.644510985258293090e-01 5.734705570829967680e-01 3.402033979216965709e-01 4.308447325826764152e-01 4.197776983759397007e-01 2.890602866450630581e-01 4.759140077982950134e-01 6.315804520604660910e-01 4.945220129471336601e-01 3.354501472881911139e-01 3.798219358662364153e-01 2.864057439596950916e-01
8.554000000000000000e+03 3.332954147287203184e-01 2.933562525888721573e-01 4.894842699524838414e-01 6.146438543451095970e-01 6.880605308875193948e-01 6.618940645296180758e-01 6.911192999033268780e-01 6.509832414024925296e-01 5.113088985494590455e-01 5.532811008940096142e-01 4.353143317621259167e-01 3.458755209659167829e-01 5.481811514514441930e-01 4.978516088674566631e-01 3.653276706908150651e-01 4.299341331671861499e-01 4.144908803568277400e-01 2.872252549135851929e-01 4.197417985880473879e-01 2.978710495366648781e-01
8.560000000000000000e+03 2.791818361988681607e-01 2.132105638739326403e-01 4.707866156192734852e-01 5.148296549531038435e-01 9.049837259755207919e-01 5.670720666872153259e-01 7.090955567800608650e-01 7.002269180899236556e-01 5.629454260023482037e-01 6.319278897904166969e-01 4.488419645454614915e-01 4.053002903654125966e-01 4.271753608216803944e-01 3.021636651319233868e-01 4.463617172809167810e-01 6.519873693714286489e-01 5.211521676355689303e-01 2.604701710465774367e-01 3.508386236613750264e-01 2.890090582902748451e-01
9.250000000000000000e+03 4.014139066258497479e-01 3.207891713173565695e-01 5.554514136935930768e-01 5.463133485624704910e-01 6.129968010250193000e-01 5.968580652407246001e-01 6.416103074021837216e-01 6.691090935409054197e-01 5.122546360748518879e-01 5.313088898036186780e-01 3.788351552152059987e-01 4.879378905655922249e-01 3.560240597609138913e-01 3.848566398449269621e-01 4.222473544368446352e-01 2.986442619707990742e-01 3.980475415389020943e-01 3.713589963298261076e-01 5.118088629169949000e-01 3.791038567299779283e-01
9.251000000000000000e+03 3.786395082941672596e-01 3.431079046536648636e-01 5.134482190862825757e-01 6.057962230487371480e-01 6.428296259618563324e-01 5.284293555269281573e-01 7.230981602423723897e-01 7.126198827791857537e-01 5.239117872699873280e-01 4.418982329808446852e-01 4.802666184620582035e-01 3.569438597117831624e-01 3.824690767013022019e-01 4.198633877947055004e-01 3.235023307694531169e-01 4.677451677936660945e-01 4.626193013404097387e-01 3.914242113554736169e-01 3.753613386121569806e-01 3.717195895914233161e-01
9.255000000000000000e+03 4.016645380712893787e-01 2.970358148246333152e-01 5.660419063834880582e-01 6.983169137507891922e-01 7.019477975323499264e-01 5.720295520242765219e-01 6.679949907919017216e-01 6.072869150102327973e-01 4.646237336311949129e-01 4.558345909640726945e-01 2.968449192353267430e-01 4.270678462316412349e-01 4.824616439288850755e-01 5.073374151281355715e-01 3.743133566717581906e-01 3.533141712039121751e-01 3.151126649204166741e-01 2.498511475087573652e-01 5.940021572096297886e-01 4.085758181597307637e-01
9.257000000000000000e+03 3.990713570618564798e-01 3.792936697641280941e-01 6.018205006532254542e-01 5.935974207757100940e-01 5.824963116362391613e-01 5.255187311964885088e-01 7.106532121173355643e-01 6.504963882339628300e-01 4.318719155080187333e-01 4.867563397298212968e-01 4.648898991360819744e-01 4.935789707780586788e-01 3.611847548129975549e-01 3.563670040230108582e-01 3.711397457130553579e-01 3.551983638955879541e-01 5.641602850111593348e-01 2.852350725719640101e-01 3.708794732392550753e-01 4.092890185218349686e-01
9.258000000000000000e+03 4.241409608227988404e-01 3.818960024179259283e-01 5.350111286941878763e-01 5.585377472389402298e-01 5.570052048876092954e-01 5.852288327797086076e-01 6.930253880528454147e-01 6.324992304055477854e-01 4.757097011609084936e-01 5.187279019558073134e-01 4.945760443148926599e-01 3.686461098511250589e-01 3.605429221200628920e-01 3.757025721297918563e-01 3.751753050354224572e-01 6.779950283824056623e-01 3.640753531072672966e-01 2.693867555325137331e-01 4.125660310442015866e-01 3.882431959087705442e-01
9.408000000000000000e+03 4.303584650839571979e-01 3.785580291943705933e-01 5.555709682178704423e-01 5.314607584708190835e-01 6.025724860083873091e-01 5.817897722356603074e-01 6.849004457518949041e-01 6.233274930046160955e-01 4.755854196355820407e-01 4.818346197562852207e-01 4.003948954785134240e-01 3.506998844442562602e-01 4.276660670114393881e-01 5.114120497604723870e-01 5.034300729707986699e-01 5.093873003868628624e-01 3.460291482155462006e-01 2.627368570630695399e-01 3.659562743639547255e-01 3.800591778544754606e-01
9.417000000000000000e+03 2.591558360824143814e-01 3.128734150396867975e-01 5.406650544349993481e-01 6.432757160275855979e-01 6.776653586426257814e-01 6.712456142003598858e-01 6.880037091774477975e-01 6.596257418570075082e-01 5.119053078280675351e-01 5.473766749277418908e-01 3.365861540366120730e-01 1.000000000000000000e+00 4.795710374512475171e-01 6.251647204827331938e-01 3.329745192852255342e-01 1.640250529675220670e-01 2.188488811019153324e-01 2.116759917441400352e-01 3.293763736405954101e-01 3.028129409985083065e-01
9.418000000000000000e+03 3.517095208180274768e-01 3.056055904795882960e-01 5.459056906208828996e-01 6.425311070168846506e-01 6.890289546257213349e-01 5.403398107055825683e-01 6.783647027982236954e-01 6.831850886488639585e-01 5.062174304685884696e-01 5.094462439479566784e-01 1.000000000000000000e+00 4.884982397661509768e-01 6.312097878912092952e-01 3.363999355586786422e-01 2.197825181548103968e-01 2.617601551857839937e-01 2.706989174081944616e-01 2.303657953071811260e-01 3.046210358955806496e-01 2.729499690807843937e-01
9.528000000000000000e+03 3.383128134581380175e-01 3.156457714020244887e-01 5.154260231305474171e-01 5.936166579552452083e-01 5.628310640706907231e-01 5.391447583347053207e-01 6.914186474965346996e-01 6.916188220160058853e-01 4.955345151484717436e-01 7.269648654143027189e-01 3.962096240874458664e-01 3.627081433000668431e-01 3.532955990454070827e-01 4.301468070901163232e-01 5.647162846210157516e-01 5.974385276882983042e-01 4.668993768760162921e-01 2.663921161423705164e-01 2.610977805480370617e-01 3.898580174052351799e-01
9.619000000000000000e+03 3.371441261088658492e-01 3.158553039080996827e-01 6.155415808960265078e-01 7.183500844937129592e-01 5.158543575820141447e-01 5.661483422535618093e-01 6.329002464985776788e-01 6.160316857157670523e-01 5.353579998778748017e-01 6.008641002014933896e-01 2.929361609503097763e-01 2.686384431253218130e-01 3.565709447100010032e-01 7.972558325088080489e-01 7.378163333606645446e-01 3.584876041410638425e-01 3.697965425076788493e-01 1.246845546749593553e-01 3.150879763895990116e-01 4.328572632373538509e-01
9.627000000000000000e+03 3.584340503847406323e-01 3.343902573890181196e-01 5.886858611153370502e-01 6.584302516600417654e-01 6.294325724630784880e-01 5.534000501200623257e-01 6.766403532916791530e-01 6.434591255781122454e-01 4.536544519043449464e-01 5.321379766125875488e-01 4.177613607419694564e-01 5.770637825186522019e-01 5.173192660776312346e-01 4.193116555568279780e-01 3.610683882889581531e-01 3.198671242746171095e-01 3.273001483949368740e-01 3.329389336478074113e-01 3.815840754398119872e-01 3.529536392045887205e-01
9.628000000000000000e+03 3.769976216948094927e-01 3.595723828247154863e-01 5.628339501984179760e-01 5.981023331770353169e-01 5.730019325852580003e-01 5.402433188036354084e-01 6.708734646611370644e-01 6.401751134280164734e-01 5.032422906657147976e-01 5.797359036986378111e-01 5.847565617971881569e-01 5.339650069967880608e-01 4.290126077128592064e-01 3.696377605305474767e-01 3.504534538403080712e-01 3.986492315110128359e-01 4.299598139286270326e-01 2.832887083035346421e-01 3.598007048083276538e-01 3.015685827157816301e-01
9.651000000000000000e+03 3.485929106800248478e-01 3.302544926513322765e-01 5.612056713135323838e-01 5.922337035174344289e-01 6.255405701026187648e-01 6.532945454748355640e-01 6.501153635756826699e-01 6.534002202383011326e-01 4.774214239526699544e-01 5.349266664586872499e-01 4.235823008035905501e-01 5.277264294490766616e-01 4.011490594189310865e-01 4.523108903032230788e-01 2.000207106360564202e-01 1.301239674353282805e-01 4.945446059730125299e-01 3.957039893470426506e-01 4.597398633532250312e-01 4.679211494929405024e-01
9.652000000000000000e+03 3.760223304785362264e-01 3.361419829805605275e-01 5.273072957452025200e-01 5.987426359868112113e-01 6.855106324925624994e-01 5.194664202405373521e-01 6.867569181634640696e-01 6.654445291402258933e-01 5.099040646127331877e-01 5.203909429903545991e-01 5.200175717049670965e-01 4.026408623877121284e-01 4.500110812216058798e-01 1.991364805762611823e-01 1.895432356847571165e-01 5.825825857097468585e-01 4.934024673900468394e-01 3.445612173507656140e-01 4.638367578890466580e-01 4.096874789546148810e-01
1.015400000000000000e+04 3.064303538773371360e-01 2.628637880983716868e-01 5.860230568616120461e-01 7.027810094724641354e-01 5.414239882154558980e-01 5.593529206915771601e-01 6.696203716696464969e-01 6.928878603525748803e-01 5.446227553522728915e-01 6.325901684494624755e-01 8.453339287173565753e-01 1.134096718514227137e-01 1.816539717037679302e-01 3.814343018526705209e-01 4.705346541363836788e-01 5.221321876696849440e-01 3.997539894226123103e-01 3.349607243360880338e-01 3.305251597005226527e-01 4.637673129836286101e-01
1.016500000000000000e+04 3.546606260169429259e-01 3.500653894958317136e-01 5.635261479612664326e-01 6.380223020194575323e-01 6.595247824396242020e-01 5.795153954211967884e-01 7.030605532607485664e-01 6.326211305868713053e-01 4.743966933199721403e-01 4.709254409151099607e-01 3.650587937405309069e-01 5.974579058939298859e-01 4.152370788142975000e-01 4.627182063083933317e-01 5.105783652840449882e-01 3.977845383045050531e-01 2.197939968408135492e-01 2.944566619865179313e-01 3.295380613760525712e-01 4.309276314251524465e-01
1.016900000000000000e+04 4.149194164242486771e-01 3.386344304278882666e-01 5.558033731938814004e-01 5.913945555278005139e-01 6.549400524326302042e-01 6.032179178862571156e-01 6.951532815353637096e-01 5.953251021484070593e-01 4.385144978435826513e-01 5.045634274656778384e-01 5.768987399910379121e-01 4.619977036620053212e-01 3.325382372246800666e-01 4.947062121503579823e-01 4.047768089318263818e-01 5.503753054316502524e-01 3.309388086697309661e-01 2.534772095943785275e-01 3.521339388143215343e-01 3.137199177239186065e-01
1.017000000000000000e+04 3.911847992360622528e-01 3.401158060765743230e-01 5.363341025926343653e-01 6.505917427624997584e-01 6.448161612221303685e-01 5.741135920752983290e-01 6.326261557244698963e-01 6.416517162209612879e-01 4.952184887692538395e-01 5.123265572323956185e-01 4.660097591173181786e-01 3.416652987490890192e-01 5.038204036641193984e-01 4.124738360789559355e-01 5.369198971882991334e-01 4.007291716836118289e-01 3.268171955130127482e-01 2.542071970167492645e-01 3.183316087235643077e-01 4.719814194761394743e-01
1.028200000000000000e+04 3.484765790188358303e-01 3.385825983977404086e-01 5.789664669577503364e-01 5.638252543496482527e-01 5.801255791012838170e-01 6.105634669438920747e-01 7.188785830890788153e-01 6.985290467047143848e-01 4.572790277588985042e-01 5.104839392929474418e-01 4.528233241867203329e-01 4.160127088472908574e-01 2.859632291236535728e-01 6.703511356045642744e-01 4.891159545378246931e-01 3.472088659863217797e-01 3.689548813735517019e-01 2.853680818728249746e-01 3.627118072207229371e-01 3.464140815525735828e-01
1.028400000000000000e+04 4.015259485274885742e-01 2.940910656753781827e-01 5.058417650746420691e-01 6.269732374635575978e-01 6.200337971065124076e-01 6.117517320882823739e-01 6.890442970294522462e-01 6.831045857719031389e-01 4.984111055404426560e-01 4.998778328091698087e-01 2.967573902548573117e-01 7.023250850247098054e-01 5.082478528342715407e-01 3.787023270802332697e-01 4.529767943923801998e-01 4.454330070984788281e-01 3.407951319475157614e-01 2.540494932863719968e-01 3.425395680680104471e-01 3.313245873328395374e-01
1.028500000000000000e+04 3.407070886667840082e-01 2.781464803893857196e-01 5.426712958866830583e-01 5.836705889979034723e-01 6.335860542092901504e-01 5.495150875431888959e-01 7.143502584657031029e-01 6.785290498624542144e-01 4.718140184102636026e-01 6.810665381756607628e-01 6.783436394835957728e-01 5.000243864882274458e-01 3.693116677777624757e-01 4.419893741399566478e-01 4.321338709067215067e-01 3.905744570068219734e-01 3.098652642455184125e-01 2.316998324135558229e-01 3.219018517290858639e-01 3.643251981389155070e-01
1.071400000000000000e+04 3.086341636404809075e-01 3.572832486368246463e-01 6.084319668440674178e-01 7.228641405163320766e-01 7.226717346419578858e-01 5.290187253405660428e-01 6.688254875858008486e-01 6.225723970804151186e-01 4.285854985096821390e-01 4.924865357624023110e-01 3.401722119452119664e-01 4.708525023084721983e-01 4.436989995294348121e-01 2.889640448080865176e-01 3.334253761960010998e-01 3.181107245171874709e-01 4.103060214032994146e-01 4.477698563391473430e-01 5.817674420191787377e-01 3.421027780660252926e-01
1.096800000000000000e+04 3.154494114977932639e-01 3.649348195050958754e-01 6.766276579405956504e-01 6.279177715130070947e-01 6.149127269360701309e-01 5.637719546134646320e-01 6.806428631486065584e-01 6.297407273406404604e-01 4.483292522095211896e-01 4.796186694839971731e-01 3.374540350580362280e-01 5.749867338395119321e-01 5.041555400494009964e-01 4.856828102894030219e-01 5.150715612158346390e-01 4.441442237493544720e-01 2.658846857354197901e-01 1.841490351372882806e-01 3.253339161393093426e-01 4.189954395012288613e-01
1.103400000000000000e+04 3.646477002067879947e-01 3.420121554775928940e-01 5.248791773722063514e-01 5.841093192700567149e-01 6.233409702000054509e-01 6.022011787881849099e-01 7.145889078344728196e-01 6.836832221766673268e-01 4.826155174969455897e-01 4.978538694814595433e-01 3.919183998603996688e-01 4.041770343330784443e-01 4.820676664069447059e-01 5.406099438299489801e-01 5.921593035514740588e-01 3.573248393213469543e-01 3.230379917014821745e-01 2.410672792659544206e-01 3.204727555906206060e-01 3.804755325331514171e-01
1.103500000000000000e+04 3.902308106293209122e-01 3.058708075135767590e-01 5.274293812842365536e-01 6.044212516236046051e-01 6.371230324910946985e-01 5.862476331919022066e-01 7.286909766086131501e-01 6.760063696447041748e-01 4.829939887778377239e-01 4.841717031116660186e-01 4.029054222692452503e-01 4.894809232013497269e-01 5.441063682509349464e-01 5.963192283964474649e-01 3.749515109538793523e-01 3.853040272882136685e-01 3.063874483453885023e-01 2.211995014812079274e-01 3.815362699897097420e-01 3.375481951923340329e-01
1.103600000000000000e+04 3.620970538928156013e-01 3.119010735982115090e-01 5.430104320463442491e-01 6.274492744448385562e-01 6.251200418907194578e-01 6.043315311715625748e-01 7.249734055740441052e-01 6.808225299461548863e-01 4.756083192460192066e-01 4.804595023877052951e-01 4.763928336721486301e-01 5.394016907104711711e-01 5.859743143168169022e-01 3.686646843671612661e-01 3.881055629284846931e-01 3.541779644117103443e-01 2.727273030610691817e-01 2.691004750580328619e-01 3.304650214730841529e-01 4.349705990231840791e-01
1.103700000000000000e+04 3.617166863056253678e-01 3.204244628292275965e-01 5.497307768479174905e-01 6.014185842438026786e-01 6.351633882832750100e-01 5.920408930898473088e-01 7.211679437235493095e-01 6.660398246625085505e-01 4.633324932627589932e-01 5.197919920291339535e-01 5.486671395836431042e-01 6.071215945762812316e-01 3.786281873607437176e-01 3.988207704481651072e-01 3.800141710864732292e-01 3.339120854458369481e-01 3.502979701484842945e-01 2.366178054761668981e-01 4.450969894446323294e-01 3.444094688046350772e-01
1.103800000000000000e+04 3.730070199101715445e-01 3.314411209648951973e-01 5.392535448037162338e-01 6.216490233667640863e-01 6.285545466202948628e-01 5.946578039550656225e-01 7.106096971307696020e-01 6.606035975141067995e-01 5.050317597576695627e-01 4.560054896924282675e-01 5.995583820150340859e-01 3.808680028525118777e-01 3.976635859703642195e-01 3.791288063113671947e-01 3.527514738207503942e-01 4.130333440884315643e-01 2.971779297027367650e-01 3.321207739372861734e-01 3.421416634362893783e-01 5.197619394159206374e-01
1.185700000000000000e+04 3.693759980901911710e-01 3.091408154708634171e-01 5.349546297438461107e-01 5.472302606788079782e-01 6.369024481372689284e-01 6.001323736509727169e-01 7.634903307141913675e-01 6.899679843058602602e-01 4.793954858631370164e-01 4.893969392837917431e-01 3.880774459738624560e-01 5.124222795396849994e-01 2.985158255166331931e-01 5.146381946583917788e-01 5.295611079407270827e-01 4.708719474461114385e-01 1.392803594019978719e-01 3.569826542293524918e-01 3.293215586969043818e-01 4.798155432723531510e-01
1.185900000000000000e+04 3.694540211974317589e-01 2.899839654718431303e-01 5.513563778895854695e-01 6.226354022410881539e-01 6.729935165880620573e-01 6.095579007232106994e-01 7.198714490142418265e-01 6.724437062565872258e-01 4.379249130213948016e-01 4.944652411026021488e-01 2.888820426904180616e-01 5.028203987790774709e-01 5.131478436549087307e-01 4.491489350147505610e-01 2.104627489360792747e-01 5.108186455171893625e-01 2.749746768539358399e-01 3.496626166039640826e-01 4.767206495830245694e-01 4.501959275411668848e-01
1.186000000000000000e+04 3.418552357444839540e-01 3.273761980531507687e-01 5.457979624777000716e-01 6.573541335499752947e-01 6.392302236671346671e-01 5.857928912453475023e-01 7.098812256967322876e-01 6.305699895250127529e-01 4.744549504542018847e-01 5.479726837398071204e-01 4.783418072695920786e-01 4.972415918305790328e-01 4.314105377394703567e-01 2.022804242586900003e-01 4.759407007563510872e-01 3.078765725381266138e-01 4.182047797684046442e-01 3.449952427515043940e-01 4.308139639792630815e-01 4.122828324499225872e-01
1.186100000000000000e+04 3.663621773231616752e-01 3.130125802917271827e-01 5.566919472496690835e-01 6.005102053141571083e-01 6.002529438218792146e-01 5.641832532451476201e-01 6.482531255793458902e-01 6.523844961665209441e-01 5.101700738463819107e-01 6.235156525317820941e-01 4.922803214328182464e-01 4.350479877374279214e-01 2.022103046257733572e-01 4.760115238081856215e-01 3.327848512573876039e-01 4.950683214342184724e-01 4.330269515908156674e-01 3.200775344733807204e-01 4.106017231937389433e-01 4.444919693130766070e-01
1.218800000000000000e+04 3.404675263422733411e-01 3.117126907997509466e-01 5.500479488467524547e-01 6.362731201651971036e-01 6.860558506326066563e-01 5.655131999432978507e-01 6.857569584973788324e-01 6.620557997410840834e-01 4.709853672294301297e-01 5.513236373233864063e-01 4.128579372732984476e-01 4.181036492659638282e-01 5.358154659195650815e-01 4.383613409323580679e-01 4.154283583643512134e-01 4.093974053881224706e-01 3.179984069932617619e-01 2.811473999708472005e-01 4.059535482408563323e-01 3.936931554105930209e-01
1.218900000000000000e+04 3.577075663828556129e-01 3.227396324188164800e-01 5.502506556617512423e-01 6.671204478970520491e-01 5.866049645136380830e-01 5.492435467431782126e-01 6.929353055787298432e-01 6.562874247574473907e-01 5.209817118099033806e-01 5.427919758761784452e-01 4.180453739736866292e-01 5.456960199643290377e-01 4.425328072393308054e-01 4.196211619785816249e-01 4.181989882327830643e-01 3.807414293697672369e-01 3.579577404654681327e-01 3.010348710134788108e-01 3.959848107406805928e-01 3.464194070286116811e-01
1.229800000000000000e+04 3.099628354383616169e-01 2.923913931690038659e-01 5.201611562071936090e-01 5.608745771333781827e-01 6.407603765504095161e-01 5.296652780902018076e-01 7.396808466275294203e-01 7.241364551326989751e-01 5.049662671248974499e-01 6.626321393313743258e-01 4.925939883599725344e-01 3.605373735855261774e-01 2.956612854922784361e-01 3.494239847647017116e-01 5.084704781519185923e-01 5.386837687888725856e-01 3.870146063591841101e-01 2.659484566564550567e-01 3.945887933213000909e-01 4.642201641047398186e-01
1.235500000000000000e+04 3.106289423649831183e-01 3.107246428608466671e-01 5.459814753499844242e-01 6.371364456998585002e-01 6.641646017471989349e-01 6.462813003759251274e-01 6.773190172202668835e-01 6.712624802840585492e-01 4.813108870779762016e-01 5.292704404347879921e-01 6.745768675550477544e-01 4.121023202530467722e-01 2.052210306983450749e-01 1.676040017105138169e-01 4.416112492555714364e-01 4.246866334456919634e-01 5.787532036831429805e-01 3.039309231806934242e-01 5.112461261428100645e-01 3.180388072860156345e-01
1.235600000000000000e+04 3.462649705704085590e-01 3.065587465512051302e-01 5.379988529226638061e-01 6.188184044819415863e-01 6.558985055703827616e-01 5.246910872430974315e-01 6.858260449842580320e-01 6.503035387638017584e-01 4.841792722817031547e-01 6.595083492802564784e-01 4.143436156416680505e-01 2.101784152540738249e-01 1.701590547989121349e-01 4.485542581648916394e-01 4.329669105799486828e-01 6.982874726219947537e-01 3.892469037722754988e-01 4.009110018619753690e-01 3.216723060152080205e-01 5.772265032327339451e-01
1.236100000000000000e+04 3.108922812340029762e-01 2.755892724778448710e-01 4.963706258173898878e-01 5.694737761867184611e-01 7.481958319031598581e-01 6.645822390748020725e-01 7.168082915887418194e-01 6.678878535944516859e-01 5.247002712256696455e-01 5.209575182006801475e-01 4.889933927301167160e-01 3.482896961779483047e-01 4.272817755850755739e-01 2.649611700327620389e-01 4.731846977047069469e-01 5.534526975982323460e-01 6.124601882138194231e-01 2.741272564865855355e-01 3.688077142200300029e-01 2.734886347571822696e-01
