3.080000000000000000e+02 3.822249209354377508e-01 3.602398920768389856e-01 5.537604686740312809e-01 7.712530916621038735e-01 7.867533006687535968e-01 6.527622846903822218e-01 7.741620193090460456e-01 5.960099108739230767e-01 3.172402251890730218e-01 2.327120575528645874e-01 2.644897830555977825e-01 2.794869639073234158e-01 5.153768924701037646e-01 2.695774270709692111e-01 1.254478193697986521e-01 4.758002758368671814e-01 4.242940569181621324e-01 3.209361470334908262e-01 8.779921309252617379e-01 4.488895710299826147e-01
5.520000000000000000e+02 3.666777869990652250e-01 4.125177868527624692e-01 6.657148550962671552e-01 8.601695615217186397e-01 6.089244056889345780e-01 4.961339816604496411e-01 6.393405130344848031e-01 6.821465878767852820e-01 4.077933656435672738e-01 2.361407959915188259e-01 2.495146735338837074e-01 3.405328270041353966e-01 2.347913881401751668e-01 2.902198373972311729e-01 5.640754909687283325e-01 9.090535469068873331e-01 4.424519825164722753e-01 2.868296801083562997e-01 3.036211199933939175e-01 5.153888675066775615e-01
1.041000000000000000e+03 4.921180232992170556e-01 3.622611098633555238e-01 6.262780104397346337e-01 5.780989341896490830e-01 6.496047269413448566e-01 6.213745287887322277e-01 6.836214830397528974e-01 6.231908587377860131e-01 4.628118382533213393e-01 1.722534979975785252e-01 4.290768300601789376e-01 5.177298349648715714e-01 3.661075361800373296e-01 4.314820988102616717e-01 3.407759220665491084e-01 3.107140828929136345e-01 4.586263147222078840e-01 3.207907687090701954e-01 3.443652632249824541e-01 4.883257855690139593e-01
1.189000000000000000e+03 3.448508144394966668e-01 3.405294765013504033e-01 6.629101091057635342e-01 7.900167342889176103e-01 7.213050098837422430e-01 6.833977493501178779e-01 7.479543147394973612e-01 6.756930192686406711e-01 3.038485720881441421e-01 1.302077087628245589e-01 3.753235201904835394e-01 4.094598993307628221e-01 4.040642734926666035e-01 4.043559233244566342e-01 4.271811955283134621e-01 3.646936211275073614e-01 2.984341615605378140e-01 2.385748223524037648e-01 5.681666921668955261e-01 5.162566690803783720e-01
1.192000000000000000e+03 5.078596497923131281e-01 4.402910640482759486e-01 6.671638954368649399e-01 7.368927320739536713e-01 7.038940452754168797e-01 4.875909869188122525e-01 4.491146063601478833e-01 6.591062299422156823e-01 3.411867666931147069e-01 2.590259079631049288e-01 3.840696420403520994e-01 4.098975091728116471e-01 3.599511272472794565e-01 3.509363926440829395e-01 3.528190196726634920e-01 6.245439753923698323e-01 4.686135452404505131e-01 3.609577564167771313e-01 3.537572502419718545e-01 4.041987853690724997e-01
1.311000000000000000e+03 3.580325796018345996e-01 2.869819597248038368e-01 5.892452825339681288e-01 4.756358562405141877e-01 7.958742476720840342e-01 5.987148376760175195e-01 7.189166476603853217e-01 7.749784925574355610e-01 5.080098849532882488e-01 2.714254315139399965e-01 5.483252242374716534e-01 4.890215812302186604e-01 3.595368557464303505e-01 3.919210444229404566e-01 3.278634059648576349e-01 3.032127564402449793e-01 5.046690850492218106e-01 3.191623190888313033e-01 3.663961509189825327e-01 4.022509392929576322e-01
3.579000000000000000e+03 4.112204485862624437e-01 3.796318666625303484e-01 6.219774220029195000e-01 6.708763002272953857e-01 7.500200364376800044e-01 5.517764551203004908e-01 7.290628305280874022e-01 7.291347734625768240e-01 3.944321250819184388e-01 8.760296820087461189e-02 4.734503655345337902e-01 3.184103722853095508e-01 3.460145811451725284e-01 4.547741544240105349e-01 2.980309824086918580e-01 3.261307590288578528e-01 4.943641271451277852e-01 1.813860971865004224e-01 5.062838005173148082e-01 6.168911835920430908e-01
3.896000000000000000e+03 2.456485414798293687e-01 3.803822973430973642e-01 6.656230715015437616e-01 6.865246626023583376e-01 7.957631088904973948e-01 7.100382345989066923e-01 7.059352055872061271e-01 6.661789455419704353e-01 4.545761318016134367e-01 1.127166811269835478e-01 3.760229589509716530e-01 6.152062011952611487e-01 4.720125980751232464e-01 4.867184033017136757e-01 3.445578138754943343e-01 4.281597619339910232e-01 2.315351450185059723e-01 1.114374685236239892e-01 5.129886392669823492e-01 4.675171451582451065e-01
3.910000000000000000e+03 4.200655794610036464e-01 4.279064615773175984e-01 6.073742914179914854e-01 7.096412736528253662e-01 6.015153479425473515e-01 6.018877275124158155e-01 7.897844489511628430e-01 5.180869122296123397e-01 4.536058705010250769e-01 2.131513628427346985e-01 5.655640358165135995e-01 3.853653900442567948e-01 3.566221443508162947e-01 4.388570985320267570e-01 3.468037110179276739e-01 1.208803551361801870e-01 3.557917591883929531e-01 4.292601591413598983e-01 4.102101645298930621e-01 5.266737341244973614e-01
3.911000000000000000e+03 4.819052420704925122e-01 4.054436773918146941e-01 6.216999833592502522e-01 6.137590291870388404e-01 6.663753998943738877e-01 6.841261753140573942e-01 5.654667850891240688e-01 6.748273762016130384e-01 2.540304051847014910e-01 3.048848361975157739e-01 3.966658332870025561e-01 3.739038246202370797e-01 4.560867185123611001e-01 3.606335143158435619e-01 1.903011217988112846e-01 4.418478896044760740e-01 5.627712782361529165e-01 3.161415295883464593e-01 5.453705160220065906e-01 3.881997269033615749e-01
4.042000000000000000e+03 4.659699777937313936e-01 4.213198372113007295e-01 4.943901746848902157e-01 5.172788530720794364e-01 6.137231067751741653e-01 6.125671585712124667e-01 6.193502509014503499e-01 7.700739869011024030e-01 5.088088315390336680e-01 2.607990084693934119e-01 5.616339203946149050e-01 3.727518025809891666e-01 4.649803839265200800e-01 3.967989581312531544e-01 2.737978686070818291e-01 4.920093834746506745e-01 3.787284277458304316e-01 2.571522823503505362e-01 4.146809206717795293e-01 4.354817908558170636e-01
4.059000000000000000e+03 3.714299224812838696e-01 3.282321125240528770e-01 5.538113191090747733e-01 6.920508829220501923e-01 6.894054364498470866e-01 6.854877743285416880e-01 8.291602989788631195e-01 6.943704159827954747e-01 3.850842810768270730e-01 1.805661528414966854e-01 7.201747468405718111e-01 3.413987121772701361e-01 3.273259654063623292e-01 4.628702727345844758e-01 2.960835064502087555e-01 1.520666565093344857e-01 3.569687602667142579e-01 3.735960633199560399e-01 3.801867397987175323e-01 5.413735206454276527e-01
4.287000000000000000e+03 4.349060238505301212e-01 3.852966918855739165e-01 6.215375764587941498e-01 5.175394202369411056e-01 5.900360266966178102e-01 5.575213593463076434e-01 7.381162705195207785e-01 7.447798696478110658e-01 3.928770067860267723e-01 3.040889641415943090e-01 6.569499858107166190e-01 4.593857886493205589e-01 3.393110681640905679e-01 4.676835679414758085e-01 2.928040855484367877e-01 1.203319347894106356e-01 5.487777788651249100e-01 3.159155841011691557e-01 3.692523854773497316e-01 4.064502286011921206e-01
5.938000000000000000e+03 4.177483874871337766e-01 3.364787023014692569e-01 5.956939455506606862e-01 7.748987433418583759e-01 6.746438860410794991e-01 5.848491145954916037e-01 7.084391001651499931e-01 6.880300797127945067e-01 4.281773238622074707e-01 1.678811157325071080e-01 3.547269888982569341e-01 7.102449292686175975e-01 4.828507209444959924e-01 2.891686847747809708e-01 3.103467546883681427e-01 2.560870879015584300e-01 4.632944513285919275e-01 2.643347745184317366e-01 4.125293147221907875e-01 4.614388718995560135e-01
6.183000000000000000e+03 4.200839728098835768e-01 3.486640884572004828e-01 5.756037794138860741e-01 7.198585384027255119e-01 6.843736781704927719e-01 5.839522575185809306e-01 8.088416321439134693e-01 6.583224757314588560e-01 4.181109432376510227e-01 1.545511017830945855e-01 3.785908572447542753e-01 3.747908105424868075e-01 3.824052176764609068e-01 3.884557612994115616e-01 6.028722695717249058e-01 1.843113493274566861e-01 4.787903373723579326e-01 3.079153480539227328e-01 4.061715828908779580e-01 4.778378007903242852e-01
7.344000000000000000e+03 3.789114538897149775e-01 3.636090843607805434e-01 7.425567592489250579e-01 8.794651769194145041e-01 4.315622438656586124e-01 5.634879976999530582e-01 7.113889281343149795e-01 6.776524683097808754e-01 3.687697237998591726e-01 2.408779664192979841e-01 3.437191057393397253e-01 3.092907840515513040e-01 4.455122205897119603e-01 3.687974794694938163e-01 6.092480794330420446e-01 4.607332571625438744e-01 3.654274236421192201e-01 2.789357483846972574e-01 4.803009826413426331e-01 3.763572324005305392e-01
7.345000000000000000e+03 4.230770379219108701e-01 5.319480916007333082e-01 7.171090055666127228e-01 4.015263532483031583e-01 6.193027208983825638e-01 6.055166482903111547e-01 7.454617893227889480e-01 5.932815170090656176e-01 2.739525033928984499e-01 2.824517014232121870e-01 3.080334090459871943e-01 4.519398063542367505e-01 3.708424097493777105e-01 6.129514550226367042e-01 4.579052066084161599e-01 4.355356792272555566e-01 3.534264598781897693e-01 3.679449972053966955e-01 3.770516859136918697e-01 2.951598286601561094e-01
7.911000000000000000e+03 5.135895406333639279e-01 3.838793175348105269e-01 4.791734698197066544e-01 6.733290830780581659e-01 7.431396445681016649e-01 7.966187424054369526e-01 6.991616365527957289e-01 5.478509048314395002e-01 3.016543973834084902e-01 1.952627718776443755e-01 5.322915042658075135e-01 4.760175830039187206e-01 3.375690302574928525e-01 4.777912624424907051e-01 2.542156538954551959e-01 2.244861783101778641e-01 3.596660531276063000e-01 2.253199893616137650e-01 4.299108626865388305e-01 6.655568269901869227e-01
7.912000000000000000e+03 4.567965417234964853e-01 2.968182374037634519e-01 6.160431676263387057e-01 8.118853645405637032e-01 8.996041925050186627e-01 6.194152348208994407e-01 6.216194163086626867e-01 5.556062078362820067e-01 2.583134080059526494e-01 2.656456906422277608e-01 4.763576260601546375e-01 3.440936651695844506e-01 4.827505342046533032e-01 2.570177101747075366e-01 2.688765846970827544e-01 4.312328748769461706e-01 2.881114126259200492e-01 3.235018592553330352e-01 6.700256925096256255e-01 4.574062293361806364e-01
8.938000000000000000e+03 5.042677303619046425e-01 5.113753823411636423e-01 4.113374652194461967e-01 4.508002425602378183e-01 7.156307819759045730e-01 7.069662099724857152e-01 8.102507180740493586e-01 6.546633293613633997e-01 3.070712878526352108e-01 1.840002621887374123e-01 6.910264516342299324e-01 4.843201709692983581e-01 4.502613988065480854e-01 5.382393751122739323e-01 2.695533945596578218e-01 2.309849959224455906e-01 3.360148636374858944e-01 2.424735927523827828e-01 3.320444548289728792e-01 4.268887824135986775e-01
8.939000000000000000e+03 5.704430539814155932e-01 2.351229088800692313e-01 4.896900654144957787e-01 7.852688186436809215e-01 8.079207046926142333e-01 7.288662653364049726e-01 7.512638704526627409e-01 5.651813309948157116e-01 2.532708190235253287e-01 1.968244383785323071e-01 5.317750953886852816e-01 5.035739323898330566e-01 5.966837830527184083e-01 2.990210994907867015e-01 3.007968547553992456e-01 4.524434987062475599e-01 3.484344274632047989e-01 2.629240194179979229e-01 4.715683621719601315e-01 2.772086520291633382e-01
1.236500000000000000e+04 4.520367610979388884e-01 3.839461898805306972e-01 5.476969432842609953e-01 6.109004474083782332e-01 6.831572905195754108e-01 6.241344810598781212e-01 7.143704989717090115e-01 6.611545818618647097e-01 3.617487945853301023e-01 2.938220269968563891e-01 4.044933735284937937e-01 4.571438793167185155e-01 5.716326366941769654e-01 3.536209659902402880e-01 3.426479557879043569e-01 2.084286489891713778e-01 3.892014055636116576e-01 2.297758293198768342e-01 4.965652135720038385e-01 5.315061802419676074e-01
