2.920000000000000000e+02 3.701380429810867123e-01 3.480104956024180352e-01 5.871657074815908040e-01 6.825489838063817372e-01 7.436471614620308035e-01 6.209066203135251705e-01 5.895708248866509127e-01 5.782572213363064151e-01 3.839267792201254692e-01 5.252422843866682012e-01 3.730305312011435448e-01 4.520367928982040873e-01 2.471751447664689294e-01 3.329975543671561677e-01 2.721996461960702329e-01 4.393132766108300280e-01 6.623890913258975166e-01 4.698293094875146680e-01 3.304063332620055804e-01 4.434680570187901627e-01
3.100000000000000000e+02 4.081666179472041023e-01 4.427670434907558517e-01 6.850720070928492111e-01 7.391067618438607045e-01 7.231835785591245180e-01 5.435062401232095830e-01 5.878707425896134708e-01 4.960747955385796937e-01 3.209051433463512848e-01 3.976593753855203195e-01 4.914488813751480278e-01 2.595559942378478091e-01 1.198257066614260291e-01 4.463641086505144018e-01 4.665711222052347784e-01 4.508503156786398680e-01 8.660863610957992842e-01 3.165718671801039386e-01 2.273298337394059343e-01 4.260995192902506390e-01
5.270000000000000000e+02 4.240917041864599724e-01 4.175450929356235852e-01 6.805136969154427229e-01 9.192489987172512977e-01 7.083165766814725206e-01 7.722475409001483548e-01 3.667128541698730926e-01 3.534032784969940444e-01 3.755262121816518306e-01 3.641785688173685975e-01 6.125945265947055907e-01 4.280750649887472004e-01 2.882365263963647117e-01 1.232147699121572265e-01 1.915662892141322682e-01 6.430225980327023416e-01 6.889378317948092745e-01 5.200635722927147153e-01 3.602456178900783623e-01 2.118716284447783871e-01
1.044000000000000000e+03 4.380751281363408633e-01 4.302124071444699549e-01 6.599395296194028315e-01 7.266036731740119770e-01 6.987911595646226770e-01 6.973140116426722601e-01 5.445699279045348451e-01 4.751651946573194896e-01 4.068243886147048793e-01 2.391222939581661433e-01 4.449625847559074976e-01 3.550348296304802753e-01 3.461576471524571708e-01 5.386340020147944996e-01 4.837377400813018813e-01 3.744157938126801977e-01 4.836833723533649487e-01 2.384420155382563078e-01 2.749374776668476739e-01 5.004957604819235684e-01
1.191000000000000000e+03 4.920418939760152766e-01 4.451982614356252421e-01 6.303544634357661769e-01 7.648159059539793025e-01 6.846388926934473540e-01 6.193229999411495879e-01 5.621298521192649167e-01 4.023559710015466861e-01 4.188870698082323707e-01 2.906140126420014291e-01 3.886686222189610351e-01 3.927054982930960336e-01 4.114673068165027314e-01 3.645223259005376248e-01 3.551892611352112095e-01 3.383110555305045009e-01 5.346857528212717314e-01 3.790956669716991634e-01 4.813711570201889001e-01 3.595832987676227943e-01
1.314000000000000000e+03 3.793107481886865417e-01 5.199099652498279100e-01 6.319733968007691383e-01 7.520467594232378428e-01 8.634201898681234111e-01 7.282484493314359542e-01 6.243339926429970488e-01 3.632048861624500580e-01 2.011437372826216374e-01 2.993834003356034001e-01 4.007703856966280953e-01 3.387106814554161072e-01 3.370918706055296421e-01 5.790213850267512674e-01 4.776900361059752131e-01 4.009011074873189973e-01 3.788935482609097072e-01 2.855013825748839995e-01 3.011997924080651590e-01 5.286479124769803972e-01
1.890000000000000000e+03 4.132608776968495490e-01 4.127040876847959394e-01 6.606182106831843814e-01 8.014327344817852028e-01 8.389829009195574061e-01 7.175670356242592751e-01 5.203949835383349098e-01 4.872562918049562763e-01 3.176467838049809034e-01 1.848635056885229444e-01 2.296051316663341724e-01 3.967970927189443664e-01 2.909704429412074966e-01 4.431359579877817145e-01 4.710972889261478835e-01 3.546815625039508868e-01 5.144559562068099501e-01 3.603256939245561563e-01 4.001528985783426862e-01 5.450892358497562151e-01
3.582000000000000000e+03 4.539433121964134288e-01 4.646494665673669977e-01 5.712090704009623598e-01 7.221294689713108061e-01 7.740287721096885676e-01 5.835477546876808308e-01 4.154628639148658098e-01 5.298931710644184667e-01 5.321075318229653295e-01 2.736405852052242738e-01 4.241637404685333346e-01 2.808332077829927553e-01 3.246077500952462280e-01 5.189612449195964983e-01 2.831222261730327872e-01 5.330863427808786303e-01 5.651745382128859907e-01 2.726613465725809538e-01 2.603303694223051967e-01 6.016783593404460007e-01
3.913000000000000000e+03 4.821869661006053520e-01 3.741790087107600971e-01 6.208500492077095867e-01 8.160927353360801773e-01 5.404998512024267177e-01 6.566884875618947959e-01 5.501909339198176596e-01 5.799759417368888226e-01 3.949858627512332077e-01 3.174632269730201517e-01 4.456027784831209093e-01 3.557527964649014329e-01 1.862144854576529840e-01 4.307248210237005770e-01 6.070603170124264647e-01 4.576371414412462868e-01 5.190994361487161202e-01 2.720861251170391126e-01 2.025471371692852685e-01 5.772635618428954007e-01
4.045000000000000000e+03 3.769515746811665791e-01 3.692298413433046100e-01 6.152295130323809369e-01 5.827232335713895539e-01 8.187037621212785998e-01 6.932029938489943088e-01 5.763747828213401370e-01 5.135584912098521970e-01 4.124787165474272377e-01 4.263057930124942163e-01 4.153901716947918654e-01 2.895854536846952931e-01 5.036305176789213078e-01 4.669832239701627308e-01 4.119579804848513827e-01 4.815050335860447950e-01 4.295104768924318250e-01 1.943980387886997674e-01 5.049093128298287603e-01 3.610700011801332154e-01
4.062000000000000000e+03 4.381731992046447588e-01 3.931312288211732953e-01 6.423194993757546101e-01 7.914856421252614016e-01 6.886087392077946401e-01 5.335317711832153753e-01 4.605921428486822733e-01 5.894401794305997866e-01 3.879438033887400161e-01 4.320049113408122032e-01 4.591215973706114784e-01 2.967146100155547694e-01 2.067229424825124950e-01 4.218840030927629714e-01 5.274741851792387193e-01 4.041959016217860912e-01 5.216122352085189595e-01 2.219085312744734917e-01 2.912610753350918791e-01 6.867906364529404728e-01
6.186000000000000000e+03 4.767206305085605611e-01 4.186300896896071877e-01 5.945735476658662311e-01 8.180439192961157513e-01 6.885338517764565403e-01 6.052454959212291152e-01 4.772461666625334997e-01 4.905779327930809841e-01 3.697514404648636899e-01 4.143087830696742246e-01 3.710849107413055625e-01 5.817718895051096073e-01 2.237922650794708923e-01 5.173282381836158406e-01 4.334909801483554093e-01 4.189380509351376958e-01 4.301241246801055240e-01 2.772367470029697412e-01 4.111209161660820954e-01 3.750704222845240854e-01
7.220000000000000000e+03 3.890959131346302668e-01 3.664245541852869659e-01 5.562502437173397762e-01 6.672134342774995730e-01 6.738388853632616415e-01 6.548332788679729344e-01 6.284781103164276406e-01 5.850517810637453353e-01 4.093938897825362133e-01 4.788423196415262373e-01 4.098338042666080927e-01 5.097599808187679438e-01 4.889405123740199755e-01 2.337565060717486098e-01 4.552779209206369027e-01 4.021315633166173131e-01 4.336089790246869247e-01 4.014119049262858119e-01 4.597883845830236793e-01 2.256664969187284764e-01
7.556000000000000000e+03 4.842848265471912383e-01 4.081440353942236143e-01 5.630260024296266375e-01 6.636319915208460651e-01 7.166219877212406386e-01 5.567453459389763992e-01 5.388926492857892825e-01 5.085423803306353685e-01 4.308634563663195638e-01 4.680240889470637655e-01 3.530010095144886506e-01 8.152089788158142225e-01 5.169771510094004485e-01 3.609910370174269634e-01 3.735477111019823715e-01 3.804242127549414820e-01 3.859118315630685747e-01 2.304319264176521165e-01 1.657279695161026634e-01 4.680615051055113107e-01
7.914000000000000000e+03 4.548111822969492235e-01 4.595785110704760368e-01 7.585483730676164660e-01 6.846668615124161805e-01 5.593391618398971810e-01 4.913383874788983530e-01 5.171716429675101701e-01 5.155135240715800204e-01 4.058558365155866543e-01 4.133163627749012470e-01 4.832802781800049075e-01 2.598006936148036794e-01 2.695669442025687146e-01 4.328207921185781570e-01 3.598176634316388456e-01 4.824972734652331341e-01 6.763433971295126357e-01 3.438323859604378030e-01 2.951498715925442440e-01 4.519008162980124310e-01
8.081000000000000000e+03 4.166371446467017625e-01 3.370211682810190790e-01 5.610514432301265675e-01 6.965060793125025240e-01 6.964644575321456976e-01 6.982558577456230431e-01 5.316432304921885343e-01 6.040523640863808552e-01 3.853144189685565602e-01 4.755916361624645816e-01 5.554712981977026898e-01 2.602604755189095731e-01 4.106691087670155671e-01 5.482931606104929356e-01 5.082319406792374927e-01 3.436254612978302814e-01 5.144686178483984795e-01 2.443442859001448697e-01 1.337580647865009020e-01 5.232797800671137312e-01
8.941000000000000000e+03 3.648082117130552193e-01 4.623403430753880716e-01 7.121945605717640015e-01 8.596275463571523279e-01 7.170280161422972753e-01 5.256291816437653752e-01 5.372108686002685651e-01 4.811062643397858718e-01 4.092680476573670734e-01 3.007710310816626431e-01 6.329327570407733417e-01 3.202723563149931785e-01 3.195401227404700562e-01 4.766710383441334908e-01 4.422915539316645273e-01 4.224489519018007067e-01 4.819765522977996763e-01 1.943809088541849639e-01 4.107539800355206050e-01 3.548429678853405322e-01
1.081500000000000000e+04 3.570123441343875936e-01 3.310819589486239112e-01 6.103235441336711808e-01 7.012289521343829657e-01 7.465808899227348583e-01 6.316744372683165132e-01 5.560249525380727142e-01 6.062691630518892705e-01 4.216029163614576358e-01 4.683073368059694208e-01 3.747039633078150245e-01 3.291886851856589136e-01 5.250819115630183109e-01 3.670227039679033187e-01 3.402278975005985084e-01 3.343514785420501068e-01 5.066027334483970135e-01 3.365249815911410258e-01 5.252498091580874995e-01 3.676337079326348345e-01
1.248000000000000000e+04 4.078030769098159869e-01 3.482070035508493810e-01 5.885890844140426736e-01 6.823596413989438947e-01 7.887259361913269151e-01 6.965732169946149410e-01 5.648315159068387770e-01 5.538564107084039678e-01 3.564406254599990498e-01 4.092779477080605299e-01 6.682548554813416697e-01 5.282995770976138816e-01 3.580751494243316624e-01 3.943724768124406421e-01 2.520596255343483527e-01 3.629672355895905977e-01 5.846866520900452224e-01 3.609767259012106599e-01 2.042243549744325870e-01 3.237796720884635326e-01
