3.060000000000000000e+02 2.624311936448525118e-01 2.341004930515556415e-01 5.429805960239002527e-01 6.596192802427617297e-01 6.299225817767104552e-01 7.040678243280318327e-01 8.653194768716708785e-01 7.208484547053910507e-01 5.212903072299028828e-01 3.849365760840899875e-01 2.837904574335884944e-01 8.010218203339841692e-01 2.973015839803334059e-01 3.111560158758144290e-01 5.785474439663483848e-01 2.700414395794168976e-01 5.910316142315832216e-02 3.682787028440073218e-01 5.055106558358305469e-01 4.865743763076080253e-01
3.070000000000000000e+02 2.970734748218640253e-01 3.233712005882242169e-01 5.716132692466542320e-01 6.125161235928837655e-01 7.474985759866353829e-01 7.276241055778148725e-01 7.719333718271202960e-01 7.111313826952748718e-01 3.814065218911703026e-01 2.995518790490416250e-01 6.714255472151799964e-01 2.538279032434238025e-01 2.633300006844993546e-01 4.898931346769530015e-01 2.560811465605128956e-01 4.115783596300486707e-02 3.775317889765804069e-01 3.174276347985080515e-01 4.102080348750754557e-01 8.375934705726717500e-01
3.850000000000000000e+02 2.326331306214844408e-01 2.054491911214467170e-01 4.770405620846926431e-01 7.180744596189666540e-01 7.383177384683528022e-01 6.337297912011952139e-01 7.796845675941135312e-01 7.968515199734432786e-01 6.415696289498522553e-01 3.598600248852319994e-01 3.423389980261307142e-01 3.278109851596802682e-01 3.639368161739421903e-01 5.753546963773853440e-01 4.120153992271380350e-01 4.055779588075799635e-01 4.360897666797108330e-01 1.190908376602188290e-01 2.876975245116448754e-01 7.763311692280846499e-01
5.480000000000000000e+02 2.279672430031472463e-01 2.678871167465612935e-01 4.254661414568560729e-01 6.325638270445576028e-01 6.269526707058199477e-01 7.257922538030494586e-01 9.054275205396551396e-01 8.636081436357398999e-01 4.777014531366341465e-01 4.017437489309635401e-01 2.320236653142279948e-01 4.201581310507397915e-01 5.990213563317748902e-01 4.578044886036440886e-01 2.613721088104253854e-01 3.333604634477220219e-01 1.691310031253439594e-01 1.817925430609602100e-01 5.439347781757415401e-01 7.885342346989140383e-01
5.490000000000000000e+02 3.158571379649511290e-01 1.982624868847422672e-01 5.432485544597457361e-01 5.874337718761413196e-01 7.531321257435334982e-01 7.486674969362208110e-01 9.199227858003344860e-01 6.565542994929884912e-01 3.799285398333464570e-01 4.054895288776751427e-01 3.890818709526123187e-01 5.650247034439116467e-01 4.280353971790888390e-01 2.445237571793355547e-01 3.303567488767382709e-01 1.791268142928770790e-01 2.093030532746182615e-01 3.913409945921732525e-01 7.345587269997557733e-01 4.579852159246325383e-01
6.850000000000000000e+02 3.979787656675647378e-01 3.735041337377313364e-01 4.736050097830883931e-01 5.608864846837231521e-01 6.278523734174642490e-01 6.418829227359174050e-01 7.623633992580438612e-01 6.651564549506303603e-01 5.048085771192567517e-01 3.835427106884948256e-01 1.958611745929242365e-01 3.151905567293511456e-01 5.317203391849644190e-01 5.063114701029525211e-01 3.647294032580232215e-01 7.277295215058439126e-01 2.227072187215057564e-01 2.495658427411990288e-01 4.412149462651003273e-01 5.280065916201329701e-01
6.860000000000000000e+02 4.241894630800232546e-01 2.642846143859352015e-01 5.219505916315513305e-01 6.237389752937386733e-01 6.915676999368847166e-01 6.416369844049953919e-01 7.184909275269472095e-01 7.058572882743047172e-01 3.907539131359568096e-01 4.359025139095893953e-01 2.867746701476002191e-01 4.927701442797896014e-01 4.651058723556240060e-01 3.352389871232093199e-01 6.148261490767633619e-01 2.326431354867534995e-01 2.816040494404831729e-01 2.968702122229960327e-01 4.832285904860644243e-01 4.889329939430031580e-01
6.870000000000000000e+02 3.271997357411571827e-01 3.078290674309853703e-01 5.555466672456282895e-01 6.954209426491591017e-01 6.868605765125647133e-01 5.964060100028735212e-01 7.613696775797607064e-01 5.987637489129895574e-01 4.337847227747888557e-01 5.247521842013059823e-01 4.578621723315995373e-01 4.401910187613837233e-01 3.145019875070504956e-01 5.771028928765147281e-01 2.557720890858958818e-01 3.055908849966837426e-01 3.447285541709513845e-01 3.408130554235939691e-01 4.569779153391740900e-01 4.945322061191922969e-01
1.037000000000000000e+03 1.510543794234796566e-01 2.089043711334604703e-01 5.982894079543179533e-01 6.586654615621815312e-01 8.281200565937921754e-01 6.458449647350504863e-01 8.379472768123710225e-01 6.546829477975850686e-01 5.041257932502002381e-01 5.299310806912802541e-01 5.407624171291501858e-01 5.362628599817798047e-01 4.008903529093366114e-01 2.950039299766599177e-01 4.508679105460636771e-01 5.648906409046368093e-01 3.146128910306539850e-01 3.075810273441669240e-01 3.294160320719388690e-01 3.252137004245703733e-01
1.038000000000000000e+03 2.553825187959319343e-01 3.533165493356376641e-01 5.468966880222752014e-01 8.104693645585345774e-01 6.502362778710669700e-01 6.702592450586150052e-01 6.615084688999327556e-01 6.665403561792010434e-01 4.799107250867054586e-01 4.222198442705308308e-01 5.305709282133099780e-01 4.040124095347576993e-01 2.947020076910107922e-01 4.506483705128999095e-01 5.382662492888294903e-01 3.716063371715321306e-01 3.861584918346621653e-01 2.271617511980578152e-01 3.236730856334945616e-01 5.057666357637803367e-01
1.039000000000000000e+03 3.939480733704732174e-01 3.200712417822355049e-01 6.523285717094934322e-01 6.244877325062585527e-01 7.004695317863312010e-01 5.270194294752107433e-01 6.986638863657960163e-01 6.648215056024732172e-01 4.052583287699830228e-01 3.850394566063813362e-01 4.039639314483752797e-01 3.001465842415753649e-01 4.549440574928221848e-01 5.436966817633095417e-01 3.876409331699027239e-01 4.625878301479057764e-01 2.901090276394051037e-01 2.250523944393781894e-01 5.087272618924446599e-01 4.587651960649254401e-01
1.040000000000000000e+03 3.773926181778881062e-01 4.356622606941296105e-01 5.583736970763027996e-01 7.102853192342978295e-01 5.661383126642749453e-01 5.809409055599963345e-01 7.170689781862923384e-01 6.147678996070289337e-01 3.911232362579970534e-01 4.385472091797939509e-01 2.977595788924063402e-01 4.597052928739602806e-01 5.445648373940635834e-01 3.884881429147990506e-01 4.576049949156970609e-01 3.436912937312272542e-01 2.845028529533746853e-01 3.922645832322640413e-01 4.578213319682544191e-01 3.667988691545667201e-01
1.187000000000000000e+03 3.439843961515312576e-01 3.535693053570518329e-02 5.017729296383892645e-01 6.309579259277271479e-01 7.897507978138031959e-01 7.233028258237925723e-01 8.060575688833272467e-01 7.534981578519623913e-01 5.013202563118697164e-01 4.880657865435963916e-01 4.609273633759142230e-01 5.063198038779582744e-01 4.006239970761033553e-01 4.328834234252811330e-01 4.307137620499553732e-01 4.303299490371729763e-01 3.893722467006267562e-01 2.659444516363195232e-01 3.621533195392242499e-01 3.656575755810217432e-01
1.188000000000000000e+03 1.339766191207504564e-01 2.938076162930132740e-01 5.653959044958678515e-01 8.238324516666517550e-01 7.832952278403595425e-01 6.858882641176552442e-01 8.245555025733639631e-01 7.057054516744349915e-01 4.882498737882351447e-01 3.055298449375652425e-01 4.798120075418632058e-01 3.867083286532911890e-01 4.141833570621845095e-01 4.123398768035158035e-01 4.124038375233990417e-01 4.364537694597027118e-01 3.165143344456132768e-01 2.430948688521577250e-01 3.485522751391078033e-01 5.819356001119839750e-01
1.409000000000000000e+03 2.924050720362835754e-01 2.308400281487090477e-01 5.469663578199625009e-01 5.271165666718782283e-01 7.125931053562121198e-01 6.494159651075416262e-01 8.232583576777098289e-01 7.412137669224256875e-01 6.009287479201191884e-01 3.516065640941481996e-01 4.776809900299169853e-01 3.735303369884181435e-01 5.254493542538708484e-01 5.322756502120690181e-01 3.676958708157654909e-01 5.659925768142366476e-01 2.792294403642207046e-01 1.286622546955647206e-01 3.063232544901174914e-01 5.260603152467692167e-01
1.410000000000000000e+03 3.001073134258842035e-01 3.340176562346657829e-01 5.012780903549445277e-01 7.245989118390069317e-01 6.983870555644798861e-01 6.974972166705635246e-01 8.054723767221120267e-01 7.918114935202470450e-01 3.607338079154607802e-01 2.588481906691602052e-01 3.706492751108587114e-01 5.310823865678803157e-01 5.332620753532058000e-01 3.685954664399113123e-01 5.407202338756993409e-01 3.308428955107544644e-01 1.643620448891919827e-01 2.068758431124248787e-01 5.251166723286099236e-01 4.357276977397487872e-01
1.663000000000000000e+03 3.113464950220338756e-01 3.280371708316373591e-01 5.085654179189722512e-01 8.484239417874381850e-01 6.265920520448516884e-01 5.704073012427443023e-01 7.927849228419204808e-01 7.332245462759326982e-01 4.259405588113479579e-01 3.617840630719877937e-01 5.019688101581877282e-01 3.505451850159110316e-01 4.134549643112244155e-01 4.874077041958386758e-01 3.721973497008717047e-01 2.836982181768091249e-01 4.994569811901323209e-01 2.326544634524966015e-01 4.309771427988912662e-01 4.432217992971112519e-01
2.311000000000000000e+03 3.433884296270436898e-01 3.027514482853894129e-01 5.493748227215389246e-01 6.413375716263722826e-01 6.869525538689627009e-01 5.927163252521456815e-01 7.297888258273025341e-01 6.742662385375590706e-01 3.665228982501881339e-01 5.792448422782389139e-01 3.680194046386103257e-01 4.488140298622094737e-01 4.091701577090174347e-01 3.568521037224456349e-01 4.175696171729285089e-01 4.063820671647982996e-01 3.692174495246725585e-01 3.334524534566876142e-01 5.180213096061848654e-01 3.870772861241773000e-01
2.335000000000000000e+03 3.865894489218851260e-01 3.841489660248413873e-01 5.108212130385223482e-01 6.563512221749049358e-01 5.955541692021671940e-01 5.914520639395483004e-01 6.949834642946963736e-01 6.681661084792407390e-01 4.642496400834230652e-01 4.530833895018490654e-01 4.551765487179738057e-01 4.770432544426162491e-01 4.343179289587815739e-01 4.560811099194439500e-01 2.874496403264188982e-01 2.918679056331408561e-01 4.834721088159342761e-01 3.619653120757921339e-01 4.225925703743756978e-01 3.324158828437180357e-01
2.690000000000000000e+03 3.035851688045085872e-01 2.729993499763695430e-01 5.118746272060691327e-01 6.600054355230993153e-01 6.961204422498121769e-01 6.248781917242219874e-01 7.919744812615462370e-01 6.559112626689648229e-01 4.734434830555290241e-01 5.279770153468977822e-01 5.008077250871204589e-01 3.226867471799175213e-01 1.624583554846330546e-01 4.665958585405272641e-01 3.539962406587033872e-01 6.652402617525374762e-01 5.065893662812929188e-01 3.100493930594805381e-01 2.997826281256751879e-01 4.976145696305432353e-01
2.691000000000000000e+03 3.231763004635161418e-01 2.847382535459906383e-01 5.627755559230140925e-01 6.770009873972260284e-01 6.489501799729634479e-01 6.470087520693241778e-01 6.839553357511723997e-01 6.569154995249625317e-01 4.981980500520934441e-01 4.943421268154120640e-01 3.252729507457801095e-01 1.668091934273507881e-01 4.748683393048204748e-01 3.604858249936112036e-01 6.302093466921715459e-01 6.129917998716414296e-01 3.982176180985897984e-01 2.052412929450845303e-01 5.045960778944045266e-01 4.011596578998112839e-01
2.707000000000000000e+03 3.236565423857394319e-01 2.861703607208140321e-01 5.102718944035411486e-01 5.782980350284443460e-01 6.779254821651333751e-01 6.629147307661396038e-01 7.939581970726016236e-01 7.493239570522172155e-01 4.277552840043972737e-01 4.547587250553064009e-01 6.563609767614206891e-01 5.864047706424878603e-01 3.786558601015548864e-01 1.623616099487878994e-01 4.175867392806271172e-01 3.489314211857941772e-01 4.033877630953076054e-01 3.666387417409071037e-01 4.054494614555942400e-01 2.867019311509470536e-01
3.411000000000000000e+03 3.051471971208628009e-01 2.602496650089185515e-01 4.872595531257800650e-01 5.455086941968195768e-01 6.501436909154060251e-01 6.284241266662993208e-01 8.418085377342408027e-01 7.904849575909512760e-01 5.797497161714835201e-01 3.886329367941699364e-01 6.669134084339387591e-01 3.483034723990398596e-01 3.484173323471545514e-01 3.702666273221370541e-01 3.447365719862112154e-01 1.741069734646228107e-01 4.264959147858549127e-01 2.674594380250277514e-01 3.661920492818205308e-01 6.595366808635610978e-01
3.412000000000000000e+03 3.231268170605983148e-01 2.737516716503917702e-01 5.091366459791292209e-01 6.441222101076644613e-01 6.715514317677946377e-01 7.110849171159169257e-01 8.586106886870549237e-01 7.691266224305509658e-01 3.902652693581685206e-01 3.204014486531827632e-01 3.565816696425158083e-01 3.633271189208518437e-01 3.827280189063423377e-01 3.565462362631645066e-01 2.333491763163130783e-01 5.257962658798919220e-01 3.510207356160969794e-01 2.724080330874895095e-01 6.792585870973584239e-01 5.069439479153792227e-01
3.562000000000000000e+03 4.229646252355455660e-01 3.660052070656302226e-01 5.259352488714938989e-01 6.761273795615976301e-01 6.975556937369664645e-01 5.864160632177249921e-01 7.190519042710231679e-01 6.993091033662225398e-01 2.982010083180525184e-01 3.959198010892829855e-01 3.459332974391275406e-01 4.271211529497683235e-01 4.770613631282726863e-01 3.457727245735258692e-01 1.609972796284194763e-01 5.491193901394093579e-01 2.455944746835466430e-01 4.010481691821392580e-01 6.461998627358345182e-01 4.142553214728193489e-01
3.578000000000000000e+03 3.757107393938289297e-01 3.362706772279558387e-01 5.702829648210961944e-01 6.924531360545971292e-01 6.341361367913663782e-01 6.655705961490299138e-01 6.344205202621988615e-01 6.465378224210025504e-01 4.998227386379022197e-01 3.537732777997216194e-01 2.347162537251538672e-01 5.347576355462205777e-01 3.530801870829013422e-01 3.870825588262118422e-01 5.084702248395553958e-01 3.084937928886650194e-01 3.192545023806701576e-01 4.496788393654670979e-01 3.122130290028496957e-01 5.685014558150738306e-01
3.713000000000000000e+03 3.627805288647160675e-01 3.236906336889235347e-01 5.229791515358686027e-01 6.147872149502027206e-01 6.048803438089775941e-01 6.348115791424098209e-01 8.102455413812552631e-01 7.036669556612812348e-01 4.830678795141264970e-01 3.616775671618087107e-01 6.135389643992845699e-01 3.835025524635718441e-01 3.974601908166451869e-01 4.885417995346574838e-01 3.116616463952309735e-01 2.231314044194440960e-01 3.583406065904267690e-01 2.449850381677665112e-01 4.231980622949331750e-01 5.424181976503050784e-01
3.894000000000000000e+03 4.451064043618269128e-01 1.651539970289090109e-01 3.630857701249459724e-01 6.681795773854726228e-01 7.656574905565625144e-01 6.185335646935165022e-01 8.519001505840971822e-01 7.542999243244135066e-01 4.353493669449902126e-01 4.475285696702802629e-01 3.697916276096531729e-01 4.971062503423862022e-01 3.993718690700377438e-01 6.471733634141483282e-01 5.006465460132745182e-01 5.366959572639468101e-01 2.949702193808225181e-01 3.097332226119926535e-01 2.980171024206208497e-01 2.158184590839226924e-01
3.895000000000000000e+03 2.485731062147628068e-01 1.630203458077946477e-01 5.900657677224296904e-01 7.997042028714662631e-01 6.739552838687786762e-01 7.327087990966130171e-01 8.295663086881873705e-01 6.494175687368252126e-01 4.555804258984327282e-01 4.483427712324218328e-01 4.683627515883390102e-01 3.832749722326904140e-01 6.156348849609661888e-01 4.765187225770757817e-01 4.910896421133321144e-01 3.265060032239008314e-01 3.660395960063874687e-01 1.854476107707680732e-01 2.045083707391270045e-01 5.197866531466773798e-01
3.908000000000000000e+03 3.337469176677085314e-01 3.029021877151405473e-01 5.797828285975125118e-01 7.650150670931075148e-01 6.935163226766780653e-01 6.456391209306703294e-01 6.707473971133193213e-01 6.636794966574462995e-01 5.246161865141616421e-01 2.767828255311717833e-01 3.887927690718019358e-01 2.008486446720654239e-01 6.397154319649197562e-01 4.317185126324832867e-01 4.028215217338355636e-01 5.110787217056118603e-01 3.225712618891607986e-01 1.001693583720583702e-01 4.407023380435057813e-01 6.239202042021644301e-01
3.909000000000000000e+03 3.559216147842939049e-01 3.581077643557238899e-01 6.324575587164561474e-01 6.881682810651189586e-01 6.832474293459539494e-01 5.443368497588951804e-01 7.046001676679756187e-01 7.132878497876120605e-01 2.830658968010184018e-01 4.370873041454602648e-01 1.937808706833235306e-01 6.286442675541218383e-01 4.205294277583436213e-01 3.926051678843434090e-01 4.828704043717308991e-01 3.688923838416671153e-01 1.227821375609850635e-01 3.188245388098583932e-01 6.055248263805150799e-01 4.533099519851297998e-01
4.985000000000000000e+03 3.422705365233728592e-01 3.014933498453234439e-01 5.537146510184428605e-01 5.942395429702068688e-01 6.087153090075247963e-01 6.638519734404751960e-01 7.106561470366730138e-01 6.841449505665823105e-01 5.853960542129047484e-01 3.838350814275159339e-01 3.435300725241953734e-01 4.010983149134221826e-01 3.122383745498880092e-01 4.687145502057352142e-01 3.511803067830905345e-01 3.199298747924859132e-01 2.634941358108443543e-01 3.696134072724140407e-01 4.653407553964782339e-01 6.745338177359538889e-01
4.986000000000000000e+03 3.538700396166715723e-01 3.320508715712829906e-01 5.317132102625820034e-01 5.839470935813951824e-01 7.015325930379915365e-01 5.804248880289085699e-01 7.269451586887568650e-01 7.671190005658821143e-01 3.781462213490745516e-01 4.658138443480491775e-01 3.980002393272472072e-01 3.155874155561951278e-01 4.695826759770608816e-01 3.520386626787278539e-01 3.432139471289190058e-01 3.120904588186384498e-01 4.649180217163228490e-01 3.526158310050789280e-01 6.733278382828593589e-01 3.086196409965681897e-01
5.512000000000000000e+03 3.351561089215079892e-01 3.048286949858725059e-01 5.270794779416142495e-01 6.101110861379855921e-01 6.802944788582526714e-01 6.290493775988972303e-01 7.635705064368989436e-01 7.103008335754942282e-01 4.743497273270658177e-01 4.169079202964387498e-01 2.815468681175244403e-01 1.671314052903709879e-01 3.902113408616938450e-01 4.273693392531673907e-01 4.305514215815098300e-01 3.439047237144562397e-01 7.102597373758182675e-01 1.374823664907336429e-01 5.372106689946644087e-01 6.118593040133498695e-01
5.808000000000000000e+03 3.082041881521012106e-01 2.944766995860873537e-01 5.218843611778803959e-01 6.025526690580966793e-01 6.779220746362533134e-01 6.843484295070271228e-01 8.098695732174103767e-01 7.116608327525050237e-01 5.277074107080964582e-01 3.253206547947215532e-01 3.696435725741174516e-01 5.794012579731929735e-01 3.959466426626275237e-01 3.146636400299621661e-01 3.713513973947075164e-01 2.297560958354517846e-01 2.475440762470813016e-01 3.193808724716776792e-01 3.314722588031942530e-01 8.019885769875579884e-01
5.809000000000000000e+03 3.482856433096358506e-01 3.019698936052491733e-01 5.371422863915312762e-01 6.685802175043785711e-01 7.245323848005791323e-01 6.741565397309922103e-01 7.596763447547271175e-01 7.155683670193916379e-01 3.262099427984471722e-01 3.969794055589468962e-01 5.270160067980766971e-01 3.668432038833975839e-01 2.889813643440329316e-01 3.412334555708776418e-01 2.482579126500116806e-01 2.596805696306326849e-01 3.613360163211585263e-01 2.045681706529785260e-01 7.338200766808665731e-01 6.408558744445048694e-01
5.936000000000000000e+03 3.609525711339379161e-01 3.207887989247062976e-01 5.643458803032569415e-01 5.809245121934034639e-01 6.590667300991652766e-01 6.788669069326028760e-01 7.251127017920581119e-01 6.328562790657438208e-01 4.305478672752619529e-01 4.662984875043860167e-01 3.123296575987621893e-01 2.721445656466692231e-01 3.938515690558080928e-01 7.810596045546169819e-01 5.353880516074330798e-01 2.925255181594784148e-01 2.725599482497930159e-01 1.982519897888275762e-01 5.372947445640763320e-01 4.117192301702187196e-01
5.937000000000000000e+03 3.767356535042633570e-01 3.494661070796173385e-01 5.313849688115223069e-01 6.575847217706568548e-01 7.283808215392829633e-01 6.037293347392820309e-01 6.778191631779003634e-01 6.358375568179555071e-01 4.622982026852650028e-01 3.997936592231166042e-01 2.584112907267679393e-01 3.809197411355926821e-01 7.487764542239893073e-01 5.135509661377111179e-01 3.073718826830978967e-01 3.043343403104740164e-01 2.365116116291324511e-01 3.973249652491911421e-01 3.932402467813704838e-01 4.404007217859600143e-01
6.201000000000000000e+03 3.678061135251099456e-01 2.660823470360373921e-01 4.574579427717496150e-01 6.543043056834986215e-01 6.226612083417798482e-01 6.370463307724613111e-01 8.092741110619626754e-01 8.666276116130495755e-01 4.316116157890850791e-01 3.417888625971013949e-01 4.026641406713150073e-01 3.592396043010788742e-01 4.224409061758754302e-01 4.428875220468317941e-01 4.588244884354956699e-01 3.575249692100091470e-01 4.063993436962211603e-01 3.056133963706552104e-01 4.149054492459995358e-01 4.442334561055730213e-01
6.202000000000000000e+03 3.300212189088017056e-01 2.472049401593834073e-01 5.749358771225736575e-01 6.147243628163476803e-01 6.840614670934535013e-01 6.835235945204886088e-01 9.501434401781411188e-01 6.376148504875776002e-01 3.510215512748110500e-01 4.030531322421235241e-01 3.467955033216545413e-01 4.153842285687082136e-01 4.316705956892863960e-01 4.474550143927679691e-01 3.632567337007994723e-01 4.663574904959530421e-01 3.722269742734694020e-01 2.960614543006954702e-01 4.313843273425674307e-01 4.639298657506796819e-01
6.493000000000000000e+03 3.921510764876936506e-01 3.153889750503657274e-01 4.762518805280439582e-01 6.755355360181863889e-01 6.239165762385284753e-01 5.951428178099261723e-01 8.070232582019991607e-01 7.283444130838658825e-01 4.202736410573670867e-01 4.065289328408678848e-01 2.353740911763839427e-01 5.106096249927015718e-01 5.004970544788216458e-01 4.507465367841557713e-01 4.579164872635707040e-01 3.230369633407244589e-01 1.852871757667504393e-01 2.763961494357578541e-01 5.376493048818664633e-01 5.117974400847914440e-01
6.494000000000000000e+03 3.664446774500397241e-01 2.581608720336261431e-01 5.798796686170875070e-01 6.034971698571429677e-01 6.281427265796585280e-01 6.716376173865225008e-01 7.791941556144117431e-01 6.184090242917554825e-01 3.994927875949646490e-01 5.461893933653932942e-01 4.727860412789520739e-01 4.720374187677590649e-01 4.213878060096735156e-01 4.283306286471859070e-01 3.225861996384118413e-01 1.970575681093277298e-01 3.193873268571417734e-01 3.859114167334876666e-01 4.766844162152993336e-01 4.613609335263195166e-01
6.531000000000000000e+03 2.666486367969447824e-01 2.822252696953043150e-01 5.563676651155352593e-01 6.677471959675743696e-01 6.736335593110176490e-01 6.558519642648926729e-01 8.298026378733833752e-01 7.609490323837695414e-01 4.019214216249824001e-01 4.058302036491996390e-01 4.266274447745539433e-01 4.314736082264563066e-01 4.618092752542913848e-01 3.931885825411891022e-01 2.506346197297093514e-01 3.941512963261602498e-01 4.709926484835966765e-01 3.137333487050034120e-01 5.041594755902052416e-01 3.751106808756232147e-01
6.671000000000000000e+03 3.094194360770878838e-01 2.816231263735347046e-01 4.728007981118138026e-01 5.411935015807075589e-01 6.161361288490634358e-01 6.126448468090424093e-01 8.215244305384361567e-01 7.732448411670370669e-01 6.009291087037091916e-01 4.458018082589241815e-01 5.534167679682905350e-01 5.055073449214984027e-01 3.495865469466822306e-01 4.081158513231648577e-01 3.572039119008360575e-01 1.756330594644856247e-01 1.606507341552740331e-01 1.981606323004009573e-01 4.617719068323478671e-01 7.867221857404120833e-01
6.672000000000000000e+03 3.436632743542113455e-01 2.622219252253222277e-01 5.091027351724901617e-01 6.072706141506669653e-01 6.580014211909718247e-01 6.953442176202556668e-01 8.420950924857689701e-01 7.913266014429495288e-01 4.450691893810602706e-01 2.947722065664544755e-01 4.851707672057694598e-01 3.417619123043102447e-01 3.954830362430293289e-01 3.463469542906744691e-01 2.199421486573703011e-01 1.798085902465402230e-01 2.399172778507551729e-01 3.354691143822733923e-01 7.595876038545870124e-01 6.226832747513755262e-01
7.104000000000000000e+03 3.576436636626927346e-01 3.668150913643264954e-01 5.493935304478938519e-01 6.040607600579664949e-01 6.283635233713985579e-01 6.041034630176052023e-01 7.489907654756624567e-01 7.381045006371370620e-01 3.731232400387694548e-01 4.292018504285848302e-01 3.366305327715509166e-01 3.208054473422273789e-01 3.325015138058173281e-01 5.329731814997243911e-01 4.764236978836877690e-01 2.126016479588531127e-01 1.724512136712735011e-01 2.666194471381827524e-01 6.426976187595168089e-01 6.556927775320141594e-01
7.217000000000000000e+03 3.577655190302854726e-01 3.091963980216077545e-01 4.778902999234770355e-01 6.294663261247501751e-01 6.819051548977705934e-01 6.023126655805924878e-01 7.592488066228600951e-01 7.087854633133319204e-01 5.377960460982504909e-01 3.904861465016769562e-01 2.684536311280774079e-01 4.257931110979902289e-01 5.441091254545178391e-01 4.205565786654833493e-01 5.178154173695896922e-01 5.177400729456563822e-01 1.625928462273730224e-01 3.192016429258690002e-01 3.854255900118854217e-01 4.715475797967444427e-01
7.218000000000000000e+03 3.672827210259839714e-01 2.668799014944538972e-01 5.604260116730575003e-01 6.863669730789532242e-01 6.464555893685194343e-01 6.366243157430746535e-01 7.669111512151859378e-01 7.338218122434790880e-01 3.948979662375275423e-01 3.849876210454535874e-01 3.933542139766104118e-01 5.119980595983987248e-01 3.922674700411088455e-01 4.832504882877449170e-01 4.673491335075726782e-01 1.711853847513396254e-01 3.681672362198037396e-01 2.549680720658381028e-01 4.381865843267294114e-01 4.986803368125666269e-01
7.937000000000000000e+03 3.282445166203317166e-01 3.828403067352423861e-01 6.001601207862947707e-01 5.555952766981046009e-01 5.645152996680955493e-01 6.208268928112834484e-01 7.736962187059168716e-01 6.996797965377631323e-01 4.178644124669237958e-01 4.429068425676168097e-01 3.499248480886699708e-01 7.252450562942877044e-01 4.356290432706228510e-01 4.277500743019878038e-01 3.961738047479656522e-01 3.320248441281672958e-01 1.923836277449441357e-01 4.024056546485975661e-01 3.764041081170276248e-01 3.539839696051673701e-01
8.428000000000000000e+03 2.357089651146135056e-01 1.739874720862537305e-01 4.805571126746416288e-01 6.161536607407165356e-01 6.762000419926152972e-01 6.903517955070943568e-01 8.482766416188602943e-01 8.763220758172048930e-01 5.708313366285923118e-01 3.954375489918482423e-01 2.784312876053543495e-01 2.236765696049629604e-01 6.933111577614184950e-01 4.455272000478567307e-01 3.575325781438026262e-01 4.521169477917489909e-01 3.738484049147053345e-01 1.815786434693890117e-01 4.603104057091982337e-01 5.750458583736955953e-01
8.429000000000000000e+03 2.389400373688033985e-01 2.560736833423444270e-01 5.387015050281505069e-01 6.555496574488218764e-01 7.219519512345038414e-01 7.017561921021422400e-01 9.417537773819395497e-01 7.469153133037018666e-01 3.809086032733784433e-01 3.521431959370703302e-01 2.068562854239628657e-01 6.530735522014156080e-01 4.159900670150056823e-01 3.340214610804670969e-01 4.187449782114134877e-01 4.060774871420324006e-01 2.086486712439936664e-01 3.192764938543420916e-01 5.349350278823967741e-01 5.038254279002315483e-01
8.453000000000000000e+03 2.826875414775414375e-01 2.546306886679874926e-01 5.452451791138605008e-01 5.676642414251436008e-01 6.701231587597644701e-01 6.431723580715602573e-01 8.276568851626716627e-01 7.763496571680330582e-01 5.322254504853110024e-01 3.796938182694672426e-01 1.683460737612653968e-01 5.711168989201331758e-01 5.630285570808019058e-01 3.692044911740661739e-01 4.365778470800337208e-01 3.597400974206917956e-01 2.002394838734591342e-01 4.560338510560016934e-01 4.812023366792360646e-01 3.743813442286263449e-01
8.454000000000000000e+03 3.075783310622266509e-01 3.171459057010880822e-01 5.091863477480433886e-01 6.461358258317270176e-01 6.691920770708867927e-01 6.808516100787085357e-01 8.240941356919870842e-01 7.105091323303076578e-01 3.651382816066153780e-01 4.525991724878553613e-01 5.431247744599256855e-01 5.453883122977010167e-01 3.545046014731458861e-01 4.194286138053597845e-01 3.595569139283378290e-01 2.223870462652959290e-01 5.451979249723666321e-01 3.487878883169025501e-01 3.581306646952505113e-01 3.040429971790561403e-01
9.252000000000000000e+03 3.968242174425511415e-01 3.013869793382085716e-01 5.468782593301088069e-01 6.395995277414712188e-01 5.668542009851204044e-01 6.030996612564288872e-01 7.717569457518766995e-01 7.215824935334846923e-01 4.415911534446790854e-01 4.187142854861136132e-01 3.586555874429482871e-01 3.914441712308733834e-01 4.259481978506683419e-01 3.283863717653198178e-01 4.676829774864078026e-01 5.576424005517753857e-01 4.994503983781116152e-01 2.744925289977429017e-01 3.757263916475444554e-01 3.929915394731527956e-01
9.253000000000000000e+03 3.636935424399089234e-01 3.369661956333517838e-01 5.701551853418863613e-01 5.537446005156019257e-01 6.526993294900281795e-01 6.533405493536821318e-01 7.870902182890676668e-01 6.512288524202890505e-01 4.253690802036168006e-01 4.043423502597216501e-01 3.817386403553815200e-01 4.231064513765288027e-01 3.233407693925293702e-01 4.607473298278372265e-01 5.248258642950096586e-01 5.811825475574045052e-01 3.387797434071150859e-01 2.645501886806406744e-01 3.855180957286251653e-01 3.866204486311313193e-01
9.254000000000000000e+03 3.866497732702512957e-01 3.503492317765800057e-01 5.106279013427017510e-01 6.415115578246092243e-01 6.938038655882261541e-01 6.554250112887949342e-01 6.923330370660412125e-01 6.252815597845305939e-01 4.000139054720027731e-01 4.699702936946821841e-01 3.902321109778361663e-01 3.037601320540334049e-01 4.290496260051608890e-01 4.889903950361161877e-01 5.139158428712832238e-01 3.658626438966175454e-01 3.040533697394383061e-01 2.545074836755635839e-01 3.586655121574566785e-01 6.042446710337914251e-01
9.256000000000000000e+03 3.580896022268385548e-01 3.532821758010930568e-01 6.022434394523058510e-01 7.133250227500643748e-01 6.159088478201486527e-01 5.531373681432008027e-01 6.512898786560674669e-01 6.694327051479728174e-01 4.558755732082445666e-01 4.426729109782608362e-01 4.112623837192365128e-01 4.732408821412998901e-01 4.932755587581467149e-01 3.641507994068242104e-01 3.590876976725414504e-01 3.593900811666980721e-01 3.035942455006652718e-01 4.544574963090143305e-01 3.957823181001901558e-01 3.753130518255600734e-01
9.415000000000000000e+03 2.611351917702041670e-01 2.294392991085553724e-01 4.402110461919551687e-01 6.532816246181165631e-01 6.758404446473667004e-01 6.659278623749255166e-01 8.215136833238214642e-01 7.927725325831261882e-01 4.997355857645403021e-01 5.299604087450198175e-01 3.299627523928838624e-01 3.313354814646286006e-01 3.398166169919751289e-01 1.000000000000000000e+00 4.835255140927804396e-01 6.790942949383571570e-01 2.637379687791804872e-01 1.108118689007440844e-01 2.720275358621125350e-01 3.160616426514498145e-01
9.624000000000000000e+03 3.324827556925027960e-01 2.337046903238196027e-01 4.622586406505564405e-01 6.256025647917490273e-01 6.838788843610826840e-01 6.901884977089585149e-01 8.005317999731362821e-01 7.127607722637664400e-01 4.808031687340899030e-01 4.923516616159896442e-01 4.559179559188429320e-01 5.385648145259054331e-01 2.884317657887962016e-01 4.183965125706939903e-01 5.721135518678954757e-01 5.381513997631909296e-01 3.513353740965071692e-01 2.302837905540770780e-01 3.153869698518345643e-01 3.664746363190345968e-01
9.625000000000000000e+03 2.926704250835360233e-01 2.409738030945363374e-01 5.468332717081983985e-01 6.693131918317932749e-01 7.254930050120509399e-01 6.604580819343471854e-01 7.556820588605333011e-01 6.685567305619765088e-01 4.716262682313873689e-01 4.909144625425406194e-01 5.301361008943140662e-01 2.892006972252232355e-01 4.158306688161139131e-01 5.689140087709437799e-01 5.142348089019993518e-01 4.125734615168917818e-01 2.880900833795866922e-01 2.128714827190098247e-01 3.628833619193886362e-01 4.439088816134164617e-01
9.649000000000000000e+03 3.262190751180855663e-01 2.832108393910766631e-01 5.268636777583082242e-01 6.480165734847624925e-01 6.749888109664766711e-01 5.991633705185558378e-01 7.404865810852118146e-01 7.507098793591685526e-01 4.355838347241499098e-01 4.911350362320434093e-01 3.630036182919136323e-01 4.374491641207850501e-01 4.506980301897043906e-01 5.561448288460073552e-01 4.262431312107137771e-01 4.922206930896494415e-01 1.343957731219046492e-01 9.645186814543560416e-02 5.440442632153914548e-01 5.477533769525105845e-01
9.650000000000000000e+03 3.339561673745408132e-01 3.014326681838823130e-01 5.581455504826474678e-01 6.555284191120658299e-01 6.244822816879174177e-01 6.018748827032702753e-01 7.972244780876803771e-01 6.254843906301131851e-01 4.681760431902961539e-01 5.033579392559246468e-01 4.170276383468571324e-01 4.376438974854826580e-01 5.352968426487183518e-01 4.105004496970583450e-01 4.625971358500228225e-01 1.478169816726499775e-01 1.158145112737481858e-01 4.051559893960560155e-01 5.252837319147594108e-01 4.721973164271290879e-01
9.842000000000000000e+03 2.970434927098605238e-01 2.722485892280507302e-01 5.410656137684319855e-01 6.204518949675488226e-01 6.806873701846015701e-01 6.232272297025139851e-01 7.836670205896364427e-01 7.377765977691049804e-01 5.300132523065492762e-01 3.951227693140351716e-01 4.319648381616724153e-01 7.156284485381153582e-01 2.982524950948927667e-01 7.549865489386078932e-02 1.689956894399154141e-01 3.236629031981787530e-01 5.029940014278434512e-01 2.651666400366425314e-01 5.231966025981535928e-01 6.911818071852610101e-01
9.843000000000000000e+03 3.261796880582201741e-01 3.170588290138247056e-01 5.440915430556634291e-01 6.659122287247251082e-01 6.534108002215580635e-01 6.450046440812825521e-01 7.850760370471702165e-01 7.134337049677149656e-01 3.844356098487156648e-01 4.237491593733377915e-01 6.822161000687424481e-01 2.896174658934518864e-01 7.268428696215119278e-02 1.627734676498480137e-01 3.326166638902887107e-01 5.697843520986980437e-01 3.180092653234905531e-01 3.868022014827438015e-01 6.628479068651396133e-01 5.349599622139129540e-01
9.844000000000000000e+03 3.653083028103469299e-01 3.204649764450184790e-01 5.711511109794910057e-01 6.338298004958802245e-01 6.777058252560606011e-01 6.469988476523441667e-01 7.575527913721964435e-01 5.822356442430740575e-01 4.108909259444404327e-01 4.691880875477866808e-01 3.015986066180051384e-01 7.711008033730921973e-02 1.711600951038191043e-01 3.499230432440512684e-01 5.706506377467857050e-01 4.010220775211014721e-01 5.148020165370761347e-01 5.636950733446147721e-01 5.604263389075406776e-01 4.617562053461317095e-01
1.016300000000000000e+04 2.822028842192659814e-01 2.397169932878842058e-01 5.408235503571892089e-01 6.947161231826448624e-01 6.877297652988632048e-01 6.429180876681143131e-01 7.833312110418759744e-01 6.908337657360774653e-01 4.948477845179575785e-01 4.754501299299291328e-01 4.952335840336546391e-01 3.711865582576197031e-01 3.613246119703389381e-01 5.857095764581741193e-01 4.104278435757874877e-01 4.632049656418821826e-01 4.411507282316450840e-01 2.632953917696154167e-01 2.674939567546644748e-01 3.996581299991586178e-01
1.016400000000000000e+04 2.916299005346106865e-01 3.093208720763548913e-01 5.796355141122792043e-01 6.610393507857857953e-01 6.636496435124741300e-01 6.344602093945704846e-01 7.197199551710670162e-01 6.722063687432929813e-01 4.464109154671153101e-01 5.013192718283393523e-01 3.800969490464621847e-01 3.768753909767527666e-01 6.055479182247961445e-01 4.245798970798179139e-01 4.728657801829673768e-01 5.439661511806048733e-01 3.457646847210335550e-01 1.791405182072917934e-01 4.117016176060964150e-01 3.382114941575298239e-01
1.016600000000000000e+04 3.991491157955029401e-01 3.453367415487196834e-01 5.612749480446334038e-01 6.521963763219561505e-01 6.159016125327911872e-01 5.785221426769080466e-01 6.727166302570080081e-01 6.713948281233921289e-01 4.618668333842698148e-01 4.347878846288204535e-01 5.930711873423282210e-01 4.198561542080383457e-01 4.637616847001540532e-01 5.120145706830028232e-01 4.058669845610522464e-01 2.601676305936457823e-01 3.713536780512624591e-01 2.282720187571135873e-01 4.303187764689142547e-01 3.275387461082367446e-01
1.016700000000000000e+04 4.034476545955204552e-01 3.528722661260917937e-01 5.796387066848068814e-01 6.166924437321978925e-01 6.290810241110023071e-01 5.632309772890787825e-01 7.317738512472570234e-01 6.721498311335478704e-01 4.426616646452328774e-01 3.802270644070657180e-01 4.414102387133369554e-01 4.966318924032349647e-01 5.434938476834803023e-01 4.310735320630038614e-01 3.128270071841259825e-01 4.732511628689736738e-01 3.110821733292876701e-01 3.440211890528812599e-01 3.464295123510384711e-01 3.380521723133972367e-01
1.016800000000000000e+04 4.065641057948508053e-01 3.666245577960179913e-01 5.548073955162965420e-01 6.256492991515127944e-01 6.067475662368643219e-01 6.132790905123770564e-01 7.269561610092545312e-01 6.498442874934916569e-01 3.880943049332235550e-01 4.424166267555473264e-01 5.012731351817124592e-01 5.587711734370711669e-01 4.393081828965589852e-01 3.189951072598611326e-01 4.743047644542532915e-01 3.769971318472478683e-01 4.419775288989696294e-01 2.491055650460986814e-01 3.432496264304085165e-01 3.390296369276476485e-01
1.018100000000000000e+04 2.854469477589084980e-01 2.167001170873980309e-01 5.078361395259496369e-01 5.785959206716597691e-01 6.769989046547905120e-01 6.991525146476114116e-01 8.091874300993645575e-01 8.011486885891541121e-01 6.229671594943186896e-01 2.972217919345082615e-01 4.256443966409824142e-01 4.881866995725270830e-01 4.473730085359163833e-01 3.193029938791854816e-01 4.805264538650579897e-01 4.380954665484956267e-01 3.763946943803875844e-01 2.078865478383505605e-01 1.436949103350982915e-01 7.212111569966611624e-01
1.071100000000000000e+04 3.062459922695234260e-01 2.183485769158276524e-01 4.552952988931510681e-01 5.209559329873620914e-01 7.160028955968592568e-01 7.145705098416598178e-01 8.515600384876402806e-01 7.907072651600021151e-01 4.545030276034410788e-01 4.824046370832235642e-01 4.065075142624223759e-01 5.885899953963701359e-01 3.235715746570652640e-01 3.790495905207091898e-01 5.193725770285667620e-01 5.086162983721169706e-01 2.486725209703255779e-01 2.386469853196872271e-01 3.495185467396005330e-01 4.892270688650888211e-01
1.071200000000000000e+04 2.783058816477131936e-01 2.329964088076205975e-01 4.844000549089985119e-01 7.058425740676249616e-01 7.499784243438623044e-01 7.065165877326105015e-01 8.442398626231958358e-01 6.431412694735743063e-01 4.608999987612221183e-01 4.616335444156867140e-01 5.472968700707693257e-01 3.064655749978460464e-01 3.558642488342237398e-01 4.878710264284508713e-01 4.635407627186824420e-01 2.691256206633396153e-01 2.769907667428131437e-01 2.262803365434725433e-01 4.575919033614846421e-01 5.982517808724810982e-01
1.071300000000000000e+04 2.883580192566473355e-01 2.579864583291325286e-01 5.891978155172679088e-01 7.414943688884759743e-01 7.367941258902999113e-01 6.955285000384218153e-01 6.686766715013707785e-01 6.451580651990526105e-01 4.380335630324910245e-01 4.534521394800402616e-01 2.960272779157249734e-01 3.501279033815573039e-01 4.757944359441504956e-01 4.523218340518995739e-01 2.944017449741169745e-01 3.165952402242103725e-01 2.761685819541788711e-01 3.343650348565850305e-01 5.813086381339434006e-01 5.952504513753110738e-01
1.072900000000000000e+04 4.412593041696908913e-01 4.204259533718598951e-01 5.422820328091939590e-01 5.015010906338713825e-01 5.052931483017104597e-01 5.931808102394801052e-01 7.614129834537017860e-01 7.203418733931636897e-01 4.492761851390960071e-01 3.611794151836589251e-01 6.527386555872589646e-01 4.785894056888264081e-01 4.490599793855122313e-01 4.681653073111810559e-01 5.211004283354151445e-01 4.329485654828594821e-01 2.613045538967756487e-01 1.815698810316306588e-01 2.525431034649195383e-01 3.623119006781640450e-01
1.081300000000000000e+04 3.972681708878370577e-01 3.216241063727197647e-01 5.104270293098801536e-01 6.039242143274553554e-01 7.067972126987387416e-01 6.476238440236486982e-01 8.225847451845521574e-01 6.987583606451696072e-01 3.108837529755267837e-01 3.941993553961660735e-01 4.116151352331662849e-01 2.924135993757261409e-01 4.050711461305981920e-01 3.524609516322137481e-01 5.668777318924013153e-01 3.868927274526082205e-01 2.969099006878387348e-01 2.481579826293639768e-01 5.641964473581263517e-01 4.864032700728455616e-01
1.081400000000000000e+04 3.799550727080311940e-01 3.004398051111841772e-01 5.478259578979635114e-01 7.204581641267077119e-01 6.988172281395280683e-01 6.990596036714666894e-01 7.585188146120405150e-01 5.310126387301694617e-01 4.013183402878453543e-01 4.249131230435310713e-01 2.765913918751433109e-01 3.902682192591629406e-01 3.366061056252508954e-01 5.416690857550937599e-01 3.783957553945012098e-01 3.304113776065603636e-01 2.946052816019091858e-01 4.190193709024571111e-01 4.627989679139764001e-01 5.438368343913323466e-01
1.096700000000000000e+04 2.776964235575607454e-01 2.663301330616481000e-01 5.976229762122281519e-01 8.591357874944896000e-01 6.588641779450798985e-01 5.965258185107628064e-01 7.064343000285537855e-01 6.559113319323733871e-01 4.465752649509312500e-01 4.760791600775670096e-01 3.041751532899664712e-01 3.540113386039409060e-01 5.921982862084314014e-01 5.238421184421797605e-01 5.043650154755878745e-01 5.603348131093827122e-01 3.932959279932037866e-01 2.217045812048263342e-01 2.930845545572817734e-01 3.393063006929420422e-01
1.185800000000000000e+04 3.645518677856283141e-01 3.187161510161835576e-01 5.091551400375640135e-01 6.264183304706085753e-01 6.395197185500303139e-01 6.363684844323701517e-01 7.405552717351893133e-01 6.770260090844917311e-01 4.797226769084039777e-01 4.489650181137677665e-01 4.908770068641889472e-01 2.912828882473115222e-01 4.977598113928513590e-01 5.124790028235008954e-01 4.483071341996648917e-01 1.546810598422747596e-01 4.305578905786263122e-01 2.174977312948934705e-01 4.623692416070052102e-01 4.778427419639954543e-01
1.228000000000000000e+04 2.787650484414177510e-01 2.312952728887063270e-01 4.638467366424272043e-01 6.405254171988422618e-01 6.881183476765824203e-01 6.606395046805223492e-01 8.211649126555571332e-01 7.402522553933470473e-01 5.091204360146701635e-01 5.189887320335236920e-01 4.552930473880523188e-01 4.173340496906254860e-01 3.669650937640002719e-01 3.746737928185838173e-01 4.267089252978732428e-01 4.488325348910470747e-01 4.240298024351888406e-01 3.113279736320819779e-01 4.256360086627221651e-01 3.854050011180181756e-01
1.236200000000000000e+04 3.277955692957096323e-01 2.725823358044322520e-01 5.127959060058897567e-01 7.448607143706036382e-01 6.959869525198786322e-01 5.803556073058846465e-01 7.018572964332092656e-01 7.067781015796340549e-01 4.957001143353463313e-01 4.690613639154618819e-01 3.416455682671079574e-01 4.269170368319897824e-01 2.624226287115403733e-01 4.688975448958339620e-01 5.245756570546934450e-01 7.183321816379304448e-01 3.408340926238235258e-01 2.602666342244971953e-01 2.698495835583999969e-01 4.874256419873272961e-01
1.236300000000000000e+04 3.280940274370496845e-01 2.917414991145063641e-01 6.187054793977989631e-01 6.877684563461691214e-01 6.097951586754590814e-01 5.709139933427140878e-01 7.518548890357843462e-01 6.847257311224067555e-01 4.536114343094304613e-01 4.527507041496640627e-01 4.153759902249449243e-01 2.600770078095328564e-01 4.606255369590227522e-01 5.156073964677212462e-01 6.500915911558799998e-01 3.942817366104492405e-01 3.203994698402503061e-01 1.686230992690718189e-01 4.770691311272387547e-01 3.791508802055684191e-01
1.236400000000000000e+04 3.513745171406926215e-01 4.015010765050310848e-01 5.934956819060284161e-01 5.974729031732862738e-01 6.110535193958988032e-01 6.283920739212971451e-01 7.375949703872948238e-01 6.563574625416924713e-01 4.496789063194988612e-01 3.449462743538694309e-01 2.463500523819894816e-01 4.444124254659870266e-01 4.930944729188260212e-01 6.220466850059032105e-01 3.845863387283695034e-01 3.577417104110308665e-01 2.004366790390572084e-01 3.434819803616535605e-01 3.612433139014945005e-01 5.423743323425208596e-01
