7.670000000000000000e+02 6.997677051789524816e-01 7.552371640528597885e-01 7.091488613058963830e-01 7.651847296829492606e-01 6.531269190384821899e-01 3.565112943206411589e-01 4.173074616567030160e-01 2.260166961827097254e-01 3.472897977781493895e-01 2.425323321875124116e-01 2.149606629938926039e-01 4.190453968395428386e-01 3.046699760794040479e-01 4.495128671319680302e-01 5.631773843580664130e-01 5.237409552401400825e-01 3.664539888153053870e-01 7.835311989514740505e-01 2.815197295003069033e-01 3.504260332124830013e-01
2.303000000000000000e+03 6.633804444993683935e-01 7.182844459254102976e-01 6.108593102986794587e-01 8.473919787250135949e-01 9.474361296161488699e-01 3.234403492723625928e-01 1.817592880118333309e-01 1.758804640167460354e-01 3.507953023458357800e-01 4.198627015359278070e-01 1.937263326524681084e-01 4.432031167123303139e-01 4.437296570773517912e-01 6.216755639073855422e-01 5.202426528228997205e-01 4.413862037732128041e-01 4.062684907388871003e-01 5.078703306418180796e-01 3.435894550825410176e-01 3.110197397707577527e-01
3.283000000000000000e+03 6.880526533298201297e-01 7.595967914405052923e-01 7.445730277065155667e-01 8.368091696683266356e-01 6.008735736579581266e-01 3.973727301639254361e-01 2.744385050558472705e-01 1.518256511259441777e-01 3.047108599851642841e-01 3.838186176122092008e-01 3.657090293928768610e-01 3.751100506372529453e-01 5.288926958135389267e-01 5.265189281450062264e-01 5.183429205254861394e-01 4.665374100731545792e-01 4.007387287539534437e-01 3.346414596765874827e-01 4.223548921177484594e-01 2.537900292332678220e-01
4.095000000000000000e+03 6.670530620814771883e-01 7.688652227610403012e-01 7.767429812206707584e-01 7.819566220498855857e-01 7.672528472721454884e-01 4.662761286389411342e-01 1.545239340001695050e-01 1.267050539128213582e-01 3.207537385227149929e-01 3.898590834335555200e-01 5.272322292906472807e-01 3.920981349126295701e-01 4.430282382384317930e-01 4.578260805085451746e-01 2.360801444453787257e-01 5.484565186910111967e-02 8.352567917695964406e-01 5.702099566087792670e-01 3.225385471243694124e-01 2.355929231056514694e-01
4.188000000000000000e+03 7.790680648645069706e-01 8.057044555194914359e-01 6.461054861283851425e-01 7.485430121722487229e-01 7.557163238545839823e-01 3.303227528537598379e-01 2.915573863689800427e-01 2.095100600838032123e-01 2.619776037443919958e-01 3.176987618157048332e-01 3.937710256889337956e-01 3.493190558139893098e-01 3.087044935694274739e-01 7.916826284356158761e-01 4.088979688450454786e-01 4.158252328988993329e-01 4.238890439636699425e-01 3.846837037333332709e-01 2.777510699700675989e-01 3.771781490369251477e-01
4.196000000000000000e+03 7.292515677411567365e-01 7.816514928376741000e-01 7.973962322643600720e-01 7.177890876715690149e-01 7.216142113417088888e-01 3.903382950035597654e-01 2.615109098319113312e-01 1.556436656923656514e-01 3.456079127788539429e-01 2.927158782021966887e-01 3.136302427342405053e-01 6.926621455776883485e-01 3.935928506726443232e-01 4.795771479665635328e-01 4.398320783400466727e-01 2.011707420222749454e-01 3.049613275916367439e-01 8.110119069418739723e-01 3.164608783655935009e-01 2.722476976714988672e-01
5.427000000000000000e+03 6.807511193821343953e-01 7.571695143372320080e-01 6.630182695724730069e-01 7.532197993308150652e-01 8.530623896905313863e-01 3.771059354306501854e-01 3.123622778090264229e-01 1.612148908088817389e-01 3.120117011623475545e-01 3.713410112544134334e-01 4.256087731789743867e-01 6.668516359548274375e-01 2.285726870741267847e-01 4.410445621203511468e-01 4.490582081273434834e-01 4.436912430625616910e-01 4.911555158347261640e-01 6.972837729834977516e-01 2.632408555996968991e-01 1.842928537094902508e-01
6.263000000000000000e+03 7.932903882117852135e-01 8.363663590019149163e-01 8.486916601327120224e-01 8.245523015836707659e-01 6.650242775293808695e-01 4.902856133103117853e-01 1.433124067963046921e-01 7.476001096590206840e-02 1.826783435089003871e-01 2.779081652879550335e-01 2.691722455185847074e-01 3.147079850898849562e-01 5.091253184180376534e-01 6.266567705432321000e-01 4.709873622556004502e-01 4.038141449947059702e-01 5.607130962543960262e-01 6.227401862407466737e-01 2.518476545856590532e-01 2.391621601360226501e-01
6.545000000000000000e+03 6.828715848902422447e-01 7.770878488174258747e-01 7.300013669600655675e-01 7.630200285427988227e-01 8.142169818877785792e-01 4.068111178914242676e-01 2.036371128953120835e-01 1.379238356556035383e-01 2.883376916251578770e-01 4.221500700585872901e-01 4.225423073710012356e-01 5.382630075273646675e-01 2.191561961305422135e-01 4.713549384787338314e-01 5.626881794568021622e-01 5.064209683026068554e-01 5.479551499861479158e-01 4.215637971900298986e-01 2.555965173133567525e-01 2.803472839088072543e-01
7.372000000000000000e+03 6.508927167831468630e-01 8.032777043071170908e-01 7.345900630693458222e-01 7.647448894107750084e-01 7.890097970773367608e-01 3.081842495747435517e-01 2.958371294460536705e-01 1.829917128298889362e-01 3.169273033047193544e-01 3.795498956516816236e-01 4.335922102280465040e-01 6.622107362762003069e-01 4.863113762157929565e-01 4.428473519770835809e-01 2.685173145381758442e-01 3.745137469726624868e-01 4.827798701743643006e-01 4.584578690826267011e-01 3.605016361250614199e-01 2.074489511980051604e-01
7.425000000000000000e+03 7.562450968347658176e-01 7.708186171680100340e-01 7.657897217369984411e-01 7.177455809952906218e-01 8.073037309349810897e-01 4.652684582813639280e-01 2.845757287860279927e-01 1.479821183713118382e-01 1.919294483683928743e-01 3.245540262174370083e-01 3.443993851163226205e-01 4.981525982685451881e-01 3.191004196342360766e-01 4.612299775518021172e-01 2.943135983221634722e-01 3.117587382251391648e-01 5.256108500588726473e-01 5.858108928872842736e-01 5.635348211483924841e-01 2.313152793324738110e-01
7.445000000000000000e+03 7.151184653919518963e-01 8.202659962678834349e-01 7.927979654270493892e-01 7.758742305891394020e-01 6.261483930874646164e-01 3.971360850343070847e-01 3.111051230814018131e-01 1.206590110497997997e-01 2.683883427839503510e-01 3.316982033292220633e-01 3.950886042105834495e-01 5.392161334204247369e-01 4.206920930185979457e-01 4.135346016320393114e-01 4.323427034381969736e-01 3.319586659964928188e-01 4.959900889924515610e-01 5.845763847544397374e-01 3.127211711516746928e-01 2.634948355104743123e-01
7.446000000000000000e+03 7.749412966435879069e-01 8.497312352421004800e-01 7.189431799402123957e-01 7.177162780465766723e-01 6.455957444352670160e-01 2.777093542409473370e-01 3.108166842942453600e-01 1.697960880662749972e-01 2.930362879081749861e-01 3.570434488905552262e-01 4.325921951592957004e-01 4.527116673721884310e-01 3.857510360644875735e-01 5.416712777557369796e-01 3.355758803337803853e-01 5.187336248485975299e-01 5.073459843011766113e-01 4.350884561838943565e-01 3.621855903435954316e-01 2.246353587366734239e-01
9.023000000000000000e+03 6.877701929385391377e-01 7.655093170508417977e-01 8.643452596449743286e-01 8.312058874742567216e-01 7.515121268731483894e-01 4.706438108833172485e-01 3.045139343888143002e-01 1.025651275017748637e-01 1.225426151519931617e-01 3.529033894966816520e-01 3.351608807502569620e-01 5.388105339058720800e-01 4.644682846850653468e-01 4.626301170310146982e-01 2.424083877268279619e-01 3.326358449919107896e-01 4.672260027058472986e-01 6.609056089667941780e-01 4.196717650786331855e-01 2.425530315901153200e-01
9.024000000000000000e+03 7.355494579854406911e-01 9.040787128212796064e-01 8.128472616141696472e-01 7.906317562836874258e-01 7.681258097260821316e-01 2.802943002881319590e-01 2.987823800883703251e-01 2.345088180991643581e-02 3.201986428714427846e-01 2.448833549221065276e-01 4.183422872288513616e-01 4.837165906669839144e-01 4.176453089007297059e-01 3.633274996387053646e-01 3.194519415065165679e-01 4.617390371390393544e-01 5.537111428649251765e-01 5.635630733603814724e-01 3.214765321375419593e-01 2.657714181856699054e-01
1.255900000000000000e+04 7.162965851147715668e-01 7.465226384493549583e-01 6.724830053759733861e-01 7.323509182123778549e-01 6.965785923177216787e-01 3.475195771090175967e-01 3.018399580982288888e-01 2.026745679995768379e-01 3.246204770522740923e-01 4.260751557037867343e-01 3.738741939577555073e-01 4.107706985569571367e-01 3.800972025704115742e-01 4.870820849294584254e-01 4.269267737456716172e-01 4.873004759231903127e-01 5.714060944862801028e-01 4.483206721257559368e-01 3.241818598349177072e-01 2.774303494399945058e-01
