1.967000000000000000e+03 6.463622214722365422e-01 7.107326930785209385e-01 6.027230901549199826e-01 7.282288701601912217e-01 5.085117403287554572e-01 2.848289052887510997e-01 4.277843439765791067e-01 3.188823240965861228e-01 4.225944529253295445e-01 4.649472626355519167e-01 3.530939458970941414e-01 2.312222270866769180e-01 5.210423490707071226e-01 3.744468299233708053e-01 7.294397334304408842e-01 7.144110265219461020e-01 4.365848548170074839e-01 3.345837533047189560e-01 3.382226958617178258e-01 2.475921756804350393e-01
2.244000000000000000e+03 6.838321022746947087e-01 7.484981354411807120e-01 6.733486122773729710e-01 7.837419036917836479e-01 5.699146865333882817e-01 3.361117403083855315e-01 3.822504705750507936e-01 2.506094883346204893e-01 3.309303455698747731e-01 3.717431008050959829e-01 2.088029335424853306e-01 5.301213429840158087e-01 3.749286157040824796e-01 7.284114786219637594e-01 5.664468984886842362e-01 4.484144458327605220e-01 2.641188192377986743e-01 5.187363971941205687e-01 2.711476207581615117e-01 3.435733231278744193e-01
2.245000000000000000e+03 7.049416540206945303e-01 7.574976127841038798e-01 7.108412094856045860e-01 6.749544978651188520e-01 5.298381138781141919e-01 3.288820483111271065e-01 4.462656285114812715e-01 2.209141841375061588e-01 3.159973804845265799e-01 4.509139663650028607e-01 3.889939258726025084e-01 3.690213497850061142e-01 6.214858701703079857e-01 6.028011647407574003e-01 4.041529978011187962e-01 1.930705396441079746e-01 4.083176973296334666e-01 3.409047592827634254e-01 4.292431495861039337e-01 3.213949860989695484e-01
2.304000000000000000e+03 6.781655856052658526e-01 7.138714006248474409e-01 8.031752424969732518e-01 8.710391491394409158e-01 5.066478062695323192e-01 1.342869316913972433e-01 3.551720894551040897e-01 2.392856844713801001e-01 3.581380676435785837e-01 4.459046311653541705e-01 3.310531261530025304e-01 4.445842598928750888e-01 5.399382872599172156e-01 5.759695431298411661e-01 4.078090585607676566e-01 3.665090850025675695e-01 4.076207224963196429e-01 4.417643545923169990e-01 3.958066212241799220e-01 2.662364198517419567e-01
2.919000000000000000e+03 6.693603792509371653e-01 7.592293814304201804e-01 6.841488445406346264e-01 7.222122166453053271e-01 3.731137200179531210e-01 3.020431075397980725e-01 4.490894841161041096e-01 2.676174085176052375e-01 3.705052115975783766e-01 4.765595606971401721e-01 3.692876698112499967e-01 3.891436841365512600e-01 4.728382354558069434e-01 6.275858052148766131e-01 4.191690858916843343e-01 2.574779129052909843e-01 5.455438135210959327e-01 3.644451762127255412e-01 4.082195988810617959e-01 2.774711829159197674e-01
3.003000000000000000e+03 7.784145380820071125e-01 8.699118358980247878e-01 8.202054826287900058e-01 6.607765427735017294e-01 3.956947327488658517e-01 3.087843878110282381e-01 2.270942200819200674e-01 1.848196433662722682e-01 3.099216309231533906e-01 4.802765130576056585e-01 4.942816846591598368e-01 4.005549463016873091e-01 3.829037587752707195e-01 5.341190565580373750e-01 3.707874643250406721e-01 1.855787482618874995e-01 7.687183944612192565e-01 4.811154207973431518e-01 2.779858238158587902e-01 2.400727195784103929e-01
4.433000000000000000e+03 7.965258715162617520e-01 8.183192565242733973e-01 6.550609496931113496e-01 7.581844142641941398e-01 6.725724521097468100e-01 1.568575030920792979e-01 4.801197371943197734e-01 1.155173298277052119e-01 2.779971795160813275e-01 3.834738302347283079e-01 3.534182929540320983e-01 3.987893816590511453e-01 6.716563605385048596e-01 5.209428614235535049e-01 2.946982118830241970e-01 4.093690953106031150e-01 3.824418958378330569e-01 5.094954719685507172e-01 4.094415500623289628e-01 2.293482202632275146e-01
5.428000000000000000e+03 7.133134367288599398e-01 7.521574499289310767e-01 6.671474729561827077e-01 8.252653901165228900e-01 5.935630818681396637e-01 2.639761178887131687e-01 3.429732856731164681e-01 2.026213088139779961e-01 3.172317790755863065e-01 4.308325138728733572e-01 5.344578356272903230e-01 2.457332387684846575e-01 4.110052591498214447e-01 5.557507976634337155e-01 4.536226560492976345e-01 5.119637223490423050e-01 6.044062759821351438e-01 3.658178294952665888e-01 2.527677497038146592e-01 2.495406483377397011e-01
5.429000000000000000e+03 7.070928272388957714e-01 7.523484953984067580e-01 7.717650710086849664e-01 6.863338135900328707e-01 4.207199437134364617e-01 2.899929280545343047e-01 3.883411021819882514e-01 2.052470715374931365e-01 3.696595219436138446e-01 5.039733576386764557e-01 1.976651368005689913e-01 4.434539993574450611e-01 5.197806916309182235e-01 5.617743217048807303e-01 5.286565664075856263e-01 6.577604363296429835e-01 3.186609889391882611e-01 3.527082482196813862e-01 3.439534309033016601e-01 3.201443782626320900e-01
5.685000000000000000e+03 6.758330695583047998e-01 7.456725543523138322e-01 7.171193524094381377e-01 7.912387155631835922e-01 4.344995305665989016e-01 3.488120628143964730e-01 4.109334761245944101e-01 2.295747989973187242e-01 3.306626700760369464e-01 4.120600986587144021e-01 3.739138144083076210e-01 2.354912465054151416e-01 4.222465745716834640e-01 4.001769719537272563e-01 6.040887020514870143e-01 6.170132308077941330e-01 4.860281052419544445e-01 4.033028812332449253e-01 4.552368561035208816e-01 2.310724888623666706e-01
6.236000000000000000e+03 6.581532112122591149e-01 7.702648831039157207e-01 5.724189291804389068e-01 6.724687438452771060e-01 4.573250292713500476e-01 3.026366187229574956e-01 4.754695524417826835e-01 3.210643803146870368e-01 4.221894881122305598e-01 4.388009995456480516e-01 3.917386428558041755e-01 6.169326702971081877e-01 5.165101761901588207e-01 6.183639220991882235e-01 4.827653160927355969e-01 4.536367508317961650e-01 3.027753586519297824e-01 3.524825072283498950e-01 2.568632380204316501e-01 2.504528027813679447e-01
6.546000000000000000e+03 7.300786633206945986e-01 7.968991668921622251e-01 6.825599130073224385e-01 8.052864596650358697e-01 6.385106843530784504e-01 1.605813534085866745e-01 3.161202680427188105e-01 1.780978672779141292e-01 3.648183087292413140e-01 4.292888267606908559e-01 4.215871271817563937e-01 2.302472827672850386e-01 4.292592529782955912e-01 6.402112097510208599e-01 5.041143863477853815e-01 5.667018094907462222e-01 3.563783854323025468e-01 3.460106220020784384e-01 3.754463359563568470e-01 3.058245827162536790e-01
6.879000000000000000e+03 6.292809843322297869e-01 7.515350473196520387e-01 6.860402667844621716e-01 7.116247468100320717e-01 4.777724298668215019e-01 3.042680139012058915e-01 4.495766824985856225e-01 2.990657754413295621e-01 3.800099380969187424e-01 4.446407772102135003e-01 4.534286413587634290e-01 5.275275950504709765e-01 3.930735772259156269e-01 5.916348878559931634e-01 5.872051939259778086e-01 3.787332807821515712e-01 4.889090762334787343e-01 4.146517776139938549e-01 1.976830890051209655e-01 2.276186018617173124e-01
7.428000000000000000e+03 7.121868881270198015e-01 8.390583987057145254e-01 7.287732416810963620e-01 6.160039265120265117e-01 5.157958536704914110e-01 2.432446285221953330e-01 3.928006581518551088e-01 2.930277017433078335e-01 3.483850792453573320e-01 4.239849238067270321e-01 3.483943604449341036e-01 3.962502455548794211e-01 3.833909972027337298e-01 6.241168873005041862e-01 5.049061620375098203e-01 6.949683575013787529e-01 3.575642194396053686e-01 4.341264144476119635e-01 2.994004538711635965e-01 2.435556920919244306e-01
7.448000000000000000e+03 7.664575116780171227e-01 7.519720183129219304e-01 6.604892855400092966e-01 6.437123905872448315e-01 4.850060085767806672e-01 3.444786548832685091e-01 4.116305889476654656e-01 2.310774663913236493e-01 3.357851360200986846e-01 4.568152085969081067e-01 3.285941473660878298e-01 5.364937346542888452e-01 4.205936472847310315e-01 6.222242798705881484e-01 5.393993423670579990e-01 3.624218404291559836e-01 4.310592028558572486e-01 4.230480020767369287e-01 3.377403478280720517e-01 2.388588039774922345e-01
7.605000000000000000e+03 7.126189527300347271e-01 7.731446633507882416e-01 7.205164357108725381e-01 6.230715455208470921e-01 4.361991485560057225e-01 3.273681819144522165e-01 4.189965526863850265e-01 2.473548791095079857e-01 3.939168148328983654e-01 4.459303684314214200e-01 4.214648731665964210e-01 4.211734199095268361e-01 7.917542883083346084e-01 4.376755090811846882e-01 1.813693660942463648e-01 2.481932340088443406e-02 5.406769461149225631e-01 3.808750801397313701e-01 4.314913937600709515e-01 3.428762876208604760e-01
8.228000000000000000e+03 7.178671203001902867e-01 7.427215304058950585e-01 7.386235949107075038e-01 6.486925332879942552e-01 5.268978773056472997e-01 4.364546038304935593e-01 3.730278419020004455e-01 3.012714995417886676e-01 3.274727651844869802e-01 3.320146484940925680e-01 5.878705328771665073e-01 3.907524233752222576e-01 4.587385546976338602e-01 6.076143306676767830e-01 2.615666044799672130e-01 3.374329662491780679e-01 5.589242651140339246e-01 4.270787677007770178e-01 2.460075323738823427e-01 2.513109053161478035e-01
8.608000000000000000e+03 6.926303955762882492e-01 7.683638517125034317e-01 6.547828858390174478e-01 8.108193026482585219e-01 5.969761042731076550e-01 3.150589794886961559e-01 3.180519108454529231e-01 2.037509701793336347e-01 3.385807852429836284e-01 4.166576863685453880e-01 3.186413211004244794e-01 4.720630394849803513e-01 5.425768464711834271e-01 5.205816261753122287e-01 3.294045307584542726e-01 5.313440366559538663e-01 4.673634284622259494e-01 4.132783818734621084e-01 4.409638225171245152e-01 1.879874232918011534e-01
8.609000000000000000e+03 7.334384426061125728e-01 7.599356180753523704e-01 7.739195314154414529e-01 7.039203131034702521e-01 5.265632695868687208e-01 2.863252070541499883e-01 4.108054843298157288e-01 2.457659897624161760e-01 3.735265391123098189e-01 3.087432915988054249e-01 3.668333552105045303e-01 5.655473045940956345e-01 4.703680121209021237e-01 4.373985675479346580e-01 5.243346825594648042e-01 4.624416589184771054e-01 3.462987664445811853e-01 5.927914739559821955e-01 2.489548120829163103e-01 2.518528729882117401e-01
8.633000000000000000e+03 7.140655217292752877e-01 7.680780042588601919e-01 6.591607235050037650e-01 7.113535115338407433e-01 5.719392179077464888e-01 2.926927581691582403e-01 3.776851957221652456e-01 2.857748184341908915e-01 4.053931051225789783e-01 3.270075447003534252e-01 3.626016165246865319e-01 6.471917872449149955e-01 4.400316817531181313e-01 4.283487562137340277e-01 3.808196513493526392e-01 4.843343176093287128e-01 3.488194650649211748e-01 5.969836949683863248e-01 3.229639144837834208e-01 2.314298336196279893e-01
8.693000000000000000e+03 6.973563777145488363e-01 7.567922891396204887e-01 5.645871531384314412e-01 6.746341824389172626e-01 4.476944999063887654e-01 3.125546518215165381e-01 4.221926956589564517e-01 2.921068432143710814e-01 3.972382814988162925e-01 5.019484551981434617e-01 4.510967811085879742e-01 5.170401531347746937e-01 4.306065882203788941e-01 4.247942360833089070e-01 6.704928559651024411e-01 3.320279239656551140e-01 3.737619623325432183e-01 4.943394456002879744e-01 3.327866939639286259e-01 2.191077849512566289e-01
8.768000000000000000e+03 6.574597080119324310e-01 7.131634926643534156e-01 6.921722537401040487e-01 8.105192727831828092e-01 5.430378684247159082e-01 3.268215750487521998e-01 4.675979172908920067e-01 2.011420273654291879e-01 3.491363660203791186e-01 3.866590645970684470e-01 3.946614796069406461e-01 6.979624353181581586e-01 5.359421972756709396e-01 4.492823078907784984e-01 4.249876988861311378e-01 6.110898136331592845e-01 2.386893439619990065e-01 5.456110104410379913e-01 2.645513573640200788e-01 1.639580293937855093e-01
9.025000000000000000e+03 8.461646344633324546e-01 8.656054084879625243e-01 7.451023418177361579e-01 7.949836405751976587e-01 4.768996401342315283e-01 2.692363620947352265e-01 1.997120529916755483e-01 2.275275606325495859e-01 2.152687602500723552e-01 3.589406523895594670e-01 4.032309744168884325e-01 4.669953766420604779e-01 3.521629158165145435e-01 4.601655559410151031e-01 4.992124142368637996e-01 6.209539448804821671e-01 5.098525667881576018e-01 4.666367777184370347e-01 3.809488717362184418e-01 1.409113059588742445e-01
9.026000000000000000e+03 8.309459028336857456e-01 8.407372810616824399e-01 7.818363490004219818e-01 6.617240240143883456e-01 4.982884712446130626e-01 1.998276369380402595e-01 4.669656550185348753e-01 1.391532634834403426e-01 3.425505495090963581e-01 3.076275728342955373e-01 3.694059823771356221e-01 3.736609307754141795e-01 4.232376632193035060e-01 5.917965816074501895e-01 6.309368587810871842e-01 5.264923691746984380e-01 3.988586032967720296e-01 5.219395511602196169e-01 1.900845427655334652e-01 2.668666934537445856e-01
9.438000000000000000e+03 6.573554260386187398e-01 6.907892417912757654e-01 6.650940608986135594e-01 7.133314166188523542e-01 5.411878066096110773e-01 3.359032583642118652e-01 3.808410687447845722e-01 1.963233014548038669e-01 4.589171582763226787e-01 5.020772056349479540e-01 6.824910686174157082e-01 3.416288209736508819e-01 4.152270279100021555e-01 3.551231595214791592e-01 4.034684778808390604e-01 3.470934917363506234e-01 4.101272785736138626e-01 6.821841582077802224e-01 2.812476820411282108e-01 2.356506045091933121e-01
1.129700000000000000e+04 6.690357097399725061e-01 6.961586827297578939e-01 6.805281506610324493e-01 7.362004371086947607e-01 5.398461056703324212e-01 4.101223408157825823e-01 3.938815812672165628e-01 1.683132689435135054e-01 3.588576890467115033e-01 4.991309295905880794e-01 3.485171625298503217e-01 5.051045925220758459e-01 3.665504337016032843e-01 5.930229235656387932e-01 5.608725374321568147e-01 1.657858055905456762e-01 3.883972195082583956e-01 5.912707317564209752e-01 4.203288024414368884e-01 2.559854232543496977e-01
1.197700000000000000e+04 6.752173007242845415e-01 7.378315353107681718e-01 6.610874659631797989e-01 7.707932176666996149e-01 4.668912827725710812e-01 3.479262887132464344e-01 4.328330641753840857e-01 2.157447585245419741e-01 3.455888855678014848e-01 4.494002830690564942e-01 3.746985549418930250e-01 4.002002216097281795e-01 9.806789166348148790e-01 5.517921492958477447e-01 3.607843521920336971e-01 2.659213371449143937e-01 2.987491189725940410e-01 3.275744853605463969e-01 3.573352729623152091e-01 2.375792906522635195e-01
1.256100000000000000e+04 7.203608335887562442e-01 7.414056501061647708e-01 6.628323820211515782e-01 6.730909857949755049e-01 4.244613221790040636e-01 3.492916558671291805e-01 4.172351583826505728e-01 2.701064495264467458e-01 3.725631639721067589e-01 4.470927760167413001e-01 3.132229358418550658e-01 4.667013788822051423e-01 4.780794795858022694e-01 5.740484622058413811e-01 5.977434299894452963e-01 3.592301702177239653e-01 3.719016492393519835e-01 5.043201630283806747e-01 3.793519374348851558e-01 2.182836227279073837e-01
