3.777000000000000000e+03 6.662152953308277947e-01 7.168030189710490330e-01 6.798223204928465213e-01 7.837177825684751298e-01 6.339659268820292404e-01 4.844618506900078003e-01 4.725509202756685845e-01 1.892818907495796843e-01 3.369883086718843956e-01 2.326778055745980511e-01 4.959937812813340341e-01 1.160706270292456294e-01 5.995836392396510783e-01 5.141958533398420794e-01 4.220560820425479087e-01 4.075179136891451392e-01 1.212068841396015534e-01 6.737994345277309449e-01 3.615258387906736814e-01 3.860619513105312817e-01
4.145000000000000000e+03 4.725245017213814402e-01 7.490630622495784152e-01 6.044589605548112976e-01 7.058453399780139081e-01 8.217067939836824042e-01 5.291591173015955940e-01 5.596438747300609418e-01 1.584835601754479573e-01 3.474177948048491338e-01 4.091270766490772703e-01 3.604229703002972407e-01 8.642077172957023379e-01 3.276059971838507501e-01 4.381092964511992816e-01 8.339479689483529912e-01 3.261389875094123925e-01 3.127518771596688452e-01 4.982367341970085350e-01 2.713235459909004721e-01 1.469997383037990324e-01
4.356000000000000000e+03 6.738279956842779805e-01 7.228887865844617622e-01 7.137322043000429161e-01 7.295633647712606029e-01 7.539868151741351276e-01 4.347638427361894542e-01 5.033662399751719363e-01 1.297910701785329746e-01 2.786196313176503292e-01 3.202560338603206436e-01 4.203174425523017455e-01 3.236685854258858352e-01 3.340613257245517720e-01 6.836713202502942011e-01 2.387045217389683338e-01 3.588917426899829177e-01 4.572196203383879221e-01 4.495471112550418757e-01 2.136784585525408064e-01 5.195729096625867349e-01
4.431000000000000000e+03 3.028074318332490966e-01 5.539736118370749418e-01 9.179378098319949109e-01 8.796476749816354301e-01 8.197010837764731050e-01 5.460548045266728767e-01 5.700777318504400837e-01 1.105441437711520980e-01 4.502772187007890725e-01 3.489148347919517335e-01 3.709332521984450848e-01 5.602158321548523778e-01 4.196821438928077241e-01 4.072827521809492812e-01 6.568318180129393280e-01 4.148793338107262807e-01 3.266113467968200235e-01 4.846426455732685268e-01 3.254484523415561159e-01 2.737265196172827819e-01
4.872000000000000000e+03 5.452680227278665637e-01 6.489831969994945826e-01 5.724437895501293116e-01 7.631063725600980563e-01 7.791648308095084907e-01 4.843710297583458391e-01 5.366635508072475913e-01 2.364147538209503685e-01 3.720475451906546938e-01 3.613800290480853050e-01 3.259189157645344115e-01 5.966642543043659819e-01 3.894437802719901698e-01 5.119883887415449530e-01 4.200256396492456634e-01 2.417536864944804798e-01 2.040243077567497898e-01 8.125696981857936096e-01 4.306164428727518589e-01 2.702202336179700959e-01
4.873000000000000000e+03 6.233919714399379641e-01 6.912638907932243670e-01 6.805420419612764338e-01 7.854353067343897710e-01 7.509905103537091176e-01 4.771541955057948536e-01 4.302275676873678067e-01 2.649403976175641051e-01 3.069338146215141450e-01 2.479346721768155015e-01 4.592659232273736403e-01 4.020851236638887105e-01 4.582189251477605252e-01 5.093566653802368283e-01 2.224661002040183855e-01 1.375519475834176830e-01 6.747212908024329270e-01 5.729000966007300466e-01 3.549824404479994810e-01 2.813098397536188400e-01
5.142000000000000000e+03 6.416993644677841946e-01 6.885675198963486787e-01 5.956207984105880149e-01 7.100233937878784873e-01 7.078801676582319180e-01 4.732965585394964259e-01 5.572043171251648275e-01 3.142942100380978765e-01 3.002001465801866775e-01 2.552776414610355427e-01 3.916842604310656895e-01 3.974150245001964454e-01 5.154110291624690587e-01 4.221601018490315771e-01 1.036982674429312717e-01 5.875317963734054405e-02 4.648112278892302385e-01 6.120398231493469066e-01 5.945211547362181381e-01 3.780367691847126843e-01
5.425000000000000000e+03 6.967770649128133265e-01 7.572523822097855239e-01 5.795004129637402190e-01 7.346644332823164536e-01 6.711128012140521459e-01 4.328307042759547141e-01 5.854255638789794824e-01 2.120406113728430797e-01 2.259471558085220100e-01 2.993998600567155943e-01 2.786350105415317802e-01 4.852469486488548145e-01 4.964577622020994174e-01 6.689933293063107245e-01 9.541322195121663963e-02 3.181621655406349225e-01 4.360065251921834140e-01 5.067834222425861013e-01 4.098198713777520541e-01 3.670625287124527625e-01
5.682000000000000000e+03 6.753943266458273254e-01 7.611756031181604598e-01 6.032508007962130714e-01 6.927779858662712620e-01 6.659050421176143653e-01 4.801493469638181133e-01 5.449336081295337308e-01 1.212854651074947998e-01 3.012145664998058248e-01 3.625844102291407300e-01 3.931302773881413248e-01 5.152747656344452976e-01 4.429041053004740824e-01 4.871011913375181135e-01 9.467750430272348083e-02 3.512242247973895726e-01 3.164078370679039853e-01 6.651810871261992775e-01 5.002811283966683842e-01 3.083012191389852830e-01
6.282000000000000000e+03 6.329873331968691730e-01 7.319622891072262716e-01 6.145618848053463479e-01 6.724255567098559316e-01 8.562062661344183034e-01 4.587740237464850157e-01 4.048176795421387086e-01 2.605193787536254635e-01 4.034579443255724707e-01 2.441599306935814950e-01 4.074601923201093268e-01 3.441069615299475748e-01 3.400922493573796945e-01 4.157920306996503168e-01 5.126108295081572841e-01 4.770413423007816012e-01 6.736296408264794700e-01 5.144725350900311023e-01 2.778928410824107464e-01 2.536423739068628391e-01
6.358000000000000000e+03 7.402588712260506076e-01 6.711697365059514642e-01 6.021488911782545417e-01 7.942807423109087273e-01 7.789969547501351954e-01 3.934999225846041448e-01 4.271412062226030981e-01 1.274228911006606846e-01 3.459501058240431748e-01 3.154132013265538714e-01 5.159420540459915827e-01 5.338742612928678577e-01 2.745365216320436175e-01 5.384033690169831576e-01 3.222408944937333874e-01 3.940492876928417543e-01 4.814875619872268087e-01 5.641043503723771613e-01 2.396689017461282600e-01 2.937739635176156994e-01
6.917000000000000000e+03 6.547833609085359496e-01 7.110123811202874178e-01 7.511438040607140154e-01 7.312944094654325600e-01 8.657183929494332020e-01 4.145043100418518423e-01 4.987042180597614505e-01 1.462886759358650590e-01 2.844696623218551657e-01 2.611565042346325471e-01 3.593465662172878883e-01 5.112686687904409721e-01 4.822112002923877316e-01 4.409351125118233794e-01 3.312616139592073350e-01 3.510796044655372095e-01 2.625173781550513286e-01 7.659472843397100439e-01 4.333102539584025581e-01 2.521806098232518556e-01
7.442000000000000000e+03 4.514137964078298593e-01 6.534689151187861311e-01 5.983269961571816564e-01 7.641397939261190819e-01 8.531562007145344628e-01 5.747108347945827367e-01 5.558825921127931169e-01 2.624655135398558103e-01 3.670369801724153724e-01 3.032629975087804963e-01 3.610550262399671029e-01 5.734275775707028400e-01 4.583958858135143699e-01 5.161074111273231679e-01 4.591082725053286517e-01 3.507494686653314653e-01 3.293669100442613851e-01 5.117348985619353252e-01 3.048746001630645019e-01 3.155246666570916680e-01
7.987000000000000000e+03 5.262668832141902397e-01 6.187197174317420334e-01 6.375695613677853091e-01 7.978492397056047292e-01 6.668609793487844106e-01 4.559806706243451635e-01 5.192912187734202156e-01 3.116055830667486259e-01 4.809216687570276316e-01 2.482847412230419493e-01 3.083313487994336355e-01 5.794939238585316010e-01 4.763269731802111107e-01 5.094626277865744735e-01 4.319721439671446728e-01 2.890765874542103320e-01 2.642349760056533770e-01 6.149886854585485674e-01 3.130583459111166977e-01 3.665845255542147241e-01
8.230000000000000000e+03 7.785939632675868971e-01 6.848228146966049978e-01 5.689810134717526724e-01 7.695046293991721909e-01 5.766906458694772697e-01 4.949257558613298080e-01 4.568272169681535932e-01 2.084403929463250205e-01 3.213335094611911580e-01 2.490756045886944881e-01 3.565674673985171350e-01 5.491457978375985371e-01 3.293737732090714077e-01 4.160072607715201709e-01 5.381604989326622679e-01 3.088477319886385741e-01 2.635341793004817856e-01 4.278553750653719678e-01 4.383939595464947936e-01 4.377747439645091054e-01
9.020000000000000000e+03 6.792113288805317062e-01 6.543947627832494840e-01 3.969333316902253217e-01 6.910803255531725586e-01 6.728257784077790182e-01 5.843804957897298369e-01 5.765870759021192171e-01 2.921726911191346865e-01 3.860053803509219672e-01 2.517135147827562203e-01 4.434626426707506952e-01 4.131046691193036580e-01 4.062305406178089995e-01 4.758683760545180386e-01 5.146729527559557038e-01 4.527999042284335252e-01 4.093930424680249369e-01 3.735912658470282866e-01 3.348818440208750080e-01 3.252786249665059470e-01
9.021000000000000000e+03 6.429588517728005437e-01 5.934573722359572923e-01 5.998849733317940247e-01 7.480302592823875329e-01 9.348687874146992538e-01 5.390682715733912111e-01 5.206747072388637765e-01 3.007130644342176362e-01 2.249894508228177381e-01 2.453602668496886186e-01 3.160501285798905102e-01 4.168784768388206219e-01 4.233137695601463801e-01 5.852791215149328874e-01 4.337751143657118114e-01 3.830216712775409982e-01 3.074936277324332168e-01 4.420855106393945522e-01 4.249747099104401737e-01 3.787800814507634728e-01
