7.520000000000000000e+02 6.146039800347185000e-01 6.433730405263321517e-01 4.408467401795673757e-01 6.518239657824681510e-01 6.162480319990540911e-01 3.746130554507406396e-01 5.668558033121360307e-01 2.900789698180300524e-01 4.203549653125012719e-01 5.673354906422618527e-01 4.597083138638501376e-01 6.409545200983416402e-01 5.757486012367795114e-01 4.129306950045464886e-01 4.201034440982038265e-01 2.033838360934033251e-01 4.139408895110872066e-01 6.058095985458505917e-01 3.570728159114167077e-01 1.431881395511090116e-01
7.530000000000000000e+02 5.991856614329700292e-01 5.804847870233363905e-01 4.770418084875884257e-01 6.758750816064917899e-01 5.424652337366011601e-01 4.752329960443190116e-01 4.613095549137329887e-01 2.886850636509240564e-01 4.719997539172023915e-01 5.980444169250109798e-01 5.271592263320931115e-01 6.351640826073648993e-01 3.948893288561422521e-01 5.443290662925318601e-01 2.087156914588277346e-01 4.296164529160734213e-01 5.400287869519750927e-01 5.105372956958548203e-01 2.022347009686296104e-01 2.077931491230068373e-01
1.134000000000000000e+03 2.799213639977417012e-01 6.151696500365531062e-01 4.918550774161796757e-01 6.550925081182572551e-01 7.052133954731136800e-01 5.601438783475504168e-01 3.595929095847211210e-01 4.226839928878083352e-01 5.643182979812743083e-01 7.000336905018635925e-01 3.919268076556378655e-01 6.019949746215152997e-01 4.668538015324883994e-01 5.562363943875276995e-01 2.785401374340404912e-01 3.810694873003105387e-01 5.302226624750751016e-01 4.936894024662361602e-01 3.077264671337440749e-01 2.025622238027703914e-01
1.815000000000000000e+03 5.013366793893374584e-01 5.107686294672957317e-01 6.175574684748275089e-01 6.826239425102144098e-01 8.148729421543526863e-01 5.166353636985214770e-01 3.478179212917513752e-01 3.355397269942770877e-01 4.475715936184063715e-01 5.750088189293548480e-01 4.367869805879608380e-01 6.444657277626900660e-01 4.381735648831311392e-01 2.731442462314299102e-01 6.509878480770139308e-01 3.942705551738084901e-01 5.482141603589808510e-01 7.149552342339119404e-01 2.079187355888102440e-01 7.873415704804147264e-02
2.043000000000000000e+03 4.899976203597499747e-01 5.312784780769311821e-01 5.714235243721297319e-01 6.506968274504368877e-01 6.406660491313930228e-01 4.625246589476553760e-01 4.254880709166093400e-01 4.410175581944101864e-01 5.037011595837213029e-01 5.601887550795374704e-01 5.591579844874449146e-01 6.930790128235087000e-01 4.855063526718159106e-01 3.057663286955916160e-01 4.028909519559222274e-01 3.501191787346685791e-01 4.773688600828815409e-01 6.143494664761098845e-01 2.921653872045052447e-01 9.375545167016952064e-02
2.233000000000000000e+03 5.201526559374219927e-01 5.489460152981943120e-01 5.450107928794615253e-01 6.613129281824340344e-01 5.779263026975841600e-01 4.668452921396737398e-01 5.812378235881001665e-01 3.794574370917431771e-01 4.239409099952211046e-01 5.528235079696053322e-01 4.096077707046847927e-01 4.807040474336952141e-01 5.839963410926842791e-01 5.702069210581864889e-01 3.387761515061460393e-01 1.407024129444790772e-01 4.579433242128975179e-01 3.943485084400742413e-01 4.106324710587730964e-01 2.953519786179123474e-01
2.360000000000000000e+03 5.431287228422265745e-01 5.813109191758423222e-01 5.193920368710063240e-01 6.726691040288947931e-01 6.233849375761492118e-01 4.266783777520202769e-01 4.473183588057905724e-01 3.987932115379512754e-01 4.377332680720085745e-01 5.790421591747678676e-01 5.157890684874671949e-01 6.464201065150774195e-01 4.171298283297614207e-01 2.691515532026422242e-01 2.962820834572261197e-01 3.080157283816279401e-01 5.060561893687967050e-01 5.890912388680547007e-01 3.824566552598494540e-01 2.152227832305749766e-01
2.362000000000000000e+03 5.746965430579690226e-01 6.063479255843993165e-01 4.904378324269577649e-01 6.588032101826138964e-01 4.864762233270130687e-01 4.722859959787260031e-01 4.558895634215597292e-01 3.330525012340911362e-01 4.805590032222970542e-01 5.992333708234086620e-01 3.641949303451223474e-01 2.732421181877295324e-01 3.986505913500685838e-01 4.396332767498855598e-01 5.557731029986181515e-01 5.459064631980726778e-01 4.675828289505831736e-01 4.165639445786250006e-01 4.450829188978602247e-01 2.798553849023099893e-01
2.762000000000000000e+03 6.004390821519108856e-01 5.052346703246602955e-01 3.599343735668710242e-01 6.341391413545753863e-01 6.336706218961262183e-01 5.024085414186563181e-01 5.941906390230680124e-01 3.473527651332107835e-01 4.583519629147131957e-01 5.828136471623525106e-01 4.900786953305833471e-01 4.773560613525071883e-01 4.976080771499937216e-01 5.819254168654547366e-01 3.617000806067633967e-01 6.187073539632126362e-01 3.776669617956122105e-01 4.269636897014403298e-01 1.706079585563724244e-01 2.425504016349330494e-01
2.984000000000000000e+03 5.984210950377913951e-01 5.820565897076850348e-01 4.148096913125844942e-01 5.946728548364018652e-01 5.998796429462752711e-01 4.192781502533116655e-01 5.239616105401651014e-01 3.614463254415482552e-01 5.263345622652062517e-01 5.685389540745994230e-01 1.938411202865920058e-01 1.000000000000000000e+00 4.264062272742517590e-01 5.600691704100321244e-01 5.312390364949776123e-01 2.720470064863940163e-01 1.250019079154953694e-01 6.325109079828221681e-01 3.377516012058043304e-01 2.316761019587557924e-01
2.985000000000000000e+03 5.538103826595309753e-01 5.694458535727515702e-01 4.004134942388113960e-01 6.735006217537957696e-01 6.205786430214668137e-01 4.422579450446759708e-01 5.536527493595213567e-01 4.076836501845833016e-01 4.798508791287590114e-01 5.096898540671349620e-01 7.569097363964850667e-01 4.329140039567045961e-01 4.929034459742311358e-01 5.927160067514936070e-01 2.460117964701813431e-01 3.847059741459517290e-02 5.155347106960930237e-01 4.406216702528636397e-01 2.983847558469946981e-01 2.323223468123856439e-01
3.213000000000000000e+03 6.060068161530608455e-01 5.939882932374486169e-01 4.983516001032631815e-01 5.985169111211131598e-01 5.750078893258935286e-01 4.260062863083383111e-01 5.478207862577919585e-01 3.885139967881677814e-01 4.594393819201667006e-01 5.074006167622582275e-01 2.976837613880650157e-01 6.976534610868989628e-01 5.094231041231354062e-01 5.301663339053902524e-01 4.701973741887403579e-01 2.239734642409248189e-01 2.484530165799717916e-01 5.646122662107868617e-01 3.718442107794268647e-01 2.832333029642148947e-01
3.214000000000000000e+03 5.646004538356673708e-01 6.258400031697105570e-01 4.079769325822106274e-01 6.616259992268692658e-01 6.328261409159657847e-01 4.665771752407756323e-01 5.871095934127306126e-01 3.384067633983818268e-01 4.244840215430898400e-01 5.080343207157423935e-01 5.414800155212263766e-01 5.303461280499525143e-01 4.784472787952867567e-01 5.560921666024213339e-01 2.076076457792528362e-01 1.942994733406052110e-01 4.727444064867560858e-01 4.989525655121794800e-01 3.755802092180560159e-01 2.401179040422019018e-01
3.215000000000000000e+03 5.934384028956485313e-01 5.692836178792213264e-01 5.077395035283389646e-01 6.951988496204040135e-01 6.991531549789493649e-01 5.082377990604119988e-01 5.324455337912930020e-01 3.051536988346011392e-01 4.285353848836652713e-01 4.153537567853764489e-01 4.504356179181853159e-01 5.450642420495355189e-01 5.491629084076272704e-01 3.652074473062221216e-01 2.114127795650588282e-01 5.274520523838068797e-01 4.609510042804383922e-01 5.560539314072101558e-01 3.513633618537994052e-01 1.858744194503575420e-01
3.299000000000000000e+03 6.015260470798626802e-01 6.021881059798795954e-01 4.285500165142572815e-01 6.191246899606093201e-01 5.823880936420572363e-01 5.088597057452840522e-01 5.720754349218418744e-01 3.986063323871295583e-01 4.155655259456262907e-01 4.703839313039280268e-01 5.635221448328210370e-01 3.928029600522256470e-01 3.382093695337900496e-01 4.535227194631235581e-01 7.558257645410713099e-01 7.041236853298822318e-01 3.685609740160887826e-01 3.786176147902107214e-01 1.976627565889666205e-01 1.850466263371992326e-01
3.309000000000000000e+03 6.004449522990215060e-01 6.283792467162839790e-01 4.373675327013688552e-01 5.663807054320942891e-01 5.599538578847732540e-01 4.969923379600001967e-01 5.477590118730024660e-01 3.926939653950692888e-01 4.760674127791768573e-01 4.822791966291539723e-01 1.796986868814208493e-01 1.582015369483737721e-01 1.130317037491461452e-01 3.857832063005339207e-01 4.959117782872305980e-01 3.850314673489286799e-01 7.410642557791830010e-01 7.207534479786582571e-01 5.304580977073408699e-01 3.943046498574798719e-01
4.167000000000000000e+03 5.833369376165163933e-01 5.730934215895581163e-01 4.055859307225450072e-01 6.202873006918263599e-01 7.114622532345795669e-01 4.632350889393953564e-01 5.329901785478808884e-01 4.014996144597338668e-01 4.668259057222406416e-01 4.849643558805769583e-01 3.969413088845740178e-01 3.690650262778711332e-01 4.453175532545337045e-01 6.160126595208755829e-01 5.537952772336148799e-01 3.595136867931890690e-01 4.433025174417252745e-01 3.854338780454699687e-01 2.932924636367444937e-01 3.133727816418044876e-01
4.217000000000000000e+03 3.064181659187165674e-01 5.940083915947387272e-01 4.598116824345935272e-01 7.724381638852247933e-01 7.006034443774967757e-01 5.188803423361355582e-01 5.949824655515262295e-01 2.485907081611708758e-01 5.280316049268882761e-01 6.280792481008882211e-01 4.333325171863151581e-01 5.972559205889913514e-01 3.510526634777034194e-01 5.267700835467327147e-01 6.502465349376237436e-01 4.161787164428117913e-01 4.149273410193985434e-01 4.875838516696432978e-01 2.952839809570170226e-01 1.501945767060839099e-01
4.348000000000000000e+03 5.735968208817143754e-01 5.961498171114537614e-01 5.207303598353575369e-01 6.675030821056127106e-01 6.363731148367154367e-01 4.830514372093563935e-01 5.177377395683008254e-01 2.406689613466246602e-01 4.596059548271763107e-01 5.408494639575252005e-01 5.328144916353182436e-01 4.495327684103751498e-01 5.125111102911963368e-01 4.714653511659741558e-01 1.926904735912256250e-01 7.393326103447300790e-01 4.399364641201442550e-01 4.229073925122115440e-01 3.363057679638691844e-01 1.418211437500880578e-01
4.349000000000000000e+03 5.571392832574817433e-01 6.293828159359816654e-01 4.947474216282722881e-01 6.825314410737686188e-01 6.958868648092367826e-01 4.233062726653952779e-01 3.979391795982079594e-01 3.256546087731418404e-01 4.432379434261343731e-01 5.806307702197189835e-01 3.828906643022312317e-01 5.855331969884544074e-01 4.669201898707266429e-01 3.523874254813866291e-01 8.271677651901798711e-01 4.854365336432939770e-01 3.923993143021377583e-01 4.997510848577895737e-01 2.086710606281772240e-01 1.716240262330412103e-01
4.470000000000000000e+03 5.151527890142159061e-01 5.764484502121368648e-01 4.512303421661906788e-01 5.432290509165166315e-01 6.696800017943946859e-01 4.621856017380090997e-01 6.685789661740798584e-01 4.222806970985561459e-01 5.075106379422328340e-01 4.763585923878541073e-01 2.388154920310390783e-01 8.294469288087810144e-01 4.631262176543590181e-01 4.752421090352170197e-01 4.966958116807403956e-01 2.554025489803775639e-01 2.075640368453859630e-01 6.742568042466331457e-01 3.528954490545362366e-01 2.613455853918604244e-01
5.405000000000000000e+03 4.888370280513277821e-01 4.857185823247958667e-01 3.287877410597727645e-01 5.861867659609825143e-01 5.912504600091793572e-01 5.659441823616838674e-01 6.119770380292617329e-01 4.720971465903569531e-01 5.225386103596656451e-01 6.008732451414395825e-01 2.902906590995755209e-01 5.769707183706113129e-01 4.070805499449045017e-01 4.249639405103144973e-01 3.872544964330186801e-01 3.713714400135116334e-01 4.262410701802057389e-01 7.634758953981818363e-01 4.491194247862704270e-01 1.687477353223171550e-01
5.407000000000000000e+03 4.642649590614082999e-01 5.120912789920866182e-01 4.523467199330291066e-01 7.586732691299672426e-01 7.033917751671799889e-01 5.436509706368400918e-01 5.497131241105008836e-01 3.446838264978865363e-01 4.277272373795054650e-01 5.461592418699893203e-01 3.398273697338847210e-01 4.124852254361796589e-01 4.529832392039173650e-01 4.773014348387236705e-01 4.197112188728330251e-01 6.995077544372806377e-01 5.230242578676658205e-01 3.099929079991359804e-01 2.682823884059244990e-01 3.045141304196096743e-01
5.522000000000000000e+03 5.615548051510163008e-01 5.855481444166718008e-01 4.858688106213627234e-01 6.612999487379200847e-01 6.481010189081440886e-01 4.804163892293752958e-01 4.848920083845375539e-01 3.268601749693416658e-01 4.865395234552625792e-01 5.112901166417488374e-01 5.516930473989554162e-01 6.224061259467269513e-01 4.530824481901879475e-01 2.126198547012880802e-01 1.719926133750719066e-01 4.629030282153658860e-01 5.090759418202357445e-01 8.332021821171410325e-01 4.662279196023598749e-01 0.000000000000000000e+00
5.523000000000000000e+03 5.541948417387548842e-01 6.133814024730969150e-01 4.960596075410735328e-01 6.957718991410792864e-01 7.054874721681726468e-01 4.010230327133388339e-01 5.088484456613475704e-01 3.621764170879622768e-01 4.235091488823026773e-01 4.891625277134663552e-01 5.123474470046643914e-01 5.002772106125866758e-01 2.035077257006312756e-01 3.219744134786607370e-01 4.919000920913563779e-01 5.533664377648433996e-01 7.427835913875563412e-01 6.668856420143826069e-01 0.000000000000000000e+00 2.746618254704120132e-01
5.572000000000000000e+03 5.556691223890845022e-01 6.161500292077691787e-01 4.656197349599281443e-01 6.334174740929561231e-01 6.129221845703196614e-01 4.252625924703633542e-01 4.994312664571382010e-01 3.884570490849788560e-01 4.960890570780286946e-01 5.177996515358929130e-01 3.549182742983280070e-01 4.796056242363666011e-01 6.196883094125219538e-01 6.103186418927640799e-01 3.895746443072582998e-01 2.768394179046020365e-01 1.442063231433123038e-01 5.107745472959910327e-01 3.086282018146479511e-01 4.079075093485596826e-01
5.573000000000000000e+03 5.802089308752771402e-01 6.010094049856249399e-01 4.556468038510672613e-01 6.783169375605621054e-01 6.255868406488797051e-01 4.162153492516413311e-01 5.827034442519269941e-01 3.734217374571643377e-01 4.306390427865514625e-01 4.700990239723772945e-01 3.585996399936232093e-01 6.214985205072217633e-01 5.305985147405909430e-01 4.699415096435238803e-01 2.454963340724247989e-01 5.865825478782216162e-02 4.104112386830069403e-01 3.969021510662182339e-01 5.206601280809582954e-01 3.737514298822394720e-01
5.582000000000000000e+03 6.147916794258927453e-01 5.671242539239703673e-01 3.969138825215190458e-01 6.298569341951995026e-01 5.502732528197792350e-01 4.707469195615065494e-01 4.834173332277956203e-01 3.579272577450196557e-01 4.651711356871023328e-01 6.239722716299060945e-01 4.885721898204054003e-01 5.464641831093959290e-01 4.760029785747767472e-01 4.088554686195711718e-01 3.013735203961990794e-01 5.643009423674262282e-01 4.835520271610491694e-01 4.968445017550653930e-01 2.684826909049818355e-01 1.942520678591956595e-01
5.583000000000000000e+03 5.412757151501309538e-01 5.573208631674899660e-01 4.528919510547081972e-01 6.471498466592010557e-01 6.963857778762769790e-01 4.031414256617156244e-01 5.491070712101896456e-01 3.427587131337158644e-01 5.308890954716758426e-01 5.361740113056640000e-01 4.480642955949295514e-01 5.235143159553856673e-01 3.897895138625497857e-01 4.364444943439785285e-01 5.993043705363988449e-01 5.176253195022900710e-01 4.417050911696583926e-01 3.828171899166168957e-01 2.734162528636561174e-01 2.374348691629478147e-01
5.692000000000000000e+03 5.194176194377194689e-01 5.154783008674596045e-01 3.389856698368000631e-01 6.914649753632478024e-01 7.256618361805404760e-01 4.273210622493340272e-01 5.586311860625623460e-01 4.477117280307549851e-01 5.127633264207134278e-01 5.171503259857119783e-01 3.029106051381211251e-01 5.699910627745604641e-01 3.807408793034960381e-01 5.478738164896062024e-01 5.141740801316023735e-01 4.055518394834871643e-01 2.303156727848954255e-01 4.987121469517771799e-01 4.395552343516923033e-01 3.047342095061008616e-01
5.693000000000000000e+03 4.902522292072596377e-01 5.086848332065458944e-01 5.298149293624005995e-01 7.287591184968367219e-01 6.119994052926805983e-01 4.615307384577028160e-01 6.406404490313594158e-01 3.810251764429927746e-01 4.205962562323387055e-01 5.101660837301947860e-01 4.271868861258518169e-01 3.827506516703621520e-01 4.774299472025379520e-01 5.729353525738496433e-01 3.742393283688862371e-01 1.607372750393195882e-01 4.017068876530296984e-01 5.681721339351625266e-01 3.891563309894970346e-01 3.323987344966420898e-01
5.694000000000000000e+03 4.811795594188175706e-01 6.304890366892450526e-01 5.794349327258336846e-01 6.648137422260429474e-01 6.545736394256245205e-01 5.343142323989550357e-01 5.564237223338638350e-01 2.788669066238542160e-01 4.094997812661518299e-01 5.136015584293956993e-01 3.116348062907021710e-01 5.214059632762022556e-01 5.423917372177228247e-01 4.981134866093536728e-01 1.587670625089808163e-01 4.080154065240708117e-01 5.010719992290620928e-01 5.502297530500542821e-01 4.644402530464585288e-01 2.098949944787546762e-01
6.728000000000000000e+03 6.533422316435709698e-01 5.503566496680490916e-01 4.086534051647941479e-01 6.647450868901655374e-01 7.172433093733839859e-01 3.964999366629159416e-01 5.373850358245576553e-01 3.034016589921722518e-01 4.297172984861208356e-01 5.512404417709304560e-01 4.349698236645845872e-01 5.966649592704714733e-01 5.475452414361920983e-01 2.856061357830371739e-01 2.270346675196178998e-01 5.748623960167800195e-01 5.832464770844267843e-01 4.558356753393282279e-01 2.639002682752643048e-01 2.229011235864839235e-01
6.729000000000000000e+03 5.300614965063911166e-01 5.682235916308291390e-01 5.101456825832796360e-01 7.380144271647536280e-01 5.922432022521482153e-01 4.587728185333737607e-01 4.891966276006164405e-01 3.089447123301140019e-01 4.669312513428553468e-01 5.578239794591832723e-01 5.029929473123935235e-01 6.191418426705200817e-01 2.799558865972089916e-01 3.803594697838368344e-01 6.332067178007074748e-01 6.689399261618029779e-01 4.179448837788164450e-01 3.882518830482819538e-01 3.235670028989843794e-01 1.234813314310748422e-01
7.137000000000000000e+03 5.003839033553896254e-01 6.185465553409099648e-01 4.763104206138185082e-01 6.255027177639972402e-01 5.413013916414094462e-01 4.575811560490846142e-01 5.420133308751036161e-01 3.509733458454935007e-01 5.046130294071875522e-01 6.013562478465503958e-01 6.162076469192545591e-01 6.225383106659120314e-01 2.774184317972148706e-01 6.154930699324031584e-01 4.356152020304138173e-01 3.647407549631318524e-01 4.893098731975226157e-01 4.394249116012054479e-01 1.534271322913586810e-01 2.116189167610063870e-01
7.968000000000000000e+03 5.861210498461427720e-01 5.180571794821062781e-01 4.114134836243298343e-01 6.434904809882540100e-01 6.641443091169080271e-01 4.307414431706735325e-01 5.917176478664218919e-01 4.021522178197545760e-01 4.581609855110738150e-01 5.301847109863426777e-01 0.000000000000000000e+00 6.317878800427126906e-01 7.509960936800491593e-01 4.737442026022137820e-01 2.391247604949949257e-01 3.326636910132736435e-01 3.066179643941930322e-01 6.668427186318403033e-01 4.872738184629046843e-01 3.010106636251103640e-01
7.969000000000000000e+03 4.947545662398356026e-01 5.594300616849708918e-01 4.620727014819651646e-01 6.993973263885122638e-01 6.226472927185001671e-01 4.968890011230096548e-01 5.909891587359056286e-01 3.267404212529208540e-01 4.358317323600179316e-01 5.744834484434734323e-01 4.514730919103878137e-01 7.198447988596090585e-01 3.936175045127007222e-01 3.318259124176120567e-01 2.791817121404723823e-01 2.316397161142333683e-01 5.109226615835914531e-01 5.986467183882312471e-01 3.648697306833882936e-01 2.505228522399805535e-01
8.200000000000000000e+03 4.805507062658992412e-01 6.218182380343485471e-01 5.469644173200569615e-01 7.356894189885907487e-01 6.359795594121837592e-01 4.851275727785567815e-01 6.013153760598060060e-01 2.528886169624460223e-01 3.971574376208831247e-01 5.241655901685280394e-01 4.383737287814889472e-01 6.510543127967962640e-01 4.419929295369562361e-01 4.952794733989336895e-01 3.754110657578215160e-01 2.885397396027453709e-01 3.266556211872364557e-01 5.383092639786541955e-01 2.785778153304769855e-01 3.153277067742766837e-01
9.072000000000000000e+03 5.843621463463245513e-01 5.806232097721523155e-01 4.597675937834460602e-01 5.898082067193906042e-01 5.985427210174080193e-01 5.403847567251511830e-01 5.490667538667113323e-01 3.844723770722003886e-01 4.545235591885762871e-01 4.839666616946009525e-01 3.924707185470966975e-01 3.719052871509216374e-01 5.068381462523557923e-01 4.019632362900350531e-01 2.705939139478203970e-01 4.103077891413011158e-01 6.319447620289631029e-01 5.366041213388665909e-01 3.921371884017396670e-01 2.355230569374485161e-01
9.676000000000000000e+03 5.629260463287887317e-01 6.144808533295378350e-01 5.899343924421298624e-01 7.339129051034762874e-01 5.763306859180079567e-01 3.573826394827277486e-01 4.238444240874394420e-01 3.540354239058027264e-01 4.571778166374285135e-01 5.227445609797701787e-01 4.625214076800822638e-01 3.025338567374569188e-01 6.803183172643183507e-01 5.331704586217043129e-01 3.488788583809802613e-01 3.434796530922485935e-01 3.721206117529006763e-01 7.310979072645306109e-01 3.030893870052312478e-01 1.665061025991802779e-01
1.027600000000000000e+04 5.619993590760076208e-01 5.882654847581468838e-01 4.502687510232896706e-01 5.653966916329841164e-01 6.085395474028344465e-01 4.233164219533258055e-01 5.773800628761034393e-01 4.179225553880610566e-01 5.335087610376548772e-01 4.989934833675792047e-01 3.494486312425336139e-01 3.421428780082416687e-01 3.309383284050190777e-01 5.335083676221132887e-01 6.402436086225598011e-01 4.665499724148710059e-01 4.303580487133485399e-01 4.526335285804392594e-01 2.179345147782753567e-01 4.103876284029963628e-01
1.079800000000000000e+04 5.651175837838403604e-01 6.026566794074625921e-01 4.311981638677929163e-01 6.031812832152648740e-01 6.019916294308998994e-01 4.728767984855264950e-01 5.987407841068241865e-01 3.788053069421189467e-01 4.400655211866409400e-01 5.296143395245982433e-01 7.708297383554597593e-01 6.750029277193927424e-01 3.903495497648759582e-01 4.027463355321319605e-01 2.795454779487016039e-01 3.220482133567311167e-01 3.792724305967720699e-01 4.708537552771687174e-01 2.723612743534752911e-01 1.814198796266105751e-01
1.079900000000000000e+04 5.643105489741805370e-01 5.724427410134074190e-01 4.013653048805085888e-01 6.667094343287741642e-01 6.850417794487130285e-01 5.035193826272045259e-01 5.634410971540946278e-01 3.075723573929791677e-01 4.352392205793075286e-01 5.451805028205320980e-01 6.182675099459357115e-01 4.796052120067071378e-01 4.289454721159474682e-01 4.657574526653909808e-01 3.975613611533249103e-01 4.466279061792245986e-01 4.725481516438590490e-01 4.394792190956323119e-01 2.893134851712653166e-01 1.709418388255734833e-01
1.080700000000000000e+04 5.298054653501197420e-01 5.739316456988725612e-01 4.469559050098537711e-01 6.016536105831836734e-01 6.246963029284462454e-01 5.539434451590818931e-01 6.498649307819839294e-01 3.677006198712880480e-01 4.154825471321902386e-01 5.090901393876342551e-01 3.566482476300605886e-01 3.695435816445649668e-01 4.023688137160075784e-01 4.510557987378788214e-01 8.567506516326224286e-01 5.564962754997159200e-01 4.180566743167445365e-01 3.289223419176913743e-01 3.487353765517597348e-01 2.204757408979536315e-01
1.104900000000000000e+04 5.488654738241582898e-01 5.961496234923133741e-01 4.877085390907656137e-01 6.608108301113813088e-01 6.112465447214247005e-01 3.537127358935895916e-01 5.894428288935620319e-01 3.711079782138449468e-01 4.901773143312757597e-01 5.138950547492594501e-01 3.896293458354471717e-01 4.524421918689481292e-01 3.166253041383572109e-01 4.699258967185578340e-01 3.234863323236632504e-01 3.614579611311782847e-01 6.669069912913988540e-01 8.125319706561453525e-01 2.835808083738779461e-01 1.781080253427790860e-01
1.116500000000000000e+04 5.987531494634228402e-01 6.060433824346939113e-01 3.695112996914978742e-01 6.219926817950164333e-01 5.939501695157161087e-01 4.622877936823656109e-01 5.420469620999266436e-01 2.918665537660821707e-01 4.985711921237996891e-01 5.930888827997922164e-01 4.588475786623077424e-01 3.545355707863706574e-01 4.687743416491818582e-01 3.849921806800870039e-01 3.937282561582768348e-01 4.287122468977268563e-01 4.281935675804200425e-01 5.257505037078785692e-01 4.495608258209122243e-01 2.529197459440760687e-01
1.130100000000000000e+04 6.072681798330265002e-01 6.821290393448071754e-01 4.771058625852022117e-01 5.952888795121392684e-01 5.554661962337488212e-01 4.428074798044139282e-01 4.863306067653908049e-01 3.292564009119188784e-01 4.291468946428625975e-01 5.657945937679752513e-01 5.199601626565389934e-01 2.996829593799908431e-01 4.643260708611246512e-01 6.422977710475670232e-01 5.399302341641930569e-01 4.213881929926130421e-01 3.327882024231275104e-01 3.264422741736397460e-01 2.788427969978669596e-01 3.250915822460433979e-01
1.130200000000000000e+04 6.349435106049867716e-01 6.091287013744441925e-01 3.990912247890778253e-01 6.486781748856046415e-01 6.526361730978375020e-01 4.043846341101889896e-01 5.137507674426998738e-01 3.033519935480618046e-01 4.756832974066850239e-01 5.380485518144462187e-01 2.524102216837530444e-01 5.245606338853112671e-01 6.289962524828491830e-01 6.675179144090415129e-01 4.613121702850770389e-01 3.362188384886926062e-01 2.997702523506951544e-01 4.096786322646769896e-01 4.710558080675099624e-01 1.913264272910701891e-01
1.130300000000000000e+04 5.778114496863085980e-01 5.611422723649724942e-01 4.848186227174597906e-01 7.033127986842602208e-01 6.024835980015645909e-01 4.352063804429593397e-01 4.881068479106474567e-01 3.566078406535559409e-01 4.538755305579442734e-01 5.396563439074580915e-01 3.928425445413802897e-01 6.318454177556800389e-01 5.812594785924312113e-01 5.293119742023164598e-01 3.050690323895345335e-01 2.423557307803318461e-01 3.293261463681504964e-01 6.086333633952892841e-01 2.429614204799380173e-01 2.997352282825839764e-01
1.139900000000000000e+04 5.881652885237117490e-01 6.677322942298344888e-01 5.265403460437607652e-01 6.609565759152906672e-01 6.192990476575995773e-01 4.563730566803418376e-01 5.365075797713230177e-01 3.063766536611840507e-01 3.680572467911359391e-01 4.892943101289288776e-01 5.320204816072705567e-01 6.320416423627486235e-01 4.851373525217597682e-01 4.344690133955619871e-01 1.642909572244544425e-01 3.030176152930075251e-01 4.715503249994480450e-01 4.146094312525087644e-01 4.677259174913054318e-01 1.968237661679447248e-01
1.140000000000000000e+04 6.273049020308364421e-01 6.469078821734154383e-01 5.055966224251946528e-01 6.873380373464824666e-01 6.825665100632688498e-01 4.589183295558914577e-01 4.937267012884519746e-01 2.447018529611802717e-01 4.103520253112825644e-01 4.568779767783460732e-01 5.324871736980659742e-01 5.482400640655797908e-01 4.256065857374699557e-01 3.224544443082647538e-01 3.294787432660065685e-01 5.203436662074054642e-01 3.801343971772999097e-01 6.858558038360904607e-01 2.856138410395552829e-01 1.997880160951421291e-01
1.148600000000000000e+04 5.398970424483886532e-01 5.960585057574636636e-01 3.926810266567256624e-01 5.923893371076526249e-01 6.929289135941325561e-01 5.047539546520390941e-01 5.214580095455807474e-01 3.775634915450259976e-01 5.035553343366651058e-01 5.309363559704906033e-01 5.399426161963037929e-01 2.768411805693530847e-01 4.351802241589645681e-01 5.469701688567908393e-01 7.138938593295142132e-01 4.866402266503821461e-01 3.879986948827714444e-01 2.422740744716330996e-01 2.961324828737038062e-01 2.756970867592990482e-01
1.249900000000000000e+04 6.071145417983668802e-01 6.069762445916248028e-01 4.948876931783007249e-01 6.163304874895225716e-01 5.096490744289795538e-01 4.039226089149284271e-01 4.938647104032410917e-01 3.673325498673129519e-01 4.682852218524876098e-01 5.915622127204069880e-01 6.813618897634283744e-01 7.424510614943078401e-01 2.469277027428981863e-01 4.636086857046817777e-01 2.800161366917455208e-01 3.653426151008946077e-01 4.715266303197882536e-01 5.251581609428258579e-01 2.486372517139298632e-01 1.689058022992537267e-01
1.250100000000000000e+04 5.773579235743321325e-01 5.697818201785025405e-01 4.300309006360287789e-01 6.606249495744461742e-01 5.895773873390036668e-01 4.620877713475998183e-01 5.200844094885924696e-01 3.676438741802168231e-01 4.733994482939780091e-01 5.457878391406812968e-01 2.402183206929423276e-01 5.243577621929605970e-01 4.291893799628142547e-01 5.498598476979864591e-01 5.883033173779805836e-01 5.475736694834372198e-01 3.437672768612182739e-01 3.695528267138943890e-01 3.081822500515092877e-01 3.331229917021736320e-01
1.257000000000000000e+04 6.286376966709302794e-01 6.213811090084545574e-01 5.069337262648347942e-01 6.753842434305969977e-01 5.242151758679580720e-01 4.410196135506508908e-01 4.706347686379868112e-01 2.865850170185701984e-01 4.498026782564898407e-01 5.457695859498732371e-01 3.958468166152495638e-01 6.084926661792264824e-01 3.617807315336210028e-01 3.857496911148312058e-01 5.320485092560546247e-01 5.131941866818854336e-01 4.899230054182631688e-01 5.220641085654796898e-01 2.459464305618099256e-01 2.217205252039942953e-01
1.257300000000000000e+04 5.851794035609609868e-01 5.788270861471659368e-01 5.305327659886918124e-01 6.424662983524644932e-01 5.335772825452794743e-01 4.059096861478206919e-01 4.970248309946669885e-01 3.786418547440345006e-01 4.945433536004411601e-01 5.386225096831512849e-01 3.189233521564399654e-01 6.481352809851892438e-01 5.989766571970723819e-01 6.400909144665452022e-01 4.941693326463966196e-01 2.791390310846963985e-01 3.788859505624024293e-01 6.372577844340273634e-01 2.301027745039153916e-01 1.247711950559796390e-01
