1.829000000000000000e+03 7.149763301695746254e-01 7.432934932771546599e-01 5.524629035386459108e-01 6.989881660923757956e-01 4.812497373718232496e-01 4.102098903716704936e-01 3.160281688731038097e-01 2.083785228056408978e-01 4.364699392967683056e-01 4.997678540266059510e-01 3.417713862746576958e-01 2.465038396553403399e-01 5.324779193131762289e-01 4.319544807231940342e-01 5.480381494033051970e-01 6.432804077307496815e-01 3.917688989919276832e-01 2.765715601562390158e-01 5.308930487530815201e-01 2.486231414209656154e-01
2.017000000000000000e+03 7.392743606636514864e-01 7.471557600352274342e-01 6.519601724580211810e-01 6.350545765389808972e-01 4.513058416733946032e-01 3.435609522275536176e-01 4.348274405193344738e-01 2.292205873260415860e-01 2.776089557118033846e-01 5.839366273336618063e-01 2.367290213025085854e-01 4.504424673872479135e-01 6.592453788647483215e-01 7.202333236716950138e-01 4.890335808068919654e-01 1.679634510734622221e-01 2.620844222268823298e-01 2.708946667775341544e-01 4.301450781739309948e-01 3.969310283154230956e-01
2.698000000000000000e+03 6.143069176954262245e-01 6.628363110342483377e-01 4.873908727916489991e-01 6.591569152083838201e-01 5.641839822683991645e-01 4.023621895880312715e-01 4.712133430609454221e-01 2.520470391278611388e-01 4.414532483604409752e-01 6.061108097942347062e-01 2.735118964832053412e-01 5.702831455242193259e-01 4.248442596652762804e-01 5.820679016176633080e-01 4.969705453875223888e-01 3.730805021596196869e-01 2.429270715632528277e-01 5.496264331354743238e-01 3.859400015564790620e-01 3.088832434531677551e-01
2.766000000000000000e+03 5.968852611552839527e-01 6.919165993467911724e-01 6.082409880819649173e-01 6.903355200363444633e-01 6.128487474303878635e-01 4.552545548893359717e-01 3.273466839959512931e-01 2.054868248196643210e-01 4.756623292622307875e-01 5.244741608222103224e-01 3.564795258742819439e-01 6.700503482056718862e-01 4.231512972591299215e-01 4.461041168616919350e-01 1.197672851145093337e-01 3.574243612385140101e-01 5.532732383052696434e-01 5.335254750728014583e-01 4.507229966587648629e-01 2.244356409222764970e-01
2.980000000000000000e+03 6.416611547270703042e-01 6.658056082838582634e-01 5.781931777073255896e-01 6.962288034898466149e-01 6.210532960369836708e-01 3.496050382186141614e-01 4.099252804717554710e-01 2.283967456690251252e-01 4.417900156387237209e-01 5.401501828897991020e-01 4.118061900189941560e-01 4.824420875101251838e-01 5.218751558932528400e-01 4.326678823194549661e-01 8.372775342622121308e-02 8.934667631186401504e-01 3.414521005957379951e-01 4.926355819214385257e-01 4.013798994163481626e-01 1.776245087671588785e-01
3.219000000000000000e+03 6.552993749799864709e-01 7.332898718875328070e-01 5.948170082826300664e-01 6.903430428940695585e-01 6.307235559586393814e-01 3.184591804011197569e-01 4.135468045621945032e-01 2.781136399977224283e-01 3.818251070512119205e-01 4.686655099066123764e-01 1.907331045338183650e-01 4.360631999643410084e-01 3.739774314452519732e-01 4.182169456378371231e-01 2.381644796936908393e-01 1.406494778839348092e-01 2.025800770427094444e-01 4.628055355329130927e-01 2.244581157828244578e-01 1.000000000000000000e+00
3.220000000000000000e+03 6.837498361416073367e-01 6.950478192274042177e-01 5.543552644100430138e-01 6.963591877860944024e-01 4.835998693068291332e-01 3.453010660993661718e-01 4.645085710450191363e-01 2.626800898210296942e-01 3.944918368185239554e-01 5.208995274910842577e-01 2.563530030729633813e-01 2.948932214524012663e-01 2.858616931014243967e-01 2.723641124919563006e-01 4.711867933820192145e-02 6.599612767887441667e-02 2.834062519096314237e-01 2.158927008525449165e-01 1.000000000000000000e+00 8.084859268465126592e-01
3.303000000000000000e+03 5.885358569854884925e-01 7.135819304591429768e-01 6.087031921496027786e-01 7.519713492619906070e-01 5.693445648470580878e-01 3.531068169543404300e-01 5.032397419677621109e-01 3.067367889424825744e-01 3.828433695152355654e-01 4.021528720626464382e-01 4.983835318142357806e-01 6.047825211526910438e-01 3.366541327615468759e-01 3.258881889049302094e-01 9.539393941249095510e-02 1.703342029794839285e-01 5.546256573747265772e-01 4.374137168358689931e-01 2.338538865359639507e-01 5.950579613852492455e-01
3.304000000000000000e+03 6.615599868419692609e-01 6.969857520251211414e-01 6.361256397358596715e-01 6.568561817152726023e-01 5.212218809554063359e-01 4.216803869980659258e-01 4.884453990429146186e-01 2.554786255429575825e-01 3.250232247228303506e-01 5.019974729833758254e-01 3.967369415861087822e-01 2.962094478828613542e-01 2.485434236750541925e-01 2.017246198282952041e-01 9.998136096093822311e-02 4.556129325799647134e-01 3.030071138214603943e-01 2.571931359716048138e-01 6.634518315161743729e-01 7.597793360404235807e-01
4.171000000000000000e+03 6.450849208764510845e-01 6.795654480975925615e-01 5.669470847646074230e-01 7.558439689441822651e-01 6.621737517944857876e-01 3.708504655924874105e-01 3.421956454490314714e-01 2.248227343296937408e-01 4.167646439922085277e-01 5.032887833065103900e-01 4.440572589126657865e-01 4.122238797948724609e-01 4.514872857765037661e-01 3.755345236298057721e-01 2.649091999530799879e-01 4.438116997195232782e-01 3.399136072432200617e-01 2.287699519283688254e-01 8.352246115492364398e-01 2.316101234905875439e-01
5.006000000000000000e+03 6.168700686684244205e-01 6.480705923148220027e-01 5.746231398182788386e-01 6.638510363018931271e-01 5.950420407918238785e-01 4.159414641370792198e-01 5.442218420141646806e-01 2.970800186113621288e-01 2.279265582918046651e-01 6.364346874050585967e-01 4.858824886640834562e-01 4.186941385557145789e-01 3.770286199235258762e-01 4.102203105452900123e-01 4.125052773436572173e-01 3.070748311424118526e-01 4.384195297604589481e-01 4.640921883075790899e-01 4.493882010431765606e-01 3.173447906818172015e-01
5.381000000000000000e+03 5.696192131662245473e-01 6.582347949116006403e-01 5.975052669257705507e-01 7.506690752553039081e-01 6.356925076984526468e-01 4.246133625617787288e-01 4.870129851568239521e-01 2.274337573275314883e-01 3.568399178670996763e-01 5.218087342678191520e-01 3.744022196830769089e-01 6.592555433192837100e-01 5.121216356275071213e-01 4.245722770367061361e-01 2.434644021648467993e-01 9.357969181570922890e-02 1.270706439479359351e-01 2.262103793331276258e-01 5.337064266822050262e-01 6.203862279550906855e-01
5.382000000000000000e+03 6.197304259313327623e-01 6.941134384010103631e-01 6.410257233039856617e-01 6.962460666346867999e-01 6.359940361838012368e-01 4.120108738883839772e-01 4.012005611543204009e-01 2.331940954399722432e-01 4.408058726650100345e-01 4.273175781363826586e-01 4.687469435977871246e-01 4.884181074384935650e-01 3.509940380321453501e-01 3.335327831591812231e-01 5.176573234507071686e-02 2.876694841134413289e-02 1.696162384456276762e-01 6.526855150159206476e-01 7.529185198216467034e-01 5.064359121483342774e-01
5.593000000000000000e+03 7.449980082465944564e-01 5.899772717752223006e-01 5.237720981750565441e-01 6.953121479021519002e-01 5.837386383214787644e-01 4.061412741465877385e-01 4.696708310575984369e-01 1.793788201474739719e-01 4.287635909871397311e-01 5.088178723425601513e-01 3.097705404894124936e-01 5.631658689280438779e-01 5.855163999987693657e-01 3.115533634223093262e-01 4.834102781384813086e-01 4.032284979190121632e-01 3.806495076197081717e-01 5.612917999149158454e-01 5.087141176678257048e-01 1.484893734361135420e-01
6.268000000000000000e+03 8.125663132978226955e-01 5.747980831920792566e-01 5.052763491192836520e-01 6.379258786200178166e-01 5.816615007280183658e-01 3.597196581262350756e-01 4.278957135981806270e-01 9.672004829890563926e-02 4.698637641345770888e-01 6.314703642651980919e-01 3.364517157675786518e-01 5.657730259865821898e-01 5.080417217821120435e-01 3.235431776351193056e-01 2.822662993983935387e-01 2.570358462803199462e-01 4.092214325328307756e-01 5.031370712719737126e-01 6.199363703476600262e-01 2.699023934978075356e-01
9.001000000000000000e+03 6.377967036776212018e-01 6.388431959946645478e-01 5.740690241244423841e-01 7.713667999880333692e-01 6.737296761460794814e-01 3.914671087802362726e-01 2.495812693839765117e-01 1.623823415628739275e-01 4.911305445068264719e-01 5.759902059329528035e-01 6.932876648608720105e-01 5.359322451336421267e-01 3.394327219773621840e-01 5.723284530208527787e-01 1.643201211622187241e-01 0.000000000000000000e+00 4.557239413936036709e-01 4.974752656726446620e-01 5.083977882197145970e-01 2.349908490244380088e-01
9.049000000000000000e+03 6.648835962823371748e-01 6.406199330485672361e-01 5.195903492073903340e-01 6.903905222558354149e-01 4.947019287361509310e-01 3.704661990969930208e-01 4.330452896408953922e-01 2.115648005898557726e-01 4.527251035340962848e-01 6.326005739139974882e-01 3.804899428421891772e-01 5.244428108171071967e-01 6.737537151197426910e-01 4.876899071191301283e-01 3.938304060646615756e-01 5.299458298298311831e-01 2.964706324791516190e-01 4.371264490225100774e-01 2.990466555911192592e-01 2.208061533533964560e-01
1.021900000000000000e+04 6.597924623604737304e-01 7.198038314882241329e-01 6.018008464260855561e-01 7.073981412827070603e-01 5.168207314697159660e-01 3.655848303559094403e-01 4.228240864509380526e-01 2.560543431357625299e-01 3.106688953949415799e-01 5.709879796394957685e-01 4.033651542937540246e-01 4.677358986661185880e-01 1.423617346166388131e-01 4.038184567904946065e-01 3.807255662611530034e-01 4.204898737906089257e-01 6.449686988689421474e-01 3.612597490677432188e-01 3.831347753737595063e-01 4.271881938963847380e-01
1.022000000000000000e+04 6.650779648655145149e-01 6.904789480778882327e-01 5.661334903420739417e-01 6.273259237722559334e-01 5.360275430632794880e-01 3.423632710609199048e-01 4.261809647220509145e-01 1.770554486553945484e-01 4.793460081551065288e-01 6.240403084095923480e-01 3.778088134434252621e-01 1.542552835745142903e-01 3.792595414533748155e-01 4.998809741381817218e-01 4.338192170082474375e-01 7.127361208585732966e-01 3.161872894236660292e-01 5.370486923042389060e-01 5.919867421753991499e-01 2.130194816427030402e-01
1.027200000000000000e+04 6.661227605610953173e-01 7.137029357659799844e-01 4.913891386131430949e-01 6.325815392247327029e-01 5.614961307648377309e-01 3.746318788941420674e-01 4.594132891840950195e-01 2.100554691721203127e-01 4.610707057897183159e-01 5.593299877398412168e-01 2.438326589209852957e-01 4.055113086459802285e-01 4.369773149942459689e-01 5.417116037381520810e-01 4.044777801422678731e-01 2.774885195479083189e-01 3.190587848828466133e-01 5.767453417588457310e-01 5.745600760972259247e-01 3.311575627312103864e-01
1.115500000000000000e+04 5.783770272787813749e-01 6.379091299955171879e-01 5.614902336701881325e-01 6.908804709855193016e-01 6.027940882147613255e-01 3.748543664128851094e-01 4.581717697457411420e-01 2.520760316883872143e-01 4.780166534992693617e-01 5.653018733063450707e-01 4.435245751698044803e-01 5.674525323661314680e-01 5.619742268114206185e-01 5.090543422472312285e-01 3.258868826261073770e-01 2.359150887602992075e-01 2.562799116158794299e-01 4.588251809929135283e-01 4.746588854736092378e-01 2.717902020975959676e-01
1.116100000000000000e+04 5.955150611815328565e-01 6.081090018628526606e-01 6.112569086625451176e-01 7.337500582262121984e-01 6.226969813235013751e-01 3.811654228041186365e-01 3.700672219568731380e-01 2.601151776759602074e-01 4.389164577402635548e-01 5.798070815873264117e-01 2.677254281314782602e-01 4.930425365336671417e-01 6.403447339168671926e-01 5.502617073989549690e-01 5.304100682369968789e-01 2.588341081250717379e-01 4.302552180804757875e-01 3.684242906225804748e-01 3.603848004710113462e-01 2.842309490139482975e-01
1.146500000000000000e+04 5.971435642304578906e-01 6.575013409831185207e-01 5.562515279551509817e-01 6.575155425813348220e-01 6.080877842388086041e-01 4.166582700415356055e-01 4.096355041348268000e-01 2.350185667626054076e-01 5.037059235091438936e-01 5.491632031816205961e-01 4.267472399793816873e-01 3.257918968665489690e-01 3.528908364411066922e-01 3.419408659547771290e-01 1.412199504233149772e-01 5.955701680739757808e-01 5.892859310732457834e-01 4.947791003052277037e-01 5.242157212482623230e-01 2.847777778111687530e-01
1.177000000000000000e+04 6.152652852924801463e-01 5.909022413579777533e-01 4.937779148352610670e-01 6.834001447425788189e-01 6.467096726413161800e-01 4.183330592768483847e-01 4.219268552485267998e-01 2.552753622292889824e-01 4.477465465801734323e-01 6.235423751763862210e-01 4.285479597702964716e-01 4.827187786594197005e-01 6.117557922626889466e-01 5.082003234280781934e-01 9.126889261507149798e-02 2.396198716775508886e-01 3.461148800586775209e-01 3.922641590408104117e-01 5.688110656088984918e-01 3.223914193428609742e-01
1.197800000000000000e+04 6.830474655901483949e-01 7.334646467160399474e-01 6.672514946585266227e-01 6.049095851403994972e-01 5.170715859083243604e-01 3.568079209706347399e-01 3.838494861477960152e-01 2.182603268122985662e-01 3.708082393960296930e-01 6.060085933618987175e-01 2.972703328273186840e-01 9.771204595343082611e-01 4.765788042522055012e-01 4.435362404507296463e-01 2.319337757406722267e-01 2.378948639937474296e-01 2.604127976588133109e-01 4.567556615253800523e-01 2.997170862785936141e-01 4.031583455156521612e-01
