7.660000000000000000e+02 6.643221050493359758e-01 7.250595003576086883e-01 6.439763993316088841e-01 7.653581586092024214e-01 7.087865196580940275e-01 3.970756424001054552e-01 3.881331306614677068e-01 2.064757287826561594e-01 3.172604989961119171e-01 3.855308047498409718e-01 4.373867408893089004e-01 2.782306895420788573e-01 4.043556551360392159e-01 3.391565329667184936e-01 3.467681443822171472e-01 5.733215315134516654e-01 5.207283552861833309e-01 4.400983796635990486e-01 5.860385288424125871e-01 2.137601145923825052e-01
1.826000000000000000e+03 6.801974760914063500e-01 6.039361649014336475e-01 6.167653094009464265e-01 7.831647469676230600e-01 7.425577134908420973e-01 3.946655142221131007e-01 4.784905619534129406e-01 1.975262549422873992e-01 3.986544335244971982e-01 3.296659245195248111e-01 3.578628605025372944e-01 5.006459047385304340e-01 6.093250058580005346e-01 4.314265587463362861e-01 9.869750200952362440e-02 4.645978846815052576e-01 3.328405258907577435e-01 5.940547566942191438e-01 5.012360460648405125e-01 2.403419601710255760e-01
1.827000000000000000e+03 5.891153775208983756e-01 7.240293416505921842e-01 7.159703827576979762e-01 7.696676522356604710e-01 6.243509003995484363e-01 4.259784762469095987e-01 3.890525663838506620e-01 2.970005596305366202e-01 2.812397682686644806e-01 4.040872958296736206e-01 4.087803144905422514e-01 6.673344996418905106e-01 4.095873901270508655e-01 2.540715870870824955e-01 4.882348164162162441e-01 3.211397479242220077e-01 5.254473184045445056e-01 7.106746244903530130e-01 3.367619709685513718e-01 1.507996216571181325e-01
2.242000000000000000e+03 5.157262725911081480e-01 7.292891288110248116e-01 6.355477186023034131e-01 7.594785955106310160e-01 7.479499697997463725e-01 5.148981222546978875e-01 4.309696601542625793e-01 2.136464546387582264e-01 3.179735470974569544e-01 4.293668042082463554e-01 4.903944288497057991e-01 5.334235962117338525e-01 2.414718154079562307e-01 5.272837583228574543e-01 2.719758800478366267e-01 6.226904806404403026e-01 5.193320872765379015e-01 5.063557457049291388e-01 2.181223340324733306e-01 2.707561296366930992e-01
2.935000000000000000e+03 5.856558147551643723e-01 6.497158997903100808e-01 6.110305134006794869e-01 7.968268073808562058e-01 7.438370320821358073e-01 3.966502374611126647e-01 4.079370290642321817e-01 2.597651634201920134e-01 3.848275731899978847e-01 4.092164042431840065e-01 3.494045325866796947e-01 3.411005510978402655e-01 6.320156156349923116e-01 5.071736518224914114e-01 3.550270541026688820e-01 4.700707070238849261e-01 4.441591418750677756e-01 1.813025728633579914e-01 4.915213224832149508e-01 3.141749721709824472e-01
3.217000000000000000e+03 5.963119606205115053e-01 6.627146275687092469e-01 6.017216813446301105e-01 7.565591330758351107e-01 6.721422165394332904e-01 4.109882968943630588e-01 4.903629282198056494e-01 2.119692343845206439e-01 3.564042405838583338e-01 4.717933811695518287e-01 4.680355777498554359e-01 3.619111060751079023e-01 3.207354958312870763e-01 6.305570963767730408e-01 4.783626998145149023e-01 4.933942354612071979e-01 4.184216358734612617e-01 3.499219674975706518e-01 2.588089490147071903e-01 3.623861429757884722e-01
3.224000000000000000e+03 6.218552850902799856e-01 6.789867467539880685e-01 6.278166420308004536e-01 7.255869139566946124e-01 7.087636254300033745e-01 5.278189650422038248e-01 3.984459438247365259e-01 2.261191267484140288e-01 3.337077639246529004e-01 3.934074189864015803e-01 9.463971683402103152e-02 1.209701214436102318e-01 2.043789833254571475e-01 1.545082301652275503e-01 7.762599838361728954e-01 8.459651602424835826e-01 5.952603570250558640e-01 3.293956804662449001e-01 6.355070097683983565e-01 4.074225676397318918e-01
3.776000000000000000e+03 5.878697259623137938e-01 6.937632905752793011e-01 6.001465129463405823e-01 7.553675184182847557e-01 7.620687994998438519e-01 3.962938489955614152e-01 5.345736954932783780e-01 2.641032120268561045e-01 2.926713503018389395e-01 3.853907963249794122e-01 6.076812807813339878e-01 6.196957722760140230e-01 1.081034117271971740e-01 6.442730170327416461e-01 4.023305099907319993e-01 4.147190809669036304e-01 4.089538549745044271e-01 1.395670354552607517e-01 4.854678444618674704e-01 2.636903940095520760e-01
4.094000000000000000e+03 6.600218253734099205e-01 6.999257798417765075e-01 6.866362717929799242e-01 8.249201233142704481e-01 7.685853757696344823e-01 4.926546221783714707e-01 5.224988259817104908e-01 0.000000000000000000e+00 2.390077670274339261e-01 3.738789857146822548e-01 4.052664797816785680e-01 6.580746148634258885e-01 3.648575018338033327e-01 4.755800176046431904e-01 3.372597869767263723e-01 2.388280177375655955e-01 1.287920212893087779e-01 9.642235988875234032e-01 4.104171879422069957e-01 2.350726442281758644e-01
4.146000000000000000e+03 6.866816350422749737e-01 6.892355137204406734e-01 5.592634225103285672e-01 7.843947911059300226e-01 7.729900392258595154e-01 4.691792683825547483e-01 3.073399283523984837e-01 2.124297961280260105e-01 3.261430423517059363e-01 3.887807247336267924e-01 6.666824955856848200e-01 3.389935948206440064e-01 3.929690062240935311e-01 8.588773335723614011e-01 3.095680669402425811e-01 2.702133582903215037e-01 4.142980193687727519e-01 3.611142356815164045e-01 1.925838291337337305e-01 2.999612791258985944e-01
4.383000000000000000e+03 6.638556560069505119e-01 7.131919181129428020e-01 5.699788682388429173e-01 7.604799900456474804e-01 6.950690536606478620e-01 4.628329215603920188e-01 4.960646806702593281e-01 8.074180855511745025e-02 2.368978824362649171e-01 5.333150838290696694e-01 4.108247042214699385e-01 5.530560126772259277e-01 3.963625037280336105e-01 5.412725497147017339e-01 1.390294420481503757e-01 5.546593658577291669e-02 7.884939708281930582e-01 6.529735374048130092e-01 3.027186484839560210e-01 2.553996635221555955e-01
4.924000000000000000e+03 6.458050388776481743e-01 6.832452361887926262e-01 5.561001216152871018e-01 7.405255984168597205e-01 7.077092517791512272e-01 3.782980184860468831e-01 4.030290354621629545e-01 2.455345507455564125e-01 3.893978807037110079e-01 4.450973740094062436e-01 4.185370200529773266e-01 4.783310926747679770e-01 5.006941829936349952e-01 3.835267633092110384e-01 4.750516262956945290e-01 4.157754519903502088e-01 4.672268510885699833e-01 4.305357844619959740e-01 4.412967614802070226e-01 1.928138223836367016e-01
5.426000000000000000e+03 7.212943980686103984e-01 7.064952174543459584e-01 6.537207191433951348e-01 7.392713591150360530e-01 6.946610383429466795e-01 5.374256859267912967e-01 4.157159863989519089e-01 1.225621130277965987e-01 2.608324901410130070e-01 3.527550998161594897e-01 3.820604249263179764e-01 5.243128303440705018e-01 6.124536128470784435e-01 2.421726252959074954e-01 3.114900248069216171e-01 4.318051078158388068e-01 4.309691372793661435e-01 5.587233722519429069e-01 4.948673358589942839e-01 1.891604810363657074e-01
5.576000000000000000e+03 6.248341921245362807e-01 6.769952179430441808e-01 5.699818531199594140e-01 7.714906175891815820e-01 7.652460999147187026e-01 4.415965915056511149e-01 4.710160193477453960e-01 1.891671212569242533e-01 3.090630201663959742e-01 4.279224059514127321e-01 3.628768249829998349e-01 3.639452901906706228e-01 1.814487201199827260e-01 5.083485533993367111e-01 3.097233921417549274e-01 6.513705369105109444e-01 5.934683478858441275e-01 6.087500689948512900e-01 4.079341706333901585e-01 2.328626658653075165e-01
5.641000000000000000e+03 5.861692575371272307e-01 7.313931730112244178e-01 6.274791831240931206e-01 7.255459491148857909e-01 6.050801526861678825e-01 4.431455366773126014e-01 5.685829845274589234e-01 2.082753284703151020e-01 3.072227511495841390e-01 4.226573032204681279e-01 4.099006582208428728e-01 5.251901392700399906e-01 3.693462847585696207e-01 2.608813936591054539e-01 6.968056824686903461e-01 5.629385228230032734e-01 3.683470222940880556e-01 5.977055089971353707e-01 3.610187279356746326e-01 1.708643883583463863e-01
5.683000000000000000e+03 7.201242496234119272e-01 7.168774355592638647e-01 5.825731955166384424e-01 7.311730795982542830e-01 7.547517051569534452e-01 4.918159046445936267e-01 3.016336391388572125e-01 1.960572222270638987e-01 3.136984071486043635e-01 3.784055910136702727e-01 4.134748708006065199e-01 4.767168085389593135e-01 4.544744771350604506e-01 2.461711538139488287e-01 3.561573673897233672e-01 2.921043198757276027e-01 5.773525394248881781e-01 6.962694636314348262e-01 4.240239209931846998e-01 2.226375614187689755e-01
5.871000000000000000e+03 6.177768640039201786e-01 6.289299028274611958e-01 6.461038880958710484e-01 6.864576046677459686e-01 7.430211652615598128e-01 4.110118598578780258e-01 4.705303901753297713e-01 2.229716997831681646e-01 4.023205768873808763e-01 4.411732998815005580e-01 4.722665758927009905e-01 5.694699094586429533e-01 4.437215243819966348e-01 4.288463602674947861e-01 3.445414203213952309e-01 2.324620681779467624e-01 4.215003877373464380e-01 4.691942274824168480e-01 4.219507950311695010e-01 2.886099211619868043e-01
6.281000000000000000e+03 6.278590986683140196e-01 6.491204166627767558e-01 6.165154749131018797e-01 7.076898977420296166e-01 5.421278252356769300e-01 5.402976608376280909e-01 5.018839590347327073e-01 2.016838749803085418e-01 3.553906269737334145e-01 4.520006917525287715e-01 4.283126102656819034e-01 5.088137139067697712e-01 3.203473958970506352e-01 3.652516648587789128e-01 2.893924376338734006e-01 4.998254741829542547e-01 4.638848636780981693e-01 7.779016371652880402e-01 3.704999125689648065e-01 2.027330473105744268e-01
6.349000000000000000e+03 6.405563848433638574e-01 7.222380402080424977e-01 7.095339590926377227e-01 7.354010964711061860e-01 5.847117369936866149e-01 3.835405709275073183e-01 4.980512566870738400e-01 1.936347965638649249e-01 2.337631509155405907e-01 5.029144944347033741e-01 5.023828454404259958e-01 4.422074250029427445e-01 3.860325204607680805e-01 4.547055425284605712e-01 2.823884105048343196e-01 1.058020415312126289e-01 4.305067966818899583e-01 6.816011245076226688e-01 4.092140311768994176e-01 3.436723343561857158e-01
6.746000000000000000e+03 5.859888527517532752e-01 7.544992019812571948e-01 5.980559085375429795e-01 6.999156122703868999e-01 6.450548097967868655e-01 4.559383950408556485e-01 4.482597958192031107e-01 2.597598901223446832e-01 3.217614385930840371e-01 4.485799917468367703e-01 6.383632253676301271e-01 6.597210824133815654e-01 4.821282309981061442e-01 3.365499363697215252e-01 4.781957866923743083e-02 3.416620674369836852e-01 4.670021321703706207e-01 6.371755885795267194e-01 3.483974414501683214e-01 1.685081478953448508e-01
6.800000000000000000e+03 7.030445220235476134e-01 6.476422489512226877e-01 5.481239558694931402e-01 7.001992013122508851e-01 6.565210645941623735e-01 4.202577391425028064e-01 4.713656343436788410e-01 2.125497548770943490e-01 3.491451646472656933e-01 4.695213435850188466e-01 4.406104181400446462e-01 5.874263291082293392e-01 5.657332308495275353e-01 4.355778880764919481e-01 1.042522224348444160e-01 3.090627274049734252e-01 4.820405919954392493e-01 6.597696718573733410e-01 3.906066874020964752e-01 1.833884211206835979e-01
6.801000000000000000e+03 6.198928067958351384e-01 6.722673088992304757e-01 5.814290561798388657e-01 7.180498424738909202e-01 6.501996023585611129e-01 4.109760750847620825e-01 3.982031100760562436e-01 2.374113880883388927e-01 4.040571015665244681e-01 5.036811982408131438e-01 5.026337539727860904e-01 6.493034081637526489e-01 4.333616552499034436e-01 2.714488322914502816e-01 3.443913647745735496e-01 5.450929479693281676e-01 6.133743721358408951e-01 5.828638278353827085e-01 2.708747298273230242e-01 8.742767282296730336e-02
7.153000000000000000e+03 6.095200042643421634e-01 6.081356560871357120e-01 6.150852433359382809e-01 7.182361646859691806e-01 6.355913683105172129e-01 4.339817588114777136e-01 4.557460459011151710e-01 3.069555993088935453e-01 3.724825233955914583e-01 4.684481837987101160e-01 4.276426883344952579e-01 4.694679796431308061e-01 5.135318247410566306e-01 4.569134361614795026e-01 3.155478089908778094e-01 4.998049395571380615e-01 4.080469677624378178e-01 4.954757641468701679e-01 3.461428847754174365e-01 2.493429461377915934e-01
7.154000000000000000e+03 5.796414915159235903e-01 7.071390574690799014e-01 5.943506331784984553e-01 6.976030490129371264e-01 6.525847228960082180e-01 3.839430384926265094e-01 4.967004125294418038e-01 2.513182582282793565e-01 3.928744323424918083e-01 4.694064614776840005e-01 3.930895366434332128e-01 5.767521658816152641e-01 4.448358921596688997e-01 4.586404220616346339e-01 5.444523036101652780e-01 4.324821208631557945e-01 4.506984929503157766e-01 5.047465109428065366e-01 3.591669711522817443e-01 1.361364281369357720e-01
8.202000000000000000e+03 6.047324388537282935e-01 6.872509388356122795e-01 5.280573787786664308e-01 7.227290624857494183e-01 7.396366409899490790e-01 3.320172813164697923e-01 4.302020266329860121e-01 3.004300212610355181e-01 4.407860107588492671e-01 4.287923001325408268e-01 3.935804583571881898e-01 5.127992364633858768e-01 4.732223576276058941e-01 4.297059180791273358e-01 3.223966062993201542e-01 5.026187233114078889e-01 3.484536480872622022e-01 6.238045536719790674e-01 3.751004737909045539e-01 2.313320160972289763e-01
8.204000000000000000e+03 6.285991574517517666e-01 7.159378421547242244e-01 6.728585847826863420e-01 6.450853391400612757e-01 5.764890274716206742e-01 4.389604609888982378e-01 5.404527178890810024e-01 2.546340043548084298e-01 3.068992510433083409e-01 4.376904464224306568e-01 4.088520011861757064e-01 4.316722284948930621e-01 4.158255453209379615e-01 6.161062100574268285e-01 3.365100238138589162e-01 5.765606335574483543e-01 4.533888286673194434e-01 4.426235002843324495e-01 3.029277706245874779e-01 2.378986430891147363e-01
8.225000000000000000e+03 5.999152433350026792e-01 6.434925531098747431e-01 5.979654484108154477e-01 7.734552063870535621e-01 7.162992084289122596e-01 5.362550336683609142e-01 3.933717774387803789e-01 2.098605499942877706e-01 4.064985631545635636e-01 3.638118651442479035e-01 4.160629380036856562e-01 3.905126490341129242e-01 5.524698006920011339e-01 7.176352918454701468e-01 2.506915544371716154e-01 3.604391695963454767e-01 4.676259761977906715e-01 3.306243981319039738e-01 2.861632484086535366e-01 3.304705185673944001e-01
8.229000000000000000e+03 7.118316969399545169e-01 8.148487922391930427e-01 5.288204311334631091e-01 6.664929962465366842e-01 7.058692706003929507e-01 3.381806226651180025e-01 5.249666834645599911e-01 2.333669451977708476e-01 2.943703394626805414e-01 3.507987305786605114e-01 3.144871050408588609e-01 4.952271459519463348e-01 5.686016149040123979e-01 3.934446859860032952e-01 3.430747192233175036e-01 6.006063879882109768e-01 3.721332704872669650e-01 3.434918072085101359e-01 3.466094943074931600e-01 3.580113104337505070e-01
8.606000000000000000e+03 7.341463737986322347e-01 7.544460095126994670e-01 6.051410858543456728e-01 7.484610903419208761e-01 6.655925181389032996e-01 5.098461763446713313e-01 4.086683386904800819e-01 1.598960530448180761e-01 2.332569265639770628e-01 3.457310151774263818e-01 3.320379512013605372e-01 4.996176320611394606e-01 3.858050159642976151e-01 4.915726056632053198e-01 5.081200222788323506e-01 4.257380180489691579e-01 3.608778736223006156e-01 6.115898848657775888e-01 4.060909034478595303e-01 2.271263085219420719e-01
8.611000000000000000e+03 7.842459328045181532e-01 7.234705247352818391e-01 5.439251607718535997e-01 6.356985389272223896e-01 5.990565332891540917e-01 4.111917222887352952e-01 4.921127873767477956e-01 1.669048422439741441e-01 3.461750775098644262e-01 4.185983294414893918e-01 4.100950284490705311e-01 4.434106153688364138e-01 5.861315710143818469e-01 5.840059522277997184e-01 3.383656010871647912e-01 5.490011019299039230e-01 3.042211681965554804e-01 4.868433967952082164e-01 3.205157913132232195e-01 2.148891419738358788e-01
8.825000000000000000e+03 6.278194981792294405e-01 6.621553004109258511e-01 6.043532544580125787e-01 7.165168864598122633e-01 6.236088709311495837e-01 4.534830384517891666e-01 4.108718264033002776e-01 3.104970782547261110e-01 3.427357202133394787e-01 4.463854431066497930e-01 3.568039779415047574e-01 2.288433793663786076e-01 4.907313876197890168e-01 3.714372285518388050e-01 6.384377855633703858e-01 2.645456148855429013e-01 4.710089003242363681e-01 4.985191085698258973e-01 6.477259825283564476e-01 1.995484286460613432e-01
9.000000000000000000e+03 6.955583909179992030e-01 6.772532810184035412e-01 5.094704873561261005e-01 7.032236330735397445e-01 7.730917955143461473e-01 4.462588685452323345e-01 4.615646410621765949e-01 9.529957188437708504e-02 2.866275555764211114e-01 5.726731657203754100e-01 4.975153548191413311e-01 8.425603199420442779e-01 4.855718886743387586e-01 3.547764334258629026e-01 4.510130640318843476e-01 1.624652857052771848e-01 8.195437694619811531e-02 5.106854305716255205e-01 3.477409969666398482e-01 3.597512259185003392e-01
9.682000000000000000e+03 5.887794937482314639e-01 7.142977592858597014e-01 6.084059932678378413e-01 7.146271861470155917e-01 6.671764498016743428e-01 3.737179165813811488e-01 4.298859604526963918e-01 2.761288783270528513e-01 4.112453563665047218e-01 4.304241756848130596e-01 4.276307216343672168e-01 8.711490211990652321e-01 4.881709431329805948e-01 4.078182595879445982e-01 3.173181854233713128e-01 2.997058417296323274e-01 4.083028127464252699e-01 4.243301050251458428e-01 3.161062153793612883e-01 2.227219382878893039e-01
9.685000000000000000e+03 6.837117141470221426e-01 7.341214816765370133e-01 5.735059953308394576e-01 6.930676547828857892e-01 6.703361200166765288e-01 4.641175885220308883e-01 4.728689961528955710e-01 2.169103470470322981e-01 2.620376179395362826e-01 4.241773987613985386e-01 3.391354722097342789e-01 4.571074599914679570e-01 4.112867110215576716e-01 5.448984506576308728e-01 3.808244505997978591e-01 3.920392362718084778e-01 3.830567386508579864e-01 3.671055465849443755e-01 3.509383761407628421e-01 4.371594716030466898e-01
9.686000000000000000e+03 6.905716279259112023e-01 6.883962425101883831e-01 5.697000697229557264e-01 7.246484572706851646e-01 7.140704830996845720e-01 4.115665807300969425e-01 4.024548767081880252e-01 1.446279082487094136e-01 3.613037009219383089e-01 4.830343342712072330e-01 3.444280891305236958e-01 4.156854778155124608e-01 4.773947081538168491e-01 4.663925785290974346e-01 3.637787103279681022e-01 3.435883038666940337e-01 2.969396095596359419e-01 4.556594733686015197e-01 5.628233896482310872e-01 3.439192384934020019e-01
9.897000000000000000e+03 6.475598565820246399e-01 5.911885836168034869e-01 5.718189434784132219e-01 6.973580613842442766e-01 6.432067912122770847e-01 4.636573105912879522e-01 4.980290687622683787e-01 2.493181293472609972e-01 3.949066677667962821e-01 4.583570061954764796e-01 3.604353655837992387e-01 4.711082999252242942e-01 2.575123423071015161e-01 6.321949734181280256e-01 5.703200684848228619e-01 5.724669944009804778e-01 4.573552443548336566e-01 4.642755265597225955e-01 3.350213903193579035e-01 1.891553356265119334e-01
1.034200000000000000e+04 6.532447370899210348e-01 6.879887928589788482e-01 6.220947196831936310e-01 7.362586380790268059e-01 6.575868576119874298e-01 4.863055530616726685e-01 3.560281600442086192e-01 2.319957056872076762e-01 3.272106671214723983e-01 4.370228457689860901e-01 4.812688071032010240e-01 4.312535217466364479e-01 3.776312378692848748e-01 2.707072753538838916e-01 2.650500589894979608e-01 6.245860427440289575e-01 5.043598555249105830e-01 3.085249265709826827e-01 5.159941301760309074e-01 2.948901353555367644e-01
1.089300000000000000e+04 6.621870555914779466e-01 6.659842189725881934e-01 5.395790054909807010e-01 7.152722808572578028e-01 7.648232007629587326e-01 3.670444073158574683e-01 4.604478361073265358e-01 2.734680357469790879e-01 3.648655795701893356e-01 4.075691255855118378e-01 4.167133956509360138e-01 3.952503972433901724e-01 7.451246378694519334e-01 4.215493148693986170e-01 2.664886761691566130e-01 3.738145237669094900e-01 4.362655518760958362e-01 2.691356322912997756e-01 5.547717993398405545e-01 2.162175351279524427e-01
1.105300000000000000e+04 6.205793811859959819e-01 6.172133165187376758e-01 6.643770553711679794e-01 7.519451387960151001e-01 7.465783581808161928e-01 4.317567093440642934e-01 4.559853758691386760e-01 1.899470436267172713e-01 3.504091191060437205e-01 4.417416701514945698e-01 3.453972750739707775e-01 4.671859331566979856e-01 7.450158176607040161e-01 8.415759012690490204e-01 3.080950951009184813e-01 2.489410463180062316e-01 3.553087511652827102e-01 4.083454508288852369e-01 3.094650747436749616e-01 1.920846589154029393e-01
1.129400000000000000e+04 6.568028344956957643e-01 6.842201911338582354e-01 5.724429948697361548e-01 7.084811443651902740e-01 6.169941777415964834e-01 4.798429793471759575e-01 5.034252718110628910e-01 2.114591563806518526e-01 3.785286541259620385e-01 3.756148341775928379e-01 4.140147592388242481e-01 5.061767792605987859e-01 3.330982051461958138e-01 4.916581439286842881e-01 4.665979731519218632e-01 3.206179699595415045e-01 5.326952090704200060e-01 6.820873776413949319e-01 2.080674403744157963e-01 2.691649944207930023e-01
1.139200000000000000e+04 6.027349666822453544e-01 6.532426184436327388e-01 5.255079829258303414e-01 7.178610584122397942e-01 6.885714234031193870e-01 4.575245284169969229e-01 4.908885198598191280e-01 2.279135337104827297e-01 4.037348111510686288e-01 4.577801972726294744e-01 3.956801551577020515e-01 5.170259761505062723e-01 5.419925572034748340e-01 4.947976090745712652e-01 4.621110968097945637e-01 1.944422821852973271e-01 3.357963331081234015e-01 5.940311531718552862e-01 4.052784593264330271e-01 2.392144806658916822e-01
1.139300000000000000e+04 6.179102015845410190e-01 6.493012891922962382e-01 5.958763797177466515e-01 7.268217313017467651e-01 6.901757783153683601e-01 4.193017023167239232e-01 4.055097080007289412e-01 2.859060745605422338e-01 3.844831319842532125e-01 4.451743189664421063e-01 4.191007648859977897e-01 5.893007209232945520e-01 4.663523212906358073e-01 5.736270242299893463e-01 1.934158390874489430e-01 3.214326940032304347e-01 5.213277781794325438e-01 5.702582872507356848e-01 3.325058011427646232e-01 1.980973118529321952e-01
1.139400000000000000e+04 6.137752133462337500e-01 6.947390136824703744e-01 6.077207891757550051e-01 7.265749353886008510e-01 6.313647662430267316e-01 3.363249636172427337e-01 4.723228920419556554e-01 2.643336509244138544e-01 3.716268791738841504e-01 4.782247039582574466e-01 4.916791414096942647e-01 5.219166234575308705e-01 5.564892077815097871e-01 3.458465431728814932e-01 3.448307296645744535e-01 5.791267708068923437e-01 5.163768323482420541e-01 4.830557657783312586e-01 2.843417460959441478e-01 1.391137213317718002e-01
1.255000000000000000e+04 6.431413820641892487e-01 7.033247384121947832e-01 5.686349995924558920e-01 7.096895233525257751e-01 6.179415722507394237e-01 4.117801638083490867e-01 4.671856377382010983e-01 2.300859312898518305e-01 3.312008654642867866e-01 4.990193849020918004e-01 3.494936441125984783e-01 4.747029326546846062e-01 5.734117539229913740e-01 5.731127969869731498e-01 4.090846205605056518e-01 3.764741569150421019e-01 5.713747352133791146e-01 3.296304837483382544e-01 2.839475159686226102e-01 2.510921372719875921e-01
1.255700000000000000e+04 6.462887666499925743e-01 6.695112477932609885e-01 6.840667311907288051e-01 7.501265363795955876e-01 7.328308065424262718e-01 4.395938645497124431e-01 5.103502417686367476e-01 2.154300474645966246e-01 2.454585848118167879e-01 3.719047223391834800e-01 2.889886000008210498e-01 4.225672317822800061e-01 4.680574305619697451e-01 4.422778128779549789e-01 3.166443562892405361e-01 4.066756046271011726e-01 4.531300255140092159e-01 5.905062540003690463e-01 5.142668798474250291e-01 2.554223490658041329e-01
1.255800000000000000e+04 6.408434262012576710e-01 7.657563191096855570e-01 6.620012373211368040e-01 7.617489164218034237e-01 6.857533083800256835e-01 4.528492623816200990e-01 4.063984846584527966e-01 1.319241856043766037e-01 3.174061172507747219e-01 3.850742234684983445e-01 3.263846336748043031e-01 4.849235466395165894e-01 3.971980661267631163e-01 4.240000900968989295e-01 3.925425669767752535e-01 4.413792966342110491e-01 4.918678670917107087e-01 6.871315598247135226e-01 3.367004018827404188e-01 2.464736111552048858e-01
1.256400000000000000e+04 6.523357747697514641e-01 6.103270948377397254e-01 5.497533961115730339e-01 6.869207034106542542e-01 6.665441040941723072e-01 4.223044144527707822e-01 4.965401707759518612e-01 2.537654154340229784e-01 3.902831618424986715e-01 4.834141332138611191e-01 4.624820679738074758e-01 6.893420071171502128e-01 4.501096149716992123e-01 4.851678594627644170e-01 4.561653462651899527e-01 4.712120357893354039e-01 3.624489520896707062e-01 5.260477146204094456e-01 2.294243777639029536e-01 1.661127421584585317e-01
