7.680000000000000000e+02 2.438779038593625326e-01 3.067417648223503268e-01 4.664529102108760927e-01 5.201118081189892717e-01 5.627556140848181121e-01 6.932122823904663944e-01 7.432455277615284128e-01 7.819561340956069362e-01 7.341316205829669927e-01 7.054710362303799887e-01 2.594767382122777355e-01 2.045524701458809325e-01 2.830890739576127357e-01 4.198539684312804221e-01 3.894310837510350787e-01 2.852412464684557780e-01 4.969945790846811984e-01 2.504930094763639925e-01 3.135967032094107987e-01 4.612996671640981483e-01
1.346000000000000000e+03 1.734671242532181135e-01 2.140345325853074965e-01 4.165867041059067577e-01 5.320761880593346538e-01 5.942175653332519847e-01 7.511136629808289333e-01 8.021754366289883809e-01 7.579105779396008158e-01 7.288239880515084979e-01 8.172572512133876588e-01 3.135596813826002638e-01 5.422393777603916609e-01 3.764649060791850355e-01 3.077425297563290973e-01 2.144918219406978799e-01 1.264243507442601167e-01 4.196407827494888498e-01 3.518324279922129261e-01 3.532017909699115554e-01 3.429178077103675615e-01
1.687000000000000000e+03 1.721670790733212109e-01 2.277243314298861843e-01 3.989172572988758936e-01 5.731289167982848154e-01 5.968223819867599644e-01 7.406861773268665905e-01 7.403924228875197189e-01 7.719528405937140514e-01 8.041263719583394698e-01 7.614878443603589897e-01 4.102611523367508672e-01 2.888339225470646365e-01 3.231505648435335498e-01 3.853525403140058425e-01 2.729962269549378040e-01 2.653827418484557277e-01 4.589493555598778141e-01 3.443224566545552423e-01 2.766967393454640156e-01 3.500245751979036979e-01
1.759000000000000000e+03 2.299187777603554639e-01 2.666858138621646113e-01 4.177504518251410892e-01 4.554917961920565972e-01 5.652559205003230280e-01 7.111203110691117768e-01 7.949571144961876668e-01 7.951619053668220749e-01 7.234214091186469409e-01 7.928814858067266824e-01 3.671322129985773453e-01 2.968710056231981254e-01 3.159857381806981946e-01 3.850984034635798747e-01 3.340905716284331972e-01 2.048822744680537100e-01 5.345433990596846208e-01 3.025437499922907780e-01 2.975219011711295325e-01 3.351343949894268759e-01
1.796000000000000000e+03 2.184695900313414207e-01 2.613686004313873767e-01 3.777757446484731885e-01 4.940215492092993044e-01 5.771314042814309486e-01 7.662537372621396337e-01 8.097991456113462494e-01 7.663676339482387023e-01 7.723134148684642764e-01 7.417748791095742922e-01 3.333127248307453105e-01 3.616075836084233219e-01 4.638048534971503933e-01 2.742961288787342244e-01 1.356859400788936743e-01 4.264767164668769039e-01 3.119260366386705785e-01 3.857563282608804656e-01 3.492108019584110323e-01 3.092402197476637471e-01
1.963000000000000000e+03 1.746758577766539255e-01 2.499401789716297617e-01 4.050714010224883976e-01 4.837084745108536366e-01 5.736172412895258477e-01 7.280992221820927757e-01 7.763243109807677067e-01 8.148294501187595129e-01 7.941296533520045831e-01 7.750818213688848157e-01 2.884900367478824279e-01 2.504754437479640994e-01 4.018903367002461535e-01 4.873634386305401578e-01 3.016072037820516361e-01 1.540467605804716478e-01 3.680092428594606835e-01 2.350975488195060914e-01 3.856281337158229405e-01 4.692307604872812399e-01
1.964000000000000000e+03 2.058748125991937961e-01 2.341908460615225729e-01 4.008059487513071506e-01 4.904770058697981439e-01 5.938424552072887330e-01 7.221721971292399678e-01 7.832071238506627120e-01 7.520183664857809092e-01 7.731519547299161577e-01 8.056167365479640630e-01 2.415214209495068209e-01 3.881556419485232001e-01 4.658991745877916202e-01 3.058067268983056808e-01 1.539933283623868554e-01 3.628609958977038197e-01 2.396507488624745330e-01 4.889378806690967694e-01 3.796582472402224573e-01 3.146451924342528739e-01
2.062000000000000000e+03 2.077586075730341597e-01 2.911985918797532769e-01 4.104827672922968795e-01 4.789257446994013012e-01 5.312409209583504044e-01 7.595697927487303769e-01 7.680091576206525827e-01 8.064904550230489466e-01 7.606269226505880665e-01 7.531449448567342220e-01 4.397798933442287339e-01 3.112248898711457712e-01 2.213148304177129377e-01 3.650191930577447730e-01 2.691308120520515823e-01 4.559436294754689589e-01 4.138814198100349007e-01 3.123353561654795829e-01 2.206970574575084498e-01 3.804114637344059302e-01
2.063000000000000000e+03 2.525022538161550978e-01 2.542159649264391086e-01 4.123488956813333162e-01 4.697844517708334999e-01 6.435037702208051824e-01 7.340428247451143973e-01 7.932920354468713242e-01 7.301053526623345613e-01 7.623854659177065063e-01 7.250768213025375886e-01 3.105799098363058452e-01 2.212184089633776607e-01 3.611309322734289617e-01 2.824094303548994045e-01 4.713974347240616480e-01 4.223530214449050524e-01 3.295101208128513592e-01 2.896008115608096345e-01 3.185451394856405050e-01 3.588405005055599339e-01
2.252000000000000000e+03 1.760192041090662129e-01 2.015113322339101010e-01 4.082033292879107544e-01 5.481305982744548722e-01 6.082695257277342948e-01 7.787844040044912264e-01 8.455007647867744947e-01 7.794998116825707646e-01 7.800140580968970561e-01 7.060248698311685223e-01 2.510342754339721094e-01 4.193622965580486306e-01 4.333489627658680399e-01 3.394411044931657240e-01 1.621095309136275919e-01 3.163526897729934673e-01 2.987160906382068659e-01 4.043031863869029907e-01 3.498000085347154342e-01 3.744901483098147521e-01
2.708000000000000000e+03 2.079686062287617043e-01 2.462201447830343615e-01 4.174878866706708269e-01 5.382397870311744770e-01 6.295240470981519065e-01 7.489906836766290210e-01 7.954170001505603826e-01 7.249132797337748402e-01 7.695309282872521139e-01 7.210019174322687130e-01 4.405873803261191046e-01 2.926042762018964960e-01 1.277341247004153968e-01 3.378767736683739309e-01 2.869599238236632543e-01 3.619151561573237808e-01 4.024355059288498015e-01 3.267962419075570168e-01 1.785609110318513715e-01 6.228891239706465521e-01
2.736000000000000000e+03 2.261686599133475306e-01 2.687910339040321950e-01 4.259141438982077532e-01 5.039684628746649020e-01 5.789830429079436680e-01 7.080908196331100468e-01 7.550550906085267133e-01 7.491971718039797112e-01 8.260087352618432632e-01 7.182267426586037562e-01 2.585843235973834253e-01 3.141107645085107203e-01 4.097008373870190678e-01 3.470122844034874143e-01 2.754102089451765378e-01 3.268838456955001082e-01 3.691920564015557793e-01 4.436301831333607226e-01 2.824331618667492716e-01 3.476332151092373923e-01
2.914000000000000000e+03 1.311492922146429430e-01 2.070918418320818188e-01 3.992851894169964222e-01 5.036119744794231856e-01 5.741216164037941105e-01 7.277514632086430346e-01 8.176210083618039581e-01 8.437928784865762477e-01 8.432182677351475197e-01 7.563961695557716025e-01 3.288088542924379465e-01 3.896340720541711655e-01 4.270644240456096807e-01 3.072376301675126542e-01 1.750932703305070059e-01 3.546641777617334790e-01 2.953955132987317600e-01 3.680503834460214785e-01 3.491101863042246345e-01 3.540637531282517236e-01
2.924000000000000000e+03 1.708802129144018078e-01 2.449963730650782379e-01 4.199200504905217790e-01 4.971541587331086420e-01 6.059127497257640327e-01 7.352350756240800811e-01 7.811701645825191997e-01 7.905317385518113582e-01 7.627340356588460102e-01 7.781608654623528576e-01 2.537344142644584188e-01 4.539714432376527053e-01 2.784542393574779839e-01 4.224134455843738811e-01 3.802371191718773580e-01 2.657875678242244133e-01 1.925439946038151329e-01 3.966911861477105394e-01 3.510496755812504976e-01 3.596014050477197022e-01
3.202000000000000000e+03 2.089920688107912150e-01 2.567772517705410595e-01 4.197593512188243503e-01 4.755539618821089665e-01 5.800803765453085292e-01 7.082635617638668446e-01 7.779894950888633920e-01 8.199408230857371249e-01 8.002520323920750966e-01 7.255983517922265369e-01 4.969487093985162640e-01 3.208398412111581610e-01 5.490164079577839473e-01 6.244799183695177724e-01 3.171924656122055985e-01 1.821226023778653447e-01 3.211539774347899057e-01 1.877323568087516659e-01 2.009916825598668522e-01 2.284553848874389392e-01
3.226000000000000000e+03 2.324919685375184120e-01 2.759505219378145524e-01 4.585896124696910992e-01 5.829784066946815946e-01 5.589730705015883983e-01 6.970094806715572133e-01 7.453108795318076352e-01 7.780259144447906339e-01 7.763028435364596191e-01 6.703358234566501039e-01 1.107067169509914351e-01 7.867893649640630982e-02 4.310941544344399912e-01 4.859538089259698990e-01 3.721111283521480462e-01 1.860707020093757547e-01 4.527024979699212359e-01 3.831090481889924959e-01 3.587807956845415203e-01 4.918286238299806601e-01
3.279000000000000000e+03 2.473572837044351325e-01 2.924536627014989176e-01 4.547808897769303749e-01 5.063405002585883441e-01 5.132608018593792787e-01 6.631388206439731148e-01 7.493451312045541490e-01 8.007001273620971693e-01 7.476211260474727727e-01 7.546273771290493704e-01 4.062129240462464264e-01 3.569389427648223534e-01 3.581702150052220590e-01 3.878281215233960189e-01 3.067662964512663515e-01 2.454157295709243070e-01 3.668414542108746068e-01 3.246279278444328398e-01 2.914236089554785858e-01 3.301149687971311475e-01
3.280000000000000000e+03 2.602876659922329639e-01 3.042354812367128458e-01 4.451908674302845759e-01 4.630938029996877758e-01 5.622576930329242773e-01 7.255204944318240923e-01 7.973250036058784351e-01 7.242235998787909246e-01 7.720776263879387535e-01 7.037696869149332457e-01 3.596652087606059811e-01 3.614967803861395268e-01 3.874312980665317596e-01 3.250349863382051563e-01 2.562775597368184277e-01 3.779933869353360176e-01 3.458131169897556423e-01 3.861295146878842011e-01 2.791186881333779235e-01 2.986803205329313093e-01
3.448000000000000000e+03 1.499874540625741326e-01 1.589621119333897437e-01 3.723484642714095516e-01 5.451537396569006155e-01 6.318335881243738461e-01 7.852018200422629102e-01 8.478418876411937255e-01 8.367695076089982642e-01 8.077022043319688205e-01 7.134201142379135163e-01 3.247893660987849485e-01 3.288701358860742219e-01 3.563573130907716768e-01 3.173641671947476373e-01 1.105977659841231170e-01 3.413245962445946025e-01 3.506910383056946467e-01 4.067859051190732544e-01 3.740630980557041463e-01 4.214072992341019175e-01
3.597000000000000000e+03 2.696002954192454060e-01 3.436046834126827432e-01 4.173370125920501938e-01 5.365120651543944241e-01 5.355911643304878123e-01 6.631102783670211887e-01 7.686347178773176303e-01 7.452800115383766411e-01 7.230337809255309445e-01 7.317438379215648325e-01 4.130873879870659016e-01 2.518826262881146416e-01 3.315242571094007551e-01 4.769848851153941083e-01 3.075602136938994091e-01 1.949155760128374604e-01 3.840662293301597696e-01 2.635082608172292229e-01 3.481409509377882405e-01 3.847467389439160335e-01
3.610000000000000000e+03 2.831616369207814454e-01 1.310228228100613068e-01 3.751056170534277645e-01 5.365330920986047802e-01 6.090665009996624191e-01 7.616773135587112664e-01 8.380845930235353292e-01 7.966196595093737454e-01 7.679463185316607321e-01 7.033519317528961201e-01 3.281943814932869463e-01 4.423579150005653715e-01 4.014607830786395826e-01 2.894052071541172722e-01 2.178563001139397493e-01 3.630870915277353839e-01 3.759271739813753177e-01 3.981967403797598837e-01 2.827679030313143271e-01 2.772354573055808569e-01
3.746000000000000000e+03 2.275826755952325697e-01 2.318000419504586407e-01 4.095504328016110196e-01 5.734338698548521185e-01 5.855104184281016977e-01 7.742767364824885146e-01 7.773685612133199863e-01 7.503961066524622581e-01 8.180693285519693436e-01 6.583127575063497661e-01 3.202028234562900311e-01 2.987320955156231306e-01 2.958805154125854209e-01 3.932473617136256205e-01 4.837760214503864509e-01 3.577436242693138313e-01 3.688549473236706899e-01 2.841137426887523354e-01 1.176629046103761372e-01 5.019549740392562631e-01
4.070000000000000000e+03 1.874081274063247315e-01 2.372910842999678693e-01 4.205306562081174704e-01 5.151877182907199648e-01 5.953922489062100087e-01 7.453995446610995890e-01 8.149966881220545023e-01 8.089069807732501838e-01 8.065921472819362892e-01 6.813336106311248530e-01 2.238927779807723117e-01 5.356265390723261577e-01 4.579766522552018437e-01 2.847720315677271241e-01 3.550089924981645884e-01 2.088332921432632383e-01 1.335734542621581367e-01 4.167288973136489272e-01 3.042104955073174355e-01 4.377907026517586786e-01
4.092000000000000000e+03 2.451421919046121167e-01 2.608821562304719510e-01 3.853079631231721702e-01 4.652263536415299772e-01 5.915572731409179941e-01 7.661037493615593386e-01 7.773326688329726952e-01 8.024701484415104336e-01 8.197651001959239681e-01 6.733208621080761791e-01 3.325978302744120318e-01 2.440859523869184367e-01 3.828582559517172967e-01 5.067582786927190552e-01 2.897396995683220733e-01 3.424825844986749135e-01 3.252516212715400035e-01 2.504150979500197605e-01 1.034008384269370362e-01 6.406268789338110947e-01
4.185000000000000000e+03 2.300934916951945797e-01 2.595646287233604466e-01 4.094566874565909176e-01 5.559843184540409489e-01 6.146280012998276421e-01 6.901123616170943276e-01 7.462949432279203377e-01 7.936154682662011073e-01 7.542800028738193552e-01 7.208380886185385972e-01 4.173727070933216377e-01 3.737249348094761059e-01 3.262287655471315384e-01 3.560094029250041037e-01 2.427913098233203115e-01 2.244471082154482489e-01 5.289417901029183078e-01 3.318139782486199119e-01 2.609446675863863474e-01 3.197549800738135328e-01
4.208000000000000000e+03 1.561384926858446209e-01 1.824131866643621813e-01 3.968693069426817432e-01 5.284736314019835568e-01 7.229108153157773886e-01 7.784173650787656884e-01 7.543139921596948572e-01 8.063487948823374607e-01 8.226857456919544065e-01 6.947020466365698699e-01 1.859556923072898937e-01 5.028677387277723509e-01 4.002394852155766181e-01 3.848678453626476204e-01 3.852374079187199096e-01 2.377931983478832056e-01 2.214515876007792372e-01 4.629141630485730241e-01 2.539717273501433392e-01 3.515086330277510940e-01
4.317000000000000000e+03 2.335239593115090162e-01 3.178476903980518853e-01 4.536475396476647437e-01 4.510605933762064645e-01 5.356641603395121409e-01 6.786692076745672875e-01 7.603722664190799563e-01 8.268337955992487442e-01 8.466509764717943254e-01 6.514817516008128973e-01 4.082799896746895918e-01 3.437969327176634837e-01 2.726625743162006676e-01 4.523699358541859450e-01 2.850471701421096737e-01 2.372112999739399153e-01 5.036943336228123513e-01 3.029504320069083545e-01 2.253345710647972344e-01 3.638243307219919953e-01
4.354000000000000000e+03 1.875374017765845114e-01 1.872434650375405796e-01 4.140069402136382082e-01 5.020571956738580921e-01 6.282361964836727930e-01 7.127546722196662632e-01 7.941059810368591432e-01 7.918871353122655110e-01 8.285779318791423043e-01 7.448620031426103072e-01 4.180401842737643814e-01 3.575147433009658871e-01 3.939033620726397622e-01 2.473491883624356347e-01 2.631835972268485868e-01 4.883974480826356879e-01 2.619509983318687452e-01 3.232731695690866380e-01 3.006434694832338939e-01 3.124930043957080961e-01
4.905000000000000000e+03 2.046348845666213778e-01 2.160670798079688537e-01 3.878872939724890001e-01 4.944253030556967077e-01 6.214169539642730999e-01 7.433617441883493271e-01 7.743342945041051806e-01 7.945797960183864639e-01 7.843318542167210250e-01 7.636632089639044940e-01 3.225925139213238757e-01 4.144219583228991866e-01 3.539700556922549812e-01 2.813742057946667097e-01 3.830472815840592071e-01 3.305649816507290617e-01 3.276647156102953096e-01 3.277563453623914547e-01 2.655579809681293812e-01 3.706664167393294296e-01
4.907000000000000000e+03 1.903789743688420466e-01 2.524280683793309610e-01 4.593133093658023358e-01 5.380281571860205947e-01 6.037596935696475375e-01 7.235657377862837469e-01 7.162239766598745838e-01 7.274389842800653705e-01 7.657231819566965303e-01 7.856659888497171673e-01 3.355868617864860015e-01 2.644685648029272973e-01 3.779624539472573597e-01 3.409065141137105348e-01 3.286135012561634539e-01 3.353639769345931887e-01 3.494064070757870732e-01 3.871014944321214957e-01 2.292297402194155842e-01 4.355565453547313726e-01
5.022000000000000000e+03 2.009122377614157851e-01 2.576823273385820401e-01 4.434143773250575071e-01 5.300715476418507155e-01 6.209901851924030103e-01 6.637448106681780313e-01 7.323427814825994586e-01 7.621346489512929034e-01 8.042698230421441163e-01 7.451292879519352264e-01 3.472765386094763262e-01 4.184423366152422163e-01 3.888258538718589730e-01 3.108254300326734887e-01 2.902495454593230217e-01 3.281467241381105238e-01 5.144722666605683337e-01 2.041832218084047856e-01 2.505664879472700446e-01 3.367149217210195777e-01
5.154000000000000000e+03 2.035559412645412958e-01 2.372852204915187613e-01 4.349791525838391237e-01 5.501486454686704830e-01 5.433271063552006508e-01 6.731698237069512203e-01 7.487636287097997334e-01 7.833519178563469465e-01 7.733185173709012927e-01 7.972245808873996697e-01 3.814208893013913415e-01 4.584969526366944881e-01 3.529168723606123659e-01 3.246569088981239859e-01 3.358445209156613043e-01 2.371560769507754796e-01 2.410847814538359113e-01 3.948422424236049944e-01 3.276595410824785781e-01 3.057845025855538412e-01
5.162000000000000000e+03 1.599939587740369096e-01 2.204045159071682247e-01 4.050469641805445886e-01 4.917336511430308588e-01 6.219982081158780263e-01 7.595989745736305698e-01 7.719325814651620821e-01 8.091986025769090096e-01 7.555797439335062426e-01 7.992608429027099337e-01 4.712680371942549185e-01 3.690786654798431932e-01 3.611324883808296193e-01 3.507662946830712447e-01 2.366986652071552955e-01 3.730576266184281731e-01 3.154741069064643244e-01 3.008618744159973213e-01 2.664343335246600053e-01 3.339668173810840246e-01
5.165000000000000000e+03 2.063232955429257498e-01 2.861777479477013997e-01 4.615724661396274908e-01 5.160322355047823883e-01 6.066453025899416485e-01 6.189063107765371274e-01 7.389665677219470208e-01 7.523542339967150827e-01 7.808957189765738383e-01 7.705755327997224624e-01 3.611017130118165386e-01 2.562294226401867214e-01 4.177389199906038630e-01 3.643906945655280838e-01 3.493829071686190835e-01 3.926442625966765632e-01 4.038578417165712420e-01 2.745467023520813954e-01 2.196610640781662960e-01 3.600139009692618908e-01
5.424000000000000000e+03 2.058866560229608011e-01 2.589407620293587287e-01 4.383347577022694841e-01 4.774280182789115701e-01 5.830456760440567709e-01 7.055002603471854927e-01 7.558389780206423714e-01 8.333580392395448788e-01 7.798917685804271915e-01 7.324314138516014872e-01 1.711933407310883837e-01 2.710970225692727609e-01 3.808759081607445141e-01 4.260867148521784165e-01 5.130798444642877820e-01 1.840504890940510008e-01 3.263347956700233254e-01 3.922295616521535022e-01 3.029617219966739272e-01 4.052925518961293383e-01
5.662000000000000000e+03 2.049945509997888327e-01 2.777015584797844494e-01 4.367480784012944262e-01 5.175754943603371183e-01 5.691187256844206788e-01 6.939971541849885295e-01 7.209055498441958587e-01 7.601687876647685860e-01 7.720003131911719052e-01 7.898271688962359427e-01 2.641263435805732973e-01 4.096097941133481912e-01 3.940632590758997300e-01 3.990697537652487803e-01 4.733277321025617934e-01 2.208199921285163014e-01 1.849595208700368087e-01 2.861078199198917593e-01 3.779812654620651191e-01 3.427414088673941261e-01
5.681000000000000000e+03 1.775275047471524814e-01 2.510006851786507620e-01 4.485695105663171089e-01 4.972874315413776114e-01 5.603743679927517540e-01 7.134443847668126004e-01 7.938305993082261924e-01 8.214414963600344954e-01 7.408977420935494163e-01 7.735803081906938994e-01 4.012356147976019471e-01 3.469110776283861330e-01 3.668823460221817823e-01 3.448497388839614763e-01 3.389398827797499569e-01 1.665092718687226914e-01 3.165071984688169193e-01 2.666450177320028314e-01 3.532431303644006371e-01 4.424783599572086890e-01
5.698000000000000000e+03 1.948454742449940991e-01 2.845405163471338983e-01 4.349659691133134221e-01 4.769805093665824280e-01 5.700813873317784886e-01 7.257840574508681586e-01 7.495070131537582281e-01 7.999455496221261619e-01 7.870918375601362316e-01 7.435170792676050189e-01 2.273685628479830134e-01 3.997978828118978201e-01 4.850531927028127743e-01 4.715405920328852862e-01 5.241955473670422139e-01 3.298647625822430651e-01 2.158667215623616686e-01 2.138335177176906854e-01 2.001422728330255474e-01 3.519969711005537238e-01
6.218000000000000000e+03 2.313951164445019748e-01 2.863067944756542138e-01 4.026443826997783138e-01 4.422450952712222993e-01 5.305220452653519603e-01 6.987711093475993396e-01 7.780937956450892923e-01 8.505837588185952702e-01 8.628657890559388033e-01 6.760584504412114892e-01 4.433248896396979055e-01 3.699952656535753781e-01 3.659362714714666787e-01 4.419226640363215775e-01 3.525316756154823761e-01 3.004968770272454792e-01 3.607991046896312226e-01 2.890195839346018647e-01 1.946813869885759274e-01 2.942895644584230253e-01
6.337000000000000000e+03 2.219735438215367507e-01 2.768153878173414961e-01 4.069455212051563131e-01 5.293907483100070976e-01 5.776886227768640580e-01 7.037744368907911108e-01 7.706753282056784116e-01 8.149116752413417819e-01 7.885622496236005530e-01 6.897907067700483896e-01 3.831840062345623354e-01 3.330929065827762936e-01 3.175762154767304279e-01 3.782275899948517317e-01 4.138067562466376526e-01 3.291980494858726680e-01 3.321830351304360107e-01 2.930536558004657732e-01 2.434357799126838084e-01 3.657490769998398839e-01
6.348000000000000000e+03 1.600142721729421458e-01 2.362739555941771596e-01 4.351043669659947488e-01 5.591038650062010174e-01 6.067525018821239291e-01 6.929315282442920498e-01 7.492711260074839119e-01 8.095817045221267438e-01 7.878186263034480108e-01 7.509256678662240558e-01 3.826155567068076913e-01 4.523874274189206846e-01 3.213558843326974612e-01 3.067730695867360580e-01 3.229153445323726390e-01 2.833703026507030653e-01 1.678284618472432321e-01 3.589342336434894754e-01 3.688047467957247250e-01 3.747022036131767986e-01
6.356000000000000000e+03 1.897015466791970584e-01 1.872186606847514867e-01 4.684616600123494567e-01 4.703083855778212863e-01 5.761876431601166137e-01 7.707059032411913702e-01 8.093736009219496541e-01 7.746727457304327658e-01 7.995009247507409711e-01 7.471598943676506233e-01 4.421412690105237520e-01 3.769573863635583555e-01 4.333132360929148330e-01 3.655498675733871994e-01 1.938728546194650182e-01 3.447012952061812574e-01 2.808709569312001775e-01 3.093611969517105487e-01 2.825545655087242647e-01 3.444953726834121266e-01
6.542000000000000000e+03 1.693385685234526095e-01 1.962877574162483763e-01 3.837638992803613092e-01 5.065180004112495027e-01 6.285564422714245980e-01 7.731536872426175711e-01 7.932513024371503629e-01 8.459268191323356945e-01 8.158235789383387893e-01 7.111964781045168049e-01 4.183671728904604925e-01 3.917791692318179364e-01 3.524295695527311922e-01 3.579037131068895650e-01 3.504252053272862710e-01 1.492781153393299420e-01 2.950531218965745106e-01 3.911598181249759110e-01 2.829641576580111395e-01 3.794691774867360867e-01
6.595000000000000000e+03 2.035228470149710867e-01 2.744904548468486971e-01 3.977619017258001710e-01 5.436775821638738515e-01 5.657277709383687903e-01 7.311928994705655382e-01 7.752574626928948609e-01 7.744143787162557357e-01 7.565747484123536148e-01 7.535129931478240506e-01 1.650874521631823522e-01 2.981587767909444353e-01 4.688260092293829451e-01 4.030963421856428308e-01 4.048460870564690173e-01 3.046631684518549821e-01 2.020746028708491349e-01 3.437243004543334979e-01 3.241052231606358358e-01 4.480129192350961742e-01
6.715000000000000000e+03 2.466039075235622324e-01 2.586749459070948332e-01 4.407452849523979532e-01 4.465937075828204095e-01 5.651527080121778734e-01 7.069309203604456915e-01 7.621838295675059660e-01 7.765082160211379536e-01 7.816505966001617844e-01 7.578694621131997211e-01 2.713064236246335859e-01 3.924784714706909816e-01 3.971773028379017023e-01 3.576856619843373775e-01 3.019027553647264939e-01 1.466137973931966321e-01 3.140409475195588551e-01 4.780855313614074120e-01 3.041585664213646290e-01 3.976722581926954714e-01
6.716000000000000000e+03 2.237971187642343596e-01 2.807783956261467040e-01 3.815686797979095379e-01 4.981736799251396119e-01 5.906360527824884299e-01 7.250435147415980053e-01 7.564796086469286474e-01 7.522587046512083653e-01 7.658491868270539404e-01 7.810896558281119617e-01 3.623549662053638931e-01 3.672932989069942478e-01 3.273936422041682226e-01 2.930904233728980901e-01 1.403367801701174422e-01 2.964716614161166941e-01 4.666196841532426753e-01 3.692403599381436918e-01 3.080726152388629790e-01 4.221577359108586447e-01
6.721000000000000000e+03 2.419489314739598496e-01 2.761796531767448659e-01 4.135556189980602593e-01 4.635764983270937445e-01 5.630615948900686840e-01 7.222252670440602040e-01 7.827873985977772398e-01 7.886459723437949654e-01 7.423129500046999896e-01 7.609540138213513050e-01 2.375751438248091818e-01 3.822984005139801189e-01 3.193074116970187615e-01 3.533391018390649174e-01 3.863661375559660494e-01 2.113105669082394333e-01 2.819047046719715399e-01 4.137061999152119585e-01 3.488061440544185654e-01 4.135412930716669822e-01
6.823000000000000000e+03 2.096430726677402934e-01 2.129194672953466649e-01 4.358311528724347905e-01 4.784402252479021955e-01 5.850310626379974233e-01 7.303623497746146720e-01 7.460957420424204622e-01 7.879483591133719100e-01 7.742550270931048972e-01 7.974983363585381735e-01 3.975274777992445774e-01 4.707314844585692715e-01 3.338408781898309918e-01 3.568550686831793994e-01 2.830276502703740205e-01 1.802178900578259302e-01 3.422945795775070299e-01 3.289318454284006488e-01 2.915544018461952991e-01 3.817815768435336987e-01
6.824000000000000000e+03 1.803699219414311161e-01 2.695365294660668765e-01 4.027858173560339705e-01 5.083659826442429308e-01 6.042764822686806925e-01 6.989378550148844793e-01 7.608711062316981799e-01 7.360777519143228975e-01 8.053475134959489079e-01 7.934861561316314260e-01 4.710267374947226249e-01 3.345987111565602024e-01 3.540111732768003172e-01 2.977972923084616919e-01 1.869276693319128213e-01 3.502456820049346109e-01 3.479603082589276530e-01 3.836156961905941576e-01 3.205596134821890320e-01 3.105179645010953116e-01
6.852000000000000000e+03 1.804486800700405291e-01 1.952053240829061398e-01 3.732261228683061427e-01 5.532897159943255261e-01 6.232312997653273179e-01 7.429917887793924258e-01 7.806337318682750048e-01 8.188675431141299033e-01 7.926753332738212254e-01 7.460657155123051609e-01 3.631294384998615676e-01 4.629158884693295173e-01 3.343533118150320282e-01 3.646578033501506333e-01 3.379526071945892496e-01 9.139363179432864748e-02 2.460884649370226607e-01 2.880759064086264587e-01 2.641933086567496147e-01 6.055878129827240164e-01
6.888000000000000000e+03 1.774747926486110738e-01 2.057605581184953902e-01 4.101039511832426654e-01 4.849831959022973260e-01 5.839833051509359940e-01 7.295012035750984003e-01 7.833870714871641328e-01 8.150914010514701546e-01 8.151574372833697568e-01 7.745248444021946010e-01 3.293690896191094897e-01 4.253259580650559646e-01 4.102253130059320130e-01 3.899138626719659273e-01 2.705248360023987941e-01 1.747568881395483165e-01 2.614015294134690026e-01 3.344448038956406855e-01 2.656925702206309192e-01 5.062785375128023846e-01
6.889000000000000000e+03 1.704137654042975625e-01 2.403650123833787622e-01 4.034350542242089444e-01 5.015965903691136374e-01 5.970502464334841441e-01 7.315966536494352690e-01 7.853689519339283054e-01 7.781441713146548533e-01 7.739058520175545741e-01 7.975812644381177208e-01 4.202268056567400878e-01 4.059712596454685962e-01 3.819287512901116677e-01 2.810525223110242887e-01 1.789820398411845759e-01 2.640949998511036290e-01 3.493291085736265900e-01 3.451785529415509757e-01 4.197336990205057794e-01 2.822853222032981613e-01
6.900000000000000000e+03 2.067637272619242128e-01 2.340058336609828205e-01 3.859841929876753341e-01 5.008132863087235709e-01 5.920318233715875511e-01 7.153233802860765600e-01 7.842592598617669220e-01 8.119891644215811999e-01 7.998519588276451486e-01 7.467094323963204827e-01 3.432338696615065965e-01 3.941508077481989947e-01 4.523905531866283525e-01 4.301438876040765691e-01 2.695181606322690215e-01 1.358829412796387082e-01 2.841951698574378127e-01 3.401715705370467191e-01 2.711941768262669528e-01 4.521290521187317779e-01
6.901000000000000000e+03 2.006319134500068602e-01 2.257584986443388064e-01 4.261090168646774479e-01 5.187318091894701499e-01 5.943562754128369763e-01 7.438760256120570125e-01 7.925977903148084813e-01 7.697452937625529623e-01 7.497045692425741148e-01 7.648102600605649615e-01 3.882462105782987227e-01 4.463428910678960415e-01 4.200585174671343514e-01 2.791584485248029823e-01 1.387812576092170014e-01 2.862548486072203913e-01 3.542340062580555116e-01 3.512582951882231574e-01 3.737039127433194330e-01 3.042475692028558942e-01
6.927000000000000000e+03 1.651124157604468012e-01 2.084440684065989036e-01 3.891580809925240247e-01 5.479056840212707113e-01 7.322654166378231855e-01 7.309538132254905785e-01 7.812987985837459570e-01 7.523680544520029434e-01 7.905202685632678472e-01 7.288692806201927388e-01 3.604057955654402789e-01 2.313394134399409108e-01 1.957741153491927011e-01 4.286689600966800406e-01 4.049658536900362926e-01 3.314488571277924844e-01 3.545528640173447599e-01 3.707200667500702429e-01 1.472304979640043643e-01 5.756553866519771301e-01
6.953000000000000000e+03 1.870122775018858152e-01 2.433336958829344920e-01 4.235155446635818222e-01 4.877947629797908524e-01 5.830364388233892914e-01 7.452295579526201363e-01 8.294261634254526117e-01 7.868849198609538798e-01 7.414281335565718889e-01 7.649875739950569020e-01 1.570339859915903247e-01 3.354858709498184099e-01 3.427704575817736576e-01 2.682170058119700551e-01 4.057376124194365663e-01 5.662489770732088701e-01 1.542862492392814699e-01 3.981183125593650840e-01 3.898787597162147178e-01 3.254588335704970969e-01
6.958000000000000000e+03 2.429025750941621598e-01 3.184860478432842701e-01 4.312063002935485057e-01 4.179566324703850588e-01 5.204993151827962405e-01 7.035997554902546636e-01 7.483228894642797169e-01 7.965929382102362455e-01 7.815110174678411292e-01 7.639691579713102643e-01 4.967378483501492803e-01 1.384893030357258470e-01 3.769729047316411896e-01 4.896066716227319149e-01 3.261825382084491132e-01 4.126738769997966849e-01 2.950004474113630537e-01 1.728654111773040014e-01 2.963895400886841780e-01 3.729001033846977009e-01
7.128000000000000000e+03 1.816140771062925430e-01 2.135184344033033421e-01 4.152799295672495172e-01 5.277749718474051832e-01 5.862409822703568141e-01 7.689440102568042557e-01 8.265379846510695350e-01 8.292553777974319695e-01 8.126479390101775113e-01 6.665097188872853851e-01 3.377546135740361888e-01 3.113105809843684235e-01 3.149871090280919050e-01 4.121527852968572270e-01 3.439752511997697937e-01 2.095582444938495492e-01 4.200636513447344456e-01 3.434102148519020958e-01 2.022350290246080762e-01 4.955252504991123907e-01
7.379000000000000000e+03 2.010585007157971726e-01 2.517750909801779180e-01 4.227670857841857588e-01 5.139206201424778575e-01 5.693924936604818354e-01 6.624096074097211018e-01 7.846871976124546455e-01 8.484379196272958668e-01 8.697743683020421335e-01 6.580357846600491944e-01 4.092456077434922790e-01 4.473511506984818586e-01 3.639523531816455382e-01 3.565964791212634655e-01 3.396499597131161785e-01 3.319007853397330510e-01 3.981576857245301970e-01 3.035233858382039851e-01 1.589162331333439926e-01 3.102257578879572542e-01
7.422000000000000000e+03 2.889611655548211533e-01 3.133032757840810145e-01 4.413794796990225255e-01 4.985097725622495979e-01 5.459088321694841595e-01 7.105796434634783498e-01 6.813055959527186678e-01 7.753751542840402466e-01 7.839395556235037033e-01 6.914836241855207843e-01 3.740742758795037037e-01 3.854569184680310956e-01 3.558766834760889175e-01 3.415491117244092156e-01 3.796903747730085987e-01 2.544888119632656154e-01 3.380273769819700513e-01 2.939247249821649866e-01 2.344615106415146033e-01 4.274214165180165725e-01
7.423000000000000000e+03 2.799938432161361290e-01 2.944230316437860262e-01 4.412881998752719026e-01 4.962307245141295842e-01 6.112665868151111459e-01 6.575099410219433782e-01 7.722334537719141023e-01 7.698844701181227768e-01 7.015272435993801237e-01 7.248560190884145715e-01 3.706702544333083105e-01 3.427851071637194047e-01 3.256236915059907422e-01 3.839364660890495218e-01 2.536140601087955027e-01 3.323949182943223279e-01 2.988069257420959413e-01 2.964700257092373614e-01 3.448932732858231986e-01 4.015130177700486080e-01
7.468000000000000000e+03 1.873806740926518000e-01 2.519481130078725095e-01 4.265775812308433279e-01 5.043195551723967940e-01 6.018459055083871245e-01 7.442348403514684740e-01 7.852056654679666625e-01 7.901523246265633738e-01 8.147732045715103677e-01 6.944743870905489835e-01 2.148026374962266338e-01 4.072983791472180037e-01 4.174499102818877150e-01 2.798949876133388082e-01 3.135822257759141030e-01 1.490745771304443912e-01 4.324180958500560834e-01 3.964985714913297765e-01 2.802723706430602091e-01 4.722403071125857998e-01
8.210000000000000000e+03 2.508149256287270923e-01 2.606011111609608522e-01 3.961682627744622098e-01 5.191670113046223944e-01 6.106981699198751334e-01 7.459006631741094129e-01 7.706459894067484440e-01 7.767453436002831335e-01 7.679917255138752896e-01 6.884807971307468355e-01 3.875266385301405214e-01 3.358919807692275494e-01 3.232737540879671023e-01 3.518296802376050247e-01 3.017393805315569666e-01 2.837037990761434592e-01 3.688539160967134745e-01 3.680621390022031925e-01 2.688885298673628355e-01 3.841174370111222203e-01
8.589000000000000000e+03 2.263467294471302460e-01 2.966291468725243963e-01 4.214507144930743077e-01 5.103840049658575628e-01 6.122562481151427871e-01 6.241582764907165348e-01 7.503381650136922154e-01 7.707001588956788884e-01 7.676661425500720393e-01 7.609381995485272610e-01 2.822676040033859080e-01 2.550247283715171287e-01 2.758643014499655433e-01 3.470490087944077540e-01 3.168011157521524734e-01 3.383174571218340310e-01 2.147514955362808675e-01 1.868378692328316604e-01 4.912296720264281991e-01 5.826326262103043163e-01
8.604000000000000000e+03 1.787522201511847209e-01 2.264179109439185822e-01 4.542839791137919803e-01 5.182372394415506456e-01 5.658766786485306399e-01 7.210763775592480274e-01 7.518071703121383953e-01 8.256155147363655189e-01 7.826360138792292087e-01 7.537903694661480802e-01 5.995025359770591589e-01 3.807419292639689923e-01 2.680335129635350033e-01 3.287569610583317425e-01 2.617560744564667585e-01 3.024342928535850294e-01 3.685188330382154764e-01 3.143031400691012611e-01 2.088789574750393452e-01 3.567200821680693856e-01
8.605000000000000000e+03 1.939526755580950612e-01 2.898633576059230776e-01 4.410332207480217592e-01 4.943977509193717701e-01 5.992276089288776086e-01 7.089514911954998277e-01 8.074936978294270373e-01 7.491497295156138714e-01 7.574677993485045002e-01 7.393743395562329956e-01 4.024023280546769055e-01 2.837479437760821455e-01 3.444748724490353520e-01 2.909021025751116762e-01 3.312186093028843259e-01 3.982904388581603450e-01 3.511875986294398788e-01 2.902978983388219691e-01 3.163625982559644667e-01 3.530200471589984845e-01
8.634000000000000000e+03 2.426096148319091816e-01 2.781466102689886255e-01 4.233898150269417848e-01 4.792755426427683374e-01 5.123320868532112993e-01 6.566850616086364889e-01 7.717324255039692549e-01 8.079736306042429872e-01 7.674138369597670595e-01 7.840752440344276319e-01 4.314396568341935523e-01 3.180515347704390705e-01 2.904887796109139053e-01 3.421697925822580477e-01 3.951670583256047808e-01 2.938769138251296487e-01 4.151595397461136927e-01 3.051039766295410294e-01 2.305090229816866843e-01 3.677604250290426036e-01
8.705000000000000000e+03 2.178326291405281445e-01 2.566572746136600025e-01 4.370343591602963706e-01 4.755201849445169215e-01 5.421043032987631349e-01 7.039861367967579220e-01 7.371240602827239252e-01 8.056530557207220999e-01 7.867164870327829629e-01 7.788221081023460890e-01 3.977631428825765814e-01 2.879760710323475692e-01 4.176632464767179864e-01 5.991205580085342541e-01 4.157234844087765446e-01 2.542037133529806425e-01 2.577188525097366956e-01 2.008993780210430180e-01 2.306529705650013917e-01 3.474720573909478305e-01
8.774000000000000000e+03 2.384038989280237719e-01 2.499133665966891960e-01 4.384878913335533701e-01 5.085469459246746426e-01 5.698451155793688994e-01 6.745940624157584775e-01 7.614814787019409392e-01 8.111670850332457494e-01 8.341297435133775418e-01 6.778220904132221669e-01 2.314566322346556237e-01 4.286584768412502466e-01 3.022906350708028378e-01 2.666220632478005226e-01 3.070499739883665868e-01 3.883095367144364096e-01 3.607266639744001746e-01 4.326575230286600626e-01 2.787726482509144121e-01 3.729720336723013618e-01
8.787000000000000000e+03 2.425720566383878507e-01 2.746118732059692480e-01 4.601879389201999904e-01 4.306388674160815389e-01 5.628816516607459963e-01 7.359930578823518088e-01 7.534547297528225718e-01 8.034382902761391110e-01 7.741520903567893352e-01 7.197800470873332301e-01 3.827346594867221397e-01 3.464896499410062836e-01 3.465036333997572049e-01 4.046613287168229767e-01 3.324664357076080323e-01 2.850371382345551763e-01 3.565271306509477101e-01 3.461377105932754161e-01 2.375890186089578138e-01 3.528738908832041443e-01
8.788000000000000000e+03 2.393208609888080873e-01 3.019337795846535610e-01 3.703622959221309907e-01 4.994115723926862427e-01 6.219700565995885944e-01 7.196388332848987490e-01 7.907463525233077162e-01 7.466874414365337609e-01 7.243437934433398784e-01 7.556778681076918858e-01 3.405129757719602135e-01 3.410840420955575381e-01 3.942626384577394560e-01 3.435647131610477523e-01 2.902751826275181690e-01 3.582876590507815817e-01 3.596156053023733534e-01 3.070230036868261125e-01 2.909904752958561991e-01 3.482166016797600405e-01
8.999000000000000000e+03 2.611315919465233004e-01 2.659336250635633836e-01 3.967881385512807002e-01 4.541652126990218807e-01 5.691130265973050051e-01 7.598449268536825452e-01 7.741817686228045226e-01 7.800142484866156023e-01 7.281588082215767477e-01 7.672433841074869365e-01 3.471018536690564926e-01 4.562298942733573059e-01 6.233763013041607737e-01 3.929101084154145163e-01 2.566137589728881285e-01 3.923453503633523298e-01 2.074002118885162615e-01 9.548858154813495702e-02 2.876339923553813960e-01 3.287364211796945934e-01
9.058000000000000000e+03 1.937365409886249723e-01 2.326232658220988569e-01 3.856432832424638857e-01 5.089298740190593140e-01 6.103526835192214506e-01 7.430033161254931962e-01 7.553344960201111569e-01 7.715578192730941920e-01 8.093592762564625342e-01 7.674523356885534220e-01 2.680457133684086557e-01 3.704359278297663649e-01 4.953861074614790971e-01 2.591505038828473273e-01 3.619707152876910916e-01 2.732797766644480819e-01 4.330882337675058258e-01 3.772042240918100919e-01 3.118854880540524732e-01 2.260479017026180149e-01
9.063000000000000000e+03 2.441510010035640721e-01 2.649682936639074504e-01 4.203969162352251265e-01 5.039948636731849119e-01 5.283909517574297832e-01 6.970533983577658077e-01 8.031076205311652449e-01 7.869862594236850528e-01 7.588792665917931668e-01 7.456062408696116917e-01 2.736972511144309950e-01 4.434512126621167338e-01 4.076585382649130507e-01 4.470484110403550870e-01 2.586111817055440354e-01 3.264122664164693099e-01 3.469903220398943833e-01 3.030425523936989829e-01 2.449470654242231760e-01 3.431642478179286471e-01
9.064000000000000000e+03 2.325698323960290193e-01 2.658118620712009439e-01 4.368838464063148352e-01 4.698408841990876494e-01 5.868500543564959537e-01 7.742166445682681086e-01 7.740003574816346488e-01 7.306117893050517731e-01 7.558143691339418435e-01 7.456923989971915301e-01 4.340362104875469251e-01 3.996573207143765405e-01 4.337968932856712256e-01 2.661617448138837161e-01 3.310422847463096452e-01 3.472907645978175473e-01 3.135673470251494344e-01 3.152490975468423273e-01 2.818371327047082264e-01 2.572499582352244518e-01
9.419000000000000000e+03 2.170582660438572509e-01 2.687915588603869144e-01 4.428568291654944589e-01 5.401985314127322191e-01 5.312354830050909360e-01 6.571169814162554079e-01 7.358077056114661341e-01 7.710709323779800783e-01 7.928305169398798258e-01 7.754959091159309148e-01 4.618866157620987178e-01 6.137630763306323178e-01 3.329516531893650377e-01 2.238582767478212165e-01 2.922070106101279929e-01 3.326853132188067330e-01 3.499412334332558938e-01 3.091186868666448428e-01 2.139726882875027103e-01 2.655531506877725212e-01
9.420000000000000000e+03 2.312545590834024778e-01 2.816417579736198995e-01 4.631935130701026471e-01 4.659766306177745565e-01 5.416873509560654609e-01 6.956074993552918695e-01 7.488121579778637127e-01 7.639917862964054063e-01 7.851951967886179329e-01 7.592046958800230394e-01 6.300561495390165634e-01 3.423530913058319136e-01 2.278290068300395932e-01 3.154214058537386789e-01 3.538736467483246662e-01 3.673510162622493080e-01 3.354766907737875004e-01 2.888366259698265659e-01 2.287462728564022274e-01 2.990823236858723422e-01
9.421000000000000000e+03 2.437982655208076055e-01 3.031368490222691725e-01 3.999108181595311118e-01 4.781800393277875760e-01 5.813317263365517240e-01 7.124723602322792226e-01 7.437116773029712746e-01 7.576866069058296738e-01 7.685090904766069819e-01 7.565265775511397228e-01 3.630806914932357410e-01 2.420207151707077509e-01 3.316440034168886553e-01 3.946345530429509751e-01 4.036671149668479841e-01 3.638318651452216446e-01 3.238494954626152111e-01 3.190064540034798779e-01 2.661624582394677141e-01 3.743038503331088673e-01
9.422000000000000000e+03 2.596340625941328528e-01 2.408849068647577196e-01 4.081619977282801015e-01 5.113527846873056060e-01 5.942265525492704814e-01 7.037504753091777809e-01 7.333851071557607737e-01 7.354674876967677299e-01 7.630287708979507366e-01 7.880451406960465865e-01 2.329108759017257946e-01 3.196813474428202850e-01 3.765135483437384023e-01 4.084848096312664323e-01 3.627858795830901095e-01 3.186890887608816447e-01 3.245465477129792498e-01 3.368050489271141590e-01 3.022546771311282465e-01 3.892690010467864115e-01
9.424000000000000000e+03 2.125339346601335111e-01 2.741320883109407136e-01 4.454475862088840277e-01 5.127671788178873591e-01 5.724931633457158719e-01 6.629504489927364741e-01 6.978318354143315805e-01 7.690768425391172336e-01 8.123157371342080157e-01 7.721486752345488869e-01 3.425436301327599020e-01 3.684357866609838106e-01 3.435132361029269443e-01 3.153911673572455387e-01 3.123424563744996441e-01 3.306993706659958621e-01 3.816235150980142321e-01 3.901068912449793813e-01 2.780824465144748348e-01 3.138997167646236930e-01
9.425000000000000000e+03 2.356503516325588743e-01 2.840471413956427993e-01 4.388765050134931789e-01 5.034432395887725731e-01 5.471870673438391508e-01 6.554187015520355208e-01 7.464854576361166227e-01 7.866544490752250818e-01 7.812666010946062167e-01 7.548608998702135420e-01 3.622501048226194897e-01 3.382990702213651280e-01 3.074308542506261066e-01 3.229203350214374657e-01 3.369096405231718494e-01 3.836892977683848960e-01 4.054867854142755745e-01 3.595181714417598484e-01 2.589714832674621658e-01 3.089179401767638278e-01
9.426000000000000000e+03 2.465634335475771766e-01 2.810664910658413618e-01 4.340437155327283025e-01 4.842863438581932467e-01 5.442501197060353180e-01 7.112907278336227934e-01 7.707130702902559305e-01 7.541674798099550214e-01 7.643753210970147816e-01 7.539722239912716173e-01 3.390234699191171375e-01 3.085937403174753291e-01 3.208302424316145651e-01 3.550257296515121341e-01 3.983949465168065696e-01 4.155346687404987138e-01 3.808893270550975929e-01 3.412594628792526841e-01 2.597700552669879870e-01 2.721969150027727657e-01
9.427000000000000000e+03 2.433944723958069434e-01 2.756596103339019610e-01 4.162070868326539497e-01 4.806169393411577340e-01 5.963928254436804410e-01 7.357410483982431693e-01 7.326470587504388954e-01 7.335150435458018814e-01 7.625219691330573646e-01 7.716933977762635566e-01 2.959691428497819854e-01 3.082081733660327338e-01 3.375739805197400800e-01 4.017815772545565989e-01 4.129125865947248508e-01 3.735515444089429482e-01 3.460074797701572225e-01 3.276000820760550103e-01 2.190521614439348008e-01 3.766485998833760118e-01
9.428000000000000000e+03 2.376079788608819743e-01 2.572300413304682842e-01 4.113086845497210819e-01 5.261718212157402430e-01 6.176309349727160392e-01 6.933532861897854227e-01 7.071047040699959263e-01 7.295630829531750683e-01 7.815558144449294975e-01 7.804223732146527981e-01 2.870850354826756656e-01 3.149522853320787519e-01 3.710277790120485863e-01 4.044284494409815522e-01 3.605174827807988147e-01 3.295609167397822725e-01 3.225867377411638648e-01 2.682892252944432676e-01 2.943820650265288053e-01 4.194932281775922145e-01
9.429000000000000000e+03 2.217213197038321038e-01 2.518878502140867726e-01 4.508629055578566858e-01 5.446341506219202211e-01 5.763094732449547397e-01 6.653816039339109922e-01 7.016802828382725510e-01 7.509355024726276362e-01 7.909874841941102463e-01 7.798972290825878506e-01 2.701568389780573676e-01 3.187773174465193815e-01 3.439246733494834007e-01 3.251726113378131666e-01 2.929132447723005184e-01 2.829304114642494095e-01 2.432696120473764323e-01 3.320174248836618158e-01 3.019234819327356045e-01 6.322834204373616318e-01
9.436000000000000000e+03 2.117723083117399319e-01 2.548082950103910393e-01 4.137436115355676014e-01 4.932305375327754593e-01 6.185109126947987424e-01 7.155503414142726504e-01 7.233028958114310347e-01 7.530386981217256359e-01 7.869628456546013950e-01 7.838794618348298160e-01 2.891713843426161890e-01 3.457529167266912840e-01 6.065055261808564024e-01 2.475963964289036034e-01 3.102101796293154079e-01 2.406065727256875286e-01 3.446827507348252384e-01 2.996136674700942137e-01 2.581939001212746887e-01 4.348449465954252191e-01
9.661000000000000000e+03 1.898713718285094110e-01 2.129141714970848864e-01 4.165206719523493750e-01 5.257906255629777315e-01 6.167267658534507646e-01 7.478139610725060837e-01 7.838100841530993845e-01 8.077666965401477661e-01 7.938776321480313092e-01 7.121418738243218138e-01 3.123048790758707338e-01 2.340593589696655652e-01 3.021416380197602392e-01 4.062478365745977316e-01 2.361256652221669083e-01 2.493003499546369572e-01 2.446186436846899959e-01 3.000111341801741105e-01 2.879821344054077081e-01 7.652416976376784641e-01
9.684000000000000000e+03 2.145187932396354080e-01 2.554197515953963160e-01 4.300831123698473091e-01 4.815886301370438938e-01 5.585861322628841164e-01 7.132171974548439097e-01 7.822137889440051728e-01 7.833634983457133938e-01 7.881077330079824250e-01 7.541026267962731566e-01 4.017120842653314483e-01 3.154114923935157910e-01 3.430213561166799985e-01 3.374988040297724479e-01 3.995628428399929932e-01 3.540518605647072770e-01 3.602177771022240238e-01 3.333779163355741204e-01 2.167567357998662347e-01 3.361366487119675783e-01
9.879000000000000000e+03 1.895914982515403691e-01 2.380219078759041318e-01 4.336768821422772313e-01 5.185697792497482306e-01 5.853947257177422037e-01 7.087762980060495765e-01 7.485066878957691294e-01 7.637827264849368358e-01 7.842450132604686930e-01 7.905859148841026807e-01 2.574368613704661746e-01 1.695074134934527188e-01 3.167229321879224679e-01 4.032968481520601278e-01 4.968875878439365512e-01 2.547401840192426437e-01 1.851475275754760896e-01 3.283358247138781216e-01 3.425229329616732987e-01 5.869066527383708376e-01
9.880000000000000000e+03 1.963068652700324657e-01 2.615948508977704590e-01 4.320261606077756000e-01 5.016334290591478728e-01 5.759499872496467443e-01 6.933294715681265208e-01 7.256711039664806018e-01 7.409429282900213964e-01 7.915071821332758661e-01 8.181166596312486883e-01 1.465126291630651501e-01 2.742055054324736840e-01 3.455915161680302994e-01 4.516117441684620593e-01 2.281779631801671981e-01 1.636147956383678381e-01 3.000047830842333951e-01 3.892783456816651944e-01 4.256666050968522241e-01 5.879690672103633498e-01
9.902000000000000000e+03 2.427341566726312905e-01 2.790208867738809828e-01 4.232426158236397007e-01 5.281380024504900295e-01 6.103873014488618853e-01 7.369414951288933979e-01 7.600895040141772974e-01 7.735376749034479360e-01 7.601200222285281471e-01 6.745176953781111262e-01 4.591575998925515045e-01 3.978128923906963932e-01 3.565613449017707715e-01 3.636265343412476425e-01 2.774704156488296269e-01 3.124086282907747036e-01 4.214161288307294861e-01 2.563860943948371163e-01 1.985287135408708159e-01 3.583292872453568978e-01
9.915000000000000000e+03 1.929805076304790812e-01 2.501843758326925404e-01 4.181295214393927484e-01 4.871958001592584520e-01 5.869208904311211672e-01 6.995883718280935248e-01 7.810148298862119587e-01 8.179381700367419628e-01 8.158620550163162566e-01 7.277581460079802778e-01 6.354058004188102293e-01 3.973996377357328358e-01 4.204035555372371835e-01 3.741646664778072728e-01 4.480874551837406017e-01 3.794689426283471834e-01 3.645448797422078391e-01 7.755259648143887630e-02 1.130958757703573875e-01 2.363752016002723666e-01
1.021500000000000000e+04 1.866175796724177938e-01 2.499234697509057912e-01 3.874793254116900565e-01 4.925105465593981879e-01 5.759538386717261149e-01 7.246391094846600378e-01 7.655743611381623515e-01 7.917043255056432915e-01 7.889282268672626053e-01 7.999454396251662880e-01 3.158057942042309940e-01 3.977872204774005604e-01 3.051464658602285884e-01 4.318569754035023189e-01 4.246221331431841439e-01 3.840983604173897059e-01 1.239913769823548506e-01 3.125125540580552252e-01 2.943639708098833019e-01 3.838621997391514218e-01
1.021600000000000000e+04 2.078878403404115505e-01 2.200102232876368913e-01 4.111719255587845678e-01 4.955242700490651853e-01 5.937698242621232136e-01 7.142042254882853269e-01 7.601180935077188616e-01 7.487679635932091848e-01 8.043990224858750260e-01 7.991693986039869468e-01 3.592217601928706650e-01 2.760129688322982000e-01 3.866362010410144823e-01 4.032109583795793761e-01 3.593845085459826949e-01 1.144716172470389148e-01 2.983383639958173128e-01 3.495290465003096925e-01 2.908654609691644355e-01 5.215689245125404438e-01
1.047100000000000000e+04 1.765808550811236166e-01 2.175363984735218525e-01 3.928851625044494922e-01 5.124389754485142445e-01 6.040273092699578461e-01 7.452086472028724984e-01 8.054672860569160875e-01 8.162945301312632962e-01 7.510454742331493794e-01 7.769564270995551469e-01 3.553427192099171128e-01 2.736204306591749624e-01 4.158545180928779894e-01 4.355457160516154058e-01 2.685133306850599477e-01 2.285668499571389400e-01 2.599939425012601224e-01 2.545852144920404125e-01 3.818640868520147280e-01 4.644937414468375270e-01
1.048100000000000000e+04 1.865402706603460636e-01 2.594573356806567643e-01 4.423506434791819597e-01 4.975721536120508159e-01 5.834333428986374637e-01 7.070124547724692121e-01 7.649345749239397918e-01 7.762442107440652439e-01 7.774926436683712305e-01 7.716098044842200077e-01 3.431400380526308247e-01 4.223137709447510879e-01 3.601041324372837860e-01 3.585685109231268042e-01 4.317290641813392726e-01 3.477753198550984082e-01 3.018615695911580632e-01 2.534623240416978285e-01 2.584114255133844740e-01 3.139594057903110080e-01
1.048200000000000000e+04 2.207593357388513422e-01 2.778466716027205297e-01 4.219757443939959884e-01 5.094812559213531822e-01 5.848638849280668461e-01 7.218038714744579032e-01 7.503656790570133461e-01 7.423122238300120523e-01 7.774233958002937372e-01 7.530842081200358473e-01 4.166658149335892292e-01 3.558705312126165810e-01 3.507330151151075714e-01 4.479016681365211028e-01 3.555295757258235545e-01 3.045469411383392444e-01 2.643719267529844874e-01 3.352484548943223674e-01 2.599212997348292475e-01 2.994298771906211964e-01
1.048300000000000000e+04 2.428700215754075742e-01 2.668326707572967194e-01 4.412396404597916377e-01 5.206518094196446178e-01 6.098171718387884743e-01 7.178102802728383303e-01 7.225303726278409222e-01 7.516945401786248038e-01 7.640329093130385774e-01 7.251033512684954552e-01 3.373785594289774314e-01 3.330520765365208580e-01 4.209774165505756338e-01 3.544201263541599256e-01 2.991777718712111400e-01 2.562822445905016955e-01 3.359945888097052857e-01 3.240123222115134927e-01 2.381916410705287590e-01 4.799087749302621275e-01
1.073000000000000000e+04 3.005394336978041703e-01 2.768180923677583949e-01 3.886252426411066496e-01 4.362820766308189158e-01 5.853279682020741115e-01 7.337596956514542690e-01 7.802393226722693642e-01 7.463663182536866003e-01 7.288611646864066040e-01 7.625349662748717172e-01 3.903350757853673580e-01 3.766651682692483405e-01 3.996537517079284396e-01 4.576504232373264092e-01 3.687900846377493158e-01 2.794452365890189305e-01 2.534848518052063016e-01 2.211016291398990863e-01 2.448880572605500738e-01 3.996011988847782415e-01
1.073300000000000000e+04 1.984903118868031890e-01 2.953825049990246310e-01 4.810544599036973290e-01 5.680165225898048398e-01 5.834364930545292705e-01 6.323959130657349492e-01 7.308150693527097896e-01 7.589128492630163869e-01 7.524566922267325042e-01 7.495779047198386502e-01 4.476626540484252015e-01 3.793291489017913132e-01 2.973679858178311375e-01 2.782327695273185686e-01 2.440072127219290177e-01 3.429063091325829649e-01 4.591480594510711222e-01 3.786319804367439534e-01 2.864203459386941986e-01 2.594517652137263708e-01
1.103900000000000000e+04 2.384525428762467869e-01 2.693603526095112999e-01 4.390485869545940889e-01 5.084510231935305269e-01 5.796376402460792221e-01 6.887953437431014736e-01 7.246358764509545081e-01 7.767066909088784499e-01 7.714588690689330175e-01 7.492130563992711600e-01 3.109693975345160788e-01 3.339086294166730418e-01 3.239994170017060360e-01 3.101607458010316454e-01 3.555778389982141574e-01 3.084031389253624744e-01 4.030706869404905857e-01 2.997252263875231915e-01 3.515606651947483230e-01 3.553868207227598996e-01
1.104000000000000000e+04 2.351734047341191569e-01 2.821966029469120119e-01 4.394983043651662369e-01 5.149597526620258714e-01 5.773271144769698271e-01 6.895309816847845497e-01 7.606554531912061989e-01 7.438404782121159631e-01 7.587679193522220977e-01 7.494468241696009558e-01 3.251463111893398428e-01 3.160134008595394950e-01 2.994252798762696566e-01 3.640851684431845592e-01 3.111838549075907623e-01 4.013554977704757998e-01 3.085453573790654103e-01 4.501414482704008679e-01 2.903800769496923673e-01 3.071979750435434031e-01
1.107700000000000000e+04 2.131630035490900688e-01 2.307895859425796725e-01 4.411298234808396224e-01 5.107045761706572318e-01 6.041799509717574734e-01 7.068813410371802552e-01 7.215947796556262395e-01 7.588685825502647919e-01 7.956403224974271104e-01 7.723403736919506324e-01 2.857806367964882410e-01 2.363428681946759258e-01 3.838695240450273882e-01 4.997042065312743975e-01 3.165298440061485863e-01 2.461241833260841005e-01 2.213619969575090496e-01 2.479066933551419827e-01 3.827450365236866880e-01 5.181548518900804812e-01
1.133900000000000000e+04 1.752548818067015957e-01 2.141684594708812839e-01 4.019534423926250377e-01 5.362768281952967619e-01 5.949144843570393082e-01 7.174102115038090144e-01 7.693733869665292380e-01 7.829730252574792493e-01 8.264362967052425457e-01 7.631155468905875816e-01 5.176372778821716203e-01 3.221047847548236809e-01 3.207002666175707284e-01 3.591930189155864706e-01 3.982380156642869595e-01 2.265228503954656025e-01 3.267831258205927680e-01 3.714208088878911407e-01 2.099791463360654309e-01 3.426368413815092384e-01
1.134000000000000000e+04 1.802573411361960976e-01 2.361306747335102374e-01 4.524639114519167782e-01 5.156867005437308915e-01 5.901119375458629968e-01 7.216027772089036452e-01 7.533940354762702629e-01 7.952796403464250652e-01 7.640886894652701988e-01 7.685890676235956898e-01 3.306598623353238509e-01 3.297569360726976817e-01 3.655633025309679152e-01 4.298767634830631401e-01 2.410030879300532336e-01 3.430411065872840393e-01 4.030903129622487868e-01 2.834469465816625289e-01 2.951481253418022366e-01 3.540506117623092863e-01
1.141500000000000000e+04 2.019970093145110057e-01 2.409532338016160402e-01 3.656625430323995896e-01 4.844434195461825299e-01 5.973673637050358476e-01 7.523255803910207096e-01 8.088907554586990400e-01 8.111539396604391383e-01 7.826095551680558593e-01 7.469359119557343885e-01 2.470764337774319364e-01 2.944992785085856490e-01 4.885058727272015844e-01 3.328617122919506621e-01 3.287488646447242480e-01 2.687315318819786247e-01 2.306341529701777804e-01 3.722384366914999743e-01 3.956369328389002238e-01 3.792344232483244038e-01
1.147800000000000000e+04 2.187738734310284150e-01 2.346924222283333361e-01 3.867872467122409619e-01 5.057957523742097061e-01 5.984119797149685116e-01 7.303491776339812169e-01 7.922587535994805030e-01 7.723156519870609804e-01 7.544470682495285629e-01 7.794166135084398261e-01 3.352938720506624670e-01 4.051909427644527217e-01 4.566431988916579421e-01 1.956633640451783118e-01 3.046699036378190395e-01 4.177626205382929947e-01 3.853315188308534256e-01 3.437792807781288595e-01 3.482716602604266076e-01 1.720105837115286085e-01
1.151800000000000000e+04 2.025662078058715065e-01 2.305856423945985834e-01 4.469047663790937652e-01 5.298663713595597180e-01 6.209504313144056376e-01 7.283197225502033856e-01 7.770212191005022584e-01 7.731853923463798406e-01 7.794212701407200461e-01 7.082011238642593742e-01 1.723323632763755497e-01 4.709791875440819675e-01 3.827055432742934027e-01 3.347086011109495773e-01 3.013321199167061648e-01 2.727861853793574487e-01 3.129876019615883687e-01 4.131525251124081866e-01 3.173668094667766448e-01 3.832379025403907513e-01
1.152900000000000000e+04 1.809113473653146398e-01 2.469549207348393782e-01 4.112224177986851803e-01 5.361108635838659486e-01 5.875789469278855925e-01 7.348742987920773295e-01 7.731350168471643469e-01 7.484628568002360538e-01 7.817839282831386960e-01 7.774040666677501932e-01 2.069082008570360953e-01 3.521273894319102427e-01 4.621299400979941852e-01 3.181376445799893316e-01 4.169356528641066650e-01 3.502646060300317887e-01 2.097626239107646673e-01 3.775141922327008848e-01 2.631040821085754988e-01 4.221763557697527647e-01
1.153000000000000000e+04 2.137757103406765502e-01 2.525082824252996017e-01 4.604016351026486431e-01 5.181459854179012448e-01 6.167939899930865444e-01 7.361265346329544101e-01 7.241031513931335262e-01 7.520078940187614469e-01 7.881762658563239432e-01 7.158079631303011503e-01 3.071279166540649697e-01 4.037329468285371648e-01 2.750952109473817631e-01 3.823896703269109576e-01 3.165457558611713407e-01 1.870599871562327321e-01 3.480807625293183549e-01 3.017349198623329731e-01 3.089701064619629900e-01 5.218648189195853604e-01
1.153100000000000000e+04 2.226275937338685618e-01 3.041394046946673257e-01 4.499243031657741976e-01 5.508491133821420416e-01 6.247319704252374262e-01 6.913725625230694449e-01 7.348192031731010099e-01 7.653347045430480833e-01 7.216901078330134611e-01 7.105004598450669340e-01 3.889903220586885535e-01 2.654843020807968190e-01 3.652598727639592702e-01 3.206998608643813475e-01 1.868149706756481176e-01 3.429388717277017107e-01 3.073360543568479653e-01 3.914339711585961279e-01 4.219127869787003826e-01 3.341756654755774769e-01
1.171500000000000000e+04 2.327973278873791407e-01 2.623394752769727112e-01 3.935842406172378460e-01 4.861172396708901555e-01 5.497278813525120489e-01 7.216109595916420094e-01 8.095788976871609588e-01 8.241700849079105495e-01 7.549654016015713287e-01 7.366480157256367622e-01 1.757878591786135036e-01 3.971827772918312682e-01 4.661901667726066067e-01 3.825231090700562109e-01 7.491505976623593632e-01 1.594758272058997284e-01 2.229875563888335799e-01 3.274253338260203483e-01 2.220206408463227532e-01 3.101839370302283960e-01
1.190800000000000000e+04 2.753740479243116934e-01 2.487812102592523444e-01 3.809324462992469407e-01 4.833582476992458465e-01 5.904506710155245086e-01 6.990787519467801525e-01 7.424521068097192922e-01 7.685444421364364675e-01 7.863052878679314128e-01 7.618930784063082662e-01 4.018496431226091237e-01 3.245726070516073425e-01 4.645745471277703542e-01 4.494751561007574447e-01 2.767107519723975839e-01 2.312674632979413725e-01 4.216151780203046817e-01 3.215804915831486643e-01 2.685405844953133725e-01 2.347042464993468469e-01
1.255600000000000000e+04 2.066218122193180795e-01 2.267962034432954299e-01 3.878411942018565317e-01 5.309048546878373243e-01 6.001972377262986269e-01 7.372760975363442659e-01 7.650740032338441132e-01 8.001036924375211079e-01 7.855176610182356134e-01 7.448321366100761898e-01 4.552284368304925777e-01 2.453105505946585885e-01 2.894056962809004596e-01 3.504994083805713090e-01 2.960059960893272613e-01 2.865511592556630460e-01 3.374531962363889748e-01 3.544768900598496697e-01 3.041842161649604970e-01 4.366942244436818332e-01
