6.890000000000000000e+02 2.246092072833357767e-01 2.895960080480038945e-01 4.458048665551427869e-01 4.862907010662591567e-01 5.804291649242253603e-01 6.017528089218312504e-01 6.753310868765204367e-01 7.554306016652021505e-01 8.231704637394776647e-01 8.131354302630563469e-01 2.667516645184293544e-01 4.989145746713977148e-01 2.252343282546285796e-01 2.997578178735761933e-01 3.625361596264847774e-01 4.252281720656660990e-01 4.273401736466785894e-01 4.442787747738812243e-01 1.963099464617382162e-01 2.604304553202118622e-01
7.420000000000000000e+02 2.014437817143350518e-01 2.893020064365443567e-01 4.801618779351629618e-01 5.711263593611994871e-01 6.445306404041620807e-01 7.471634663750043037e-01 6.378662445610089327e-01 7.026246810397824838e-01 7.355635106809570445e-01 7.565386422526004795e-01 4.517171555895964086e-01 4.155910712929153372e-01 3.229146509752952032e-01 1.914864564129025726e-01 2.895850235064025835e-01 4.400073402607669881e-01 4.263202845743757075e-01 2.410672034306026723e-01 3.404734133992604606e-01 2.397445813968655526e-01
7.430000000000000000e+02 2.466838065136825464e-01 3.149899195466333568e-01 4.885208575752964522e-01 5.667048786607573607e-01 6.249483766848078492e-01 5.894838670954731796e-01 6.684347810684831970e-01 6.950448182540734932e-01 7.613069027824188595e-01 7.577771526721556183e-01 4.296374840268641360e-01 3.343768872492112743e-01 1.962594822406515671e-01 3.147980050972473687e-01 4.712814552201294860e-01 4.506927464224023128e-01 2.634729166464657713e-01 4.628343897590880829e-01 2.079731444778362692e-01 2.684921778136507009e-01
7.440000000000000000e+02 2.718933795064325531e-01 3.275856908978947990e-01 4.895726749703666614e-01 5.545037558443217662e-01 4.808563255952237880e-01 6.282071003819458266e-01 6.658913432033507496e-01 7.304036362156145490e-01 7.673389848694305293e-01 7.686933798539116180e-01 3.386750426510444223e-01 1.991092500527958942e-01 3.161040198383388011e-01 5.019315098187452362e-01 4.729406756569284331e-01 2.728843602159820025e-01 4.955883750041880642e-01 2.769893375962912407e-01 2.281895383703966274e-01 3.064468507500589523e-01
7.700000000000000000e+02 2.704855657735260044e-01 2.961566448355706926e-01 4.356522117340159705e-01 5.211945560715826042e-01 6.017335817599762660e-01 7.391296681364614152e-01 6.786104119468312490e-01 6.741228698431368516e-01 7.371882858159543028e-01 7.769141467490123798e-01 2.680207964980723667e-01 3.940867714055206750e-01 3.837354202925490898e-01 2.937833410226996511e-01 4.976830910975784117e-01 2.559512347402943533e-01 4.120473427881122808e-01 4.810966214905690319e-01 2.663104637566596211e-01 1.447046128493042760e-01
1.485000000000000000e+03 4.102732505239757299e-01 4.143616317244545599e-01 4.446975237771398914e-01 4.861221519317443507e-01 5.775368760102198573e-01 6.468016913928714695e-01 5.467586053242292632e-01 5.566580562846072944e-01 7.635954396332701455e-01 7.718728348510910386e-01 3.100661913945745862e-01 3.188725030957573203e-01 3.639422504647104040e-01 3.476538241311172839e-01 4.798301522333995317e-01 3.168591117609333985e-01 3.845534154078943945e-01 4.241298456452733401e-01 2.267443944383670806e-01 2.327390524763829904e-01
2.037000000000000000e+03 3.665955774657675970e-01 2.699973603369605901e-01 4.375702163154574498e-01 5.431796179604438946e-01 5.567040935249619737e-01 6.600294633846919279e-01 5.797700349374728113e-01 6.606388624589366598e-01 8.038966134860305868e-01 7.777142495018865009e-01 4.144740840161231787e-01 4.097162308314149515e-01 3.155078302152232728e-01 2.005411488748072291e-01 3.812185351459552174e-01 4.010594496818132848e-01 4.415886231568987852e-01 4.184505604725655137e-01 2.416693739396343910e-01 1.704620754710286790e-01
2.055000000000000000e+03 2.277432377350705195e-01 2.981472671783773620e-01 4.756200330924579278e-01 5.332356623889201730e-01 6.591819490868091602e-01 7.697491067951758303e-01 6.438801205932964677e-01 6.722607373114545259e-01 7.639082980627690533e-01 7.231955854750482526e-01 4.644110942290177735e-01 4.104626152787524962e-01 2.969610211342076922e-01 1.830453217379543751e-01 4.589250399845430373e-01 2.311239176666677331e-01 4.911418173144593280e-01 4.299885301771184665e-01 2.313848112655556566e-01 1.963788970451349203e-01
2.095000000000000000e+03 3.103964403731332422e-01 3.696322352488352614e-01 4.423659297615085140e-01 5.632621639095913846e-01 6.275566155746098440e-01 6.607438642106360227e-01 6.330831058046887394e-01 6.912388446428284761e-01 7.090808025802678438e-01 7.101001494455586593e-01 2.649582510180331640e-01 2.283491133209339385e-01 3.940198996328755920e-01 3.689974068105872362e-01 3.156601064492298714e-01 3.060851315705164777e-01 5.007330879203736318e-01 3.459053034812735183e-01 2.988018709125052630e-01 3.504520639983013663e-01
2.711000000000000000e+03 2.612895403480118284e-01 3.193073924186550228e-01 4.824464223845417732e-01 5.702836268254924956e-01 5.461016465403008002e-01 6.760868076326534970e-01 6.541891325448107031e-01 7.229714809818574839e-01 7.757483086196207411e-01 7.151633684690524850e-01 3.085236323242862566e-01 2.755295338338529243e-01 3.594669920679300357e-01 4.122659805582960524e-01 3.365993829282125649e-01 2.333891379062987270e-01 6.681018296052428918e-01 2.055581846058510687e-01 2.333829773693506804e-01 3.663013385929566601e-01
2.740000000000000000e+03 2.368565655728585850e-01 2.841138981592578050e-01 4.514928154890200385e-01 4.984715531150358814e-01 6.282193684697562341e-01 5.975728280419156935e-01 6.624040441034915183e-01 7.323962962049119785e-01 8.075578918012283891e-01 8.023753137682209102e-01 2.496704956592496194e-01 3.070534924601613369e-01 3.540263265609353005e-01 4.535961359792831660e-01 3.611377987160003245e-01 3.599773198058818235e-01 2.423039676757542393e-01 5.138148196868826956e-01 2.427459091444524597e-01 3.098883967003798201e-01
2.918000000000000000e+03 1.943829470641631474e-01 2.507942420650698945e-01 4.517151270840900068e-01 5.399412305609200269e-01 5.885233663632011281e-01 5.942761094978520342e-01 6.924210001390705971e-01 7.778704986643932839e-01 8.195118843287886312e-01 8.092368686184977511e-01 1.654335886132496103e-01 3.472028183022154435e-01 2.952478533295324059e-01 3.922308246262252718e-01 4.652115150368648644e-01 3.821240904798264837e-01 2.753391940354568135e-01 4.660827003919653100e-01 2.177303530048748936e-01 3.903025015167638223e-01
2.928000000000000000e+03 2.463320231816394090e-01 2.947123079802150269e-01 4.630433059204137614e-01 5.306834769099529892e-01 5.318459059266549271e-01 6.825797649017856239e-01 6.794259560309118262e-01 7.004134709141058845e-01 7.723714815946481904e-01 8.041329325495089053e-01 3.579679496978817044e-01 2.593025502482534383e-01 1.918046910966536289e-01 4.212303565504089686e-01 4.661217356844979398e-01 3.867121252483426974e-01 4.757772319874312150e-01 2.813613858286767022e-01 1.688292325340886579e-01 4.041315845457538747e-01
3.002000000000000000e+03 2.482420446437560158e-01 3.217449350496522364e-01 5.132399174066462066e-01 5.949297327207229147e-01 5.318114579310782020e-01 5.942284126510615216e-01 6.872808119752459310e-01 6.579226343939048594e-01 7.703832664464020930e-01 7.751340766090415446e-01 2.084279778943077532e-01 4.518527504576358433e-01 2.955228233320157938e-01 3.089083165528785924e-01 3.850400035249945119e-01 3.419055676713209646e-01 2.215905550775244537e-01 6.255947146085090171e-01 2.715695399769182949e-01 2.679320576992604286e-01
3.206000000000000000e+03 2.436060079981708648e-01 2.915407224688204013e-01 4.778058979939921458e-01 5.809241996334548741e-01 6.034253047702876627e-01 6.195856262421237659e-01 6.720278955474996430e-01 7.207084014675353423e-01 7.429856527188090087e-01 7.693780520770701070e-01 4.064811645558518705e-01 2.419319172043488397e-01 4.353642951372858616e-01 2.714583477936943212e-01 3.633594802079045394e-01 3.344664842732185117e-01 2.728062986946127588e-01 2.669625513942494588e-01 3.845305890260962700e-01 3.627652564347647046e-01
3.230000000000000000e+03 2.559607556644836190e-01 3.143679110007583932e-01 4.841108498672511695e-01 5.743206377375679184e-01 6.121200865017554227e-01 5.719824057000878481e-01 5.941435748319964238e-01 6.872050767351701728e-01 8.022684402377188162e-01 7.849030833789897299e-01 3.043572850323683077e-01 1.577497117459307208e-01 3.916463264786938514e-01 3.534394809004944848e-01 4.138848451418726260e-01 4.595091685484071764e-01 3.118454902159861208e-01 2.019020786975136150e-01 3.849290073153451841e-01 3.695563843470462961e-01
3.416000000000000000e+03 2.777778540159016596e-01 3.703701812933138937e-01 5.440315694731068241e-01 6.129816890412382868e-01 5.485569354198566172e-01 6.132168403964903813e-01 6.728060380796534456e-01 6.204228815350824044e-01 7.124061614362274808e-01 7.297459160197745653e-01 1.494345641797704682e-01 3.312115648731122075e-01 2.783625042788374637e-01 2.809188581066017210e-01 4.883899766846011015e-01 3.573994397601756301e-01 1.699542716133399245e-01 5.109792252628779785e-01 3.740772093842676393e-01 3.979643610640584694e-01
3.417000000000000000e+03 3.197109138336894363e-01 3.823058123485422732e-01 5.328740414281970539e-01 4.876532803181463094e-01 5.063597687159125948e-01 6.358607936659029791e-01 5.838203963356980442e-01 6.759072831558777805e-01 7.369595136017393910e-01 7.839461361358863734e-01 3.028729964293375154e-01 2.549616642488226059e-01 2.546740767608867140e-01 4.696129673888826961e-01 3.386307136219712244e-01 1.588996008302339391e-01 4.939654501907703721e-01 4.497870320187543070e-01 3.053563300968446526e-01 3.416217510232929522e-01
3.423000000000000000e+03 2.216853386235726753e-01 3.010143386336344706e-01 4.846609599112955413e-01 6.354651338580745712e-01 5.114730427633984444e-01 7.032603628161352427e-01 6.149187718907082045e-01 7.471641253091616530e-01 7.192164107867400347e-01 7.855278047253859697e-01 3.632339052493822606e-01 3.496621650213774246e-01 3.116399892072889699e-01 2.950984834286785041e-01 3.698367482636329973e-01 1.802961143583191039e-01 4.344835810478585025e-01 4.605584344863427049e-01 2.849123832546931467e-01 3.205275379514492262e-01
3.452000000000000000e+03 2.651230660117079863e-01 3.338437169737697996e-01 5.201262840729813375e-01 5.823329417006953834e-01 5.957030186723012433e-01 5.813416644860864846e-01 6.146485728971005091e-01 6.914461069695559958e-01 7.570400084189879975e-01 7.512535698315356836e-01 9.436362695412445212e-02 3.017513017427233546e-01 3.165084529015185777e-01 3.914671902865594633e-01 4.501265503517264954e-01 4.107003825679160225e-01 2.915683530553841440e-01 5.678195382919059009e-01 2.298790940808104477e-01 3.420551740318142908e-01
3.605000000000000000e+03 3.390853102104925409e-01 4.104363026923118496e-01 4.226637139059353787e-01 4.600670406397997514e-01 5.632679753815879042e-01 7.323287362025250324e-01 5.095911691113832465e-01 6.599415691485857050e-01 7.823660672546672856e-01 7.732159381359310357e-01 3.891270209424492754e-01 3.608620338241448344e-01 3.183545750991457757e-01 2.718103748704830402e-01 4.963134123595008829e-01 3.385217383567922234e-01 4.462490457747078088e-01 3.837027348708411112e-01 2.085187385892290912e-01 1.966805400241957713e-01
3.716000000000000000e+03 2.445341155510145636e-01 2.714849867115167736e-01 4.712564776206089601e-01 5.788875514988893745e-01 6.154025853459432760e-01 7.124226522684138363e-01 6.622049514523172808e-01 6.949054624456967311e-01 7.544561659179076507e-01 7.428498169664617956e-01 3.996170338240709330e-01 2.600683986087031219e-01 2.250943442423380125e-01 3.720029819535723981e-01 3.206339869775073903e-01 3.829147946773654443e-01 4.873731680004643185e-01 4.049849621562344182e-01 1.632151827972646574e-01 3.911729138111073034e-01
3.717000000000000000e+03 2.351410459321839341e-01 3.104886369739917051e-01 4.995377177774792399e-01 5.449009647040875537e-01 5.969961769974864163e-01 6.205674635391991156e-01 6.647339347079368466e-01 7.215370890936446679e-01 7.492554579911612223e-01 7.723661696515000674e-01 2.599464621285325627e-01 2.253569606456618524e-01 3.686303272051983937e-01 3.369931245527199026e-01 3.965534662601293836e-01 4.981494759275399420e-01 4.279380370781212251e-01 2.145182123377818439e-01 3.280819871954079314e-01 3.157202653050619756e-01
4.078000000000000000e+03 4.324055673162791047e-01 3.762475822285279992e-01 4.139170967680985136e-01 5.319614645958421484e-01 5.056356147255107736e-01 7.192256113801053230e-01 5.671645391453004059e-01 6.466374580381073489e-01 7.735996266242228803e-01 6.871149940840531878e-01 3.287197951909985316e-01 3.969310773328763031e-01 3.771164171032662660e-01 2.526442352134560254e-01 3.559558238104455485e-01 4.072544412785306656e-01 3.553276525983688483e-01 3.896317559828677002e-01 2.773001220404561207e-01 2.415093160805115158e-01
4.187000000000000000e+03 2.182312414829089275e-01 3.171289177322066388e-01 4.678481188344584818e-01 5.077063878178510459e-01 5.929195829631356274e-01 7.406642941078136477e-01 6.935890972920414344e-01 6.846149143853818009e-01 7.779753014805289579e-01 7.486029788734173129e-01 3.372536939373438902e-01 3.648766650461089944e-01 2.612323856970464875e-01 2.524555373751319887e-01 5.783502307032512002e-01 3.702305104584392437e-01 3.743945942849223885e-01 3.641382499085142332e-01 2.251134798396472458e-01 2.713555185163911143e-01
4.877000000000000000e+03 2.834147579423358931e-01 3.354877695040177077e-01 4.578874986237873590e-01 5.604174934024173105e-01 5.976041545347597905e-01 6.461027557141024724e-01 6.237415837859937584e-01 6.529888788590335613e-01 7.544300934895816768e-01 7.805355595973140215e-01 2.307942511911386663e-01 1.794490262744479203e-01 5.487990800299442640e-01 4.194544987155902627e-01 3.507760760126401589e-01 3.688403608597239369e-01 2.813518740987685507e-01 1.985163854050724097e-01 4.031464100501458425e-01 3.677579229438933672e-01
4.909000000000000000e+03 2.399560808351331731e-01 2.811264456799181244e-01 4.369231342288550368e-01 5.116281024449940151e-01 5.351452042638975559e-01 6.322485921851701551e-01 6.814768092319828385e-01 7.483034868032004683e-01 8.291800132033627646e-01 8.002516530799611560e-01 3.641417022679285798e-01 3.256180901911939207e-01 3.295077370266120687e-01 3.514601852480622179e-01 3.560899820905020219e-01 4.025138433406034721e-01 3.064999396284230349e-01 4.622468145189123079e-01 2.292978365721097533e-01 2.688735451041299740e-01
5.355000000000000000e+03 1.925090758763365051e-01 2.493429873169893396e-01 4.370268129876543894e-01 5.303307366524678823e-01 6.600598497960190603e-01 7.896005312612487392e-01 6.750316399020702685e-01 6.932895463151351745e-01 7.701204472493211606e-01 7.806540262811831887e-01 3.624266282439683184e-01 3.136097873700928740e-01 2.291040109909202316e-01 2.986291455383382476e-01 4.141849431939781945e-01 3.690683242929672092e-01 4.504305325635611923e-01 4.369736566882829742e-01 2.287967669721114594e-01 2.895063079486887014e-01
5.356000000000000000e+03 2.079472078816705649e-01 2.674785139243594512e-01 4.453022175117999915e-01 5.727409035223572920e-01 6.564799152204204846e-01 6.194938816633416279e-01 6.490619934376686828e-01 7.276073666746691870e-01 7.826656464395839174e-01 8.002479681970872116e-01 3.084314239144059222e-01 2.256902333133595506e-01 2.911732372118788770e-01 4.283316966514928437e-01 3.760860891018840135e-01 4.529986951587344213e-01 4.543278634327180820e-01 2.958828622884606685e-01 2.389124821701326673e-01 3.268947328735259950e-01
5.516000000000000000e+03 2.658080020207169714e-01 3.039954086163934588e-01 4.695300659641544194e-01 5.460740961541507010e-01 5.863274148386484752e-01 6.551546676192521179e-01 6.402901137178508284e-01 6.917354917040648976e-01 7.660375868269829747e-01 7.787716509182385227e-01 3.355664714597425546e-01 2.874614059915793773e-01 6.155727182721272284e-01 2.089329195893381563e-01 4.703151039428910551e-01 5.251043812389981635e-01 3.720282139549097034e-01 3.208684412596090607e-01 1.925680251328128478e-01 1.012016433197915899e-01
5.563000000000000000e+03 2.769313559121376334e-01 3.125655099325183595e-01 4.952723471621229834e-01 5.874538833084602674e-01 6.231595100963540634e-01 6.895345528809291302e-01 6.401681844426968526e-01 6.554740269594973023e-01 7.161499346498018115e-01 7.343380341419254442e-01 2.945021983016091194e-01 2.665221938908128863e-01 1.235674403613979122e-01 1.992802174634437928e-01 3.197321638874329741e-01 4.807575235816295423e-01 5.630447619259735248e-01 4.806711648114837532e-01 2.954726982516938660e-01 3.365083666974882370e-01
5.589000000000000000e+03 2.298143819837139279e-01 2.769782763896309619e-01 4.945498168618264745e-01 5.439074763449992522e-01 6.099193798770855546e-01 5.705651087120698906e-01 6.799277113066741762e-01 7.431938670172969497e-01 7.747252952629406497e-01 7.859104288455129872e-01 3.263959365177954708e-01 2.544637493268551154e-01 2.544915971988863657e-01 3.029573651616764285e-01 3.200956828621342454e-01 4.538774240240958102e-01 5.002606362760672054e-01 2.366516147418035731e-01 3.411963567696748578e-01 3.655339711879010411e-01
5.703000000000000000e+03 3.009993094131338531e-01 3.413977417074292031e-01 5.322148386856891955e-01 5.736030045862835491e-01 5.972733667240699429e-01 5.846444790920819479e-01 6.271925914167306715e-01 6.109998833195033896e-01 7.166855726947546357e-01 7.873360245518141731e-01 3.517530061877584546e-01 2.354383422135235548e-01 2.461476901548554919e-01 3.055367662264545370e-01 4.287360180196178039e-01 5.524819139574806970e-01 2.705033478063333385e-01 4.914019223273513037e-01 1.981471039421533187e-01 3.197406429253250026e-01
5.815000000000000000e+03 3.150028096596546034e-01 3.740432193536156191e-01 4.210938050866498417e-01 5.388342781195010200e-01 5.472577077001009593e-01 6.611724713207661752e-01 6.686651884377239341e-01 6.856671589893832408e-01 7.294874128250121714e-01 7.514390756429212281e-01 2.656840575569010543e-01 2.089201375719122733e-01 5.120836094908615133e-01 4.582199934523361606e-01 3.228882886308804268e-01 4.211601886134938577e-01 4.281242044320729967e-01 3.181527860534072438e-01 1.525996124667638731e-01 3.420394975502915602e-01
6.071000000000000000e+03 2.425259021430882234e-01 3.327070777432233895e-01 4.857916423596465583e-01 5.469467442563544779e-01 6.235490425734644404e-01 6.299447103254200986e-01 6.743803347252947944e-01 5.683168968163142543e-01 7.892366505104621011e-01 8.050723869988308801e-01 3.273432773023742803e-01 2.316919476621133178e-01 2.636915947947285344e-01 2.798435633423604907e-01 3.042268791793686367e-01 2.946037167698281611e-01 2.695921157227899601e-01 4.754659563209348572e-01 3.952605920003901541e-01 4.764592101636281329e-01
6.534000000000000000e+03 2.410540968269556938e-01 2.805620284290281097e-01 4.549604341515010031e-01 5.585476782833447285e-01 6.263414141396893564e-01 6.111458411977652716e-01 6.559389681441517572e-01 7.133746226888144637e-01 7.901073583716144988e-01 7.815172321749168649e-01 3.109671947968279393e-01 2.022271342165513353e-01 3.300778256130840194e-01 4.502476702571528988e-01 3.767245998051090838e-01 4.409643055383082322e-01 3.259630773240596580e-01 2.261436810717789569e-01 3.327398242301368714e-01 3.713290771696873271e-01
6.855000000000000000e+03 2.551768247329136430e-01 2.945621837272591192e-01 4.567396359921624405e-01 5.328885390391746579e-01 6.275060594449032303e-01 6.810668704125529826e-01 6.668749687050841146e-01 6.991567187206896294e-01 7.644046526423059484e-01 7.534456204758023246e-01 3.349212454331679800e-01 3.263851184534644623e-01 9.141824537522914851e-02 2.536236514191976821e-01 2.984653897221434815e-01 3.473406714651630645e-01 6.533365285312714432e-01 4.020216069835766959e-01 1.738322100583004903e-01 5.058265241774478893e-01
6.856000000000000000e+03 2.572652392025534529e-01 3.003370399696346227e-01 4.626157816296385117e-01 5.601898035379317964e-01 5.718086637202064448e-01 6.304104548384317219e-01 6.742163925465007868e-01 7.372256061822335393e-01 7.650633433449993692e-01 7.559672347142690763e-01 2.985729370179003861e-01 8.376394653275853752e-02 2.300160195932333673e-01 2.870975732990979634e-01 3.292291997579870344e-01 6.111635629703249251e-01 3.887811231470565954e-01 2.090895576387931665e-01 3.882714556561824293e-01 5.035348811937223612e-01
6.910000000000000000e+03 3.917763834956030089e-01 4.590291978407847195e-01 3.299263722796786924e-01 5.210387767795890968e-01 5.260452169909155540e-01 6.348853417137713118e-01 5.139867625810993212e-01 6.877476189325676392e-01 7.482705243531330153e-01 7.988740373979208442e-01 2.212786837203889467e-01 1.414064834520547265e-01 7.346962684849556169e-01 4.431230336352265375e-01 3.044510160369325313e-01 3.741467898332286879e-01 3.354825226506811808e-01 2.890842443021887642e-01 2.528023047218163621e-01 3.080486245351236052e-01
6.930000000000000000e+03 2.496199784337906902e-01 3.752137689966116296e-01 4.452001881237225289e-01 5.308713281135234441e-01 5.485327107930202395e-01 6.750268095804198287e-01 6.375805296336277683e-01 7.028089471434245672e-01 7.513653617302492593e-01 7.835195104126095877e-01 3.576657093680290500e-01 3.552969117577004510e-01 3.008226339918766978e-01 3.318995303193741364e-01 3.488897517661671555e-01 1.758219387549508905e-01 5.641743394387257471e-01 3.602454740055053839e-01 2.594492588531109312e-01 3.284085398236847864e-01
7.131000000000000000e+03 2.481900675640716925e-01 2.793456648196392389e-01 4.902978853252790148e-01 5.903559770993485056e-01 6.564110140447805275e-01 7.268442354171963382e-01 5.611894242804748023e-01 6.948094678133690527e-01 7.457860802766859143e-01 7.466053013608057176e-01 3.746990775354583358e-01 3.288287487681397780e-01 2.072928507970580037e-01 4.284363617597824470e-01 3.521576258641431201e-01 2.631777419378095173e-01 5.291649579883391796e-01 4.087080695603637071e-01 1.501679449170939262e-01 3.730977230145776091e-01
7.347000000000000000e+03 3.680472913178295391e-01 2.110944642670825044e-01 4.616840358224001406e-01 5.534166836342940821e-01 6.361339011473083893e-01 6.669790094750245313e-01 6.230673452158557168e-01 6.715996213123385239e-01 7.355262748243808213e-01 7.666074014594246311e-01 2.829465849092565599e-01 4.767013400632606479e-01 3.626616573819851919e-01 3.544184116176988808e-01 3.326788937425572690e-01 4.075269316179113699e-01 3.172467733224996200e-01 2.386588266468978592e-01 2.538505819440179390e-01 3.619924623640682348e-01
7.348000000000000000e+03 1.960520244494915743e-01 3.148260651287980716e-01 4.911729942564586615e-01 5.797849289524816818e-01 5.712357864961495890e-01 5.975279396567485524e-01 6.555632186664938077e-01 7.147426826661256172e-01 7.899778356505946508e-01 7.977336836871553594e-01 4.647906589538513544e-01 3.541802227023126415e-01 3.425937898884707233e-01 3.410790976421047560e-01 4.116841606886794125e-01 3.163013726451454066e-01 2.460001434650023466e-01 3.254543169808082337e-01 2.961605461938196515e-01 2.772055663974157258e-01
7.365000000000000000e+03 2.348940438841484735e-01 2.752679856071802988e-01 4.789625480289632087e-01 6.079752965451874491e-01 6.485078417402954098e-01 6.848161025984829120e-01 5.876557528642167849e-01 6.577329348813113485e-01 7.785657959929626060e-01 7.734575738178371962e-01 3.052772186795064679e-01 3.427312656022455384e-01 2.474484841368017052e-01 2.146807162275159719e-01 2.895552427921220806e-01 3.362188493054673599e-01 4.341184127114127156e-01 4.103108963813087984e-01 3.851622460279728322e-01 3.654440894347413260e-01
7.471000000000000000e+03 2.373165118878775848e-01 2.977451246872913071e-01 4.782728691726014780e-01 5.603361597603963018e-01 6.202107126093474587e-01 7.388363011971019745e-01 6.126887178845800142e-01 7.074385969152545695e-01 7.618047865829932208e-01 7.326143272778222748e-01 2.598111819976596237e-01 3.060757531170009149e-01 1.506074366094246608e-01 4.503038947495177080e-01 4.151244792969356889e-01 3.724087851413035999e-01 5.149017902604181574e-01 3.659803198091484688e-01 7.263427129063829146e-02 5.254085190114899939e-01
7.490000000000000000e+03 2.098573371882788696e-01 3.134412790962345374e-01 5.048295335779600101e-01 5.784750454513600815e-01 6.746732035465003996e-01 6.555118240344933733e-01 6.448375363619354150e-01 6.956922542025288925e-01 7.090657517407102928e-01 7.624478531272392834e-01 2.976099181309646013e-01 3.261912712823608063e-01 1.895540063516885365e-01 2.234646781833811713e-01 2.165873268977590027e-01 3.810553962445690779e-01 4.324830635389505518e-01 4.807392267635482441e-01 3.383680672206619833e-01 4.490527687462893547e-01
8.972000000000000000e+03 2.651409542277226583e-01 3.132092240340716982e-01 5.033064170107242052e-01 5.671886053140468009e-01 6.039075138849433477e-01 6.921667383680305541e-01 5.988519231698530287e-01 6.764117745750347632e-01 7.097796828475370079e-01 7.817601009045210825e-01 2.665220479044808632e-01 4.267398006711071723e-01 2.789453562308696899e-01 2.865576053987903826e-01 3.171529889831259386e-01 6.206549193241225337e-01 3.971221917908884236e-01 2.818763469273827260e-01 2.090147352583484330e-01 3.183467422853138995e-01
9.088000000000000000e+03 3.798834829031296767e-01 4.554231433554423170e-01 4.151194979773576432e-01 4.958374832000060906e-01 5.728603317934373163e-01 6.416580522990129598e-01 6.294034932397699622e-01 6.388802613912633044e-01 6.974144179866932358e-01 7.335809988447752339e-01 2.072311544946360273e-01 2.218605397125972822e-01 1.000000000000000000e+00 3.650617128594472738e-01 2.965449361397247130e-01 3.863956054162906439e-01 3.515801668255018608e-01 2.523873904623161191e-01 2.379565924147888645e-01 1.102066609383535456e-01
9.089000000000000000e+03 4.022131511155012662e-01 2.744845292236966494e-01 4.441245432237583834e-01 5.266496660537025587e-01 5.519878249413600058e-01 6.093611990836540482e-01 6.231376531467737179e-01 6.745294918619292313e-01 7.552687351650366754e-01 7.813120138758273825e-01 2.215013463820106887e-01 1.000000000000000000e+00 3.613343935653240968e-01 3.113151961099268061e-01 3.996948508827989910e-01 3.589344999579410223e-01 2.663857339241221811e-01 3.123879094414460100e-01 9.231881733105704035e-02 1.345440572791403722e-01
9.664000000000000000e+03 2.487021278742876929e-01 3.048150143292158720e-01 4.765142507535595207e-01 5.539686010566755581e-01 6.347971093833084666e-01 7.036786149820868363e-01 6.343869157191288632e-01 6.944207444835587273e-01 7.614002396305137310e-01 7.288598907396555138e-01 3.571121507636647596e-01 2.182597312192294525e-01 2.384186995716093549e-01 2.412929857364493613e-01 2.974904066983118378e-01 3.623682638989568217e-01 7.901605217029470385e-01 3.047435817289099735e-01 2.288286374922010313e-01 3.497617828897308101e-01
9.668000000000000000e+03 3.123318635708245417e-01 3.292590165617842457e-01 4.045617808330209120e-01 4.989293221398179989e-01 6.053328503082288092e-01 6.812509888187504581e-01 6.422707439085352243e-01 7.192487379657332980e-01 7.431883929605993533e-01 7.648727929906836698e-01 2.512363878480584622e-01 3.170841273712677322e-01 7.057381746736263173e-01 2.903094103517115943e-01 2.726004238744243469e-01 3.373934301778429012e-01 2.970242855677364124e-01 3.585871480125752409e-01 3.342648062913320950e-01 2.106174425866866318e-01
9.669000000000000000e+03 2.855970486678897635e-01 2.504106601398042309e-01 4.319522438668955688e-01 5.393318061523820761e-01 5.712319984830156461e-01 6.036153008037804524e-01 6.963418850253735304e-01 7.118293062505733904e-01 7.777692919019293383e-01 8.195461941300623554e-01 2.865191957651306298e-01 6.387540997312695090e-01 2.600692007205347434e-01 2.590121484254067075e-01 3.158957645474385623e-01 2.744360461988427091e-01 3.425358654723572038e-01 3.971531133580816220e-01 1.596805226911825470e-01 4.638717319800799710e-01
9.906000000000000000e+03 2.780530920439956422e-01 3.307805993229193664e-01 4.827876571596941280e-01 5.545749453569714937e-01 5.739433926668902064e-01 5.615997654467997924e-01 6.237191386688902828e-01 6.633354267642513902e-01 7.778998356337456510e-01 8.138200326442783794e-01 2.906851478723058158e-01 3.391341951660333254e-01 4.669731347278930911e-01 3.030075069530249188e-01 2.934049795725952037e-01 4.288233928023803543e-01 3.185424624638966140e-01 2.331788239643200755e-01 2.113401055137108520e-01 5.039063292047301079e-01
9.919000000000000000e+03 2.424116404048523299e-01 2.786052431894316950e-01 4.732142061979864867e-01 5.708663170504969520e-01 6.155315398859975140e-01 6.139768419624800355e-01 6.478655329483956615e-01 7.544237464927491255e-01 7.757995888933577611e-01 7.506729064606401103e-01 5.096949443653970846e-01 4.472338138866635560e-01 4.386345362862718589e-01 9.964118781185284102e-02 1.815614263432514530e-01 3.071573476924978618e-01 1.745136693044150311e-01 3.496389090716220394e-01 3.745894326704475863e-01 4.367672922093525645e-01
1.140700000000000000e+04 1.998944100763872245e-01 2.694237966165484166e-01 4.289125440814495760e-01 5.506294547899378555e-01 6.951729217444111431e-01 7.585266663220989747e-01 6.406887598825294905e-01 7.032806589175705225e-01 7.645816761472756795e-01 7.640313098172980544e-01 4.531318817440451174e-01 2.771677249603933801e-01 2.690138579111530648e-01 3.593314242709058082e-01 3.386081439174281060e-01 3.754529098271420784e-01 5.341955304589991460e-01 3.373378396705525306e-01 1.922240146978413111e-01 2.730778165623607978e-01
1.140800000000000000e+04 2.322496606364834737e-01 2.690239898650763628e-01 4.730235947909797734e-01 6.157421598303998156e-01 6.390504342364987656e-01 5.958761182064853390e-01 6.724140947822745407e-01 7.317121989258410508e-01 7.724456246935335058e-01 7.370832894088875653e-01 2.697519997861536067e-01 2.622442769413461106e-01 3.467099753062607981e-01 3.465255135214967974e-01 3.786039254642604157e-01 5.316469335671835106e-01 3.470805125168812122e-01 2.459962845627456651e-01 2.230057091209100839e-01 4.416427454082479942e-01
1.152100000000000000e+04 2.549082477288576731e-01 3.121006135553465177e-01 4.658737899976866381e-01 5.526204715686146018e-01 6.005261027690914633e-01 6.890169158332480892e-01 6.335913097891501256e-01 6.933588145876734554e-01 7.442462625843558888e-01 7.731925018720705589e-01 3.435566785424445935e-01 3.252332868115571096e-01 3.046054221391478745e-01 3.604551440476079227e-01 4.783121083193683787e-01 4.663243986947304687e-01 4.620735340549447234e-01 3.167417206551952913e-01 1.260914322898047113e-01 2.558342776139684860e-01
1.153400000000000000e+04 2.827020118145476824e-01 3.309067903314664161e-01 4.543395905431039661e-01 5.329598877396842793e-01 6.124204157917151337e-01 6.298823627686235271e-01 6.577524610218657974e-01 5.929576750509074623e-01 7.556959534782922150e-01 8.293153781167151850e-01 2.601548212390558112e-01 1.593509332396430833e-01 3.026085893886341083e-01 2.797301968375224268e-01 3.581543952340483505e-01 4.899215270889324958e-01 3.184067772193824308e-01 3.271854461097686850e-01 3.833290388898434875e-01 4.543703695634179196e-01
1.171700000000000000e+04 2.077298524112182743e-01 2.610299463292621303e-01 4.181152140698172204e-01 5.378339461582808401e-01 6.597646088492964411e-01 7.806862825646302406e-01 6.975785596029185909e-01 7.087145235195907444e-01 7.444975424852798840e-01 7.665142713198218605e-01 4.775288571774281010e-01 3.884613411026865415e-01 7.986656615428433525e-01 1.777842742133293186e-01 2.416700381205084958e-01 3.619879321564291597e-01 3.156334062956840381e-01 3.500039517933830058e-01 1.749204900055719158e-01 1.373543395972842140e-01
1.171800000000000000e+04 2.220074132281306123e-01 2.548690176613016556e-01 4.575165979023165796e-01 5.787969648073710838e-01 6.549469224693074132e-01 6.505538746135243189e-01 6.734562132801463763e-01 7.037817175132768943e-01 7.714430741300897232e-01 7.755382591846785578e-01 4.110343418698521045e-01 8.464531046521769353e-01 1.865014638042293005e-01 2.688896456444095362e-01 3.968639069946802156e-01 3.415255543866819732e-01 3.915274733963161058e-01 2.433864887440107816e-01 1.219549649713646960e-01 2.257560064319502902e-01
1.171900000000000000e+04 2.172651551319380037e-01 2.925610065964052708e-01 4.942241309992090326e-01 5.749526164145074558e-01 5.315829960871447657e-01 6.256843813745551763e-01 6.684253457560510592e-01 7.356949767224213454e-01 7.823537593044929128e-01 7.868858791088845228e-01 8.319277872518962003e-01 1.836036977552643612e-01 2.620062273921737739e-01 4.101527203108283892e-01 3.478053818629029403e-01 3.935017402913190687e-01 2.528891788645252769e-01 1.576137048892040371e-01 1.861798028091242729e-01 3.746525068404079062e-01
1.236700000000000000e+04 2.531741396507987685e-01 2.927955316870270441e-01 4.864543198471494856e-01 5.535905163127384787e-01 6.001392438851859135e-01 7.111432354762445840e-01 6.744647346101499963e-01 6.662294049240035099e-01 7.555255774989803053e-01 7.444816197696678683e-01 4.853434758054327447e-01 3.061005798336993711e-01 3.020451633786728207e-01 2.295769488092923027e-01 4.001777244785374443e-01 3.118332713640185050e-01 4.648632776099259067e-01 4.780221848075454916e-01 2.151196988882518590e-01 2.050158044438770699e-01
