1.150000000000000000e+02 3.156693105962333767e-01 3.748142321640650088e-01 5.641770583421151786e-01 5.860783009352583672e-01 6.574982797060205941e-01 5.605096745909183831e-01 5.805542061933559594e-01 6.306423945681038923e-01 6.893403243632003630e-01 7.240039140912278848e-01 5.815195871077101231e-01 2.507977670468752862e-01 1.620270326984908915e-01 3.255065157486629612e-01 4.533057521626551178e-01 4.669427337773270348e-01 4.146206619075402111e-01 3.760290604690344485e-01 1.629964648195846577e-01 2.241582304522655444e-01
1.160000000000000000e+02 3.286404340607419483e-01 4.076837837858353075e-01 5.157217620838321359e-01 5.942845884022344149e-01 4.643038785031186610e-01 5.469154487340472937e-01 6.035675726915727957e-01 6.561474634192550059e-01 7.364319724265322442e-01 7.750957523217359979e-01 2.545963598309514686e-01 1.647513594718369723e-01 3.275943511592965818e-01 4.838760337237585363e-01 4.910924863756627179e-01 4.304081101864737913e-01 4.035502022653739695e-01 2.175795562815327211e-01 1.909394248502400138e-01 4.480233120162702698e-01
3.110000000000000000e+02 3.107386971127372166e-01 3.791632691715313142e-01 4.937003207065087662e-01 5.686105825142458992e-01 5.409727830639234902e-01 5.974834321886351995e-01 5.901859455317647329e-01 6.569336795482579872e-01 7.421477940466846279e-01 7.763965901357982036e-01 2.146231250094966791e-01 1.019359689290515736e-01 3.862690900874826694e-01 4.153891361759522449e-01 3.862195096960237550e-01 7.726924634806463521e-01 3.925552968253080977e-01 2.017944576048720240e-01 2.919042316759916655e-01 2.343418460846795337e-01
1.058000000000000000e+03 2.611966067728375140e-01 3.772820909244120613e-01 5.791496015105339623e-01 6.572200760465544134e-01 5.388364400347038785e-01 4.729747503181511159e-01 5.883286343791532813e-01 6.818076176741196814e-01 6.634775443779259430e-01 8.256900336492056791e-01 2.960925245873332612e-01 4.584543398713746831e-01 2.867859871324244248e-01 3.196609155456279772e-01 3.134359519055290311e-01 3.435098603450830179e-01 3.355442719962781206e-01 5.022828503603553596e-01 2.333638504794680879e-01 2.999426593871861724e-01
1.328000000000000000e+03 3.206419005211148532e-01 3.864508223385060837e-01 5.810187382571631032e-01 5.528818230478550477e-01 5.785983007541746215e-01 3.935536774427358386e-01 5.419851046569764685e-01 6.918913935023128792e-01 7.338236823191274238e-01 8.147844653124299841e-01 1.817665812270199410e-01 5.062607076671989947e-01 3.315581069909525613e-01 3.634600461397953231e-01 3.168058706200675978e-01 3.216825449908467527e-01 3.126846457155434966e-01 5.013363561443522354e-01 2.848796882840589073e-01 2.606756035775661395e-01
1.895000000000000000e+03 4.103173693084646301e-01 3.034782925428911593e-01 4.557676882231425086e-01 5.628328120546954860e-01 5.514168634822237403e-01 5.749736151590277844e-01 5.873956349569423585e-01 6.674131016075516287e-01 7.423231247982325920e-01 7.741629931346420967e-01 2.815069128219633843e-01 4.452505535324665087e-01 4.064924216377623356e-01 3.524635260501012279e-01 4.635933796239971039e-01 4.523549529873354680e-01 3.201462022942874741e-01 2.038518184366065467e-01 2.563314117603364140e-01 2.228059578518503947e-01
2.227000000000000000e+03 3.292320436127749717e-01 4.190844777470823512e-01 5.698527032288702721e-01 4.854596792229420865e-01 4.629660402978508227e-01 5.447297331168481360e-01 5.901828246818777712e-01 6.569287480300463056e-01 7.801820092504104798e-01 7.713505813969944169e-01 3.641738511490500985e-01 3.250936040706081109e-01 3.855232721121972239e-01 4.389334026999377469e-01 3.660716882276716655e-01 2.976372436567547020e-01 3.192116870359838487e-01 2.863959165572285137e-01 2.868529236744474242e-01 3.136708043872833973e-01
2.800000000000000000e+03 3.195391296157879535e-01 3.607902770294952877e-01 5.280437479533808265e-01 6.319931144847262816e-01 4.896026994246670538e-01 5.465096092365243630e-01 5.986013986467356718e-01 6.771897895635827780e-01 7.399342656935856688e-01 7.562019827521321291e-01 1.272553172933145738e-01 3.772294434514908423e-01 3.356091334932007064e-01 3.860083678118724215e-01 5.093987255243972445e-01 2.804857186021783022e-01 1.122355111348493639e-01 5.268127011640802992e-01 2.337730114926195313e-01 4.927581061071015789e-01
3.249000000000000000e+03 3.544613329966098680e-01 4.421740578168248392e-01 5.004674012936509708e-01 5.429361351471779784e-01 5.407637620483085605e-01 4.981948953439753747e-01 5.421234650028704527e-01 6.799185264584991506e-01 7.189500614332144934e-01 7.858898879904527845e-01 3.051327061327986367e-01 2.417302998139902459e-01 3.130495008509585619e-01 3.681880614700840937e-01 2.679873377020678960e-01 3.405687990858228820e-01 5.481837066926638080e-01 4.004728559109728137e-01 2.717751126845583398e-01 3.234845223639780110e-01
3.615000000000000000e+03 3.394217174877140475e-01 4.297343084092894450e-01 5.504452855065299355e-01 5.742464239607359966e-01 5.610104969927491858e-01 6.211218392102832997e-01 5.256721104486351548e-01 5.866669793901162500e-01 7.059412590383917774e-01 7.512169975128284438e-01 2.877431744246645162e-01 3.046402082387650867e-01 3.405680495701384203e-01 3.207723956241295693e-01 2.509829526872878191e-01 2.322475916051621181e-01 7.704918443571321385e-01 3.456734607919446089e-01 2.217894554244057292e-01 3.223403449672774257e-01
4.113000000000000000e+03 3.797717549820902039e-01 4.768723542809957805e-01 5.881183658724659091e-01 6.216343285162040377e-01 5.193510476885077054e-01 5.227142063440209929e-01 5.271248992282651091e-01 6.299830735884597299e-01 6.418817380661485661e-01 7.148210654084508064e-01 4.036997922015326257e-01 2.678944375897077124e-01 2.806837573912633332e-01 3.215150891620533469e-01 3.544526683005475576e-01 3.069151440993067026e-01 6.110112352271848124e-01 2.852042238334224766e-01 2.705045470775856997e-01 2.827749997716621499e-01
4.322000000000000000e+03 2.710566898192477425e-01 3.479629702696402371e-01 5.552004369955063634e-01 6.440792199797483741e-01 4.517136859809670613e-01 5.537676817213359470e-01 6.568039168791388605e-01 6.998293440529694820e-01 7.526388163606078097e-01 7.411299236222498310e-01 2.329077375500546720e-01 5.055511695382101101e-01 3.209781501181209196e-01 3.166576184251942427e-01 4.079463273121284317e-01 2.501965058200618652e-01 2.171418112879151541e-01 4.766521880842810033e-01 3.027678355884698136e-01 3.358617936984438779e-01
4.371000000000000000e+03 3.353651448247436662e-01 4.028571232925017842e-01 5.464138685029156228e-01 4.719170887295424111e-01 6.318276865871007564e-01 5.108725843933148436e-01 6.428921721750036067e-01 6.843050840398566814e-01 7.527355160311143267e-01 6.878506356516435050e-01 3.069209071157559809e-01 3.103646991522958642e-01 2.352998712152364336e-01 4.226553312196441592e-01 2.735810757711432117e-01 3.854825819138473775e-01 6.106967620645049610e-01 3.524100158683527995e-01 2.010981044098691106e-01 3.094046153103927610e-01
4.493000000000000000e+03 4.702589123569661522e-01 3.237431349274867975e-01 5.147652966908278227e-01 6.829937469170483944e-01 5.258374426341094754e-01 5.723267343922010530e-01 5.872191735924652267e-01 5.524958646584791078e-01 6.959319178607361600e-01 7.047150329474285435e-01 2.071977206715761022e-01 4.281605790195300298e-01 5.725618746106942991e-01 3.519945273914193984e-01 3.402408549588503694e-01 3.273373662795835415e-01 2.392691739551804642e-01 2.145666434827142588e-01 3.663729456107024385e-01 3.141486467061858634e-01
4.494000000000000000e+03 3.047661306911795265e-01 3.833164175045880029e-01 6.253447111090596477e-01 5.009928613040002254e-01 5.046479369153632488e-01 5.844275780367655937e-01 5.432603334197864120e-01 6.892106553845055439e-01 7.358033654633637788e-01 7.646470985232129980e-01 4.164711636127951255e-01 5.578417638373194265e-01 3.394421972563855805e-01 3.480030532117045494e-01 3.299209041761502759e-01 2.379838046948758168e-01 2.206409865355291045e-01 4.685978069770619925e-01 2.564050101581638597e-01 2.133757961101472034e-01
5.148000000000000000e+03 3.394497578454864217e-01 3.907938149184976839e-01 4.969765360613237482e-01 5.266807059203314489e-01 4.573749534626171953e-01 5.789653335432471959e-01 6.369148411529762521e-01 6.748670449286148232e-01 7.526077900080685446e-01 7.770250727240004540e-01 2.833665962396589300e-01 3.228771181486879138e-01 4.305491131190717913e-01 3.857039062208577063e-01 3.494747140463063118e-01 2.819156445353530605e-01 3.797242935759952420e-01 4.317951759201190676e-01 2.531515287335725506e-01 2.751385621743869803e-01
5.350000000000000000e+03 3.372377711406444045e-01 4.126400062050080142e-01 5.279305058503241943e-01 5.112141556437427292e-01 4.785110928299565192e-01 5.327025919435732781e-01 6.170272507910666837e-01 6.858407996200178713e-01 7.419371667849377072e-01 7.755049826061982676e-01 2.068539758815522434e-01 2.471186646431849099e-01 4.759479457745998121e-01 5.904530568210805130e-01 3.916246809326092704e-01 3.754209127928634926e-01 3.176605531248258285e-01 2.198360488841211990e-01 2.160734778144743073e-01 3.756010074300621948e-01
5.564000000000000000e+03 2.730552782249512367e-01 3.378006945987502840e-01 5.119879772282813768e-01 5.574474865985156180e-01 5.812083389901753216e-01 6.035664105726677997e-01 6.258029726165250661e-01 6.821073380997750846e-01 7.438677816542820231e-01 7.707309470931261730e-01 2.542815877308112205e-01 1.180853209715428120e-01 1.884924950199180493e-01 3.207622724405239101e-01 4.752006167311200180e-01 5.493187357307381946e-01 4.848089306856639968e-01 3.706745895795627854e-01 2.693928462173593164e-01 3.506277215792897306e-01
5.840000000000000000e+03 3.263929904982603714e-01 3.909732618632832390e-01 5.642246788997304918e-01 5.012467886169078568e-01 4.578910546065247944e-01 5.782829148256671825e-01 6.818810023618446792e-01 6.341619821987533046e-01 7.428314677988818726e-01 7.635017418969903824e-01 2.605287103630918866e-01 3.143864383657264394e-01 2.763934722907357977e-01 4.407925060207296686e-01 4.232125255008237219e-01 4.232138172328067105e-01 3.157242744105754340e-01 3.450419508650497957e-01 2.437276199996864234e-01 3.518301821728713197e-01
6.039000000000000000e+03 2.709630657196610559e-01 3.449838403482844984e-01 5.142016026110808324e-01 6.112208024324220501e-01 4.819254482282964713e-01 5.436215960902605060e-01 6.509965299966425922e-01 7.063658866056881092e-01 7.772566908650722084e-01 7.648041414273607508e-01 2.882107844851227729e-01 3.109589129404377594e-01 4.066655266365127308e-01 3.558108834979458734e-01 3.962670771658355906e-01 4.532343073947024958e-01 3.708159016831347743e-01 3.271998835773188841e-01 2.264073850256074494e-01 2.702797610814895446e-01
6.342000000000000000e+03 3.206359719435685207e-01 3.974165521851822369e-01 5.881621167489351487e-01 6.228039881825329083e-01 5.653871770254391693e-01 4.361335548751971158e-01 5.412151356832868299e-01 6.495471568038013732e-01 7.319371079642144062e-01 7.653965539860626555e-01 2.928338302100861323e-01 3.021564449907018224e-01 2.813537758852354687e-01 3.099756342413547694e-01 3.716132565178805747e-01 4.634717626600864948e-01 4.022547524456374646e-01 4.499070020413331039e-01 2.434187412146470442e-01 2.745432936244009414e-01
7.366000000000000000e+03 2.381067243009427348e-01 3.175649458165339389e-01 5.250535305383625673e-01 5.747586764877065102e-01 5.704146528222783230e-01 5.414942182560367190e-01 6.221579073861329690e-01 7.494041069056661675e-01 7.845802221794617726e-01 7.640012525081993910e-01 3.334607381513867708e-01 2.411497154706167545e-01 2.070784351798503897e-01 2.962369895088348137e-01 3.389553973904285145e-01 4.319143573584119933e-01 4.220349925006477987e-01 4.927561092045911195e-01 2.983504928472037743e-01 3.042765156308896990e-01
7.491000000000000000e+03 2.693797772663362733e-01 3.415263172310827877e-01 4.984214984945728455e-01 5.979591386157864230e-01 5.418403262030352385e-01 6.012424043532945683e-01 6.647097108593306158e-01 6.678121539312100730e-01 7.713110613880989064e-01 7.418996433286616510e-01 3.145723409519332048e-01 1.831016645213029981e-01 2.136521124799215521e-01 2.196325332045034051e-01 3.807522187668361258e-01 4.264951409364954871e-01 4.901183465628776714e-01 4.290757135587393023e-01 3.633811927523006302e-01 3.226991515282272016e-01
8.948000000000000000e+03 3.341426866787946537e-01 4.757047427533186990e-01 5.859163647146768961e-01 7.502857860805712820e-01 4.798665950837566196e-01 5.525697919372926092e-01 4.994998618185718664e-01 5.408121345086802645e-01 7.229531202982543148e-01 6.941330629073395597e-01 2.722217103442285957e-01 3.884987833861875961e-01 3.403912647869113961e-01 3.244005323421256803e-01 3.047559456087270968e-01 3.664987974911109170e-01 4.615849447516779946e-01 4.321864749143097262e-01 2.529962219408382618e-01 2.482498534283077707e-01
8.949000000000000000e+03 4.150802034843029120e-01 4.314163197377650083e-01 6.644849183506300605e-01 4.363317172838204749e-01 4.608129773206705582e-01 4.654541860258513131e-01 5.052949969838823607e-01 6.989330030223461776e-01 7.047883585741174794e-01 7.702376432868782707e-01 3.733460465666995076e-01 3.276505572017517354e-01 3.090682557882826753e-01 3.079579393770646711e-01 3.649289213708445945e-01 4.535990591363442959e-01 4.390728233667554603e-01 3.196929503970076247e-01 2.001773255995990541e-01 3.093563771005407581e-01
8.996000000000000000e+03 3.325296044322987310e-01 3.900999740342482869e-01 5.831016482541033774e-01 4.710795635596143338e-01 4.860042462989471734e-01 5.604204936034997697e-01 5.959332321863365367e-01 6.809166437335587574e-01 7.740794481058532739e-01 7.514237154260600127e-01 1.485665935219565859e-01 1.967104474870239872e-01 2.534610611798289725e-01 4.065276009442420624e-01 5.081576579840947350e-01 6.713391330487928910e-01 4.101820946568551229e-01 2.664213225476411151e-01 3.210202498514831415e-01 2.068126565729958843e-01
1.019600000000000000e+04 3.363292505752544792e-01 4.442734647522247338e-01 5.535331252581500161e-01 5.775304210519837111e-01 7.151832775456568037e-01 4.845009989033843278e-01 5.558225112106724985e-01 6.118923830702385214e-01 6.876547996176410882e-01 6.988315282146164709e-01 4.148876582556979553e-01 3.995143597703119109e-01 3.986406894549209823e-01 3.765084591414888382e-01 3.133528631956494226e-01 3.805652905563091104e-01 4.588457697522403955e-01 3.067902967633959754e-01 1.544528931622453916e-01 2.263178152295478585e-01
1.114000000000000000e+04 2.730630563440535896e-01 3.484645155164013963e-01 4.994688349553914053e-01 5.829549444868767916e-01 5.159466299696515712e-01 5.662147742476228984e-01 6.270249717473478368e-01 7.061849039186585131e-01 7.754616818291608649e-01 7.730427452169176261e-01 3.603134736041779251e-01 2.372942993737755246e-01 2.328395909237226946e-01 3.305890456904103658e-01 4.092938458295470872e-01 4.109172805369784021e-01 5.883950102714203823e-01 2.991392718304772269e-01 2.156024671015481231e-01 3.168783638859992147e-01
