3.130000000000000000e+02 2.939817228076322952e-01 3.392878720944899062e-01 4.207632591023786617e-01 4.411702809891386301e-01 4.507857050111010455e-01 5.921211683345303234e-01 6.925231317595502700e-01 7.730550348016469453e-01 8.038982042564477570e-01 8.338576419824559327e-01 3.586611955101272620e-01 3.823845838253919771e-01 3.732389830422078170e-01 7.802415480072248943e-01 3.855531503555665318e-01 2.022118026928787227e-01 3.761533107216512017e-01 2.396814769263065081e-01 1.262263492548399701e-01 2.357175323899976527e-01
5.760000000000000000e+02 1.775310424117927111e-01 2.326146628569366603e-01 4.317785397490013222e-01 5.140641758315978027e-01 4.525853853715787189e-01 6.067819215663065036e-01 7.330508698773831044e-01 8.136865256784986400e-01 8.683055734066128517e-01 8.622919139484895856e-01 3.732850334295786943e-01 2.719499334654142952e-01 2.486884160254081988e-01 3.456097333680041017e-01 4.989187169443743963e-01 4.899006781343566153e-01 3.274189947003985357e-01 3.885546357723839717e-01 1.860480287189621995e-01 2.824351393799213739e-01
7.460000000000000000e+02 2.883831079457235269e-01 3.246380705456000659e-01 3.693669718480376840e-01 4.644497092531101878e-01 5.233791559378891955e-01 6.766580573139502341e-01 7.222856476557832917e-01 7.593790743628112683e-01 7.730733264883579148e-01 7.950855845691774393e-01 3.049159819940729377e-01 4.800021124144199791e-01 4.748032504791508401e-01 2.863585008909124152e-01 5.056245398968982618e-01 2.883623165948716038e-01 3.054796084924157329e-01 3.256175042473261061e-01 2.411420590748932502e-01 1.936880058901707669e-01
7.470000000000000000e+02 2.783726197981620798e-01 2.130733447083875964e-01 3.971453041247822169e-01 4.599299579354470535e-01 5.615142849531429281e-01 6.825891904489217454e-01 7.367113324965784971e-01 7.420171711196138498e-01 8.088411130013997141e-01 8.259615738645261773e-01 4.759091181792360348e-01 4.715261612405097780e-01 2.814777420146540865e-01 5.271431321417819893e-01 2.962673939377719612e-01 3.097127330403842138e-01 3.413017253487622416e-01 3.143825976900590513e-01 1.611354206634817710e-01 2.487620884138994348e-01
1.432000000000000000e+03 3.912997165918906117e-01 1.935090104878261774e-01 3.282075979492201645e-01 4.092400257833908039e-01 3.999322024605964088e-01 8.160601637087949722e-01 7.993041413027101028e-01 7.059322648606066730e-01 7.566630662762305892e-01 8.714049513068415909e-01 3.408527920469008876e-01 3.590685778379296700e-01 3.361555955342806490e-01 5.902290669220618957e-01 3.812060295827758294e-01 3.407368055117213079e-01 3.046588140516053866e-01 2.753906539399493258e-01 1.480625270826065876e-01 3.561105113751588114e-01
1.750000000000000000e+03 5.768188059088213970e-01 1.313568300166988723e-01 1.799475496306969513e-01 4.656258454683426251e-01 4.971023457307016669e-01 6.572312319263490243e-01 6.307231802892045991e-01 7.983931556207064517e-01 8.160307589881191648e-01 8.377645818049256343e-01 2.856839759665356082e-01 3.671918470967466264e-01 3.786890588379668854e-01 5.893928066773038710e-01 3.338256524045708495e-01 3.384226055130921673e-01 3.655248120097404629e-01 3.008406863038254331e-01 1.804108362912789365e-01 2.885610344189629139e-01
1.771000000000000000e+03 3.178434029580262665e-01 3.630876103536034849e-01 4.333867834216085790e-01 3.495480159001849718e-01 4.539693061316038003e-01 6.200981274613144301e-01 7.252756495885784860e-01 7.263572475684501040e-01 8.374900680095477279e-01 8.090060380376928872e-01 3.801115213676896087e-01 3.032348715938730788e-01 4.035158600323031641e-01 4.610115481575655649e-01 3.538677091756554649e-01 2.469683740336246769e-01 4.342085881666097880e-01 2.651906583138353146e-01 2.485174479332689090e-01 3.021153965643584849e-01
1.897000000000000000e+03 2.666673368672220490e-01 3.374491060526430553e-01 4.323329970295777258e-01 4.251976613972724972e-01 4.518707077086999702e-01 6.088352374944346890e-01 6.966461370965880695e-01 7.734592544149740956e-01 7.954903980496305094e-01 8.589615935350390918e-01 4.165998064872690199e-01 3.581241885779783418e-01 4.944961832349525910e-01 5.042360397127279015e-01 3.470875579061324379e-01 2.254867714411901147e-01 3.646001130318561323e-01 2.515416489323508697e-01 2.486619128833073844e-01 1.994769798565821095e-01
2.039000000000000000e+03 2.409864271989270168e-01 3.072457709383105695e-01 4.221082429579039452e-01 4.826262025131648481e-01 4.263193131093474531e-01 5.818820761651509743e-01 7.604980597328913072e-01 7.625372758453793365e-01 8.345724998088143165e-01 8.445925763759428717e-01 3.257610738588198607e-01 2.052809319981440672e-01 4.096563331730905255e-01 4.504033105999077358e-01 4.822554650529635167e-01 4.663120048152505359e-01 3.463048425393961405e-01 1.938802056156898324e-01 2.506050014521926106e-01 2.763608313591045529e-01
2.229000000000000000e+03 3.573811053996805431e-01 2.739137124571016657e-01 3.624153653493592531e-01 4.004749725694822793e-01 4.563455645915596715e-01 5.979638854077355958e-01 7.485932890949786866e-01 7.711140279291061050e-01 8.166310609219198380e-01 8.473178994235726069e-01 4.002741594016503979e-01 4.518104969665505677e-01 3.955783735203064477e-01 3.361701055276599126e-01 3.505984607464542879e-01 3.209365892241544671e-01 4.133457959076546895e-01 3.587554567607896816e-01 2.216272428635128189e-01 1.615665253130792178e-01
2.741000000000000000e+03 2.389842993316911302e-01 2.837956317762718728e-01 4.199281978925719083e-01 5.469748117474850790e-01 4.771065756804420688e-01 6.097935866729387033e-01 6.969791619234901869e-01 7.742589245955266986e-01 8.104707322662839664e-01 8.258095278178497756e-01 2.890800605026616066e-01 3.338482103501232978e-01 4.233733863065916592e-01 3.575144726647261351e-01 3.511520084705296307e-01 2.332574682678484057e-01 5.113891700902537529e-01 3.005024992531221684e-01 2.448016541004255364e-01 3.477527291485189020e-01
2.802000000000000000e+03 3.202099134563888838e-01 3.914614176806446300e-01 3.784395665603816350e-01 3.958920353039500628e-01 4.580933341299290307e-01 6.152674465763285916e-01 6.884135543715899086e-01 7.446718001701024825e-01 8.116158898234292485e-01 8.266641135457803991e-01 2.577620633613244006e-01 2.939219662079255446e-01 4.071967202351304826e-01 2.343502566582714164e-01 9.125003905539322280e-02 4.366703424591873994e-01 2.491528666965665828e-01 4.168731440727755921e-01 5.101915567342089064e-01 3.912911417285809823e-01
2.907000000000000000e+03 2.677907196148662239e-01 3.138487209607308537e-01 5.044049533531924645e-01 3.268562841176317346e-01 4.579860281712864190e-01 6.360586792080552554e-01 7.186299507884987836e-01 7.427194384748503353e-01 8.330622237061201529e-01 8.452590445985692647e-01 4.053698896407404995e-01 3.183886257374913265e-01 3.861169645358285551e-01 4.705308526584933149e-01 3.627939539522001544e-01 2.256147724154221046e-01 3.619401425380762150e-01 2.801450411101591986e-01 2.524794684684982249e-01 3.303477632759411198e-01
2.993000000000000000e+03 3.230197123232660950e-01 3.671570549677966588e-01 3.148862875204837541e-01 4.237222745963379333e-01 5.574345998980828609e-01 7.020107277267244594e-01 7.300548474658762332e-01 7.189151278195692329e-01 7.782121109984831975e-01 7.787539001104125669e-01 2.784499311741384653e-01 2.980680958334254171e-01 4.325605007002938374e-01 2.449060107948513032e-01 5.117110567987003256e-01 3.531892297496480038e-01 4.112785956726934256e-01 4.232509339009708493e-01 2.305782639889074337e-01 2.194754303620478075e-01
3.004000000000000000e+03 2.879488048845953996e-01 3.355682140038887540e-01 3.863541705300765350e-01 4.078829247071149577e-01 5.150480471866908383e-01 5.581893352486106963e-01 6.966033879339217361e-01 7.419501685292091420e-01 8.386891707386745498e-01 8.645349686169037096e-01 2.907392831786252962e-01 3.012950351946954708e-01 3.942525611629525972e-01 3.658901677693598975e-01 2.306558716264774933e-01 6.642726097878525193e-01 3.707923790094603822e-01 2.903630268084725352e-01 2.594070969533592841e-01 2.303211348974228967e-01
3.209000000000000000e+03 2.872622211216471211e-01 2.950284454271240309e-01 3.785631315599413682e-01 4.520211915854868701e-01 5.355011869413059955e-01 6.328039595633847547e-01 7.229439609698130598e-01 7.270517390653656875e-01 8.143729378584915191e-01 8.301842791559777002e-01 2.569171141804361125e-01 3.616097337647311560e-01 3.443316338989204084e-01 2.897078112576001452e-01 2.850247083657180269e-01 5.209592127261274408e-01 4.032865000576266179e-01 3.730855155609627549e-01 3.099004331430338932e-01 2.308234010997596841e-01
3.232000000000000000e+03 2.787072437828029270e-01 3.347367330490058079e-01 4.682202535922211362e-01 4.080145296206151295e-01 4.426536825007474363e-01 6.157919499165362964e-01 7.602024457275875502e-01 7.739044671925873198e-01 7.873754154171251907e-01 7.990018950379790263e-01 3.531515754585742295e-01 3.159605287466252799e-01 3.884231184951497107e-01 4.506574977181082575e-01 2.974625859061552080e-01 1.964713848200661250e-01 4.816978987202817919e-01 3.670658455112638108e-01 2.951224863691084277e-01 2.388455494645085886e-01
3.233000000000000000e+03 2.880304249117066617e-01 3.080802150275609996e-01 3.488184042302775456e-01 3.883291244801942432e-01 5.055246713911791812e-01 7.247717030674483141e-01 7.552401849984390347e-01 7.604456616885466591e-01 8.148961497893608685e-01 8.041994144851809523e-01 3.328483989027352097e-01 4.098525491243580343e-01 4.706622775899074740e-01 3.295062959732105723e-01 2.145288676970650843e-01 5.189168572700961768e-01 4.088019986284313068e-01 4.088129450538854903e-01 2.111326259720139875e-01 1.130114446044079568e-01
3.607000000000000000e+03 2.423864066491786817e-01 2.534492542942638482e-01 4.440865590518706663e-01 5.642073869793813312e-01 3.761505443334481336e-01 6.027016665093362091e-01 7.525512128065082740e-01 7.745703368981001757e-01 8.260302906008508694e-01 8.364776044138388933e-01 3.074705778549243762e-01 2.602612322322646055e-01 4.988906656857223232e-01 3.556424696789424189e-01 4.558684566464382693e-01 3.999633899652622615e-01 2.794957142400143479e-01 2.092424266814656986e-01 2.748623016007579745e-01 3.468077965744524316e-01
4.065000000000000000e+03 3.112514908825324000e-01 3.186444577495288755e-01 4.123250202821620025e-01 3.563694156740468966e-01 5.247628145018700119e-01 6.415441526245448944e-01 7.125335340948640850e-01 7.658959184662589292e-01 8.136046279984400220e-01 8.064610042419131375e-01 2.997695569868675247e-01 3.822634391580612689e-01 3.024880290636335345e-01 4.410917538331707299e-01 2.583881362040912344e-01 2.289927292452643148e-01 5.359341692893460074e-01 4.341461919308832185e-01 2.034953324183871870e-01 3.179428966491784081e-01
4.066000000000000000e+03 2.756191374301152353e-01 2.563567974164761010e-01 3.043080655182181515e-01 4.643676795290431758e-01 5.315547235897819522e-01 6.759595820867307925e-01 7.476117994655372412e-01 7.923336645250559362e-01 8.246779978592145843e-01 8.291631080516689289e-01 3.852264141676350340e-01 3.053326609742178510e-01 4.406901258662425658e-01 2.738069530716735200e-01 2.391655924981273273e-01 5.522958100175855423e-01 4.625287320714006611e-01 2.696601705290685436e-01 2.688572167588683670e-01 1.953070440702649457e-01
4.203000000000000000e+03 2.681747440111110770e-01 3.627793562899231938e-01 4.767021699484468855e-01 3.276558112022685543e-01 4.068261689239755508e-01 6.081683005082261229e-01 6.584595713621530511e-01 7.557930876695028166e-01 8.380029369437876907e-01 9.005180104737439128e-01 4.890050185402166072e-01 2.801598394589733254e-01 3.281341268686923662e-01 4.031413166088602118e-01 2.705553614069118318e-01 1.808567793116341027e-01 4.785389478092482163e-01 3.608384353713261494e-01 2.616037022633533327e-01 3.281477126551142209e-01
4.324000000000000000e+03 3.452227104478718944e-01 4.060165397239755003e-01 3.525409240300849123e-01 4.074033530452447760e-01 5.225004330519367191e-01 6.485592101519364050e-01 7.110075996093671025e-01 7.292881233946892916e-01 7.623021080621339429e-01 7.778730875223188734e-01 3.345710844253315663e-01 3.272306038633054914e-01 4.425603575806212886e-01 2.837263778425440641e-01 2.394780035144914998e-01 5.362405794730485953e-01 4.379926786306124198e-01 3.856460270050953154e-01 2.539884022843034717e-01 1.576052978906825053e-01
4.879000000000000000e+03 2.575067346919880928e-01 3.223605513770945175e-01 4.557542435611688925e-01 4.713769658041394028e-01 4.714974696204908278e-01 5.736243387857251630e-01 6.957643055269310262e-01 7.671452714887920799e-01 8.224208504576255852e-01 8.204243557505729312e-01 4.821222645818732944e-01 3.653256912183140415e-01 3.207243672083484598e-01 3.524540022364057723e-01 2.614802577344627621e-01 1.882004234906378970e-01 4.915095661107218294e-01 3.558758890448490697e-01 2.540840973718453966e-01 3.107649879116796132e-01
5.150000000000000000e+03 3.143338756941101986e-01 3.255258107790008903e-01 3.758324017042067311e-01 4.504454758909502421e-01 5.257584300038812275e-01 6.429732489302926179e-01 7.341849909145211628e-01 7.983776980755239450e-01 7.620704694098431320e-01 7.643822505227466646e-01 4.211144487215681131e-01 3.740104099626671008e-01 3.557566125561159587e-01 2.999668943105664454e-01 3.928628991608879018e-01 4.558214005763354670e-01 3.436360064885002896e-01 2.964391874178419206e-01 2.452324019242601294e-01 2.138495319321499499e-01
5.151000000000000000e+03 2.855080962639541808e-01 2.268354490040467852e-01 3.928478847313806033e-01 4.712478470585092505e-01 5.394873289452993825e-01 7.057597754053803740e-01 7.911429570791290722e-01 7.379862900748729304e-01 7.807527369538440620e-01 7.938896833847767232e-01 3.876554630621116826e-01 3.693399711564068211e-01 3.082395154130407877e-01 4.281752761789536788e-01 4.894803159879144716e-01 3.642226743951628154e-01 3.248297031603198382e-01 3.342346951554525658e-01 1.859909978361201088e-01 2.304114934903994660e-01
5.518000000000000000e+03 2.586920624945354130e-01 3.007745361067920009e-01 4.365615047366902535e-01 4.678180444719900466e-01 4.756631065579628448e-01 6.070931316579416537e-01 6.987031557620599909e-01 7.537866195866416152e-01 8.231418289454868198e-01 8.397459294515111639e-01 6.227212768849466062e-01 2.095473478329986372e-01 4.951830630756293705e-01 5.777378735236560203e-01 3.980997603811028962e-01 3.503369992396239141e-01 2.703675271297141802e-01 1.127758774738638753e-01 1.275157090213085154e-01 2.823614110038250580e-01
5.613000000000000000e+03 2.241321057552631835e-01 2.562448361379028872e-01 3.797051209287285456e-01 4.945718571681559372e-01 5.785694034736558189e-01 6.776621622016893998e-01 6.931974449865627719e-01 7.261972603639469392e-01 8.321271498727411675e-01 8.463608494265634219e-01 3.635829393069699433e-01 2.574499287021979610e-01 4.440600568658135128e-01 4.122511838159060304e-01 3.798077379477928228e-01 4.933105548781787086e-01 5.934911731859154882e-01 1.338128102159145127e-01 9.672912037525470408e-02 2.809819502418368087e-01
6.041000000000000000e+03 3.078786826596512372e-01 3.723088318291621346e-01 3.704188160582555511e-01 3.913163099043048820e-01 5.086086661460947900e-01 6.479808485276196128e-01 7.356884020297463911e-01 7.543203323735402366e-01 8.001302223269479708e-01 7.845012091943415200e-01 3.920329131080452223e-01 3.400605828788209606e-01 3.975870545394722955e-01 4.752208524205847051e-01 3.781305222032392277e-01 3.404315061004910548e-01 3.029104593536730006e-01 2.870129793583417466e-01 2.264086024046505219e-01 2.690087267068821952e-01
6.042000000000000000e+03 3.213655822318587374e-01 2.181466105696069080e-01 3.367369927924806494e-01 4.513754953055146846e-01 5.395630817385964617e-01 7.024055260451030902e-01 7.363029069777813351e-01 7.782645322842000057e-01 8.005904731307463829e-01 8.147009129306761466e-01 3.517437426255107247e-01 4.119191000201094521e-01 4.873213280011925441e-01 4.112722304597812295e-01 3.648609623632176335e-01 3.203964625806948741e-01 3.138548133230296688e-01 3.079461972873467346e-01 2.334846090360026827e-01 2.076188957502250187e-01
6.226000000000000000e+03 3.945665673263649142e-01 2.677448257044599544e-01 2.806899536398829165e-01 3.714557562297564619e-01 5.225491352592267491e-01 6.547350844037385098e-01 7.748429063931538963e-01 7.411035315974189297e-01 8.294361711605992005e-01 8.170463623362296257e-01 2.682615015769251321e-01 3.402298271822006281e-01 4.750416248489937598e-01 4.230412022091283308e-01 4.730493017415695056e-01 3.039267690792996635e-01 3.061003666363376063e-01 3.283555224331880518e-01 2.430652903838622925e-01 2.465384493320822434e-01
6.244000000000000000e+03 2.801232118206126720e-01 3.110556907692807460e-01 3.636518091679835640e-01 3.916827248779831128e-01 5.206483228572629240e-01 6.593553392003678182e-01 7.643706026027543565e-01 8.070133372777376080e-01 7.874327112167186504e-01 8.092535605216596428e-01 2.233417181991564637e-01 2.923868470294095356e-01 3.635261899327297264e-01 4.448016060784008019e-01 3.785753367306384232e-01 3.596795015061574619e-01 4.011902854425242193e-01 3.476541712069486922e-01 2.800978505845082567e-01 2.982796186082476431e-01
6.345000000000000000e+03 3.584595950003983678e-01 3.164410654445625193e-01 2.904748716955577459e-01 3.918215427302348952e-01 5.197447089185122104e-01 6.865424088844771511e-01 7.825314999615021749e-01 7.772421685779629108e-01 7.810343007070487120e-01 7.822964510274199590e-01 2.967723279435477424e-01 3.741126860415178723e-01 4.826140029620290539e-01 4.320628565319374337e-01 4.858211727887407072e-01 3.336043602314317513e-01 3.087497807803199490e-01 3.232686720653271117e-01 2.235495738006423594e-01 1.613550921789868864e-01
6.912000000000000000e+03 1.814257645737959723e-01 3.190094204987277138e-01 4.293512838214373351e-01 4.968991817226984242e-01 3.993620987542687018e-01 6.560530101688701876e-01 7.260962832100290587e-01 8.259686542381556862e-01 8.074945254401041383e-01 8.504831326808325320e-01 6.667386627801236143e-01 3.986806842019939845e-01 2.875574885021379146e-01 3.693255490782738626e-01 3.220573473576774925e-01 2.831309949066857512e-01 3.183880031827000523e-01 3.079370466100009862e-01 2.012351719922050308e-01 2.483215610219585701e-01
7.134000000000000000e+03 2.898337912383849857e-01 3.305520905840011459e-01 4.557394338354621710e-01 3.448951219431538040e-01 4.995892295680391393e-01 6.301715308306955476e-01 6.816726141687060592e-01 7.438108572577601940e-01 8.342881461316319358e-01 8.334927503445906938e-01 3.830131435332271295e-01 3.310416582915848283e-01 2.559573954383991823e-01 5.306863392913538924e-01 4.121111748585626899e-01 1.921568119029440913e-01 3.917824116954274349e-01 3.303034924474445577e-01 2.265305688044578769e-01 3.474736320485293239e-01
7.350000000000000000e+03 2.834487280689040323e-01 3.383421489238969682e-01 4.342935317436989462e-01 4.290103446599194958e-01 5.032494554201172310e-01 6.475892540223630034e-01 7.426362372322864447e-01 7.901638337751853980e-01 7.695313976503267428e-01 7.592540316423727065e-01 3.436895831464511497e-01 3.392289686472572674e-01 4.298417182081541443e-01 3.451735158996401820e-01 2.610953484045071549e-01 3.523828407870066570e-01 4.123390722540538622e-01 3.063364388344856359e-01 2.959593765569895063e-01 2.915110871948894955e-01
7.351000000000000000e+03 2.938572117501370151e-01 2.793945042696737713e-01 3.709746413817465727e-01 4.474896565972573126e-01 5.402798609021220999e-01 7.108973116140535620e-01 7.781904994175964374e-01 7.435355972780728351e-01 7.720921862160650129e-01 7.830231547995388786e-01 3.484831652866439144e-01 4.422895318790703301e-01 3.515421367593097313e-01 2.820371453023958197e-01 3.750804365195902768e-01 4.331606552804975196e-01 3.326920031584915671e-01 3.997853816868572885e-01 2.512840743617547612e-01 1.803952494587713062e-01
7.376000000000000000e+03 2.683668160997109142e-01 2.281031860775812603e-01 3.640170521553282024e-01 4.740986446731509929e-01 5.656477430440970400e-01 6.972807395198206137e-01 7.586177125433808399e-01 7.669619961450285794e-01 7.783896841710329362e-01 8.218406930763363372e-01 2.959884358495140089e-01 3.717026601498711891e-01 4.630832645462953923e-01 3.944840146937524938e-01 4.100869535193235049e-01 3.225091590621910753e-01 3.063536565563379499e-01 2.902319020910796299e-01 2.234866077788607575e-01 3.267260912655328142e-01
7.475000000000000000e+03 2.577488559328251494e-01 3.002061593142030804e-01 3.296838403457382216e-01 4.476096873179939428e-01 5.343821547079440348e-01 6.124892148188816332e-01 7.102242456971259443e-01 7.542540332547751358e-01 8.287828740306241171e-01 8.879474821523695161e-01 3.570625690327742241e-01 3.318916269765723182e-01 4.684312440017629475e-01 3.550685608196364473e-01 8.821036427347427045e-02 5.162281360638977246e-01 3.679731230847038681e-01 3.114849841612355452e-01 2.570670530590957181e-01 3.313747737472985677e-01
7.493000000000000000e+03 2.782738439854023360e-01 3.404454489747287260e-01 3.968782944333141827e-01 4.167286045674630790e-01 4.953972004074398972e-01 5.732688763299198520e-01 7.008740758337651533e-01 6.996882656282753521e-01 8.442595379096126118e-01 8.826864380804457788e-01 1.800252049753503780e-01 1.834714943882609361e-01 3.339069653065646626e-01 3.908729824825141197e-01 4.368048503395045579e-01 3.901887361627802697e-01 4.249191259252168007e-01 2.995041513006442280e-01 3.570270185944492414e-01 3.630323627832345856e-01
7.559000000000000000e+03 2.451810449128410119e-01 3.101772105802881319e-01 4.018690051057224322e-01 3.792581269587977921e-01 4.277533210754678739e-01 6.430769080789814351e-01 7.061855359691043832e-01 7.414460652131780183e-01 8.648529955964142646e-01 9.142080324126613533e-01 3.302811540040785365e-01 3.486012317896178825e-01 3.713973294359482757e-01 4.417078199583316933e-01 3.422686795594512832e-01 1.679810938648875762e-01 4.704398302349176997e-01 3.728595595261187667e-01 2.489889299648907206e-01 3.001389936105988143e-01
8.196000000000000000e+03 1.987467249579498996e-01 2.603139992624307064e-01 4.152569606555999715e-01 4.735993893290132428e-01 4.209771451426366218e-01 6.595105613252845167e-01 7.515800769208575982e-01 8.231745818107735202e-01 8.358473677343239983e-01 8.557584187037957646e-01 6.638164909087399534e-01 3.045446571917190259e-01 4.000668142322288401e-01 2.872249032818389725e-01 3.424094881017078484e-01 3.966579440281022273e-01 2.854843689958011521e-01 2.843637860037756537e-01 2.163485734368595925e-01 2.200166152455912683e-01
8.635000000000000000e+03 2.372179832577328285e-01 2.610679998342442243e-01 4.070008755453236593e-01 4.462024953213808431e-01 5.384302474512102643e-01 7.305689398686281422e-01 7.879607902768679395e-01 7.318788868199203046e-01 7.930167126520016874e-01 8.023103392971066006e-01 3.276796254745552028e-01 2.997727750652013912e-01 3.494975368725015130e-01 4.281042218807913358e-01 3.137441448399777011e-01 4.373936743317239917e-01 3.323185849219956745e-01 3.122841425807452720e-01 3.179358247915765601e-01 2.584452138586902370e-01
8.783000000000000000e+03 3.439896621863375858e-01 2.026008015733457568e-01 3.339517612972427441e-01 4.636414588159224470e-01 5.980226922958372660e-01 7.054585878881490801e-01 7.757221493762326281e-01 6.927543399549817016e-01 7.845475279510049083e-01 8.097677617992891097e-01 3.715958391531560268e-01 4.307149028897636622e-01 5.026201572267543494e-01 4.034453018656157242e-01 3.456418425110933113e-01 3.019706357575438482e-01 2.957996489019694142e-01 3.239742379308185316e-01 2.128382471428903189e-01 2.253353212516666648e-01
8.951000000000000000e+03 4.502340695609455823e-01 2.545836279477199926e-01 3.837144734648266220e-01 3.575787275569149992e-01 3.992105395072514384e-01 6.786679645750725021e-01 6.768985849380658726e-01 7.947453027978558238e-01 7.655894209755087498e-01 8.418363331162870278e-01 2.895403706128586996e-01 2.860196699833641443e-01 3.558112417859720655e-01 4.621811740264419321e-01 4.350741549941820607e-01 3.232290268593411287e-01 2.602556088667128953e-01 3.192353468498030367e-01 3.901874147200735665e-01 2.377266646116975579e-01
8.975000000000000000e+03 2.839228364118964176e-01 3.028473038319454691e-01 4.420749148128407247e-01 3.938483009931859624e-01 4.944834903898892575e-01 5.964655611731840557e-01 7.517269234453818338e-01 7.349185400784120636e-01 8.075420259223852204e-01 8.475227700309406753e-01 2.695641928925289754e-01 3.137141252641929001e-01 6.349571032647444158e-01 4.191074192043408586e-01 2.991167600683335981e-01 2.814503888882408655e-01 3.517609920296449477e-01 2.884062018607504441e-01 2.713684034014366420e-01 2.677205100210888200e-01
9.090000000000000000e+03 2.476739698052484173e-01 2.969393945008660385e-01 4.661248788015057154e-01 5.016670783291237168e-01 5.146253081708669352e-01 5.958689944857735732e-01 6.572589386585533378e-01 7.363349313910675376e-01 8.058199427974978013e-01 8.428318076245574497e-01 1.000000000000000000e+00 3.619297283373700824e-01 3.086429016858562857e-01 4.202917858162603659e-01 3.719095389118557970e-01 2.724009122691882778e-01 3.302545280945801687e-01 1.213997688934549402e-01 1.128931708747668711e-01 1.432160870371589623e-01
9.091000000000000000e+03 2.494209150443070233e-01 2.973790915412619640e-01 4.224956182990166065e-01 4.434278423932081492e-01 4.751641784584653139e-01 6.040233092327892406e-01 7.011398418012558809e-01 7.719528733241468599e-01 8.571655917315095241e-01 8.388798443721292575e-01 4.791130307022034573e-01 4.092469376142592319e-01 5.515894604338528184e-01 5.176915011713264514e-01 3.736852283130152608e-01 4.471074198906998531e-01 1.699547059661152548e-01 1.965690369355971856e-01 1.591182450577664775e-01 1.429513594442526903e-01
9.670000000000000000e+03 2.149315026740323820e-01 2.700431060175622622e-01 4.610612567050936250e-01 5.008094118528981786e-01 4.890296244431608930e-01 6.521312415941542540e-01 6.797263237367370259e-01 7.449578791224706897e-01 8.350513885780004308e-01 8.400387467009187148e-01 6.127356460057558074e-01 2.498855147798628162e-01 2.463270358207356736e-01 3.186415089369674658e-01 2.728074585886431924e-01 3.359988029408628174e-01 4.027561505815550058e-01 2.014143496975877856e-01 3.733848823129110595e-01 3.277263444595701070e-01
9.922000000000000000e+03 2.724614107324139223e-01 2.948373480851414485e-01 3.643837495360081613e-01 4.187389762201774723e-01 5.617971474722234237e-01 6.658666027063542270e-01 6.819237357598546545e-01 7.402140672798590559e-01 8.278097522628871108e-01 8.488166728763556490e-01 1.229369592086156371e-01 2.355264857075688167e-01 4.121933689586112504e-01 2.416381358208688768e-01 4.865161924382648828e-01 6.615304754065046700e-01 6.329344089982520405e-01 1.685072181973813477e-01 1.123060015186040095e-01 3.678866429102230495e-01
1.047700000000000000e+04 2.434782256839544134e-01 2.795522440129999397e-01 3.478542372417309791e-01 4.532204686877404076e-01 5.287368907056192446e-01 7.050775766314111292e-01 7.731578245330855692e-01 7.741317142098722570e-01 8.146222659264096277e-01 8.045910450110408396e-01 2.332154846445148588e-01 2.414170075203913857e-01 4.752562633330823516e-01 4.892918061890874637e-01 3.312901694132769359e-01 3.935252492786552869e-01 3.286610846472205472e-01 3.068957772556978880e-01 2.955184690263287783e-01 2.939329203741345986e-01
1.071600000000000000e+04 2.589705778950252002e-01 3.032926606909637779e-01 4.676505918541740137e-01 4.419636664911069657e-01 5.170689720819582336e-01 6.245427427794052466e-01 6.736263163031941392e-01 7.384352072525531829e-01 8.120252729645531797e-01 8.302771068950576261e-01 3.604595563528895652e-01 2.393393347930688753e-01 2.812177743654498130e-01 2.958320307955534800e-01 3.997861988858447124e-01 5.122819345417274350e-01 5.210214438588065544e-01 2.944989005746760369e-01 2.266241166376747052e-01 2.701875232827714024e-01
1.073500000000000000e+04 2.590852170893372386e-01 3.087001509269903798e-01 4.232491238737891570e-01 4.357345942100072089e-01 5.531143695730346144e-01 6.735048794370562808e-01 6.671732617303375301e-01 7.024148753454523275e-01 8.045280699696978344e-01 8.496129286377592793e-01 3.031366757323879502e-01 2.811923394707494528e-01 2.588836394773760263e-01 3.802341601753498890e-01 4.950641628441583841e-01 4.165832237555531781e-01 4.052186906429612878e-01 2.913479926511430840e-01 2.369971898542459487e-01 3.296144613839981363e-01
1.114200000000000000e+04 2.993025146762623989e-01 3.522515437814937589e-01 4.016031139349850454e-01 4.151735389557566491e-01 4.891486794922461634e-01 6.527033112692921524e-01 7.379921164753499019e-01 7.695980119201593084e-01 7.568075892543733030e-01 8.025315656906670814e-01 2.119904939000377131e-01 2.983976673218646236e-01 3.878375187873301377e-01 4.069231913845415272e-01 5.665866751851194039e-01 2.939305885440318122e-01 2.724176105548680726e-01 3.177918241678664435e-01 3.195500402705798715e-01 3.032452951788074391e-01
1.114300000000000000e+04 3.041926402758476922e-01 2.470212432298679595e-01 3.571979278083325937e-01 4.329313671959979515e-01 5.432471072157202263e-01 7.039812354954637641e-01 7.528793905889935578e-01 7.270326547490756353e-01 8.209116773607233464e-01 8.106005291863243034e-01 2.795060488567668311e-01 3.638772666942625689e-01 3.778836485412713220e-01 5.580590532036039386e-01 2.852968809849398268e-01 2.609191383469155467e-01 3.146844020971946709e-01 3.935744540944428049e-01 2.383378747741491943e-01 3.283232713007209758e-01
1.128000000000000000e+04 3.134325774194678393e-01 3.091691233593095167e-01 3.146301359674416598e-01 4.393399329116353669e-01 5.379371552318562566e-01 6.635478325840210578e-01 7.493024646148614965e-01 7.635476181852334232e-01 7.994358872023784590e-01 7.998890902658057911e-01 5.210373225132096664e-01 3.971944606437360914e-01 6.506063199107734452e-01 4.548490560984552733e-01 2.359334196443367837e-01 2.071373767741938599e-01 2.350582772282474309e-01 2.565234749846025397e-01 2.186566245676034859e-01 2.348898041115559665e-01
