7.400000000000000000e+02 3.270381805411948783e-01 2.644341008096940393e-01 3.675061391258834798e-01 4.993894935236408150e-01 6.042125111389349268e-01 7.362834424776688591e-01 7.719902765828995372e-01 7.765779290948552349e-01 6.931854893557098940e-01 7.176659735652275440e-01 2.357276191913582897e-01 5.305194936805116557e-01 4.605212575936620811e-01 4.273630605967800866e-01 3.163081399054740728e-01 1.793947230298221507e-01 2.790669135833391268e-01 4.156263842989558199e-01 3.131697454195124797e-01 2.231082231823344475e-01
7.410000000000000000e+02 2.431575300730203226e-01 2.290211057546474582e-01 4.468671263637989388e-01 5.547431956778042794e-01 6.417628011508210717e-01 7.597122281419729228e-01 7.795390544716256365e-01 6.691569442515812316e-01 7.363952902584786075e-01 7.294715790795117671e-01 4.910384309743772158e-01 4.269478250876212466e-01 3.921593825059473404e-01 3.078517766980368719e-01 1.721164043364706298e-01 2.641172666286623616e-01 4.066830058339011567e-01 3.811411994795791958e-01 1.732685455964013965e-01 3.834973638712215749e-01
7.690000000000000000e+02 2.689042679432432359e-01 3.113633617652062924e-01 4.532483835558271390e-01 5.034731323918455459e-01 5.857958348942269300e-01 7.136744262812475537e-01 7.708679398984766840e-01 7.040190683752305389e-01 7.111507221137822743e-01 7.301800763405841277e-01 1.950479342261240423e-01 2.703751428041711868e-01 3.969010200989565029e-01 3.904644335702910918e-01 2.818447688297464060e-01 4.846004391017829094e-01 2.525041592637747856e-01 3.931879471053995045e-01 3.690906039084153600e-01 3.201641362146998571e-01
1.766000000000000000e+03 2.662260846173614692e-01 2.132191520429349563e-01 4.585730777939361902e-01 5.518555052039819664e-01 6.749217561550339139e-01 7.996922586841664904e-01 8.212331505641802254e-01 7.311574811158733089e-01 6.356197769724735158e-01 6.793272586281382530e-01 3.010470599101487399e-01 3.892460385780608378e-01 3.673169011013928120e-01 3.324221234437482742e-01 2.181340010213838887e-01 3.953202200153790313e-01 3.083740276504746691e-01 3.888370594085266418e-01 3.349536799684273980e-01 3.221679288156853449e-01
1.797000000000000000e+03 2.305608475597748785e-01 2.266739489738000268e-01 4.293049671655825850e-01 5.155953187155222217e-01 6.543644507649291064e-01 7.829274976640098194e-01 7.520735840823424834e-01 7.476322651594567992e-01 7.525250856311749281e-01 7.100228661315292067e-01 3.485470899283783508e-01 4.477845330170834859e-01 2.621164415020288962e-01 1.375220776647944343e-01 4.258998993214835882e-01 3.074424919052876071e-01 3.930794608746162599e-01 4.425969273697620276e-01 2.501094080642581874e-01 3.572399645886838448e-01
1.798000000000000000e+03 2.011192445145925933e-01 2.746549922073117100e-01 4.475931444835768436e-01 5.849469738616447367e-01 6.692481213694543296e-01 7.208451502232172681e-01 7.297476369256632456e-01 7.236794411011532313e-01 7.149044965164327303e-01 7.284151402888949800e-01 4.243843998763278669e-01 2.488259287819830912e-01 1.292147054434881759e-01 4.244401539591712846e-01 3.019274870855565562e-01 3.809460016035259300e-01 4.434462439299308167e-01 3.116845357719326137e-01 2.840937355898564554e-01 4.187333356477381807e-01
2.030000000000000000e+03 2.250212874030320664e-01 3.028656200255804287e-01 4.407228967745617232e-01 5.454370664568791716e-01 6.435430320597350651e-01 7.855409399988596553e-01 8.405423489738989007e-01 7.661374672865298718e-01 6.370959211037141579e-01 6.534752783567376877e-01 2.542522888323981434e-01 4.487196639533770903e-01 4.182922821151965898e-01 3.284942850173412365e-01 1.414783027305156760e-01 2.785976601584962409e-01 1.816982143274039896e-01 5.234660816828288210e-01 3.935247478914524755e-01 3.617095012564006673e-01
2.053000000000000000e+03 2.256443592186767044e-01 2.630039371215127098e-01 4.160283257911122079e-01 5.270142413770464440e-01 6.173667414570432888e-01 7.123193379016674598e-01 8.052163124215766521e-01 8.117534626582606494e-01 7.116711876897676703e-01 7.072828562278049569e-01 3.515279319541158576e-01 3.003477233065830476e-01 4.611269557390190732e-01 4.110917085455024766e-01 2.833059887615492767e-01 1.670072127094282821e-01 4.308060417455932822e-01 2.126312888032935167e-01 3.513851400355993970e-01 3.875791668337094653e-01
2.054000000000000000e+03 2.281973716968330734e-01 2.583782047958958494e-01 4.537583170040800362e-01 5.468265902988186378e-01 5.970505762031593777e-01 7.718665264607010856e-01 7.978620425470054345e-01 6.717888889355683180e-01 7.080804267981202216e-01 7.519185222974190674e-01 2.997780051562098924e-01 4.610034462278567169e-01 4.067837080822934714e-01 2.973360894277796707e-01 1.727985193512876494e-01 4.397017874480156352e-01 2.243644368788604015e-01 4.611670765799310012e-01 3.246042097239818514e-01 2.737272132809145386e-01
2.064000000000000000e+03 2.255445053508789155e-01 2.604911191653142000e-01 4.090254938242340321e-01 5.773195096797170134e-01 6.251284521257066684e-01 7.670180945229914116e-01 7.122436500340998400e-01 7.373293606329857086e-01 7.342254568413613125e-01 7.367153793648109072e-01 2.041962162438376582e-01 3.338869423717235052e-01 2.584361943130435990e-01 4.575413118094998621e-01 4.039152770127436565e-01 3.110097340394431531e-01 2.825906884436049649e-01 3.866220942943723315e-01 2.779282009921547059e-01 4.575814944312195376e-01
2.091000000000000000e+03 2.196912366501505287e-01 2.431609948838415192e-01 4.240640099112061856e-01 5.502655258712509934e-01 6.363762603825759978e-01 7.640471171256437710e-01 6.854653807223116679e-01 7.599877590061618893e-01 7.814406750462913331e-01 7.192634992936453031e-01 3.970602903947734186e-01 3.956488922786844387e-01 3.092949530363566790e-01 2.197482639416533934e-01 3.237325038195940641e-01 2.692359723677690830e-01 4.551528833003800623e-01 3.997200642863417697e-01 2.734339286617779585e-01 3.274217053406100475e-01
2.253000000000000000e+03 1.750914540481135206e-01 2.484861408033980090e-01 4.697968345986681116e-01 5.355624046614816391e-01 6.570862430549890831e-01 8.109739120682243341e-01 7.578916470345876677e-01 7.486034221364799013e-01 7.041775006188946140e-01 7.197311057868179818e-01 4.115647580306880937e-01 4.259879137388229431e-01 3.302668801563480305e-01 1.672917364213200309e-01 3.217091773252259146e-01 2.997778680550491348e-01 4.194717425335227623e-01 4.514070972834975937e-01 3.083946693048422727e-01 2.279519027783116492e-01
2.709000000000000000e+03 2.128020422962969838e-01 2.579939888334381037e-01 4.618199302551486696e-01 5.557661283571923017e-01 6.296647283487531999e-01 7.590645224543955960e-01 6.967333027426990677e-01 7.372207454078364419e-01 7.222762458317832923e-01 7.471902611962942808e-01 3.070972381740411095e-01 1.342836355704001006e-01 3.515631539586397958e-01 3.166893258570386283e-01 3.935647952411546191e-01 4.319152777441682134e-01 3.626003768259254967e-01 2.464343782089218338e-01 5.485687384143340672e-01 2.126573902082821710e-01
2.738000000000000000e+03 2.338224589956927890e-01 2.768274634424493508e-01 4.425710549353517043e-01 5.271421132750463423e-01 6.059821989245026685e-01 6.916906642073737954e-01 7.929699690848541760e-01 6.847602671759360771e-01 7.394725535149538898e-01 7.636577885198083671e-01 3.682816370715448762e-01 3.092494044753782423e-01 2.576616448246321633e-01 3.196309222139503969e-01 3.510456609093873803e-01 4.303891112699522181e-01 3.523333120127087881e-01 3.442141941343035416e-01 1.801794622895076803e-01 4.813757000074219139e-01
2.925000000000000000e+03 2.078043825214991314e-01 2.554906300540346620e-01 4.203862238933055440e-01 5.285370361052467159e-01 6.102252850628123726e-01 7.373588399535926374e-01 7.651088581256829668e-01 7.237909079796729372e-01 7.838892422642081970e-01 7.457474173927765015e-01 4.176789882041121449e-01 2.566125120462969256e-01 3.853034542285398989e-01 3.678631792156080715e-01 2.534132032119743028e-01 1.811312188025821501e-01 3.858368506696956413e-01 4.246921240513312767e-01 2.776142629056371769e-01 4.162361985001718501e-01
2.926000000000000000e+03 2.212877409395342665e-01 2.616882575228114960e-01 4.542461248121323347e-01 5.393589497971622571e-01 6.198404062664637504e-01 7.283575335765565262e-01 6.966999878508535193e-01 7.550535224820823510e-01 7.519363053647082351e-01 7.396860735680160781e-01 2.624735255842624571e-01 3.947457989617732532e-01 3.730284277643045043e-01 2.725538535847255028e-01 1.920432413780027714e-01 4.035643132455080107e-01 4.592292208450054480e-01 3.733815615453802694e-01 3.572462563461348273e-01 2.661713973538653022e-01
2.998000000000000000e+03 2.388314522341991597e-01 2.688747511745837038e-01 3.964806328929002532e-01 4.939993560228190250e-01 5.764226292756037262e-01 7.383434805440953763e-01 8.107399354091493482e-01 8.237378679253342106e-01 7.384459779250108769e-01 7.029711241770365548e-01 3.226359040773983944e-01 3.841607681262529383e-01 4.172553564728493924e-01 3.015275840139726715e-01 2.290527944738990906e-01 4.793011104891505836e-01 3.070048203937425502e-01 3.009479139721153440e-01 3.000032262328047872e-01 3.289443136595944228e-01
2.999000000000000000e+03 2.359962356366765435e-01 2.434095679948471425e-01 4.282695702402443128e-01 5.138014725320666498e-01 6.264942459439283295e-01 7.825901566182205116e-01 8.161242114896529731e-01 7.070356711303513730e-01 7.065235073886247941e-01 7.384912059917604354e-01 3.868653716272172360e-01 4.208808344901763254e-01 3.010413008953269354e-01 2.425499325688768304e-01 5.000652498891420272e-01 3.161480637473192412e-01 3.203984177779272691e-01 3.972616787556654816e-01 2.779641712076575955e-01 2.195478562527066746e-01
3.203000000000000000e+03 2.232232430125995759e-01 2.621410046434552998e-01 4.084688135449496826e-01 5.131940805962361685e-01 5.934947763125416609e-01 7.434169788924321898e-01 8.074872980853512461e-01 7.753311298684271158e-01 7.295726075354415086e-01 7.328757808664840834e-01 3.442014817378285518e-01 5.899519058144006012e-01 6.641873061675583889e-01 3.578204527967812631e-01 2.025300661874375185e-01 3.523291336930435835e-01 2.129319814623507889e-01 2.835467135341317446e-01 2.056624391955753917e-01 2.044246985449137688e-01
3.204000000000000000e+03 2.276860592213559020e-01 2.514762618469863487e-01 4.417903766249176578e-01 5.254100255379401396e-01 6.270084398663845482e-01 7.746090767643547537e-01 7.567353116129968971e-01 6.929418163726522861e-01 7.380331895340305204e-01 7.475132803008157634e-01 5.992361119706725026e-01 6.757458210115707686e-01 3.603303937200982299e-01 2.163180888732970930e-01 3.708123882469737675e-01 2.211656196279523923e-01 3.044830776180085796e-01 2.746943479989825132e-01 1.742337968075889088e-01 2.148181037836824903e-01
3.227000000000000000e+03 2.489693169602732459e-01 3.107238656496099649e-01 5.161135171891348961e-01 5.081373081821549675e-01 5.983394110540959376e-01 7.252291095039544722e-01 7.752677073173487310e-01 7.609862777652598442e-01 6.769663470343235678e-01 6.662565767703514386e-01 7.184685614229123496e-02 3.942983237231544869e-01 4.399351733159020394e-01 3.572994833376581525e-01 1.761182399313723779e-01 4.227132397612725079e-01 3.698282517641745537e-01 4.307865685658172628e-01 3.768509569190022779e-01 3.116786834786768323e-01
3.244000000000000000e+03 2.475609099705654015e-01 2.938901537206135561e-01 4.301897350849206436e-01 4.895298456052907810e-01 5.912163864384591960e-01 7.692663348071858698e-01 8.378605996267624034e-01 7.284185172324111335e-01 7.300856310732014576e-01 6.798774177454937062e-01 2.580363669409620475e-01 3.895278142328251203e-01 3.919522631093109721e-01 3.305293966666077443e-01 1.579597378199965041e-01 4.204476963557725600e-01 3.257026466981492452e-01 3.996698743553294686e-01 3.544258319202503449e-01 3.232485804731702328e-01
3.420000000000000000e+03 2.827292675691236434e-01 2.935509938223677673e-01 4.676491946622822748e-01 4.573765034033825394e-01 5.791809613249572219e-01 7.242244783875890768e-01 8.402992455895025303e-01 6.718610795707598005e-01 7.692396110885599825e-01 6.786796754866043502e-01 3.849488664455779641e-01 2.918810832961548085e-01 1.417522765090807324e-01 4.542415345919492142e-01 4.158449931924625420e-01 3.582861248553015354e-01 3.289169176234095215e-01 4.100509051196951082e-01 1.575359060599646477e-01 4.625821486547813111e-01
3.449000000000000000e+03 1.386355493828133889e-01 2.132035977187287379e-01 4.656912407588520986e-01 5.553259306959391628e-01 6.613661155268083514e-01 8.115197011277583972e-01 8.212324508331279027e-01 7.792822788034794446e-01 7.114018174260409166e-01 7.034587255315055687e-01 3.224780999917368218e-01 3.500025816980854021e-01 3.085205679787964006e-01 1.140345829678121869e-01 3.467925493363561706e-01 3.516374882437461880e-01 4.216837735329613812e-01 4.823015028537004367e-01 3.467334269841784722e-01 2.999878740274275479e-01
3.598000000000000000e+03 3.134876266764816677e-01 2.816257485909695046e-01 4.855108471440559015e-01 4.987292177706527108e-01 5.790786419534991181e-01 7.636683436387750046e-01 7.509615686984383309e-01 7.101994441959604831e-01 7.580822598932054346e-01 6.282463169968443006e-01 2.508906467652812777e-01 3.307572558756415315e-01 4.710190511761626619e-01 3.221300682573284280e-01 2.012349564280316028e-01 3.911916313533536638e-01 2.774776452157098894e-01 4.559730015592678432e-01 3.215715233432645537e-01 3.386278554068660185e-01
3.611000000000000000e+03 1.322121201843887428e-01 2.361371372095299459e-01 4.796915926079641790e-01 5.590681270634103583e-01 6.658845739978332956e-01 8.295383499118952342e-01 8.022710307355426229e-01 7.563332360230000662e-01 7.196800831811536181e-01 6.846038571302573983e-01 4.395928551909893400e-01 3.996053115450539650e-01 2.851254004604533154e-01 2.276490218205617644e-01 3.738559622240328895e-01 3.820155908641960085e-01 4.183342580000413147e-01 3.694963768253113900e-01 2.311750359844607638e-01 2.642071621920300539e-01
3.630000000000000000e+03 7.429842754543901362e-02 2.281760163971734423e-01 4.089547054210824206e-01 5.207216209227786274e-01 6.208512890617137181e-01 8.418757258948211808e-01 9.361813155845394308e-01 6.952441584488094906e-01 8.091208482415146452e-01 7.383624444127733222e-01 3.730501101879132864e-01 3.279935539059012362e-01 1.905899231711206676e-01 3.601911908104556415e-01 2.590937545967885725e-01 3.138147378007147825e-01 3.366213526318114213e-01 3.292604302074286227e-01 3.392304606820010782e-01 5.088409805428897315e-01
3.715000000000000000e+03 2.267993204977251376e-01 2.813475523396993250e-01 4.284756662594481069e-01 5.451873681810172068e-01 6.508529133735715400e-01 7.297319339095205137e-01 7.472232833169444310e-01 6.910238317553092369e-01 7.301894813656316652e-01 7.461014488038881787e-01 3.347304865374787219e-01 4.194037247967498661e-01 2.724989780984941046e-01 2.382880111396674938e-01 3.712929208430262862e-01 3.247587335924574381e-01 3.930039646078711257e-01 4.838456687811274470e-01 3.232445766963654710e-01 2.041520823874329593e-01
4.093000000000000000e+03 2.299812495348913521e-01 2.335880790326875511e-01 4.035920974840079833e-01 5.284670269637664619e-01 6.539419255841769640e-01 7.483113739418649768e-01 7.928957203951650934e-01 8.027288194559940582e-01 6.728250266645073863e-01 7.392717137476502165e-01 2.335248822497933696e-01 3.668903581734115904e-01 4.806620241877104238e-01 2.914827795433853064e-01 3.395100990335485069e-01 3.181966734998900037e-01 2.532731887901557566e-01 1.300794024213262901e-01 5.142981879314451055e-01 3.776969014272401615e-01
4.108000000000000000e+03 2.024836944798996952e-01 2.478649741766185965e-01 4.447331937134067492e-01 5.300100258968932776e-01 6.519118805801277228e-01 7.585628302689555458e-01 8.330768135625115089e-01 7.793214968127396558e-01 7.572260253211799963e-01 6.343907650953440891e-01 3.572201321273089092e-01 3.640638154739254118e-01 3.840362745750042772e-01 3.808442055824136085e-01 2.313314796571645793e-01 4.609504006526813913e-01 2.990834864879176047e-01 2.969039333501906630e-01 2.564300743657342840e-01 3.542809116272280234e-01
4.186000000000000000e+03 2.241799582622134301e-01 2.507640569881877668e-01 4.779066813434389438e-01 5.426560520754818429e-01 5.740475847644467278e-01 7.076605901187715819e-01 7.753855170937070662e-01 7.198598485930496338e-01 7.224430911342586414e-01 7.672927998897035584e-01 3.822578635143504266e-01 3.342243347406916865e-01 3.610085726242525661e-01 2.611299195883447499e-01 2.379296311685516196e-01 5.532489217966117812e-01 3.588003691685160979e-01 3.509625458383629493e-01 2.744375222539094938e-01 2.658683593260153799e-01
4.332000000000000000e+03 2.057017860980776269e-01 2.640436758928736416e-01 4.360088578612908439e-01 4.748560544186375965e-01 6.026405348613820268e-01 7.479885520485927142e-01 8.237271140810470405e-01 7.261130429451005952e-01 7.372448788661630781e-01 7.649846126691627335e-01 3.157567856275871332e-01 1.644650232861332995e-01 9.815268793570619543e-02 4.661953408626495210e-01 3.974990209263314367e-01 3.523313711235057100e-01 3.721053728799750826e-01 3.198067399350600915e-01 3.108185080858718585e-01 5.549971887813281990e-01
4.487000000000000000e+03 1.744543634645871477e-01 2.258180621631925844e-01 4.346600325333400683e-01 5.167592992249819828e-01 6.039804426432052731e-01 7.349468314608814667e-01 9.287354590064430537e-01 6.644070407003002110e-01 7.326369602237617906e-01 7.895884238166827052e-01 2.512023772674583100e-01 2.051242509997595054e-01 4.696007486533970154e-01 3.149611073182568277e-01 2.564675932270929493e-01 2.449946199466491448e-01 2.444162961003168433e-01 4.778860732047097715e-01 4.868315543343242346e-01 3.535645189630814977e-01
4.874000000000000000e+03 2.093765526350480077e-01 2.917093692878162114e-01 4.749360951704481026e-01 5.516227682254560838e-01 6.304678493631215019e-01 6.957044631280470126e-01 7.644905666327272975e-01 7.521798728522083310e-01 7.330399334418045143e-01 6.882663619751608897e-01 2.848560527495976324e-01 3.518824792621986774e-01 3.669739378079086012e-01 2.621239556679920701e-01 1.938248600924217246e-01 5.731137477530036106e-01 4.246435308544977971e-01 3.531996357844772172e-01 2.926519610482000155e-01 2.720509222717834019e-01
4.906000000000000000e+03 1.854621042504769890e-01 2.272155650569534502e-01 4.200953943013633340e-01 5.450389755848964457e-01 6.206126015401663976e-01 7.329157062489541907e-01 7.723423949759872231e-01 7.512630435699519937e-01 7.690423474989349639e-01 7.652433612938297491e-01 4.082661404173073549e-01 3.492837251283211208e-01 2.748128318875993070e-01 3.967998972876971009e-01 3.374361388547612584e-01 3.300849260467346724e-01 3.413497303183114506e-01 3.440026855200919442e-01 3.064092584877208258e-01 2.843394600826684160e-01
5.143000000000000000e+03 2.135030315513303523e-01 2.651603271738411371e-01 4.350354119110991791e-01 5.435796031587809551e-01 6.368103330692981290e-01 7.817349606291820185e-01 8.064513650247960852e-01 7.554948863712622753e-01 7.431580852505054180e-01 6.489656807810988415e-01 2.632775374127897527e-01 3.700949419564608656e-01 2.844409850374098880e-01 1.739776488209575644e-01 1.332164793352350329e-01 3.787938811856247923e-01 4.220951588353019646e-01 5.333216744494342354e-01 3.602126635589837367e-01 4.089899006699018180e-01
5.353000000000000000e+03 2.863550046691128448e-01 2.568887748564079310e-01 3.719449196026940463e-01 4.696029798477540651e-01 5.704138387567615487e-01 7.100021356031281927e-01 8.070691977894051128e-01 8.291168427314385969e-01 7.358770081245160632e-01 7.234474939116404268e-01 4.999508435486560431e-01 3.486828763363882255e-01 3.457624550431807053e-01 3.017829323903905570e-01 2.100044737708627318e-01 2.618757113892296595e-01 3.735563567351510295e-01 3.262256613367025548e-01 3.096279217159624286e-01 3.784395129122907764e-01
5.354000000000000000e+03 2.286524035903317875e-01 2.233339008547950699e-01 4.099955381563523682e-01 5.120947206836299337e-01 6.036210775810870732e-01 7.830689113651974065e-01 8.263744277699955898e-01 7.076363476244278417e-01 7.333831137452726523e-01 7.635503361443909398e-01 3.658427024647116776e-01 3.633727545614325316e-01 3.139140973688064329e-01 2.316928399788284743e-01 2.847387546445594997e-01 4.008005416365474916e-01 3.618592992417225540e-01 4.271812687311384860e-01 3.331856356003422559e-01 2.733804409452254558e-01
5.586000000000000000e+03 1.650714560360056204e-01 2.516771415279566715e-01 3.971835614210153520e-01 5.211165453534664094e-01 6.049288029672658107e-01 7.974637564346064300e-01 7.974952501292476015e-01 8.077266535286936611e-01 7.173458371697509772e-01 7.576626213494421780e-01 2.646343948082634512e-01 4.200567009402124130e-01 3.867340169106626147e-01 3.538661565225411088e-01 2.623630079576106944e-01 2.536106592685920536e-01 2.927327997458072928e-01 3.076499074888054963e-01 3.437566555053773731e-01 4.617322903598957695e-01
5.587000000000000000e+03 2.096277918394468531e-01 2.295229709195918677e-01 4.368287354791707267e-01 5.222681919820555407e-01 6.635591269396751146e-01 7.483878926240308260e-01 7.787879254962867259e-01 6.657768155301285740e-01 7.556936489746920449e-01 7.742349679346522962e-01 4.140758247324913266e-01 3.818522716579163534e-01 3.458301347462233721e-01 2.719523699841575048e-01 2.590803956196383595e-01 2.950774801933518932e-01 3.206099613176277563e-01 4.455777589267285177e-01 3.819296048802580112e-01 2.276326071627588488e-01
5.700000000000000000e+03 2.551480251611711325e-01 2.713389006469822395e-01 4.535169469780813145e-01 5.629916859601439283e-01 6.229322301875173107e-01 7.764352167468734356e-01 7.636946387825332971e-01 7.385933408220538565e-01 6.779296810020504216e-01 6.807466798635714023e-01 4.508133135272504588e-01 4.344885902142068268e-01 5.070618527553915067e-01 3.334919070422850407e-01 2.122763523394925467e-01 2.144818541846585380e-01 2.581532398007876372e-01 3.603690364633575505e-01 3.659049431789034301e-01 2.183213268805443419e-01
5.836000000000000000e+03 2.060729044879683891e-01 2.640212668972005683e-01 4.528060601979405075e-01 5.725295436402451088e-01 6.689992287983221875e-01 8.011359433632321281e-01 8.427367056655359345e-01 7.070354350035795710e-01 6.602407098348983538e-01 6.734316732375548176e-01 2.483301592810906455e-01 2.813100439707966749e-01 2.576298645730275561e-01 3.700504311652672018e-01 3.020694533688760841e-01 3.517993630448355002e-01 3.029351708291188605e-01 4.531326991400132509e-01 3.479104713010445216e-01 4.295774743246312810e-01
6.036000000000000000e+03 2.301909623297093421e-01 2.671998684571975646e-01 4.338644890080139427e-01 5.490027775276925537e-01 6.597748465479200686e-01 7.867384953053672136e-01 8.366469740606572447e-01 6.659011259469728161e-01 6.724807560948141694e-01 7.167020950665486945e-01 4.180277405903986554e-01 3.966330900805688509e-01 3.038555274367367720e-01 2.862524149558461350e-01 2.937152369705011146e-01 3.713311954975948570e-01 3.149702686933691931e-01 3.489266499124407117e-01 3.144646053942455333e-01 3.135378264730747100e-01
6.068000000000000000e+03 8.764696672817771927e-02 2.313917177056230845e-01 4.703959929730887057e-01 5.275237173090605580e-01 6.651181042835381252e-01 7.722186846539444982e-01 7.877702951576046608e-01 8.081705692458622803e-01 7.499887918005517795e-01 7.456278335537515067e-01 4.129000349054323671e-01 5.334843663283576065e-01 4.641730917243266363e-01 3.730888708585290980e-01 2.511327600907329871e-01 2.762658107762175907e-01 2.842594243305884838e-01 3.073897154968005530e-01 2.345760863138119379e-01 2.615978251271489641e-01
6.069000000000000000e+03 1.983895628852817838e-01 3.054696448264218045e-01 4.496442329837183061e-01 5.850793685403209432e-01 6.484366708073744379e-01 7.474632405052944462e-01 7.881377766481632019e-01 7.115290901004927004e-01 7.483626631538632390e-01 6.422124587897417580e-01 5.079982700772769366e-01 4.427227399914717698e-01 3.522125155855094225e-01 2.514555756387736873e-01 2.726094213213380857e-01 2.767826098075046870e-01 3.094366355950730063e-01 2.937112884740087360e-01 2.090157537810164445e-01 4.644264219012987915e-01
6.239000000000000000e+03 2.208438117671104595e-01 2.303301866894428285e-01 4.038858106606780796e-01 5.454192134167227257e-01 6.594691861512358422e-01 7.883927140032688241e-01 8.018978845899357166e-01 6.979095423598845604e-01 7.064547355944886808e-01 7.535862856970801937e-01 3.942699814675145742e-01 3.762909252668762972e-01 3.683209736254658972e-01 2.651573072245811957e-01 2.565307407331493539e-01 2.524048528473206709e-01 3.231860101320068734e-01 3.807380264312765772e-01 3.512620827909055388e-01 3.746288048486688393e-01
6.543000000000000000e+03 1.663718734658843901e-01 2.200849588300139159e-01 4.273618142042396872e-01 5.476412066229306985e-01 6.447085319018779348e-01 7.484102858834763561e-01 8.264975775428937688e-01 7.842350547975334152e-01 7.049802950576077309e-01 7.536458298580394066e-01 4.002922904572668861e-01 3.606779628064233356e-01 3.625384812154659464e-01 3.764870126988995591e-01 1.581295440735868418e-01 3.082743741409743055e-01 4.225152528594909307e-01 3.801668831999290288e-01 3.253387294478785607e-01 2.700070934693529212e-01
6.544000000000000000e+03 1.840586069953744630e-01 2.588042417352149349e-01 4.610941746204670344e-01 5.593395935108113060e-01 6.178665298429304453e-01 7.800768660787288367e-01 7.530783563185451390e-01 6.522465057875536099e-01 7.517876318790382983e-01 7.696876927025322335e-01 3.700601701157982260e-01 3.725782166155221509e-01 3.829604766628453283e-01 1.706027942895207983e-01 3.277470292422671738e-01 4.433037235449044933e-01 4.123628379843132241e-01 4.389282098713380154e-01 2.324601631221883125e-01 2.399066518028685480e-01
6.596000000000000000e+03 2.327933481984865716e-01 2.351693048130515939e-01 4.621964026869742614e-01 4.927507861531110755e-01 6.071974704867911798e-01 7.319761847302499458e-01 7.475913941219169967e-01 7.173280152228123097e-01 7.559029570863977643e-01 7.747297838932500902e-01 2.743984069620132860e-01 4.321707786726580736e-01 3.677839966295985419e-01 3.917788729704529405e-01 2.905376572540265823e-01 1.901505638211592464e-01 3.344095452269179591e-01 3.922022335526273995e-01 3.459679456507223083e-01 3.371029174968405151e-01
6.722000000000000000e+03 2.351277577638273830e-01 2.512202631148773846e-01 3.925312443640423532e-01 4.916691065027737895e-01 6.001355776830898936e-01 7.414852516731372800e-01 7.652504350878988060e-01 7.019931864481301353e-01 7.656418839377772123e-01 8.058633208363275013e-01 3.771091836045441514e-01 3.154893795907056098e-01 3.455474227950312005e-01 4.007576403359084383e-01 2.160393031488875293e-01 2.843533010532512950e-01 4.314232546978842286e-01 4.524271481778185389e-01 3.422967736305175257e-01 1.999905800274268397e-01
6.853000000000000000e+03 1.677789708225790322e-01 2.129071990280029247e-01 4.716891905613702085e-01 5.461486623772775495e-01 6.196664278883289301e-01 7.389476873567494275e-01 7.993827859745227249e-01 7.604698812883381454e-01 7.481783555102529126e-01 7.436750243556138340e-01 4.469112227814628913e-01 3.233227567314805317e-01 3.490249716762833243e-01 3.430784498397510540e-01 9.153560526257445429e-02 2.429359661249956281e-01 2.940155969815836379e-01 3.353819279578343915e-01 4.905903586560083629e-01 3.803278410269066989e-01
6.854000000000000000e+03 1.791662286665743620e-01 3.019786573146166497e-01 4.611361915054060234e-01 5.381194678132630305e-01 6.105492667372606208e-01 7.532215909470143522e-01 7.277307838412092611e-01 7.040404613627123664e-01 7.414822341820196394e-01 7.612718472650558121e-01 3.384975846488316731e-01 3.660038915965874717e-01 3.560930752872407679e-01 1.007709832210827577e-01 2.635833699829828736e-01 3.147711392602597358e-01 3.712061729809516542e-01 6.753658405079008276e-01 3.341199370795533419e-01 2.264054022421167212e-01
6.916000000000000000e+03 1.171083396999057502e-01 2.387057882042172008e-01 4.198889285672183780e-01 5.691953907304705407e-01 5.933524250371141617e-01 8.020303810382699572e-01 7.576858585556457415e-01 8.009678695877504584e-01 7.560461085486924748e-01 7.678889074108361523e-01 3.466720564679097727e-01 3.158209475626320151e-01 3.625475999355287082e-01 3.739084612497126092e-01 3.055816302291549658e-01 3.053466792749595649e-01 3.151274259901599706e-01 2.255487799514731828e-01 4.014877131764291729e-01 3.855043114862035658e-01
6.928000000000000000e+03 1.767866104783446524e-01 2.255809463952011817e-01 4.643879057258986087e-01 6.423947870636790292e-01 6.050464328399782765e-01 7.363379344821205930e-01 7.206069813170903338e-01 7.552101818539412870e-01 7.258757243022101457e-01 7.462056564476815534e-01 2.235272840877864375e-01 1.894719785608488527e-01 4.106300949389364296e-01 4.114472697969988602e-01 3.318387508102214611e-01 3.503093188550210901e-01 3.786760172107618838e-01 1.870576782958798256e-01 4.667256420325179289e-01 3.754747885214225200e-01
7.129000000000000000e+03 1.844589245927143184e-01 2.544545219736230601e-01 4.510213959656408367e-01 5.146652382423203553e-01 6.467566549724909075e-01 7.899338073959901729e-01 8.135558857749157768e-01 7.858111948995564200e-01 6.576083650882421638e-01 7.310806118391001140e-01 2.974067613347244343e-01 3.014111476302350212e-01 3.903598498118133198e-01 3.455418676059199279e-01 2.074953769408562354e-01 4.103613767804369372e-01 3.468255176669685635e-01 2.540436014003067400e-01 3.972281211783199595e-01 3.865355999948760779e-01
7.363000000000000000e+03 2.323376733603202127e-01 2.756730073434914829e-01 4.321087365337499264e-01 5.075647405975158843e-01 6.302130798443889015e-01 8.076853661630878367e-01 8.032643131307295459e-01 7.487198954452208843e-01 6.757447967425860291e-01 7.021081303394273165e-01 3.105388686011965604e-01 2.603167443243765700e-01 3.588718161475229484e-01 4.063949942772468460e-01 2.794958552252606587e-01 2.319631149356278788e-01 3.217788470190183769e-01 3.662333422372032188e-01 3.677338919497145642e-01 4.378906039775103398e-01
7.370000000000000000e+03 2.665494083417477289e-01 2.053265629777532020e-01 3.883065792395121729e-01 5.492346079395056258e-01 6.285006841095538421e-01 7.303446271729279182e-01 7.978684141220918624e-01 7.161183402228656902e-01 7.310699221005347859e-01 7.615181377767945570e-01 2.919682676481159533e-01 3.854579358800175881e-01 3.845210171424016665e-01 4.787138122076461388e-01 3.624790680535303067e-01 2.993720630599612242e-01 2.652554836112855918e-01 3.151254371667159271e-01 2.990829290706955579e-01 3.010004056038634301e-01
7.469000000000000000e+03 2.165598594282910627e-01 2.653868968744867995e-01 4.305363783161238467e-01 5.291559382967195857e-01 6.235488919836136290e-01 7.466105559783355883e-01 7.693947330260063611e-01 7.885773715843311660e-01 6.903099374429860768e-01 7.351177751305559838e-01 3.813296176091439116e-01 3.914737472170124466e-01 2.597963647225645101e-01 3.087138990644522907e-01 1.446985179327499593e-01 4.139851977295397889e-01 3.924361759390588844e-01 3.450331471086910962e-01 3.709934630039208314e-01 3.322206786706818904e-01
7.470000000000000000e+03 2.292565431237365836e-01 2.709903034683595613e-01 4.544802596020692254e-01 5.511217012400727588e-01 6.282653605132036967e-01 7.324774904887542126e-01 7.700375157247040248e-01 6.456227992188254827e-01 7.393069664068558922e-01 7.510234722865546386e-01 4.189613873774722941e-01 2.784961853825512756e-01 3.275528229043296879e-01 1.628400971687045673e-01 4.590393783758205393e-01 4.294903661208031020e-01 3.903851846208205578e-01 5.220908781007809196e-01 2.983513723403068973e-01 9.280549814195691860e-02
7.488000000000000000e+03 2.285718303078874691e-01 2.602825034630559253e-01 3.918997927914768531e-01 5.437509620118817777e-01 6.519572843942142981e-01 7.627293944126757319e-01 8.189146970174401297e-01 7.153338805493796304e-01 7.111392060100658608e-01 7.235094620223018191e-01 3.183509592023426316e-01 2.826211887713635518e-01 3.501464631866476052e-01 3.871012643354249660e-01 2.142813871792374758e-01 2.416590558679272416e-01 2.408571915033192734e-01 4.154085429895278958e-01 3.666503641198576857e-01 5.134699349237942245e-01
8.211000000000000000e+03 2.350232533793959744e-01 2.502067073085653126e-01 4.580731368005463988e-01 5.535015712005783017e-01 6.430711805407259840e-01 7.500385133948994643e-01 7.719278514497677213e-01 7.496391857117484792e-01 6.966437538853624822e-01 6.962924449379451763e-01 3.259133559967083982e-01 3.141832706313246737e-01 3.384428640979433855e-01 3.078586073983350935e-01 2.852550537546336140e-01 3.659746728736862909e-01 3.775440131376037178e-01 3.430621295851490338e-01 3.127387821018942637e-01 3.888582848547050275e-01
8.970000000000000000e+03 2.179646353702946182e-01 2.533603426380280910e-01 4.680158262407660419e-01 5.499377717212418082e-01 6.571870852224734882e-01 7.571781898126043187e-01 7.557214384723035527e-01 7.519850045256576410e-01 6.817604631280155258e-01 7.138180501515271059e-01 2.803533341221634001e-01 3.645026896137442685e-01 2.750034965084791061e-01 4.441410815849142768e-01 2.765469272848445348e-01 2.717917210044505927e-01 3.093488668608190273e-01 5.933584398063401766e-01 2.952541473177329734e-01 2.640364250690884762e-01
9.022000000000000000e+03 1.624364081668310256e-01 2.613415960257978732e-01 4.528493270803582993e-01 6.208311054442311461e-01 6.692626882334796745e-01 7.520011245928217569e-01 7.900840114548111082e-01 7.019858243175782775e-01 7.328210564537881444e-01 6.919182114907791448e-01 2.730283825416075505e-01 3.005424893052506818e-01 3.898075805598164023e-01 3.674521024544897263e-01 3.271026066213398864e-01 2.580755732927637602e-01 3.099014103624046501e-01 3.851761263306379135e-01 3.567798071195996679e-01 3.818518514618060578e-01
9.903000000000000000e+03 2.496561835306140842e-01 2.750244991343025469e-01 4.651642547002915462e-01 5.522532637896983010e-01 6.334655657912242610e-01 7.377595423036508171e-01 7.672210526350434767e-01 7.395316735679501319e-01 6.796351577029072777e-01 6.941101045978866901e-01 4.105517624687922140e-01 3.685826493417350691e-01 3.720461942141171097e-01 3.011101471860767598e-01 3.340863422457616694e-01 4.447419804987985392e-01 2.797328715991734827e-01 2.694188549881155192e-01 3.103101427303284754e-01 2.809109155223593612e-01
9.916000000000000000e+03 2.171197451608758711e-01 2.598393581209154091e-01 4.179668032960323631e-01 5.185054045125415678e-01 5.842273866539839933e-01 7.455612734259001728e-01 8.042104146396853448e-01 7.926551532751352491e-01 7.313338313584991646e-01 7.221481094842826520e-01 4.547044453989231849e-01 4.818136349067443369e-01 4.244415982544559318e-01 5.391174100434548144e-01 4.498704554452125359e-01 4.265571353275596223e-01 9.383999820468778841e-02 1.701872650829467648e-01 2.269605874172248572e-01 1.571472321263825134e-01
9.917000000000000000e+03 2.222548143716696345e-01 2.562169144228640394e-01 4.419964984452455226e-01 5.119029529845896542e-01 6.234547412377814402e-01 7.652641592887196031e-01 7.708944154407941785e-01 6.901433400032818133e-01 7.214196720026719856e-01 7.738109113979133591e-01 4.870480643738044346e-01 4.297564965902437306e-01 5.402915988936783931e-01 4.781893912043828077e-01 4.467453401667657586e-01 9.699266320917759865e-02 1.818787431492430717e-01 3.016843195244345854e-01 1.332935812907177775e-01 3.364604640235637212e-01
1.047200000000000000e+04 1.822139451663866427e-01 2.265508343203901376e-01 4.303120476910324288e-01 5.227568861324018989e-01 6.152475213306782820e-01 7.583195510367848335e-01 7.899623220906341059e-01 7.062838058211929892e-01 7.791485480133670816e-01 7.777449941249365839e-01 2.686828051943961349e-01 4.090165017700939099e-01 4.240078261721281216e-01 2.772506587222680063e-01 2.326083760976537240e-01 2.610597789288312542e-01 2.642833383222407129e-01 4.930566783133766839e-01 3.827270769354315094e-01 3.247014670468602593e-01
1.048400000000000000e+04 2.329890015869002518e-01 2.841653374302898771e-01 4.501868730637447746e-01 5.422892385125266390e-01 6.048425644980144344e-01 6.871627492548685323e-01 7.320513463286369982e-01 7.350629881244159503e-01 7.306737276970930450e-01 7.548156324339975187e-01 3.304419633341999507e-01 4.183610297938135658e-01 3.486196958907626930e-01 3.121256955069753869e-01 2.635073434069483689e-01 3.408878080935681676e-01 3.398540175104420302e-01 3.107508268203440505e-01 3.995420856745526272e-01 2.776613109146906511e-01
1.073100000000000000e+04 2.457462925831396805e-01 2.397669609945052571e-01 3.811833485916254483e-01 5.264478613304951482e-01 6.271309864425300695e-01 7.556041306734104790e-01 7.330075968539062625e-01 7.001994028067908271e-01 7.794239033297297725e-01 7.732264986304652199e-01 3.716805450404503386e-01 3.950104672669136896e-01 4.477124161455437457e-01 3.826587175278117758e-01 2.857468246972367232e-01 2.557729257956908309e-01 2.306511806911201445e-01 3.177490145554858758e-01 3.308719481850341815e-01 3.437580420091256306e-01
1.073200000000000000e+04 2.116995129391609498e-01 2.287855219142192476e-01 4.568268349568627706e-01 5.597488124059104564e-01 6.427414816172966061e-01 7.002047998201536005e-01 6.752950504824164479e-01 7.546449429064051584e-01 7.879505815253807777e-01 7.468408537738043806e-01 3.884081122678041398e-01 4.409498040614371339e-01 3.730290603121755311e-01 2.954466426940686175e-01 2.606313782176705729e-01 2.319100594964934592e-01 3.303020149899054680e-01 4.277988459804967225e-01 2.836278313890833735e-01 3.362172542574684009e-01
1.127400000000000000e+04 2.204393273859570068e-01 3.177841049219380376e-01 4.633641970513939223e-01 5.395510319619983841e-01 6.233632102345342263e-01 7.703003976259151786e-01 8.011713589698310489e-01 7.500132835079116322e-01 6.348524975819674898e-01 6.933932218830682892e-01 3.475755223632699398e-01 4.903083286002589136e-01 3.337412032892497771e-01 2.748290654092537810e-01 2.647327955667190258e-01 2.511746347068190000e-01 4.114736339076626170e-01 2.966715785114633075e-01 3.702376257266125070e-01 3.057768520064823026e-01
1.140500000000000000e+04 2.170062314381221991e-01 2.483148673800415485e-01 3.902767296839594335e-01 5.037109999019351303e-01 5.714590268602924850e-01 7.451299442097568670e-01 8.530566139948828619e-01 8.130354622313051838e-01 7.182891741280403863e-01 7.379826811122864871e-01 3.767911170051571057e-01 2.970563731817844055e-01 4.511409325415438598e-01 2.783395895182649293e-01 2.573360402360173049e-01 3.288808301317038274e-01 3.186834700657584785e-01 3.463390782925609979e-01 3.832198765955689979e-01 3.048874204222142836e-01
1.140600000000000000e+04 2.143211143505007465e-01 2.320007585792643046e-01 4.309891376837369226e-01 5.026442921698385247e-01 6.256371490295496995e-01 8.196040725372657487e-01 7.966590603805221438e-01 6.771855175505543389e-01 7.417263780735946499e-01 7.585806690951627518e-01 3.031137362706583516e-01 4.610911815244501666e-01 2.815739041710840773e-01 2.761113478521440290e-01 3.477270131679822129e-01 3.325264157327806336e-01 3.736105907828554673e-01 5.141803723940399085e-01 2.610508910891314871e-01 2.331098998208632478e-01
1.141600000000000000e+04 2.043081128811141123e-01 2.040362521538802987e-01 4.089631688473554516e-01 5.205636638257286064e-01 6.262767225683171235e-01 7.664035343326779381e-01 7.883419677304623896e-01 7.467553155826082145e-01 7.474903575823715896e-01 7.792603317749974279e-01 2.795005124410036013e-01 4.643839287099697510e-01 3.131927393293289508e-01 3.280791944557269191e-01 2.642983249360346676e-01 2.238168954107862541e-01 3.734732658959471485e-01 4.937297797532422261e-01 3.020072045660216475e-01 3.223347960886809860e-01
1.151900000000000000e+04 2.013501350458949402e-01 2.876529527414274923e-01 4.563628274676401197e-01 5.501773353494696650e-01 6.123971712658793365e-01 7.421742832534422574e-01 7.540697798814184338e-01 7.508631247344957904e-01 7.092209392996075001e-01 7.274418311344788002e-01 4.456848633843713547e-01 3.627453821421745550e-01 3.140106021532242941e-01 2.998396677501557472e-01 2.675001871340519921e-01 3.028574949119883231e-01 4.133124168229485584e-01 3.948961988371921250e-01 3.043038498973908434e-01 2.627999891967975343e-01
1.152000000000000000e+04 2.474114606600308353e-01 2.950176888946292597e-01 4.726638972317238063e-01 5.405089809400297485e-01 6.235206234707375561e-01 7.157400748514219924e-01 7.266080605340669019e-01 6.672202423758258893e-01 7.300116862214968139e-01 7.382979144423217344e-01 3.896444047620634121e-01 3.378493399242011863e-01 3.193074048026935396e-01 3.021418513958079033e-01 3.370996678384770573e-01 4.540021698955112872e-01 4.484434807014701652e-01 4.298195302822198083e-01 2.368766860208975367e-01 1.477752703248948751e-01
1.153200000000000000e+04 2.729790659527586705e-01 3.032314623062565828e-01 4.884082311148656430e-01 5.688499493570126075e-01 5.938946023810038888e-01 7.151088552996808234e-01 7.617373539941504346e-01 6.980677726626672852e-01 7.243278239892497750e-01 6.505930288089628588e-01 2.606914671955140039e-01 3.592510724198954009e-01 3.122019516264759043e-01 1.928919718010541628e-01 3.489221869614950178e-01 3.085968886658588817e-01 4.063407431838386707e-01 5.447618396879524427e-01 2.753440406040671973e-01 3.564642930040339275e-01
1.171600000000000000e+04 2.297548890168709668e-01 2.396898314239559180e-01 4.202547588866003547e-01 4.883423170669949354e-01 6.092523296435928826e-01 7.800010119467163383e-01 8.153274789914370935e-01 7.251749669727397540e-01 7.446645595138159379e-01 7.397909703190224118e-01 3.846278894971550399e-01 4.521929329817983012e-01 3.672478319912651501e-01 7.628489250087423512e-01 1.601004695145049617e-01 2.208048798223380682e-01 3.352023393263295903e-01 2.827111071133007747e-01 2.520468231443999674e-01 1.973952386953850002e-01
1.236600000000000000e+04 2.800803847084450959e-01 2.847773721361366861e-01 4.436301598819442638e-01 5.540022897495593401e-01 6.138590368251237717e-01 7.040909670647614860e-01 7.369082393613740622e-01 6.938285030033607415e-01 6.987781420031969892e-01 7.411285144454170526e-01 3.675358415047965677e-01 4.726292693631681807e-01 2.975923452884410847e-01 2.966805104405801363e-01 2.126073580065572788e-01 3.761084022523799031e-01 2.969544936317217165e-01 4.281966565363217736e-01 3.540082967803633296e-01 2.496488188250176599e-01
