3.120000000000000000e+02 3.304109046681432127e-01 3.387805496255667514e-01 4.979161301745877455e-01 4.856019921977098308e-01 4.966790796722718171e-01 5.540878440604615207e-01 6.306514630595850823e-01 7.152365705477635727e-01 7.951270747358101243e-01 7.868882542360443599e-01 1.011297341941395922e-01 3.838263681167285446e-01 4.085456276396113307e-01 4.028901775376835803e-01 7.940717358956942418e-01 3.982312565902886292e-01 2.116387885772924859e-01 3.807821209140311858e-01 1.950720069514103594e-01 1.609996164883393532e-01
7.450000000000000000e+02 2.860025509998534443e-01 3.329811998576294729e-01 4.834253257404559911e-01 4.286529114051614853e-01 5.234984882001101347e-01 6.315439412793641960e-01 7.118465668023870041e-01 7.424592582382293360e-01 7.843241420885760373e-01 7.611375789293439720e-01 1.964964946211571195e-01 3.124633421372089992e-01 4.910811260443144755e-01 4.907754398400032136e-01 2.790696919715500712e-01 5.001295043194174950e-01 2.889810318988021431e-01 2.961123755844564664e-01 2.537627455000817100e-01 2.944972599576571870e-01
1.194000000000000000e+03 3.281115229049671456e-01 3.484981332563670264e-01 4.983595000370535377e-01 4.597855396365447822e-01 4.120815465063799587e-01 7.096695462239346330e-01 6.595009366540922624e-01 6.460550448940347579e-01 7.738091869900657338e-01 8.086846243761974806e-01 2.799751025758999146e-01 2.782654288675059928e-01 2.848879256583765063e-01 4.869823679172206599e-01 4.274539074458614807e-01 4.088835095855228308e-01 3.034550234365867016e-01 3.330639679410942744e-01 2.267178136955547429e-01 3.712118671678604764e-01
1.770000000000000000e+03 3.110303370750934215e-01 3.668916665926805765e-01 5.224141612340044150e-01 4.991194862826384693e-01 3.951588733286074406e-01 5.565748638539125270e-01 6.563072578710250626e-01 7.432949281675121922e-01 7.544711143895833638e-01 8.152872754675010158e-01 2.140306285798681818e-01 4.018791968715890728e-01 3.200760080963140908e-01 4.303224687538566573e-01 4.635299805640035742e-01 3.610846137565807967e-01 2.553582475180838918e-01 4.342515369023441929e-01 2.132303598432728486e-01 3.131368665982048882e-01
1.896000000000000000e+03 2.785846503278837094e-01 3.161730978542625636e-01 5.068753405017639713e-01 5.109367775960219626e-01 4.925407585354412698e-01 5.692830947907732142e-01 6.597986653629412945e-01 7.306075391440054467e-01 8.055842384012679158e-01 7.883546471995281912e-01 4.332429752799709655e-01 3.961782156587381198e-01 3.400110959475142192e-01 4.743329388028661997e-01 4.560231172076631978e-01 3.185427584608189200e-01 2.096948145410517661e-01 3.279661360693275629e-01 1.819109080569124015e-01 2.818084112916718342e-01
2.058000000000000000e+03 2.690524368492998586e-01 3.554617268916819839e-01 5.127226452727130512e-01 4.475714385316333366e-01 5.034355036182894816e-01 6.868226986149633673e-01 6.751364294147099709e-01 7.046953333966262667e-01 7.313199674918861026e-01 7.986812617833645156e-01 1.770392171557662597e-01 4.667211698362958017e-01 2.432046139282491581e-01 5.328830675966059749e-01 4.690527115977399797e-01 3.203461857299390592e-01 2.230984991962529362e-01 3.451457328680385128e-01 2.034768345345983054e-01 4.257105142615745241e-01
2.059000000000000000e+03 3.063916470657238600e-01 3.515586343363997779e-01 3.852834450127285426e-01 4.452632639782873047e-01 5.750303783617397579e-01 6.367741347954321007e-01 6.782789016531293180e-01 6.966747407873303821e-01 8.158905473132292974e-01 7.835652929708907255e-01 4.273912921338086091e-01 2.230742297564456134e-01 4.837843307444483210e-01 4.516567839365953074e-01 3.039671680295875644e-01 2.088923232643371541e-01 3.341221055257821426e-01 2.450013195852422665e-01 3.271093101040502549e-01 3.618603330516581007e-01
2.228000000000000000e+03 3.647288667920894900e-01 4.122305067164163672e-01 4.257617758820204101e-01 4.162619309375449328e-01 4.481929640775271784e-01 5.559810311558724960e-01 6.324435728975662530e-01 7.611911279138687814e-01 7.906297685309309209e-01 7.954098269638840701e-01 3.277040186698480517e-01 3.892542494007317222e-01 4.386537358861050673e-01 3.880222259455090028e-01 3.108964894360691789e-01 3.290412236732762619e-01 3.052050688133290390e-01 3.802208147844968744e-01 2.653171745802893611e-01 2.568488700588569817e-01
2.713000000000000000e+03 2.862399343248003269e-01 3.420139683321232749e-01 4.262878936289849485e-01 5.109218833918484082e-01 5.170152709484142628e-01 6.734237042111901328e-01 7.388598284092405821e-01 6.916232665311340400e-01 7.542484867382182046e-01 7.648968431749250119e-01 3.583602713318113087e-01 4.074634558031730580e-01 3.492469501354426575e-01 2.531431496418058980e-01 7.044186249407070610e-01 2.211692012991212930e-01 3.229043262842454243e-01 4.022626505181912115e-01 2.033034842221188299e-01 1.924334506429032365e-01
2.714000000000000000e+03 2.978073579135747107e-01 2.729017420956182938e-01 4.446214534015000552e-01 4.613008815632458348e-01 5.663223489872722949e-01 7.083963618313081634e-01 6.674216610771714908e-01 7.269497568873894977e-01 7.797071299806304090e-01 7.776193984081012367e-01 3.987724934835825130e-01 3.423577941562608862e-01 2.456148532733295475e-01 7.249136886705551674e-01 2.243334570137864026e-01 3.231497751262649154e-01 4.161907710495690860e-01 2.616276406973369051e-01 1.580225242681005671e-01 3.371425775299344285e-01
2.801000000000000000e+03 3.153189539865934310e-01 3.714757401428446237e-01 5.542454953609412538e-01 4.390933104329765579e-01 4.483436973146731619e-01 5.632601506037090422e-01 6.539753735912997579e-01 7.128834201728573294e-01 7.718681597890215684e-01 7.944678367363948723e-01 3.063920190194240889e-01 2.730319567917031121e-01 3.108262264903300931e-01 4.350601285741485524e-01 2.360727493615376038e-01 9.317364571893232972e-02 4.523287245452565219e-01 2.496459985234549539e-01 3.358191530709134787e-01 6.440329952936149072e-01
2.906000000000000000e+03 2.632521287775437258e-01 3.178097696793944493e-01 4.822051538593805087e-01 5.927626290340910487e-01 3.847297544145329984e-01 5.760903800014764986e-01 6.859379144761463820e-01 7.502577658073311673e-01 7.794814239184559845e-01 8.209757119322074193e-01 2.585359184151720391e-01 4.267625329257735411e-01 3.346428502423339779e-01 4.100175088541276880e-01 4.710903078837687108e-01 3.686224838668902826e-01 2.322893235728157035e-01 3.604375906137660124e-01 2.242966136493292628e-01 3.167760345609313410e-01
2.969000000000000000e+03 2.306763230032910506e-01 3.113273197329483044e-01 4.747697936426141241e-01 5.434364550793983062e-01 5.292931616017260144e-01 6.558344417224982736e-01 6.783569308986865387e-01 7.062739592008938638e-01 7.815860073064228031e-01 7.940618097042847490e-01 2.460734545125126405e-01 3.669664281148787843e-01 3.440589536313708452e-01 2.859319963210067983e-01 6.760715211633629984e-01 4.155356391211293410e-01 3.447682733343028771e-01 3.491194101192858779e-01 2.228866954986838678e-01 1.656996968355961275e-01
2.991000000000000000e+03 2.786181212126332407e-01 3.674116234365080724e-01 5.253909144339082848e-01 5.959347109582996405e-01 4.030766337119874865e-01 5.705769183419977519e-01 6.895572832509437866e-01 7.425525458289156111e-01 7.655452617639866286e-01 7.322402377533435702e-01 3.788000654972681347e-01 2.905052726323660295e-01 2.769590500891866980e-01 2.990437847270841498e-01 4.133905711361341440e-01 2.238896499831678488e-01 4.812108136987507390e-01 3.254920666277823504e-01 2.947586404466480681e-01 3.821712815536235652e-01
2.992000000000000000e+03 3.199690505517723826e-01 3.679432225708488269e-01 5.212400371000327493e-01 3.591508055568436442e-01 4.699621037629139186e-01 6.580379055855128945e-01 7.270743324329339563e-01 7.415939471193501165e-01 7.430405099799595181e-01 7.598818477026402229e-01 2.923860120263040985e-01 2.792081875793916423e-01 2.983920976644982015e-01 4.375011680823079896e-01 2.335418338768531776e-01 4.952691898126466707e-01 3.463316092735697072e-01 3.900954518676890137e-01 3.227598717181037746e-01 2.755412648063819137e-01
3.207000000000000000e+03 2.533559021921156784e-01 3.185731673470028613e-01 5.033429865201489717e-01 5.362643788562562186e-01 5.110035376132007201e-01 6.335406376678539564e-01 6.965540503583398380e-01 7.103203682191236989e-01 7.819059287129437319e-01 7.569273325638081751e-01 2.394029598455148511e-01 4.315149295160030096e-01 2.663102660742316385e-01 3.780832448391439615e-01 3.429389723498821319e-01 2.760440886045978370e-01 2.792751883613842079e-01 5.003379271669601280e-01 3.012149018478109674e-01 3.510759846917154148e-01
3.231000000000000000e+03 2.716776015287601376e-01 3.237774533244092701e-01 4.966956485238215313e-01 5.432678934637339419e-01 4.646503794526027353e-01 5.501839471826963646e-01 6.574382946921417670e-01 7.785760007780120340e-01 7.991861552297393478e-01 7.755254594426226333e-01 1.498933526524640070e-01 3.727456087316581290e-01 3.329461301895039749e-01 4.135287359320228839e-01 4.523554909834895943e-01 3.029931681277249766e-01 2.028085346029989966e-01 4.809325904181732669e-01 2.946461988739270121e-01 3.712292600431587597e-01
3.718000000000000000e+03 2.642887786019237906e-01 3.333354989601434726e-01 4.653505486542744429e-01 5.235170816530798632e-01 5.043912612419458874e-01 6.179086223129771627e-01 6.899878260363858651e-01 7.110349608616889361e-01 7.797028760087408861e-01 7.924367534220592146e-01 2.142662463006512197e-01 3.510600486095206696e-01 3.176521027624149007e-01 3.964602265647501067e-01 4.906887882970302761e-01 4.160600332429901238e-01 2.156165782327873481e-01 4.101641507843943879e-01 2.518782762685347620e-01 3.288949091094222066e-01
4.202000000000000000e+03 2.471930702311075922e-01 3.276735915704694357e-01 5.439538222113720067e-01 5.726781872454380640e-01 3.977932287341843232e-01 5.351807366894746343e-01 6.717161778628247815e-01 7.080677241292333557e-01 7.999269514620644950e-01 8.332136856532950109e-01 2.388934785346185918e-01 5.176288760238004771e-01 2.960736620830911603e-01 3.503523414897213306e-01 4.058295440225114237e-01 2.763685920665354123e-01 1.872321671168693247e-01 4.791592071190940438e-01 2.904844580230818152e-01 3.300197480307230924e-01
4.323000000000000000e+03 3.042708620601210501e-01 3.966933465224820599e-01 5.644418295393119900e-01 4.040525775084547466e-01 4.546464833432062869e-01 6.241535207479392833e-01 6.791384765679606694e-01 7.271617584126631728e-01 7.538980735226386010e-01 7.478800818101191128e-01 4.848550610325668142e-01 3.083429019808899274e-01 3.010846786820233212e-01 4.114043853369136472e-01 2.486715845863183005e-01 2.129433911817819602e-01 4.832733734368588330e-01 3.818160375696285080e-01 2.702836943816848692e-01 2.789518038385425114e-01
4.373000000000000000e+03 3.524305041722562981e-01 2.786347212412660368e-01 5.155526243728715263e-01 3.901584126150453025e-01 5.305381872081034178e-01 6.530346938224699249e-01 7.331063407085064432e-01 6.763123912447456254e-01 7.695381055850349927e-01 7.706201849396623338e-01 2.408845724332292493e-01 4.289606046312605114e-01 2.914920221207276119e-01 4.292377826863006396e-01 6.612133016728362067e-01 3.893785832437746675e-01 2.857207290761534235e-01 3.489168524502783697e-01 2.041078767243451053e-01 1.498135951334161609e-01
4.374000000000000000e+03 2.483288261476995773e-01 3.611623997872368541e-01 3.417041196790454038e-01 4.781295768756089193e-01 5.518649391471287524e-01 7.075494925880208008e-01 6.549202528924662481e-01 7.491305568311760199e-01 7.900872561570055908e-01 8.170555000223973519e-01 4.128649483407517140e-01 2.810144187095113266e-01 4.095812044167192467e-01 6.691932049804708571e-01 3.882991200177526303e-01 2.812018300907221935e-01 3.550228103876593155e-01 2.583144106645599014e-01 1.209838346775221340e-01 2.759229581701931333e-01
4.417000000000000000e+03 3.329016458637946152e-01 4.044999159524119148e-01 4.817399755872019407e-01 5.484108096526402187e-01 4.852502667007003723e-01 5.513071805317686369e-01 6.382604817407839803e-01 7.293878786202977471e-01 7.439032764682422805e-01 7.340612356609548250e-01 4.357021474401395200e-01 2.928854566129705517e-01 3.158775766244969474e-01 3.609679474435553148e-01 3.177149716870373286e-01 3.363258121859389327e-01 4.755167493065011741e-01 3.297095921213922809e-01 2.129305133250136428e-01 3.215060982321455985e-01
4.418000000000000000e+03 3.545433690170419205e-01 3.311637880982351012e-01 4.839416914965061767e-01 4.392793679018163755e-01 4.574661250642412247e-01 6.099802602319951417e-01 7.179544787089446878e-01 7.215013436227387666e-01 7.495714215851965179e-01 7.815545662475533728e-01 3.030184918802551475e-01 3.273404008642237240e-01 3.702451619266203808e-01 3.456411769357757291e-01 3.605454323262634597e-01 5.030875538105112899e-01 3.606255222085064105e-01 2.896816091612445798e-01 2.791142655319049926e-01 2.503315949908190841e-01
4.878000000000000000e+03 2.889764564743934616e-01 2.986962594123697690e-01 4.840940908630175787e-01 5.297283963239989291e-01 5.349149699758044552e-01 5.810818288295991341e-01 6.181323048456655034e-01 7.224780015885665652e-01 7.938393304093851466e-01 8.061030668016102574e-01 1.692441837337026467e-01 5.184325108117144865e-01 3.921970850777106721e-01 3.478691841839531840e-01 3.604288280303665770e-01 2.713299148145756901e-01 1.979244666170032474e-01 4.999494642021039548e-01 2.910323942252647789e-01 3.256169024899921438e-01
5.149000000000000000e+03 3.483039595185892234e-01 3.517586013003114465e-01 4.712075724671929144e-01 4.212056354092295063e-01 4.918729758361521931e-01 6.169925980018281519e-01 6.638434496770937443e-01 7.386936816995632871e-01 8.055382641634397656e-01 7.411719778287381155e-01 3.134198521925932179e-01 4.186212102523395040e-01 3.711875256433453396e-01 3.567153931462499483e-01 2.835798274463994795e-01 3.769227023830380996e-01 4.431092375428415941e-01 3.231229667305882125e-01 2.241036214680337257e-01 2.905230230219180698e-01
5.351000000000000000e+03 3.607857580043413170e-01 3.742543228298241265e-01 4.503444685746308962e-01 4.324079048172229101e-01 4.389163758380422165e-01 5.866727492430721114e-01 6.675516099713924012e-01 7.184982295921745754e-01 7.971101684492700734e-01 7.908045226094159164e-01 2.313940341123331412e-01 4.463901506657108609e-01 5.481275188612532157e-01 3.855960975878885422e-01 3.642273987774804489e-01 3.041519084015826824e-01 2.176091609057737020e-01 2.660342084283922603e-01 2.951084623474234392e-01 3.246953022813039991e-01
5.396000000000000000e+03 2.442579527494175284e-01 2.615324969436582658e-01 4.440682212120753425e-01 5.383706860738871613e-01 5.334654904734371650e-01 6.756137072470618232e-01 7.607705605132006887e-01 7.044556602035448867e-01 7.870060425662009918e-01 7.791569842753912623e-01 2.953338840135342203e-01 3.019899787198637719e-01 2.725453670997595168e-01 2.262549723015005454e-01 5.999932510314973655e-01 3.661923852464638030e-01 3.285778765864957318e-01 3.812527941404617038e-01 3.538190628092146017e-01 2.345552276632303645e-01
5.517000000000000000e+03 2.602017112112431918e-01 3.065352054886956168e-01 4.680468628647124762e-01 5.156874087858401845e-01 5.393907655973975146e-01 5.942300922756660331e-01 6.581165025861044349e-01 7.323869646568769154e-01 7.886768433162016922e-01 8.121644447186381344e-01 2.969555194361349626e-01 6.369381362771679989e-01 2.139790253240536622e-01 5.108768583955376474e-01 5.619708142477298773e-01 3.929990488945343530e-01 3.504228012574222006e-01 2.615830089995743180e-01 8.772166127470196195e-02 1.554430733044666890e-01
5.565000000000000000e+03 2.922610425248307608e-01 3.515047391335057170e-01 4.832017398428832267e-01 5.167715273350331762e-01 4.965215643523521183e-01 5.855042352287885832e-01 6.533979543426854386e-01 7.120346563223686198e-01 7.840665313739134668e-01 7.828158764901177458e-01 1.074672905086996033e-01 1.718220273000920506e-01 2.894074775422360579e-01 4.547496313659956102e-01 5.179120342201742888e-01 4.511694021032112145e-01 3.566184652950157297e-01 3.223666031443888635e-01 2.677481215617966703e-01 4.469346555196189175e-01
5.566000000000000000e+03 3.039798520929163916e-01 3.246881592549578088e-01 4.476336935572773901e-01 4.402189161956218122e-01 4.798417234721520930e-01 6.152340010369650170e-01 6.879942993983173549e-01 7.593777187019308261e-01 7.985006744134574008e-01 7.995650930435473924e-01 1.535951261950225799e-01 2.591293025835735286e-01 4.030150037299618515e-01 4.868250472418059749e-01 4.178474871892772224e-01 3.259707836815745052e-01 3.046325192689910422e-01 3.147081381898358399e-01 3.352356383910793935e-01 3.697646484257902655e-01
5.590000000000000000e+03 2.358814667513419727e-01 3.278957425424194883e-01 4.637071181164165723e-01 5.344039030226457321e-01 4.558177293939053576e-01 6.329691254176355031e-01 7.136858530766895248e-01 7.398935264340336104e-01 7.947109823786926430e-01 7.924635191823589109e-01 2.464197673552278589e-01 2.468492961370858385e-01 2.908571290775978646e-01 3.259451437492342785e-01 4.553705515749448263e-01 4.953871074320577716e-01 2.422704788806356591e-01 4.344594129681904060e-01 2.970226571132138504e-01 3.375217908549065782e-01
5.634000000000000000e+03 2.496477029122965430e-01 3.126227016890200106e-01 4.843148724616574419e-01 4.205908542348208434e-01 4.993862577184616236e-01 6.325254609828702135e-01 7.027082676242220050e-01 7.155421317468781961e-01 8.325883265851489190e-01 8.205294893067921480e-01 1.180174012726786237e-01 1.737333887738693461e-01 1.374830745734929305e-01 9.269137813228964795e-01 2.589142418982315896e-01 1.493766884464954037e-01 2.780616143819062414e-01 5.231039573727450653e-01 4.119555409682918445e-01 3.743289451632945131e-01
6.040000000000000000e+03 2.980902096931186129e-01 3.534362527664646758e-01 5.306225284689974897e-01 4.262628264479155216e-01 4.391815671465783000e-01 6.119128702298208822e-01 6.807999755653664220e-01 7.507832454860084992e-01 7.770264163605851149e-01 7.818877268753172682e-01 3.040254087443934883e-01 3.982477502667703395e-01 3.448863664847302002e-01 4.073912393583105085e-01 4.591005519067547502e-01 3.707322348371395182e-01 3.381931110623508374e-01 2.910698304276146953e-01 2.217325617439945273e-01 2.741014401210514206e-01
6.344000000000000000e+03 3.830239820803746364e-01 4.024816524240733551e-01 4.591181028836522349e-01 3.220714039592869615e-01 4.244223106946619639e-01 6.074565940169214251e-01 7.019569086940203873e-01 7.784252966456233214e-01 7.851133549789370836e-01 7.554976508053934392e-01 2.692262914266925211e-01 2.940635986724411954e-01 3.700936134913936915e-01 4.823574968826758735e-01 4.071445507552433618e-01 4.646443747794378742e-01 3.232598740185959607e-01 2.893834512791713109e-01 2.435997756764206879e-01 2.639834440598244347e-01
6.571000000000000000e+03 3.123299466098473642e-01 3.683412916268568593e-01 5.721955074977953526e-01 5.177665346199130658e-01 4.435713761667136046e-01 6.202390155993829923e-01 6.876425266384953439e-01 7.225238847493505867e-01 7.494722690809767496e-01 6.875849011965757818e-01 2.266357926397434830e-01 4.146175947980866305e-01 4.595559004690893956e-01 4.486508250851521939e-01 4.079393355624836293e-01 4.713561960049668098e-01 2.431137315820532663e-01 2.022126357656244544e-01 2.133609784884326621e-01 3.275920556102577819e-01
6.573000000000000000e+03 3.691065517764717807e-01 3.127808951282373684e-01 3.591703849146097860e-01 4.800317471526400759e-01 5.700606048371011925e-01 6.931785076043844862e-01 7.231609437985928590e-01 6.710498225604143441e-01 7.168766328948744659e-01 7.917446713892885013e-01 4.372320537917215866e-01 4.231886411213142130e-01 4.039513147548279282e-01 4.877594025383931720e-01 2.447164513418197407e-01 2.076325126527623632e-01 2.817250627567795540e-01 3.433292892835724808e-01 2.505040332192986496e-01 3.115600734206274702e-01
6.857000000000000000e+03 2.589727296953703295e-01 3.021753547649093097e-01 4.828415790125435980e-01 5.050815573112453771e-01 5.186638441718397496e-01 6.330663065739112749e-01 7.127102289507175614e-01 7.337408412682313585e-01 7.643436405969727954e-01 7.866357556519744110e-01 8.045849453292083786e-02 2.212931445117289064e-01 2.733877164932763115e-01 3.325174718418430486e-01 6.081323361423621732e-01 3.818546857540340844e-01 2.123108034683650336e-01 4.903776466239972431e-01 4.058328727355733911e-01 3.351569085271445259e-01
6.920000000000000000e+03 2.281545388910339034e-01 3.306815741735337211e-01 4.309638499513942511e-01 5.267553715980332063e-01 5.067384900862785813e-01 6.488684155297318457e-01 6.505643197499993979e-01 7.540017074125185959e-01 8.034185996720006884e-01 8.103298017943815212e-01 3.191150176632867597e-01 3.304168865554016343e-01 3.481206716043265814e-01 2.657329596910568137e-01 5.913074265643135652e-01 4.598765648478255197e-01 3.691021525205941956e-01 3.737664106386957563e-01 1.824177045329057056e-01 1.842615102073940359e-01
7.133000000000000000e+03 2.775492783144314912e-01 3.409002885760175072e-01 4.962012802664121924e-01 5.335944431142128908e-01 4.000690184042053343e-01 6.150191546531786901e-01 6.758602716563925084e-01 7.138057954124447102e-01 7.770137240066455897e-01 8.190863160288246458e-01 2.015554915479467191e-01 4.129904487159667958e-01 3.563680152452673999e-01 2.783840048453676275e-01 5.441832433703709393e-01 4.288968957557664496e-01 2.026404085626445639e-01 3.996069849133824792e-01 2.708623844093555055e-01 2.911067902280563002e-01
7.349000000000000000e+03 2.674248487878680969e-01 3.248688983547917131e-01 4.956190432337802543e-01 4.994289796376409352e-01 4.817162467326338016e-01 6.074550845648859498e-01 6.815331745148663911e-01 7.578586268442842888e-01 8.085940097073688326e-01 7.562578685029789360e-01 3.569448256641192252e-01 3.458333578723706281e-01 3.407870682990967737e-01 4.362733369649480775e-01 3.303090662547584211e-01 2.535159826007983841e-01 3.467511067275120262e-01 3.924709766789479803e-01 2.344205583105921642e-01 3.549073212731111426e-01
7.367000000000000000e+03 2.715484706564612050e-01 3.591343962527837608e-01 4.935334883704242115e-01 5.013385040255439185e-01 4.312392265397853031e-01 5.752103873622445018e-01 7.238664518712869533e-01 7.541179573004112013e-01 7.716333646138078262e-01 7.827098521139539411e-01 2.392911471598969109e-01 2.058184986863145494e-01 2.914253333327302409e-01 3.536689331986355156e-01 4.440383753496996988e-01 4.282390368408108272e-01 5.169104396851160743e-01 3.892823552668823184e-01 2.533497105186254816e-01 2.735625464078544899e-01
7.473000000000000000e+03 2.728478116214521076e-01 3.214952686689507289e-01 4.731070939151738042e-01 5.507961153703392343e-01 4.593293234523392332e-01 6.380207731664382376e-01 7.045136870328867484e-01 7.013777034107663289e-01 7.791605681904044678e-01 7.829412203310028850e-01 1.369321024970412415e-01 4.058891772207641746e-01 3.928147715579645149e-01 3.682891865232543194e-01 4.951425561142811516e-01 3.591130630688179060e-01 9.164404868828480988e-02 5.262016897196846177e-01 2.916976103656560015e-01 3.110909614112775112e-01
7.492000000000000000e+03 2.896237389486482905e-01 3.317725240517191421e-01 5.117503756460414222e-01 4.727628009752759541e-01 4.853213042043067471e-01 6.171883963887048186e-01 6.282089450294026101e-01 7.361617405553717575e-01 7.438492768603189864e-01 8.317524508462421640e-01 1.687096997716944491e-01 1.971794143535348653e-01 2.006273599553737297e-01 3.688970275440570101e-01 4.071438402606099016e-01 4.617856611892263707e-01 4.179429513609686508e-01 4.402500064077704556e-01 2.494858560150385873e-01 4.660355236825643455e-01
7.558000000000000000e+03 2.505395142402406239e-01 3.012761154454547952e-01 4.896770485857580568e-01 4.896009866117316256e-01 4.563384352411093969e-01 5.589964071068612705e-01 7.065263021939615085e-01 7.515857226660656032e-01 7.889189312516974306e-01 8.575098474272292437e-01 4.534159659634386386e-01 3.227802734866259127e-01 3.401278079305773416e-01 3.661100393743920156e-01 4.105266410195243520e-01 3.228141625921475688e-01 1.605450607095467441e-01 4.348880163214732808e-01 2.771166335258162250e-01 2.899902986365048840e-01
7.955000000000000000e+03 3.524129370894711899e-01 3.965938492232659596e-01 4.671799814922151795e-01 5.581421386247924499e-01 4.059747259072822301e-01 6.454803061270630860e-01 6.554005692713499309e-01 6.702899779934917701e-01 7.531514707656673524e-01 7.434181230738843293e-01 2.654165773329725808e-01 3.853185993750518068e-01 4.081039964943173892e-01 2.925366129908933410e-01 5.689581415175206658e-01 3.318018748109578531e-01 2.107957893211890033e-01 4.467502466151552776e-01 2.153616279319010285e-01 2.793446931477331918e-01
8.193000000000000000e+03 2.663890682379967401e-01 3.375766237697088723e-01 5.276890796448724386e-01 4.557562342494388963e-01 5.603403157648689792e-01 6.701165392424321965e-01 6.981178247417062499e-01 6.229425219291405691e-01 7.639411329444506515e-01 7.896203263248063875e-01 2.566135852423689356e-01 2.563566549210614665e-01 3.397281331134294757e-01 7.039184949648974454e-01 3.071159868556213035e-01 3.900246592993060202e-01 2.714381576345181735e-01 3.218884154699283018e-01 2.938341641020356665e-01 2.577232045383356929e-01
8.215000000000000000e+03 3.055768924451132684e-01 3.485356800559253343e-01 5.011069457494670143e-01 5.394514934261201988e-01 4.997512049697527270e-01 6.083504663156948933e-01 6.809421734726305298e-01 7.336712097316329118e-01 7.384826878555672547e-01 7.300071358674909971e-01 2.546966298840004916e-01 3.385737048070611710e-01 3.565746727791581083e-01 3.455094662604394351e-01 3.938465291494960829e-01 3.965982798540427234e-01 3.889183668973152375e-01 3.727539245723497929e-01 2.570503277052252900e-01 2.875476962844114026e-01
8.216000000000000000e+03 3.054263965618486676e-01 3.463327558383266225e-01 4.726742966116628253e-01 4.487354126974577029e-01 5.077483855302802329e-01 6.507968349762764948e-01 7.187326655101549111e-01 7.115809837939776061e-01 7.417781052372496298e-01 7.773824989171927990e-01 3.209137554053748675e-01 3.385286463670742485e-01 3.246722819931294746e-01 3.925359597452124927e-01 3.894803167721196946e-01 3.769510553886895599e-01 3.735061213436437488e-01 3.203665784436531272e-01 2.286912290440479001e-01 3.330007177127596862e-01
8.470000000000000000e+03 2.308516411929048551e-01 2.959163673359844760e-01 4.310234504454441562e-01 4.820654514971684512e-01 5.763939926822350124e-01 7.022629991111356551e-01 7.495465948179270699e-01 7.145446306709731799e-01 7.874337593951898917e-01 7.694969994299741822e-01 4.854900236704909333e-01 2.040706780990164393e-01 5.854067729374718976e-01 4.381263002276967189e-01 2.973642427528124244e-01 3.340393389024529647e-01 3.057261648099197648e-01 2.651782679233720685e-01 2.455272932321782842e-01 2.427240224480703701e-01
8.974000000000000000e+03 2.972477431255219904e-01 3.329455201770153971e-01 4.660184765867492196e-01 5.171576213994801829e-01 4.528244618660631216e-01 6.085217530336464176e-01 6.428823694619709705e-01 7.744280189054332242e-01 7.685700978105065584e-01 7.953369918528169213e-01 2.715684922394768774e-01 2.765804883577347439e-01 3.213546249199411009e-01 6.571354811300060828e-01 4.089484951319358741e-01 2.961729606521697478e-01 2.824067060513527627e-01 3.414001091958331902e-01 2.250430587901886548e-01 3.318231560588964513e-01
8.997000000000000000e+03 3.454129686526248300e-01 4.305110196831902214e-01 4.190276565513186835e-01 4.439893771702774772e-01 4.705722394557076416e-01 5.698436468640980523e-01 6.671448748054508160e-01 7.605884751324853976e-01 7.730659994585606931e-01 7.552103935492187059e-01 1.950381627626776859e-01 2.517153889414394663e-01 3.996018915500025304e-01 5.297891675320478555e-01 6.895409405664287839e-01 4.158760909370093906e-01 2.792575854767153087e-01 4.185234866902763362e-01 1.720565628459030660e-01 9.982046345655855302e-02
9.667000000000000000e+03 2.993714431982062996e-01 3.560532692097538310e-01 4.822216955360480450e-01 4.615782721890573925e-01 5.538676163397880936e-01 7.096114182428618911e-01 7.087101705978940958e-01 6.656173362610328104e-01 7.442790000997498989e-01 7.305524669831028328e-01 1.995255916568237087e-01 2.586671010760044354e-01 3.259303604841390367e-01 7.329154026766132590e-01 2.842528555848600202e-01 2.708383634877257196e-01 3.397073006919912319e-01 2.892732710483695846e-01 2.807741494360437851e-01 4.101423561091295800e-01
9.847000000000000000e+03 2.376926212465372834e-01 2.935834032498034762e-01 4.610689751341082721e-01 5.250005061448889121e-01 4.936687049109776404e-01 6.330648571788385359e-01 7.122707433614001715e-01 7.594615917335215682e-01 7.938114437162573367e-01 7.914111980821427750e-01 2.615190719728592295e-01 4.349479973626003138e-01 3.161715062594945280e-01 4.587448576756052443e-01 5.852399516367103871e-01 4.631439169592188043e-01 3.790818770575398178e-01 2.871446887931505820e-01 2.284442941655679404e-01 2.133145640071761051e-02
9.907000000000000000e+03 2.812401778815811770e-01 3.176353657567210775e-01 4.740512527590559633e-01 5.027168033045343876e-01 4.483948416957724281e-01 5.747600200282730887e-01 6.239465070883949416e-01 7.445746049324813987e-01 8.279445410574293174e-01 8.358154609030388205e-01 3.283260462687658809e-01 4.528299392762725195e-01 2.908289082744126564e-01 2.986881269725540911e-01 4.301295759625268222e-01 3.153484780638058371e-01 2.386525260851507790e-01 2.690383157580655826e-01 4.093574886147448022e-01 3.050623787773884543e-01
1.019900000000000000e+04 3.440249731923675225e-01 4.515329880819677344e-01 3.491704666321907014e-01 4.295478214065925338e-01 5.031878049018245758e-01 6.523640501539742509e-01 7.062925569268857506e-01 7.151446539799094504e-01 7.551082157162319897e-01 7.569538045610212373e-01 3.666264998376206896e-01 3.208495731804037465e-01 4.030814575146762224e-01 5.012452975899459595e-01 3.369845635636196102e-01 2.152925968896340914e-01 2.588649592973343294e-01 3.060500775589686251e-01 2.419901178721338697e-01 4.375020218010147177e-01
1.114100000000000000e+04 3.051431740000212223e-01 3.445130418270800354e-01 5.109065098075847855e-01 4.631539212437513209e-01 4.672257438056438006e-01 5.934155058704256858e-01 6.870855646641869097e-01 7.544091451882078969e-01 7.915007047726705380e-01 7.457655864508442312e-01 2.271927051128624364e-01 2.232915514402304957e-01 3.137933119838066109e-01 4.120573122188792570e-01 4.076178475819305924e-01 5.760714518177804111e-01 3.027746983495718802e-01 2.714279453771395456e-01 2.545696802829039429e-01 4.011289121305651739e-01
1.127800000000000000e+04 2.885338820685612315e-01 3.577469406702288302e-01 5.190268543860366846e-01 5.332840230924538183e-01 4.099005643010976696e-01 5.961044415776274308e-01 6.773562564536760311e-01 7.168857830556253363e-01 7.854340664397851945e-01 7.698288706071614307e-01 3.194987584619718435e-01 3.141476996296128088e-01 5.252645335195921250e-01 4.038859202355880029e-01 6.301830381627729905e-01 4.215759881742791593e-01 2.247998743744673011e-01 1.934811400712694307e-01 1.707389220338284830e-01 2.347611133413835260e-01
1.127900000000000000e+04 3.107030429661850612e-01 3.604289538668062343e-01 4.642026751450547550e-01 3.636023142422571963e-01 4.923564087687788970e-01 6.430960017385091154e-01 6.959182875416028979e-01 7.630887272650433983e-01 7.852358079090243637e-01 7.815467646397855628e-01 3.116428277063151286e-01 5.219269263476329357e-01 3.972206356380559855e-01 6.573655450432571712e-01 4.332994908901842690e-01 2.280363566794149088e-01 2.029142811612116293e-01 2.227213439097679992e-01 1.954154542480783519e-01 2.610281189843958738e-01
1.141000000000000000e+04 2.624567198170907889e-01 3.602729063555006883e-01 4.802727270737067178e-01 4.179415497851881600e-01 5.096027897779661364e-01 6.568359642536835130e-01 7.088044440560022919e-01 6.988102806555102076e-01 7.818210658957869263e-01 8.021847514628981379e-01 3.232041764831977693e-01 3.202552202806435155e-01 3.673274248914927820e-01 5.390129808404277023e-01 3.422536544822672444e-01 2.474867498049935499e-01 2.885072323920212511e-01 4.535081410046339911e-01 2.329514370320454053e-01 2.883200414608951823e-01
1.152300000000000000e+04 2.615604005021588407e-01 3.131646524322050373e-01 4.552851415511424138e-01 5.053870778308755529e-01 4.779353690038885549e-01 6.185194767176009911e-01 6.787856876551039420e-01 7.541514380375002879e-01 7.890985557802667749e-01 8.177009480332368963e-01 2.991159372187784382e-01 3.509153319590149200e-01 4.888430555551284140e-01 4.980473319280087630e-01 4.799297049104431223e-01 3.356904696709423486e-01 1.718456685434293085e-01 2.767350291107928406e-01 2.766862683305186255e-01 2.250074637725358317e-01
1.172000000000000000e+04 2.445092909449643470e-01 3.223891272657290474e-01 4.856712055090998681e-01 4.570064922600601265e-01 5.015408305529355237e-01 6.137011596416668269e-01 6.984050014683077512e-01 7.428458994504059110e-01 7.907425835234251910e-01 8.192427223790144097e-01 1.989661936159951017e-01 2.843890585276871441e-01 4.406397780560070143e-01 3.963165206117260086e-01 4.418096736715291795e-01 2.802408678481618787e-01 1.805806382917622133e-01 2.653066812159173282e-01 3.406797775893603553e-01 5.228540327382833475e-01
1.237000000000000000e+04 2.940655621224990135e-01 3.235459285348865066e-01 4.815465663383918238e-01 4.911560483257493837e-01 5.135664552098844204e-01 6.930159998461640214e-01 7.249409218898655860e-01 6.966056163691413117e-01 7.406020260250067988e-01 7.493417505543551460e-01 2.113178099132752563e-01 3.873224087919152625e-01 3.122317501829867115e-01 4.800214602186511081e-01 4.962533528277724981e-01 2.834361369372661033e-01 2.216552518177227205e-01 4.006771224030991618e-01 2.722270625498489638e-01 3.248354783974557458e-01
1.237100000000000000e+04 2.840800674790976421e-01 3.271133019996665392e-01 4.291643451240461649e-01 4.604627134346149786e-01 5.875357595861353532e-01 6.963435934876492928e-01 6.756047566325861231e-01 7.132419531824958359e-01 7.635390158187099763e-01 7.709043606143960448e-01 3.753085598027166570e-01 3.030426891469515938e-01 4.611344162343490316e-01 5.056356997911212181e-01 2.846018262759375528e-01 2.196197455402273957e-01 4.104449410643961071e-01 3.468531237580804172e-01 2.641142569924758710e-01 2.286311481773742049e-01
