1.324000000000000000e+03 2.216102075645411951e-01 3.467314676330608414e-01 4.216493477338279505e-01 5.563079361493996622e-01 6.456746650725139203e-01 7.799540938589838435e-01 8.492245766677232188e-01 7.440839715679555821e-01 7.397881399327425056e-01 5.512345030509566701e-01 3.663918863526070546e-01 2.657042974567435101e-01 3.610531650120580305e-01 2.944105529629564288e-01 2.099059620137445070e-01 5.643326384497288073e-01 3.619692436606992136e-01 3.721199610437604943e-01 2.593704372835557437e-01 3.252253140634103756e-01
1.325000000000000000e+03 3.109449741016636071e-01 2.795532823657849164e-01 4.965194274478356151e-01 5.916219888396730964e-01 6.824594195381709083e-01 8.404195199923512050e-01 7.415590824700257766e-01 7.227184492764279211e-01 5.422439979139180855e-01 6.258179684698302880e-01 2.623596482433909194e-01 3.570900300864893184e-01 2.882045725343068687e-01 2.179406236568762756e-01 5.772734569426979379e-01 3.654813530402009070e-01 3.884419880873967723e-01 3.367583007539592943e-01 2.694611122436944006e-01 3.191940064130833754e-01
1.479000000000000000e+03 2.661367926317565469e-01 3.195591199989227804e-01 4.724204234185550022e-01 5.628767976222871505e-01 6.038723774267602540e-01 7.486018896813154688e-01 8.087942482281179624e-01 7.442195135030389430e-01 6.483751642557736838e-01 6.343475094583150842e-01 1.747236102586025297e-01 2.947190985489059889e-01 2.474256420007099333e-01 1.324133185966170911e-01 5.579568802692951301e-01 3.741050027992111615e-01 4.142553023448809491e-01 4.029830786762426675e-01 3.503702332227253691e-01 3.954270718850815269e-01
1.801000000000000000e+03 3.278553581111055548e-01 3.906705858347485627e-01 5.041996439890956694e-01 5.590370011020431296e-01 5.983525702900843735e-01 6.556372212644405728e-01 7.188025064751819571e-01 7.102527939990868067e-01 6.677041056939234664e-01 6.148424624459830623e-01 3.420554128895136881e-01 2.558573116318630936e-01 3.339310868241845420e-01 4.009225616835105921e-01 2.833404480497094258e-01 3.277137354328542584e-01 3.963693465428058116e-01 3.589824482206075973e-01 2.941884485048947839e-01 3.769385102207655214e-01
1.802000000000000000e+03 3.640682817490771273e-01 3.776434414450213772e-01 5.199844961935462528e-01 5.722719618845473200e-01 5.898841138404964379e-01 7.297683816518459876e-01 7.288341063482904891e-01 6.611377425459533663e-01 6.354223747170649750e-01 5.837304404514963574e-01 2.543513184124577275e-01 3.325071335222627433e-01 3.951343114134959200e-01 2.961827191199834508e-01 3.375695554512538332e-01 4.029339269310175387e-01 3.772722246495288090e-01 3.845570417834940913e-01 3.144290837243763348e-01 2.763928775971095653e-01
3.245000000000000000e+03 2.723331497602307638e-01 2.940169980639382175e-01 4.440978790985736779e-01 5.496645892583877924e-01 6.806833300867535241e-01 8.372494543751876073e-01 7.320244034727140248e-01 7.186824827612251498e-01 6.979853138732532436e-01 6.037247920925216116e-01 3.615942774025536766e-01 3.644403531224000847e-01 3.041888896157751154e-01 1.541844090222181662e-01 4.043763685309260669e-01 3.091617430482385687e-01 3.922136300328851743e-01 4.326143097413464589e-01 2.517816283403800370e-01 3.951488126640306242e-01
3.599000000000000000e+03 2.667763322153947070e-01 3.520259023439411550e-01 4.581585702909353186e-01 5.452872382833798826e-01 6.827130316163305679e-01 7.529772510582394274e-01 7.185299053352287579e-01 7.577741341882991977e-01 6.433780753286043597e-01 6.292064319620416235e-01 3.192761058891647741e-01 4.554124273617371488e-01 3.082751616339767797e-01 2.042564288329885847e-01 3.912445685985309618e-01 2.738856773734017480e-01 4.653068872769420827e-01 4.081607786094562651e-01 2.742784172134529741e-01 2.766655958962654371e-01
3.747000000000000000e+03 2.199547725244762886e-01 2.735588206050474369e-01 5.175007094248874617e-01 5.433780594371413475e-01 6.842642533500817859e-01 7.719555918003007111e-01 7.558893696615557323e-01 8.203812924746429758e-01 6.720236802344085048e-01 5.899968527543384411e-01 2.653340379458707932e-01 2.632304693685811325e-01 3.462796930585972377e-01 4.518288824876139365e-01 3.292305143714094329e-01 3.349992271558319135e-01 2.667639462744703649e-01 1.374074582573965586e-01 3.740990001704539991e-01 5.693920387281686812e-01
3.778000000000000000e+03 2.426904559336271749e-01 3.165802198807953216e-01 5.005084357383587923e-01 5.384385859663269880e-01 6.680022792136142140e-01 7.560491699269116239e-01 7.461354551016188275e-01 7.998932983621834802e-01 7.500279165959596872e-01 5.215495813117504431e-01 7.527082410475982588e-02 4.208010251000712798e-01 3.386055184816642027e-01 3.564300830547216803e-01 3.379920672337299870e-01 1.188583721775027247e-01 4.511607314808110947e-01 3.282409831312905202e-01 3.591078392121478391e-01 5.521945355820729873e-01
3.779000000000000000e+03 2.900412614937769584e-01 3.592268675170009473e-01 4.859750730549534103e-01 6.179481491950064020e-01 6.662343842731499599e-01 7.382316054877456901e-01 8.116785626584791524e-01 7.403794709624984538e-01 5.125444795614133575e-01 6.093529937471696689e-01 3.841496571176284403e-01 3.096190168809285215e-01 3.225880257414857621e-01 3.244493383606439352e-01 1.125208953722927202e-01 4.211582859724711247e-01 3.167739666602520376e-01 4.310613431089543868e-01 4.229915625601550766e-01 2.813929770773854755e-01
4.071000000000000000e+03 2.195891094482499695e-01 2.780073517377218972e-01 4.595737368067835393e-01 5.452516663764049865e-01 6.488524509111517347e-01 8.035284442201028332e-01 8.147782564523675664e-01 8.001339239870889353e-01 6.929754440429851670e-01 5.941125903741365510e-01 4.938181247550120223e-01 4.229209765165318768e-01 2.602869183154475352e-01 3.441612567944724033e-01 1.995500936145782334e-01 1.259050678477680596e-01 4.061596285099154935e-01 3.687824440288410277e-01 3.386754700779229244e-01 3.840855719553028513e-01
4.072000000000000000e+03 2.520159795563187699e-01 3.132695039419524652e-01 4.844073644488109398e-01 5.918925955730439670e-01 7.020594530382296972e-01 8.009435657009140730e-01 8.025594490760178390e-01 6.655874421668409591e-01 5.899618907711682292e-01 6.405102905042362460e-01 4.436734981432065017e-01 2.735088643355263471e-01 3.579476745857789188e-01 2.201296304215188127e-01 1.369669624055291079e-01 4.357242061598736727e-01 4.090081967240067340e-01 4.671931821476317803e-01 3.381115691080305297e-01 2.675897223356257237e-01
4.109000000000000000e+03 2.311351541001437360e-01 3.042533800562457480e-01 4.762320210174398882e-01 6.007143956415231800e-01 6.658023246834442466e-01 8.272783829726096938e-01 7.854248371552123853e-01 7.463272346536968804e-01 6.416556201914634938e-01 5.841530426968031264e-01 3.591016385853188497e-01 3.794218713974689683e-01 3.724244180095317436e-01 2.399340847175652491e-01 4.710540343520467355e-01 3.016650019427922769e-01 3.096018301970121511e-01 3.325909482953064988e-01 2.932273153749168082e-01 3.135302743491208965e-01
4.198000000000000000e+03 3.228785478774998108e-01 3.139388145149680232e-01 5.079067533682397606e-01 5.584435745418250274e-01 5.356086469642430403e-01 7.052954472748687031e-01 8.094631716009818012e-01 7.681200798188296819e-01 6.092016813982117363e-01 6.416955303526944432e-01 2.881001716907879429e-01 3.298592522333485544e-01 3.792300397702237924e-01 2.358062926321289887e-01 2.737204615643977212e-01 5.724964399238373636e-01 3.206887369130667076e-01 3.558904126600931916e-01 3.296841413522810238e-01 2.772335723189002232e-01
5.144000000000000000e+03 2.379976559142902015e-01 2.860102293302587140e-01 4.786537275501063227e-01 5.760943028990602732e-01 6.759488135281829235e-01 7.865505485748959247e-01 7.464452350737450503e-01 7.195427390284685476e-01 6.497810410609132781e-01 6.651656056805099748e-01 3.526386496475483190e-01 2.714684657540690216e-01 1.643462882378393941e-01 1.334709901360711937e-01 3.739619786427307302e-01 4.112653081526882470e-01 5.372158854785655802e-01 4.513061435609215244e-01 3.269969448769490250e-01 3.257416815432057078e-01
5.817000000000000000e+03 2.788091799645840974e-01 3.649393527762323508e-01 4.791361070869336047e-01 5.566581202837748155e-01 5.959982820917947288e-01 6.960408732522528341e-01 7.413481508417109067e-01 7.970555157215321040e-01 7.052242308920110281e-01 5.747499047913390280e-01 4.207003243834320783e-01 3.732129861153989925e-01 2.760827137423008115e-01 3.763368295992151613e-01 3.720303450099262665e-01 2.820721567073400382e-01 1.739676889938344406e-01 3.095174346739194560e-01 3.515453440470048818e-01 4.107813678662108892e-01
5.818000000000000000e+03 3.377390999038314412e-01 3.479806220095590374e-01 5.116358363726816183e-01 5.630883433458996334e-01 6.207550625702307201e-01 7.455421504679441425e-01 8.201825721209760056e-01 6.982907396387376675e-01 5.830706460850904049e-01 5.779612651666530265e-01 3.625960930488542622e-01 2.686684491456862722e-01 3.624883284347316659e-01 3.800690750237080140e-01 2.839842294148594015e-01 1.728230927401196992e-01 3.179041416057877822e-01 4.491026546869308911e-01 3.348838319928350016e-01 4.161609900536951123e-01
6.219000000000000000e+03 2.667984477023201961e-01 2.688511489333990090e-01 4.031636513619635820e-01 4.954760408820142459e-01 6.146194052863324098e-01 7.752647130914560591e-01 8.724999185594586315e-01 8.748104371728084860e-01 6.944496392610313151e-01 5.798377768210416505e-01 3.637152923114380099e-01 3.603141442025442620e-01 4.306877323079915665e-01 3.644025043264933483e-01 3.060968561145184230e-01 3.626832015127458009e-01 3.003584425767317767e-01 2.516477433956007537e-01 2.427467082865253090e-01 4.046284678917725364e-01
6.338000000000000000e+03 2.598176228295946966e-01 2.740213424141413334e-01 4.815740577687190327e-01 5.397616895048796826e-01 6.208390508592916968e-01 7.689290908885366704e-01 8.332730161333079533e-01 7.892944837783854029e-01 7.114910142003972870e-01 5.616343554739449129e-01 3.159181662198421447e-01 3.016942322107220020e-01 3.556416552713565493e-01 4.126902339323836877e-01 3.235189640071216011e-01 3.221610840025718181e-01 2.938294834249434162e-01 3.035900257896941290e-01 2.910739231530748983e-01 4.482536801079679556e-01
6.339000000000000000e+03 2.559626944846544183e-01 3.428699101251103665e-01 4.888124617774788350e-01 5.768678792184477322e-01 6.805994698107307173e-01 8.326433771243748616e-01 8.016533860161145775e-01 6.971738878083316715e-01 5.606672636368895679e-01 6.150497046451844918e-01 2.870036133837913228e-01 3.388771379910954229e-01 3.892192981062682078e-01 3.236206555937787277e-01 3.175635194814623308e-01 2.858234919557011700e-01 3.053143587335917508e-01 3.640976218670073372e-01 3.578155198300477235e-01 3.784611376349586442e-01
8.775000000000000000e+03 2.420437838662752861e-01 3.094539135272542096e-01 4.689654494412134889e-01 5.392455689666613150e-01 6.002705088996266314e-01 7.668631560854927143e-01 8.362740866903667358e-01 8.489048777144613256e-01 7.029868585532678127e-01 5.360592429274422255e-01 3.942406802540725508e-01 2.784739938011407956e-01 2.431058309393993588e-01 2.969445987919622776e-01 3.700255208059992640e-01 3.392438046814540975e-01 4.206608552306264071e-01 3.371240590747343613e-01 2.878283054795012785e-01 3.976066928446597148e-01
1.019300000000000000e+04 1.130831841612795347e-01 3.216148694233847416e-01 5.033314212398551923e-01 6.039252669726640210e-01 7.469872795473346816e-01 7.928420699639363578e-01 7.572885780675266965e-01 8.318544387012702934e-01 5.987187058959215769e-01 6.276592585285959425e-01 3.220428918239584548e-01 4.772131460560941063e-01 2.726161339329344346e-01 3.950739723636216838e-01 3.617938470566148812e-01 3.489776272876515262e-01 3.195442772240314477e-01 2.645025315794135023e-01 2.531475993592957607e-01 3.719613451854362207e-01
