1.769000000000000000e+03 2.790207450538366718e-01 3.638548287325452102e-01 5.319025178958587396e-01 6.058705537342569114e-01 5.663022685068000994e-01 5.018846595092230078e-01 6.028718545113290750e-01 6.885749405621961472e-01 7.740435163527752405e-01 7.481381008948222444e-01 3.184292402908061592e-01 2.197178504008913125e-01 4.118874137172310879e-01 3.314326329809762495e-01 4.201159846021992328e-01 4.592970325042584068e-01 3.624992962084261916e-01 2.479691775753890270e-01 3.390285025549447107e-01 2.608757539528863134e-01
2.033000000000000000e+03 3.016796746745188940e-01 3.726780428669757006e-01 5.556901413718403626e-01 6.627726736602430613e-01 6.492920234237764543e-01 5.484244341821084001e-01 6.051303096735790588e-01 6.752281085333046162e-01 6.725138066415132787e-01 6.705763416401144816e-01 2.969532644942955990e-01 1.344828419754521831e-01 2.739766831385089807e-01 1.843452136967050070e-01 5.336922947641163928e-01 5.092289664311034914e-01 3.840735149272588300e-01 2.288909783086514882e-01 3.480373360162086760e-01 4.521128596489344398e-01
2.056000000000000000e+03 2.603269253539093331e-01 3.182984710618984026e-01 4.630312810783509536e-01 5.891301704663821637e-01 6.564678944761807022e-01 6.062427458997633467e-01 6.437327038240865384e-01 7.367638320349384484e-01 7.300377714343756486e-01 7.267745069513851242e-01 4.176902923713421978e-01 3.026863480647902227e-01 1.846694575036210428e-01 4.910675909300246111e-01 2.437516983211767130e-01 5.110876637108313636e-01 4.625821388168605552e-01 3.096173398341892091e-01 1.676837965836651678e-01 3.268381753024817704e-01
2.096000000000000000e+03 3.316584407763128461e-01 3.011797076507140569e-01 5.048152243896003588e-01 5.775350169120684329e-01 5.713733350038636694e-01 6.144846419870322318e-01 6.839639355592704861e-01 6.891705735078735851e-01 7.288532949619102030e-01 7.024052881486410049e-01 2.167118615279529370e-01 3.745494589146702857e-01 3.471800845690965476e-01 3.150050359549266266e-01 3.010036998857060775e-01 4.859434115638545104e-01 3.470393000256890015e-01 3.728713050099985438e-01 2.790743203073940415e-01 3.387461919630829210e-01
2.124000000000000000e+03 2.445778293300698292e-01 3.034147335018586578e-01 4.977566774864045085e-01 5.923668837212507920e-01 7.252647777923301176e-01 5.752814097347462852e-01 6.600440578282699144e-01 6.885182656149519964e-01 7.215950280498967251e-01 7.322490901314636647e-01 0.000000000000000000e+00 4.487857514445405815e-01 3.351534499634238884e-01 4.558024618113437065e-01 4.306463909766001241e-01 3.892136517686776154e-01 2.719041094151383176e-01 3.873066422956907839e-01 2.688779809721855152e-01 4.007659178169785674e-01
2.799000000000000000e+03 3.005791056369485625e-01 3.634300736543496502e-01 5.141707139021307604e-01 5.994832047128494379e-01 6.983676211885586627e-01 5.864594763610935235e-01 5.796209709089692463e-01 6.257985065645286227e-01 7.069615603112648916e-01 7.266603395976395374e-01 1.893953199464657455e-01 1.451233256201619470e-01 4.294926010215358025e-01 3.860505468336363211e-01 4.186387515842486251e-01 5.607450222911228854e-01 3.128281476498244729e-01 1.210905191143735321e-01 4.569071964801406094e-01 3.177331256108608115e-01
2.990000000000000000e+03 2.469343242373097935e-01 3.182949685503709270e-01 5.255457274552035596e-01 6.014329619293317108e-01 6.641840761402966198e-01 5.013344478995562792e-01 6.077101107966067506e-01 7.103711999320644344e-01 7.670289387709970930e-01 7.521872042915774825e-01 1.187235124444578210e-01 4.241642738819479952e-01 3.247646391184305648e-01 3.128172073578810441e-01 3.184513863144876056e-01 4.467895032948000500e-01 2.451902478304548438e-01 5.097103098543013244e-01 2.771918365775901671e-01 3.933566672020849531e-01
3.001000000000000000e+03 2.384813764451805262e-01 2.884451351828267174e-01 4.844080478653587374e-01 5.957857657719138889e-01 6.719622589789007172e-01 6.456318927782339623e-01 6.388095962612744261e-01 7.160637548623256521e-01 7.010414357663986573e-01 7.620459340580864049e-01 2.680456556861587902e-01 2.141078157422314221e-01 4.634121811799174484e-01 3.062107542482120914e-01 3.017815238392116406e-01 3.817506329485085836e-01 3.434734549690259819e-01 2.153210306458959999e-01 4.887382496051960179e-01 3.324665048425280434e-01
3.415000000000000000e+03 2.618706076537466454e-01 3.149376413262124363e-01 5.261840677862628102e-01 6.196751293998180588e-01 6.798276110585077525e-01 6.507301056961025676e-01 6.450029886060987261e-01 6.929857098645402225e-01 6.600360051837145248e-01 7.044603383363688964e-01 2.425283385969887462e-01 1.619330084090081223e-01 3.583298379374342812e-01 3.042625682242986462e-01 2.895026639445407168e-01 5.108469907851017622e-01 3.787523969161574744e-01 1.742191132245221319e-01 4.211124688021140039e-01 4.830974386316602143e-01
4.201000000000000000e+03 3.067880366549544102e-01 2.855345025317820307e-01 4.889311510146051587e-01 6.285163251472805079e-01 6.453239865453173074e-01 5.027248805875613735e-01 5.808023977527603243e-01 7.005046266873660166e-01 7.424427101564445852e-01 7.861012318666303900e-01 2.092529166860810086e-01 2.554091843249002292e-01 5.525122872379992778e-01 3.192885219769508454e-01 3.562226217226058256e-01 4.187801646751213580e-01 2.889643803301282787e-01 1.893578965060885300e-01 3.896008506078684208e-01 3.701239360078010798e-01
4.321000000000000000e+03 2.487190554631446837e-01 3.101084434718178184e-01 5.059618427911174443e-01 6.362104720981579531e-01 7.183102557345100170e-01 5.536114809208159127e-01 5.929982902078483331e-01 6.826486394053026263e-01 7.312966820835727910e-01 7.418487065334610220e-01 2.826683199196758922e-01 2.437851811453607132e-01 5.283002721252321177e-01 3.388835468412301766e-01 3.152089366025210837e-01 4.121306662756411554e-01 2.561109066951139379e-01 2.149956794689598105e-01 3.794297810808457960e-01 3.776785078765474979e-01
5.812000000000000000e+03 2.754328184935604384e-01 3.487217437206970860e-01 5.095812228838962898e-01 5.624605210496653740e-01 6.430241857625899060e-01 6.081794446784332120e-01 7.033670841601513679e-01 6.753845836872388597e-01 7.155435218804802044e-01 6.931255942268740311e-01 2.356588541277420124e-01 1.749035556303661920e-01 2.110079391983663566e-01 3.161505507361210277e-01 2.364258117598555253e-01 5.602859074371332460e-01 4.860428543541962521e-01 3.406293089944226749e-01 3.501120952842927680e-01 4.337202963039347159e-01
6.570000000000000000e+03 2.854685194585901420e-01 3.478197519324227049e-01 5.148178554771064563e-01 6.410336759756134484e-01 5.638131248867314094e-01 5.287584880699641721e-01 6.403826697634813492e-01 6.961054135295819956e-01 7.390574399504332703e-01 7.290488123809710785e-01 5.317581495464609453e-01 2.176675596127147227e-01 3.975656210944450430e-01 4.452039285427374371e-01 4.097903875488534964e-01 3.781450643131447076e-01 4.427022252329836371e-01 2.208595715584813213e-01 1.476909169310384740e-01 2.442097728064841766e-01
7.132000000000000000e+03 2.420936581176505453e-01 3.290120815806777399e-01 5.102334715530398856e-01 5.828174841280521212e-01 6.114160386035334405e-01 5.145151042263003127e-01 6.652942971166142527e-01 7.120181235848173085e-01 7.541206274232856721e-01 7.721967861582886838e-01 3.245588775941304349e-01 2.049368549050732957e-01 4.192375149570776172e-01 3.654920261968966355e-01 2.691888096501302008e-01 5.340947576419287079e-01 4.264645794066891371e-01 1.948980255665886119e-01 3.090034360326438523e-01 3.282190338687195896e-01
7.383000000000000000e+03 2.486758807730322929e-01 2.725131587236619968e-01 4.983484404434847526e-01 6.277599864776337579e-01 7.151566828440045764e-01 5.290695369293934025e-01 6.046787953273150551e-01 6.476036697149234467e-01 7.726474782256999019e-01 7.862028329359960210e-01 3.194069532354836261e-01 3.234096040753513535e-01 3.960536463461727941e-01 3.219766545774978561e-01 2.108509201485429807e-01 3.332426939667251231e-01 3.992588601374356116e-01 3.240616949092977039e-01 3.619898879881069398e-01 3.572442681258806707e-01
7.472000000000000000e+03 2.565592672857337497e-01 3.166652640217383907e-01 4.826367653421221871e-01 5.487264472267870952e-01 6.215625950857486259e-01 5.676112189229937099e-01 6.784021861755632488e-01 7.295810600014471792e-01 7.369252528418988035e-01 7.684039419946199212e-01 2.878323566502640762e-01 1.418621245106815587e-01 4.198232561154698339e-01 4.104933452550140194e-01 3.628611462423067535e-01 4.951449987475177172e-01 3.638371599708556392e-01 8.981196989736534020e-02 4.145954820638197424e-01 3.601540142948155276e-01
7.954000000000000000e+03 3.148835406847512730e-01 3.993772039294759546e-01 5.481736845588358609e-01 5.264503933561651694e-01 6.124947806860976396e-01 4.938519303416465389e-01 6.685278773216860593e-01 6.715721194044130815e-01 6.975336085408633258e-01 7.350010765764121157e-01 2.946547416097857197e-01 2.713938238216580534e-01 3.933541142790096812e-01 4.209145657186229017e-01 2.844702052842053019e-01 5.615690955917712612e-01 3.317869552072135741e-01 2.038867995361354768e-01 3.474082154090112895e-01 2.624416481977914217e-01
8.191000000000000000e+03 3.016821171388954781e-01 3.272924856502132385e-01 4.547461422939764186e-01 5.622292404217249517e-01 6.689442924792415868e-01 6.093331340871708246e-01 6.941808766422092880e-01 7.175940220195123898e-01 7.428130249320586964e-01 6.625318774810414757e-01 2.603783448104949327e-01 3.443824737156189197e-01 2.730034431320196853e-01 2.750958843244319940e-01 3.472678338218352367e-01 6.886137835293937304e-01 3.088626095541049388e-01 3.844619631905191182e-01 2.080795163465608000e-01 3.108830864637678326e-01
8.214000000000000000e+03 2.849099402564149175e-01 3.453183416312625154e-01 4.998433709137782843e-01 5.675085095658234380e-01 5.949870432992347968e-01 5.953228640057113275e-01 6.364111173571801450e-01 6.966188941524911193e-01 7.541004091592705683e-01 7.243162195237459189e-01 2.701621508886131728e-01 2.632219067448376415e-01 3.493362830331614988e-01 3.717068271034985050e-01 3.395809541310848556e-01 3.928495846365936406e-01 4.008256636630428971e-01 3.802027960798819439e-01 2.929714637416686585e-01 3.165975506705059339e-01
8.973000000000000000e+03 2.735697056363420310e-01 3.453764259797362790e-01 4.940236408843506344e-01 5.399024676569610381e-01 5.836855760338783838e-01 5.598544528544575627e-01 6.496073742615994240e-01 6.746505456637285070e-01 7.989136143920714250e-01 7.587062313586930840e-01 4.151420721313176521e-01 2.718094116472236088e-01 2.763740794337798401e-01 3.244296963261201761e-01 6.254959211200815661e-01 3.950530031911728690e-01 2.898931044227231468e-01 2.673691795765629209e-01 2.598647343889517458e-01 2.684344722000098771e-01
9.665000000000000000e+03 2.723666485280264449e-01 3.269850835100247544e-01 4.896747063816721535e-01 5.763210461548488039e-01 6.037761274778227216e-01 6.069323565815676336e-01 6.791237437971772151e-01 7.427920221834125591e-01 7.442780635807749734e-01 6.884469046134484849e-01 2.154788584043645094e-01 2.357649217806894737e-01 2.361692328968845733e-01 3.088285628345072142e-01 3.706746015215655610e-01 7.977215044055893101e-01 3.180601081937168839e-01 2.970570941974237655e-01 2.897450070254340981e-01 3.108531529166808083e-01
1.127700000000000000e+04 2.759690617692294734e-01 3.312185042877511254e-01 5.163709340725204378e-01 5.954204517518295603e-01 5.966175946313985179e-01 5.098301450131744739e-01 6.331258105539048220e-01 7.007734071279038135e-01 7.459829501263246510e-01 7.701424181585440065e-01 3.155561943400314040e-01 3.196233133358182821e-01 3.137567092993969742e-01 5.300268903932172648e-01 3.842474868866854742e-01 6.085488103939202809e-01 4.124241595704482566e-01 2.127222729056395534e-01 1.471963246546484361e-01 2.035603168141268404e-01
1.152200000000000000e+04 2.692625136494629645e-01 3.058885203267578401e-01 4.768126805081457364e-01 5.319556636895195201e-01 5.753362370520698210e-01 5.909985558351461554e-01 6.636095457638332418e-01 7.101931234481201338e-01 7.849605469172403760e-01 7.793516392108568169e-01 3.177075657777709838e-01 2.980439553557192034e-01 3.490872624381013423e-01 4.913164262230446666e-01 4.719490157391139085e-01 4.615764088228362372e-01 3.271016762091226715e-01 1.619655760110234877e-01 2.097003704457107987e-01 3.285574762790325343e-01
1.236800000000000000e+04 2.601059670124474255e-01 3.336457454859258487e-01 4.864367023730878925e-01 5.414958070703838056e-01 6.072937008826776450e-01 6.455599935880396156e-01 6.434613166889525671e-01 7.328039675759162597e-01 7.597416408059036730e-01 7.140978183534043566e-01 3.065724743338297809e-01 3.030057493785614509e-01 2.279546957474093416e-01 4.214426705729252820e-01 3.236203871225644124e-01 4.760987282149953259e-01 5.061317178770781133e-01 2.833050580812074837e-01 1.722921222259815588e-01 3.923825891387724418e-01
