3.150000000000000000e+02 2.311390365143761172e-01 2.259031835655575804e-01 3.410990733541607312e-01 4.285703153257770515e-01 5.451529428336996386e-01 7.226552759156965600e-01 7.657746194921413174e-01 8.431735666696631437e-01 8.277914200598174288e-01 8.071814292643578748e-01 3.943041281303739098e-01 8.171848311090934569e-01 4.239235111468039330e-01 2.324466189028655538e-01 4.203442354552779370e-01 2.732926090448963286e-01 1.850873756403547121e-01 2.743209013439270594e-01 2.327261493456198316e-01 1.518972236163415312e-01
3.160000000000000000e+02 1.941089756351161710e-01 1.835671871760765905e-01 3.624567233133459410e-01 4.763971122687986059e-01 6.016602807933280062e-01 7.246826994104237363e-01 8.283945775498785524e-01 8.025881481990179145e-01 8.201232431728225913e-01 7.881710307338999355e-01 7.477632765932213932e-01 3.885460827959761887e-01 2.108706530519050826e-01 4.044527288426374989e-01 2.591468803856846193e-01 1.731669582779311323e-01 2.653591934065809288e-01 2.800118876268491430e-01 1.166156191627980843e-01 5.549567180918768550e-01
3.170000000000000000e+02 1.518515932081197228e-01 1.951596135969294876e-01 3.956437842965430107e-01 5.174323289452757990e-01 5.922130770865321470e-01 7.788550674893818249e-01 7.709042970964794517e-01 7.837098692953975432e-01 7.895458164992270600e-01 8.162446649962088463e-01 4.397975779828303122e-01 2.390817997903348369e-01 4.538688400837553871e-01 3.084461321561062230e-01 2.031897947158279594e-01 3.071640557467339994e-01 3.350919538704438261e-01 1.735953829125349845e-01 5.271121380286556413e-01 3.120289137291898385e-01
5.820000000000000000e+02 1.143173992613703699e-01 1.765787551018459522e-01 3.666468939642829605e-01 4.522606174228150366e-01 5.959181670108411044e-01 7.511172389805566008e-01 7.986411858346580406e-01 8.530697542355226703e-01 8.546808849108171735e-01 8.300898888196973635e-01 3.607956950257635298e-01 4.526064927212223310e-01 2.845641940659077163e-01 3.655815401828724220e-01 3.626407685076015741e-01 3.093488008327831551e-01 3.545411265651549626e-01 3.921238622722629241e-01 2.223229740782261821e-01 2.934448974240638774e-01
5.830000000000000000e+02 1.363477470067272768e-01 1.873924705515899458e-01 3.618872778883099883e-01 4.981159149106323958e-01 6.018440838340201049e-01 7.311254726764350176e-01 8.128229835270023296e-01 8.103740200734941279e-01 8.265122167209530968e-01 8.243090560081718365e-01 4.363240966100628282e-01 2.747769606558440048e-01 3.494011816526271241e-01 3.676068094988920176e-01 3.090185479591901485e-01 3.495008601542467508e-01 3.996281776261390584e-01 2.818197629211775523e-01 2.373694855105610291e-01 3.822620012936645550e-01
1.336000000000000000e+03 9.041214013392141757e-02 1.967285770276770984e-01 4.174948052612501570e-01 5.287520829454778193e-01 5.854258072448654815e-01 8.155254001562918242e-01 8.689713749114204022e-01 7.669506249404729470e-01 7.608550971804048935e-01 8.076124659084013002e-01 5.100789080857450752e-01 3.916930559909321818e-01 3.265200544535129534e-01 3.467329560754859874e-01 1.475054788876281886e-01 4.850961199844813776e-01 2.978843183684219964e-01 3.544176072424728430e-01 2.425547620424053086e-01 2.839440167471252163e-01
1.344000000000000000e+03 1.239390273586623986e-01 2.015886842392881628e-01 3.810748481282423272e-01 4.651906955451783898e-01 5.866905117725951246e-01 7.558706769080059118e-01 7.831829719911070908e-01 8.336555149214645022e-01 8.630450471324303541e-01 7.980987915049675419e-01 4.372656038402784051e-01 4.295255576796529473e-01 3.222980223434937508e-01 5.621862948332435606e-01 3.717961549219389594e-01 2.907757443328999325e-01 2.083677358459683493e-01 1.204124502076056313e-01 3.107993272794908335e-01 3.282981820708166243e-01
1.694000000000000000e+03 1.385142109595237647e-01 1.615453779261098177e-01 2.783907933515503141e-01 4.903159818297803674e-01 5.959074308290067679e-01 7.800534396810872018e-01 8.320309628439733762e-01 8.653110039908621376e-01 8.347617274764010942e-01 8.306299291154269904e-01 3.976341386015198598e-01 4.201622169792799122e-01 4.452567333554244278e-01 3.340583774712046483e-01 2.161256455314406466e-01 4.564161341729137122e-01 2.801381758925716725e-01 2.899800929580317876e-01 2.843934787613683346e-01 2.580500722403397673e-01
1.695000000000000000e+03 1.262805200650449211e-01 1.069544276416024842e-01 3.985686951859987448e-01 5.015799821227983069e-01 6.332002167515506930e-01 7.703766215499161518e-01 8.305453334161281287e-01 7.905359484991520969e-01 8.300088712851541040e-01 8.269977895509341703e-01 4.450253459530814082e-01 4.723774278543479421e-01 3.507872204289989582e-01 2.407112730447707738e-01 5.008502032007652316e-01 3.034241722368735683e-01 3.247129611717360920e-01 3.960959796772548502e-01 2.293509265096318472e-01 1.414626949058266081e-01
1.758000000000000000e+03 2.006366180226580309e-01 2.737782856561821188e-01 4.340150204547847390e-01 4.967162762407748566e-01 5.283526775330147363e-01 6.909542230810346020e-01 7.591131987617971699e-01 8.192240134910085958e-01 8.260824001941873274e-01 7.278446728603237270e-01 2.859924852042308174e-01 3.837739703026727955e-01 3.098205376386546916e-01 3.331729210431232380e-01 3.828308356769498100e-01 3.370449838219478078e-01 2.094533498280022332e-01 5.285579740654626768e-01 2.405165682801210236e-01 3.706456269393607617e-01
1.764000000000000000e+03 2.217614782318482469e-01 2.913386222101488343e-01 4.379709087284512914e-01 3.951841192862352581e-01 5.625890478401674999e-01 6.984891653221210195e-01 7.873346916294537978e-01 8.071906205086657460e-01 8.200549379096723213e-01 7.291795897921868885e-01 2.007857366079251471e-01 5.354369271875674130e-01 3.199088543889088698e-01 4.172214838595904585e-01 3.750384505509413158e-01 3.247424975277583559e-01 2.190849637047873333e-01 3.892349457994080386e-01 2.361230238338392906e-01 3.751094752428746903e-01
1.795000000000000000e+03 2.249458329675027846e-01 2.500608576162412500e-01 4.178950580641633827e-01 4.396889626288810193e-01 5.576992217994020118e-01 6.897233945219266582e-01 7.982983403022955171e-01 8.208297902143069091e-01 7.915874385782590839e-01 7.615754643914220967e-01 4.641705980223447825e-01 3.255775190950099818e-01 3.526388803850952214e-01 4.569704898489645450e-01 2.548028668659247931e-01 1.278151204018520282e-01 4.073739208628098241e-01 2.882036662357246870e-01 2.865563465135402832e-01 4.065066113609490661e-01
1.819000000000000000e+03 1.991710331541837742e-01 2.323513274079599955e-01 2.921708896287760759e-01 4.591591318820726353e-01 5.393112625111826652e-01 7.075208704062516674e-01 8.044873976864850285e-01 8.473042706240884181e-01 8.047347005976317469e-01 8.571538754952254813e-01 4.647476675825686354e-01 3.289160285256372829e-01 4.444918359294190435e-01 5.069385093049605384e-01 2.148633801229236362e-01 1.224607152274182070e-01 4.396944889588139116e-01 2.717898793476097308e-01 2.337059290920600885e-01 3.674787374517282657e-01
1.820000000000000000e+03 1.860992294943913661e-01 1.213249286530653920e-01 3.724902568359981236e-01 4.518243227345451474e-01 5.660029051530435229e-01 7.432166907963820845e-01 8.118895314921036332e-01 7.571626968339993935e-01 8.621126532120144681e-01 8.791395286570975465e-01 3.431040763976822561e-01 4.644225225362444420e-01 5.242583171601763459e-01 2.356798976861910755e-01 1.324701653894794495e-01 4.690292602145209044e-01 2.997324049322658834e-01 3.205701103327878720e-01 3.216604121511821845e-01 2.550711362830379025e-01
1.821000000000000000e+03 9.448801890199463871e-02 1.976686036628065857e-01 3.665409560435115566e-01 4.766676794462013089e-01 6.006305345647175997e-01 7.517268498763596263e-01 7.101166320716373326e-01 8.245395807272414279e-01 8.880983082815038232e-01 8.617515167378106966e-01 4.811552181930098260e-01 5.440365537820729402e-01 2.420752722085797726e-01 1.443159450855074910e-01 5.034399530964611680e-01 3.175497333022942459e-01 3.511180938778796223e-01 4.382055897457747817e-01 2.217469018843918893e-01 1.540636979201876200e-01
1.832000000000000000e+03 1.956915427641688632e-01 1.919460150810375076e-01 4.075277351129632519e-01 4.069582179396868948e-01 5.224118643203331525e-01 7.354907489158104550e-01 7.820303159883154054e-01 8.174997948948551363e-01 8.425376461189854060e-01 8.371648268942868398e-01 2.501222893493196264e-01 3.749851667830024771e-01 4.378295257145496944e-01 3.030084644114616754e-01 1.888354864685288514e-01 4.446436398735577056e-01 2.914898949796276839e-01 3.321642163187411567e-01 4.164583243299652682e-01 2.964688936307622869e-01
1.833000000000000000e+03 1.576291263145833121e-01 2.363244866543524891e-01 3.327623769023709266e-01 4.437286836363181219e-01 6.006318193036769282e-01 7.279373723336480806e-01 7.859976190094031256e-01 8.081816324649424566e-01 8.449638825000332920e-01 8.287889892794140234e-01 3.779219315794268286e-01 4.419804792239653279e-01 3.027574148311956148e-01 2.001199622680117918e-01 4.642823534387317541e-01 3.004062484291563084e-01 3.539094329277659434e-01 5.519000026172596884e-01 2.507179483731281078e-01 1.470022539799874794e-01
1.955000000000000000e+03 1.436891903563413952e-01 2.050613176330050025e-01 3.756994711813005372e-01 4.391993415832759484e-01 5.774454975628534603e-01 7.994415519971533879e-01 7.268737352622609560e-01 8.047394085681278675e-01 8.341019617186729018e-01 8.598327848620439529e-01 3.740678685272474935e-01 2.158774834237796036e-01 3.267288653006142907e-01 3.365706385497381214e-01 4.836848038603007716e-01 5.309095655738039765e-01 4.018478933920373586e-01 2.682145430051029455e-01 2.306161905681096691e-01 2.386072267209838060e-01
1.956000000000000000e+03 1.616221735749871491e-01 1.979564504958725712e-01 3.524850668305691825e-01 4.837679885141630831e-01 6.504874526805065615e-01 6.582117061315982953e-01 7.605754529357650062e-01 7.887594816407869081e-01 8.629876617594457455e-01 8.390789832446350349e-01 2.097389014695258957e-01 3.179552327936007727e-01 3.241865708202892327e-01 4.941382246040647019e-01 5.343752916772825934e-01 3.992330647497889795e-01 2.754830128879589002e-01 2.946164644383716391e-01 1.945167190113982203e-01 3.726298884983288984e-01
1.957000000000000000e+03 1.585615061581223117e-01 1.794459868490251575e-01 3.954764126747816189e-01 5.542040267003144338e-01 5.206307156853071660e-01 6.985033463612946303e-01 7.469015654809783022e-01 8.263334973182224763e-01 8.423251551810743143e-01 8.312852119316117561e-01 2.893878400769679393e-01 2.955416090283337627e-01 4.458755183110774678e-01 5.114219116485830829e-01 3.764776887709369024e-01 2.563757334322542825e-01 2.834662866176140272e-01 2.327842166310242211e-01 2.845751246571187609e-01 4.077550399461130626e-01
1.959000000000000000e+03 1.737810678181193336e-01 2.750773322858667824e-01 3.495607680196710643e-01 4.666192842446911793e-01 5.403282978409403858e-01 7.239642529584547903e-01 7.573706247448434015e-01 7.874558588409262816e-01 8.301545620035404305e-01 8.373399518997992619e-01 4.488282764658974022e-01 5.103842825936506511e-01 3.944266792469203753e-01 2.807663954689242347e-01 3.018674295686189502e-01 2.529046403551668543e-01 3.975646549059963508e-01 4.521473796717866422e-01 2.237252690161213864e-01 1.411273734253596646e-01
1.962000000000000000e+03 1.757030575775577752e-01 2.082212679855295068e-01 4.173954407885864248e-01 4.836214804704688786e-01 5.607631332356095566e-01 7.011716664693380396e-01 7.765519475670379368e-01 8.040388382613385954e-01 8.439920424186133641e-01 7.896768706299179819e-01 2.803431746854123663e-01 3.169392359232081069e-01 2.747270827396368076e-01 4.453507771369603629e-01 5.091897943693711737e-01 3.197778530406197861e-01 1.655262532888827631e-01 3.824455988509110060e-01 1.964313580486772570e-01 5.048945658057388819e-01
2.020000000000000000e+03 1.613029500301997043e-01 1.787478688881751210e-01 3.710443953224569213e-01 4.643758307963279375e-01 5.313045625499864810e-01 6.104093435112220023e-01 8.324099707626820832e-01 8.635178077066802960e-01 8.818648240828367291e-01 8.431262998599287073e-01 4.554684248125838164e-01 3.767306092061885603e-01 1.952017739836831578e-01 2.319155646895295075e-01 2.026786087617059029e-01 3.991925338411294044e-01 4.913443696696532803e-01 3.701907615539916652e-01 1.166196422269156069e-01 5.583439408333114029e-01
2.028000000000000000e+03 1.970555762524443533e-01 2.093194510580395074e-01 3.966326628359975737e-01 5.145916717915647309e-01 5.541965591370799915e-01 7.055457727830359849e-01 7.699338696431299311e-01 8.074960318767483436e-01 8.449215822232756246e-01 7.638325189501533607e-01 1.508894227371020413e-01 6.057746582181350314e-01 2.808695129938875157e-01 4.999952133236176821e-01 4.439792810623143793e-01 3.336040285036523945e-01 1.476745254681857689e-01 2.851723299583793780e-01 1.446346189522645931e-01 5.249602070815175825e-01
2.052000000000000000e+03 2.564169934641727377e-01 2.499850464985627352e-01 4.104027619706343000e-01 4.724957752827065316e-01 5.824864989806052273e-01 7.198784455044003883e-01 7.358645648094979119e-01 8.067499539536576725e-01 8.218936050396381532e-01 7.019839988770595340e-01 1.479876833650908274e-01 3.908708370465768245e-01 3.334173990773821594e-01 5.171809543173730983e-01 4.347045220915354280e-01 3.040046211075687621e-01 1.816247186935402991e-01 4.531270820942099875e-01 1.798137897683201314e-01 4.656361382999015253e-01
2.061000000000000000e+03 2.124064896396842261e-01 2.403203442395368539e-01 4.527928258351758273e-01 4.804291174704751755e-01 5.452621745669418152e-01 6.459291723096164395e-01 7.961272990808768713e-01 7.877558192515942137e-01 8.291289167913681313e-01 7.541920027468003163e-01 4.742053426036317854e-01 4.389101686787298950e-01 3.101003039630819136e-01 2.227905935435624540e-01 3.464470018635367188e-01 2.591870508637272308e-01 4.449863371863334582e-01 3.907203321941098983e-01 2.370581430245433663e-01 2.624946958195816249e-01
2.240000000000000000e+03 1.327644829038631957e-01 1.267677445312734019e-01 3.210259366279917814e-01 5.369993008403616264e-01 6.216182892524502179e-01 7.722215515857949741e-01 8.250191406437559216e-01 8.634769647706435070e-01 8.223481490545847539e-01 8.032805742249250480e-01 2.995176861584828432e-01 4.223304969814554166e-01 4.204296138193074905e-01 3.728370567842071437e-01 1.740897706451038085e-01 3.446058195222403975e-01 2.583892893316848682e-01 4.462163838261697935e-01 3.093134732779713181e-01 3.185022070792301041e-01
2.241000000000000000e+03 1.004164859297118351e-01 1.507840078917493110e-01 4.436318596031616490e-01 5.292467305842267766e-01 6.305066396490938141e-01 7.679761842312640141e-01 8.331992316337150095e-01 7.802329307451584262e-01 8.018657998214834270e-01 7.933476730759347895e-01 4.242781110864882743e-01 4.230604734554641588e-01 3.713379909802358991e-01 1.839038645578743303e-01 3.587131028654360621e-01 2.654406131076971209e-01 4.739071129737517651e-01 4.086023706280382806e-01 2.684911742019602809e-01 2.044255634879110772e-01
2.730000000000000000e+03 1.872271994543277529e-01 2.080208549253913242e-01 3.810563578800276741e-01 4.953171093354415966e-01 5.771549659956823897e-01 7.327941627039056272e-01 7.674200164209946662e-01 7.944744398067699054e-01 8.158529626603757690e-01 8.061097420848791772e-01 3.693024680521239111e-01 3.628826092382411717e-01 4.102563051577929887e-01 3.275891895618486815e-01 2.567987559723464708e-01 3.326553365054812916e-01 2.928327952713553617e-01 3.365015359745876511e-01 3.343626172007151398e-01 3.345831563732611924e-01
2.743000000000000000e+03 2.116099867389784894e-01 2.916476924763302669e-01 3.383498136181854465e-01 4.168034370718714521e-01 5.197835841699274262e-01 6.926653049648624494e-01 7.447253756534167879e-01 8.060481097290729258e-01 8.343602814462727224e-01 8.522450827873360168e-01 4.197577481822352130e-01 3.514159290016717896e-01 3.623516234808379366e-01 2.516152260484717518e-01 5.362686685526875108e-01 3.215581897023586100e-01 3.368473129132332766e-01 3.798014399611222003e-01 2.300347356884924477e-01 2.115686307899170837e-01
2.746000000000000000e+03 1.477087782673335847e-01 2.004824273216389841e-01 4.017952456938438388e-01 4.814931548260485972e-01 5.923814388009810417e-01 7.179494360390051844e-01 8.097808957530525653e-01 8.251612036912077119e-01 8.478136091182012501e-01 7.678779577163173942e-01 2.448191906356589065e-01 5.486577206816569685e-01 3.403369786871399127e-01 3.677190279287492203e-01 4.168145043374522074e-01 3.203932417309038327e-01 2.418015324496652907e-01 3.476049311458398461e-01 1.638675347514420011e-01 4.193667549574654485e-01
2.921000000000000000e+03 2.344855815051484771e-01 2.544290087092130892e-01 3.283978456495653120e-01 4.358200592066939771e-01 5.624995191531465544e-01 6.996271583716808795e-01 7.460267311424205738e-01 8.039316309417512407e-01 8.347422199759352290e-01 8.232953087680193738e-01 3.582111380780872989e-01 4.467509167787077073e-01 3.795907484957209976e-01 2.821516970735939989e-01 4.800835763307918502e-01 2.846346146071631611e-01 4.186941408781085228e-01 3.748651365897001098e-01 2.064786152585619539e-01 1.822881248158489398e-01
2.923000000000000000e+03 1.473730407623011218e-01 2.078406555394193000e-01 4.166169361821670525e-01 5.054523344999432011e-01 5.810996678795247172e-01 7.409200557666523190e-01 7.888304546204050194e-01 8.131547346957820332e-01 8.272982676714524253e-01 7.661845607186803520e-01 3.549929557614025510e-01 2.616003143357484295e-01 4.672826372363365066e-01 2.895769022278413818e-01 4.141721173210187179e-01 3.783619907497506873e-01 2.679851582380622377e-01 1.877789949529994062e-01 3.110395451567390945e-01 4.313323583543974271e-01
2.932000000000000000e+03 1.941793242025099120e-01 2.500336566743743272e-01 3.737845039432416416e-01 4.290744278845604054e-01 5.361156987007499319e-01 7.157550853975781502e-01 8.255963982358446307e-01 8.265419336412910267e-01 8.160180489470825194e-01 7.915090268025958276e-01 4.315201347937225873e-01 3.709323834676334641e-01 4.658757571574493883e-01 2.938335659963381974e-01 2.205100326986651760e-01 4.273697628060242892e-01 3.151697519915805379e-01 2.806901395932050458e-01 2.655786110726975902e-01 3.103561599729219300e-01
2.964000000000000000e+03 1.592431988931950759e-01 1.861341880358796663e-01 3.753116826190002753e-01 4.755636546458466563e-01 5.771957174107806843e-01 7.306466209403107426e-01 8.255504598407706895e-01 8.390738430008514159e-01 8.491136046354015310e-01 7.742202555223235416e-01 3.165627321191530896e-01 2.286780340025842684e-01 1.083075634753253302e-01 3.179940272633904885e-01 2.463016152643900392e-01 3.050856890973592805e-01 4.449899287623184652e-01 3.952855733974391939e-01 2.476625822381053610e-01 7.339762760833331567e-01
2.997000000000000000e+03 2.158406512476145067e-01 2.707655370219072544e-01 4.217915658919219601e-01 4.562688653010136264e-01 5.526558166786675885e-01 6.837072989533542478e-01 7.668899057505589312e-01 8.172522337592152963e-01 8.370138336746658636e-01 7.291752211847030152e-01 4.463755402069585765e-01 3.192298335124484909e-01 3.794848665887512462e-01 4.164308289218493497e-01 2.837269710267452116e-01 2.186704803896235283e-01 4.637618100862602732e-01 2.873320345963988331e-01 2.264516396090676398e-01 3.537505890471440151e-01
3.025000000000000000e+03 1.522205236820338703e-01 1.758752231598418592e-01 3.354803542226774682e-01 5.120353653831200003e-01 6.105808628868087951e-01 7.491435605625350602e-01 7.956685278416609775e-01 8.053304806314749431e-01 8.416430220303799947e-01 8.142481618784735975e-01 3.573168258105807182e-01 2.845417523959252182e-01 3.745584169081881964e-01 3.364260840320333901e-01 2.407128904804172465e-01 6.831155530146983956e-01 3.467561163519909950e-01 3.500529954831474444e-01 2.332234084940334462e-01 1.978173259663336125e-01
3.055000000000000000e+03 2.379487202097725976e-02 2.231785603931930040e-01 3.941304885320320861e-01 5.210056101187237054e-01 6.768281175187667031e-01 7.936593184674705093e-01 8.081197652147025234e-01 7.834499826464956795e-01 8.123066875329411074e-01 8.154823529410565319e-01 5.055652771831257164e-01 5.224412883035010058e-01 2.349024278741070615e-01 2.151635562084396047e-01 6.086505882626501718e-01 3.039648873055918465e-01 3.344392959254733899e-01 3.863479368091274901e-01 1.902979850437113984e-01 1.156381824954792609e-01
3.234000000000000000e+03 2.614719171652274410e-01 1.898713734968043576e-01 3.258084133365001245e-01 4.391745282441629761e-01 6.023604051429508610e-01 7.121721876338819035e-01 7.329698793039571836e-01 7.864092895429366514e-01 8.156763232840456013e-01 8.547223573558383469e-01 4.025949611733314892e-01 4.630847780462356011e-01 3.208899712862119391e-01 2.215869189333258549e-01 5.280800646597069159e-01 4.106325994780238853e-01 4.245336002652944640e-01 2.727086828638145555e-01 9.314196337888916433e-02 3.024686076022173320e-01
3.593000000000000000e+03 1.301125670610803475e-01 1.871199892607997572e-01 4.212741567146961463e-01 4.501944337191484125e-01 6.687975640230358065e-01 8.300932896446239218e-01 7.504329542965859634e-01 8.188074989997906616e-01 7.849145601191540589e-01 7.828876720665307598e-01 3.720673453637353689e-01 4.053878874238924790e-01 2.956317861439715089e-01 2.426715201866344596e-01 4.809396802776685353e-01 2.829969482716506723e-01 3.648922783654727220e-01 4.923816228894731806e-01 2.538574771559222731e-01 1.986928861829167503e-01
3.609000000000000000e+03 2.425768046963018842e-01 3.205828453184998428e-01 2.723559442974370359e-01 4.278950272371582209e-01 5.947261200032628592e-01 7.130442224955784170e-01 7.843067661351130759e-01 8.371720231171129178e-01 8.102575394607438586e-01 7.515702759737038496e-01 4.506922540932035148e-01 3.185224362408986543e-01 4.286216121594593753e-01 3.930086203587161431e-01 2.671145168253549196e-01 2.039951740598565100e-01 3.446007134189226773e-01 3.451115183076530757e-01 2.939007700317088911e-01 3.270522822273724817e-01
3.735000000000000000e+03 1.070419615434298338e-01 1.444109684539671146e-01 2.930565242485101418e-01 5.461063541156286893e-01 6.233786883369926146e-01 7.905594483718980658e-01 8.024411110363570687e-01 8.690317104675816529e-01 8.749985191095610570e-01 7.835866430386835280e-01 3.197211188069603582e-01 3.206619932477914880e-01 4.883744534412204907e-01 5.041756573459109658e-01 3.619221053222625994e-01 3.032627258553879379e-01 2.569297396877506245e-01 1.666355530723085121e-01 3.069206253152916841e-01 3.540391834431306228e-01
3.743000000000000000e+03 2.445420624000866350e-01 2.035798470601180021e-01 3.798828836228478334e-01 4.955484694698863435e-01 5.209471342713045683e-01 6.606639802627131131e-01 8.052609025564719802e-01 7.649101517996604871e-01 8.443894099724122970e-01 8.051326335688452351e-01 4.619776304467909100e-01 4.471690891406766566e-01 3.621525789388332361e-01 3.050523861761248456e-01 2.706532988924840732e-01 2.591014712037722489e-01 3.339150043904016152e-01 4.086245779304013004e-01 2.380793003032017074e-01 2.991503250479043974e-01
3.744000000000000000e+03 1.787140967668642832e-01 2.240091802848260261e-01 4.257149240640293320e-01 4.589050561925868688e-01 5.475822701034260831e-01 7.716524649230226407e-01 7.443064470474793914e-01 8.263020695924511161e-01 8.214863948954862494e-01 7.729302488681979444e-01 4.661908840717582381e-01 3.781778572015453976e-01 3.152976296145499346e-01 2.967059975902204272e-01 2.799330356603450531e-01 3.559888198218945643e-01 4.503727031025527294e-01 3.263835532594643873e-01 2.617024603550056616e-01 2.539666222565632459e-01
4.068000000000000000e+03 1.233665395550989918e-01 2.255149427857354449e-01 3.851743129322483528e-01 4.775348861126231803e-01 5.745206605711025150e-01 7.183892730281012939e-01 7.673514226354790635e-01 8.139281666986198926e-01 8.598662877250659031e-01 8.247904447421958718e-01 4.385346103805120577e-01 2.701281834434710039e-01 2.477025640263211814e-01 5.977289449238061270e-01 4.868300651166406756e-01 2.896163689687957232e-01 3.713089335947694636e-01 2.140901915219099449e-01 1.064874377914856729e-01 4.185500253213231825e-01
4.069000000000000000e+03 1.816596008431672071e-01 2.106215621999028287e-01 3.902927202122719041e-01 4.855736991622013332e-01 5.782960682263855734e-01 7.060789728233318741e-01 7.759067328057389634e-01 8.230539015011489878e-01 8.260647245594073818e-01 7.893750317741974332e-01 2.659734143950273633e-01 2.442915502360241409e-01 5.834732353452254383e-01 5.040360299267864219e-01 2.954956153855889944e-01 3.738514238006391266e-01 2.228494884705478629e-01 1.378719371475251865e-01 3.458059794687951549e-01 3.955810924550437480e-01
4.168000000000000000e+03 1.377015164148296389e-01 1.677443647912213731e-01 3.545904304747832247e-01 5.168532256535731673e-01 5.998702238976866274e-01 7.346329738014970578e-01 8.345993204902699691e-01 8.331008478143758778e-01 8.348044293527778770e-01 7.931742609328605864e-01 2.543261652066717837e-01 3.326274006467467292e-01 4.316421975993592897e-01 4.613658463801466603e-01 3.292409054939581248e-01 3.772641994955439615e-01 2.883888795070359001e-01 2.891436864222937109e-01 3.144901055440331161e-01 3.011576204227692788e-01
4.181000000000000000e+03 7.949595832747563540e-02 2.132991981942979620e-01 3.937999025055931579e-01 4.781839562726353243e-01 6.239256848447249926e-01 7.326023493656931285e-01 7.583717047838144376e-01 8.531581377381086684e-01 8.576172400321436795e-01 8.110279179620076828e-01 2.967525087112790616e-01 3.957053460666439260e-01 2.863907370550631826e-01 1.892153935071854698e-01 5.263105318130349985e-01 4.548745968229220282e-01 3.889126194993245966e-01 3.980192458088953056e-01 2.170387119412295340e-01 2.478135206722099360e-01
4.182000000000000000e+03 1.654257721536090131e-01 2.113962852451055641e-01 3.830626834197395914e-01 5.215878123505460762e-01 5.820841264211441546e-01 6.863895300661201349e-01 8.107795909847342886e-01 8.119087935305514536e-01 8.028123764868582146e-01 8.008774384300518800e-01 3.535678482116574872e-01 2.563118025385523469e-01 1.676108498171081373e-01 4.944950838585306929e-01 4.210867768199628713e-01 3.553314837829240624e-01 3.759561261411757949e-01 2.549868442821298653e-01 1.857847938474795346e-01 5.335196945466876839e-01
4.183000000000000000e+03 1.726400138998384348e-01 2.118646822197110535e-01 4.326605839952231136e-01 4.963282219317003419e-01 5.521153405452033924e-01 7.564140196891774304e-01 7.778685584860540736e-01 7.603612839619512398e-01 8.015475469157143928e-01 8.078881823589164624e-01 2.497819294658351619e-01 1.636082315092882433e-01 4.777522444202473295e-01 4.314987571215736506e-01 3.587922681470260278e-01 3.746477029811736692e-01 2.626958252627985546e-01 2.380682115097611518e-01 4.362760945993591766e-01 3.448133166899792212e-01
4.326000000000000000e+03 1.937089621482642743e-01 2.170737154621604215e-01 4.194540875614324871e-01 5.008166616164750895e-01 5.894445610521731327e-01 6.969329569426632176e-01 7.360558220553615749e-01 7.898230986736162196e-01 8.259704306067299218e-01 7.859975035486342909e-01 4.380955540540861781e-01 2.784521048571307889e-01 2.467305804689629845e-01 5.773267105058483839e-01 4.586045667490837863e-01 4.120266260283746429e-01 3.489420571378201719e-01 1.718586595876685497e-01 7.808648571027712593e-02 4.386430725058644842e-01
4.380000000000000000e+03 1.382633457295669721e-01 2.093182437454001177e-01 3.770703805560894351e-01 4.952743303736714675e-01 5.845309836510609314e-01 6.927388646691946539e-01 7.968236674859949797e-01 8.084834297213805421e-01 8.453421210581846257e-01 8.238378705032146643e-01 4.384332283929886498e-01 3.372885194995973168e-01 2.074585437028463875e-01 4.002803472435341736e-01 4.141624709752550482e-01 3.105793896052082559e-01 3.897566318720204759e-01 1.955389708663718695e-01 1.051117042300316468e-01 6.146979964471234181e-01
4.381000000000000000e+03 1.761565732565565923e-01 2.125222201458941140e-01 4.161058652939985114e-01 5.061369057397042681e-01 5.664958989129580402e-01 7.504643994976507582e-01 7.822839262823888529e-01 8.171986672209075042e-01 8.344409085414761229e-01 7.310383819013513973e-01 3.268696726175127631e-01 2.013796976322738408e-01 3.845808736251767890e-01 4.220473992623666737e-01 3.118826875394181686e-01 3.862441113462818931e-01 2.003316846007915375e-01 1.339451225530329526e-01 4.998693636136199436e-01 4.396764045399085274e-01
4.396000000000000000e+03 2.308130618824753288e-01 2.717912107774124175e-01 3.541046023227296669e-01 4.314482915769732863e-01 5.109839749976690104e-01 6.813676508869311865e-01 7.496525144767610671e-01 8.823390993852380237e-01 8.319294055363697371e-01 7.812370320785180233e-01 2.684758334147698267e-01 3.786234113793164879e-01 4.524248240005773747e-01 3.032841368072702881e-01 2.215711824588650347e-01 4.412605039770000626e-01 2.227703676471267658e-01 3.711551431742202145e-01 3.636753002151481007e-01 3.262551956488635718e-01
4.520000000000000000e+03 1.689795338823857906e-01 1.934739985381348504e-01 3.724341262971629929e-01 4.957748856142275562e-01 5.580937909487201365e-01 7.707382619955385206e-01 8.054508576068353243e-01 8.063193325304622849e-01 8.294113599650153601e-01 7.877491941018397448e-01 1.453079580066966858e-01 1.707850798856208052e-01 5.019114810911937674e-01 4.598193372632585763e-01 2.920900917873568425e-01 3.776191931850995664e-01 1.902534892680263212e-01 1.458595390312611151e-01 5.582977013240179032e-01 4.521331482665796320e-01
4.869000000000000000e+03 1.288226038734692214e-01 1.518697036965543645e-01 3.680347546852387186e-01 4.182749375887572230e-01 5.618274853845178773e-01 7.226048071341037993e-01 8.259472820801083692e-01 8.622030395118435164e-01 8.755556696594213317e-01 8.566185085523986276e-01 4.556067299273849347e-01 4.913056766425733524e-01 3.283561847038875547e-01 3.118494418065692053e-01 4.387272491451064682e-01 2.996387452419692621e-01 3.620047018814449569e-01 3.577007394180299338e-01 1.926068749342252917e-01 1.784513949961872847e-01
4.881000000000000000e+03 2.531568492082539867e-01 2.446369526722567966e-01 3.508711015042915715e-01 4.047381007323833102e-01 5.398068096523422899e-01 7.064823471169928704e-01 7.817624373242544333e-01 8.174260241094977175e-01 8.120741590422146938e-01 8.131773956110239787e-01 3.494453332695377501e-01 3.807148772403209369e-01 2.965146547294997270e-01 2.231335037184823400e-01 5.664157351641063709e-01 4.185019341818826399e-01 3.842201548760142416e-01 3.729941899554509166e-01 2.140284892619837565e-01 2.019527537060715749e-01
5.005000000000000000e+03 1.768836193289710645e-01 2.245146160718627382e-01 3.943307976059655107e-01 5.023779775886004773e-01 5.582939307917336169e-01 7.045373737292930372e-01 7.755343021260202585e-01 8.388819112290891722e-01 8.457167822857629691e-01 7.526279362307561893e-01 3.101729172756975683e-01 4.433105397402010706e-01 3.082947248477241886e-01 3.035777248919452331e-01 2.951868192826735959e-01 3.667807278179093800e-01 2.989982679796257536e-01 3.697735820056248235e-01 2.623245147281589307e-01 4.140116756506104778e-01
5.019000000000000000e+03 1.108780333948689162e-01 2.080490452847263694e-01 3.898685367569254545e-01 4.990485235030908684e-01 6.011402342699770918e-01 7.533903964004960985e-01 8.038825317264122194e-01 8.363375352148106900e-01 8.000935092692912365e-01 8.057114206661555311e-01 3.103652156353083891e-01 3.788367054112682930e-01 3.444144579783495752e-01 3.546952907235728647e-01 4.064423471300953050e-01 3.651016739526936616e-01 2.829332416806241701e-01 2.627856682316641046e-01 2.341316325480471694e-01 4.473379132568087724e-01
5.128000000000000000e+03 1.347903003423832902e-01 1.559472585103131859e-01 3.734836225287426759e-01 4.497344422453578017e-01 5.473023771828114947e-01 7.205660598641148162e-01 8.660331430839913747e-01 8.279438434837499416e-01 8.547876230696309641e-01 8.479083261809815530e-01 3.318824416290169776e-01 3.377149807400632864e-01 5.653245549876868559e-01 2.465455330737650053e-01 4.435925994792290772e-01 3.893878361051137382e-01 3.758071300252920355e-01 2.972796863690504998e-01 1.881792090383695992e-01 2.430719917694401377e-01
5.129000000000000000e+03 1.185482590443125012e-01 1.929935683514025224e-01 3.587537292970693348e-01 4.529564484546263481e-01 5.716584197902152553e-01 8.010291136440985671e-01 7.831576633439975010e-01 8.095109447953350301e-01 8.463120774350083586e-01 8.520464861959932135e-01 3.278393829624510203e-01 5.496899592746067320e-01 2.372785623244966224e-01 4.528064625789501307e-01 3.916478976553409708e-01 3.730529773396023541e-01 3.050844029112685374e-01 2.402050093104183270e-01 1.979935262459902034e-01 3.356190686128522893e-01
5.133000000000000000e+03 1.690189987823067508e-01 2.748540754431209598e-01 3.934576261477970571e-01 4.699316536993749516e-01 5.547472049307669018e-01 7.094792706157601048e-01 7.422893708659639156e-01 7.901020147686560469e-01 8.139715074575348819e-01 8.259866407476007533e-01 4.161306112524485457e-01 4.106917599221354687e-01 3.429157031906205355e-01 2.879315754247332992e-01 2.967760547533647153e-01 4.073587017879819472e-01 3.378242044103567099e-01 3.833622911519549703e-01 2.134509123787510232e-01 2.995234894077056231e-01
5.161000000000000000e+03 1.968414854678684489e-01 1.908206425520104221e-01 3.864572418125121200e-01 4.839531329336108634e-01 5.699884062141221674e-01 7.523987640018631184e-01 8.067738227246527005e-01 8.005233524302182158e-01 8.394562262463490798e-01 7.567002924311745371e-01 4.303981539111012000e-01 4.696346305854213199e-01 3.671968764033896049e-01 3.629993852138440613e-01 3.324224758738654195e-01 2.275942932836056698e-01 3.635514748814114849e-01 2.973740365469833558e-01 2.280087681867438987e-01 3.164190383670286155e-01
5.370000000000000000e+03 1.151767890056241694e-01 1.237815442934019350e-01 3.309271783783167553e-01 5.536864265235078575e-01 6.731696218613273386e-01 8.129470570965295906e-01 8.029224576439645267e-01 7.874260891728083189e-01 8.271428950033867800e-01 8.120641376497245156e-01 2.884704725838822537e-01 3.642663857529876981e-01 3.261874231024916027e-01 4.106133461693328157e-01 5.622820607898106893e-01 3.555495285840268305e-01 2.969630780271235171e-01 3.262758888878210528e-01 2.168623811878814256e-01 2.652637990921562494e-01
5.379000000000000000e+03 1.335880706098079573e-01 1.995591924925446958e-01 3.610561750113132629e-01 4.858797407083438324e-01 6.010299354641064351e-01 7.639714251096801911e-01 7.785973224195451570e-01 8.148963369426366343e-01 8.458509195033634409e-01 8.086749858575305039e-01 6.226206449359368289e-01 8.408577325512841538e-01 3.099240209077848696e-01 4.448204147036695644e-01 3.562713990210267245e-01 2.678807794622223293e-01 2.339393801758373748e-01 1.394090035019338314e-01 8.966696854430078467e-02 1.521861756044499414e-01
5.412000000000000000e+03 1.965050159785550199e-01 2.094414566365494779e-01 3.777097048605154161e-01 4.392535464402617107e-01 5.472462769272834482e-01 6.920976900843359703e-01 7.602190746260775178e-01 8.524511737546548451e-01 8.952594227860726228e-01 7.758962809950273876e-01 5.305414060419511024e-01 4.432725284856824377e-01 2.454586231521548312e-01 2.934279848348055331e-01 4.206515422174449959e-01 1.648092759352691727e-01 2.724356726968317766e-01 3.569968693572971308e-01 2.726179700606062850e-01 3.676991522365871679e-01
5.413000000000000000e+03 1.755952705268857550e-01 2.123263200224223268e-01 3.657201998969903389e-01 4.712893365670765000e-01 5.648295963203330272e-01 7.106953983813453224e-01 8.312320332357894248e-01 8.744269351288080916e-01 7.780330602689067288e-01 7.974639800241114518e-01 4.661692941706631066e-01 2.585633653970992873e-01 3.059349762381713966e-01 4.651735835839815314e-01 1.796787044157543978e-01 2.929849765934455230e-01 3.969136697536490566e-01 3.769993269014882964e-01 3.244844518732535876e-01 2.974578200600125899e-01
5.414000000000000000e+03 1.749034496811036621e-01 1.972808631924785616e-01 3.901080742218026032e-01 4.828101637702311710e-01 5.776256684223867177e-01 7.805099888061025615e-01 8.513113598170474194e-01 7.335761638393244466e-01 7.993705513223273718e-01 8.045243670025710170e-01 2.773582977391202409e-01 3.287088808397136686e-01 4.946924872212216662e-01 2.026700891361490897e-01 3.256688563746047982e-01 4.353901239799167766e-01 4.275327295346969536e-01 4.576930725344545148e-01 2.677473032326294633e-01 1.730758230250829532e-01
5.423000000000000000e+03 1.945632168861211320e-01 2.377736234933487403e-01 4.183678198714690932e-01 5.115590894317771919e-01 5.432320572447828511e-01 6.999009057558512881e-01 7.445766263632275228e-01 7.767247022581337257e-01 8.518886898718636136e-01 7.705418538537578410e-01 1.743891528545993830e-01 1.900059274349616689e-01 3.003978640212224827e-01 4.263969768039977404e-01 4.497395693091035263e-01 5.496820010461748174e-01 1.997908228949841214e-01 3.426207268098210856e-01 3.310806380504694446e-01 4.007403428588700023e-01
5.443000000000000000e+03 2.058523912116353993e-01 2.380140422407616696e-01 3.612817141361088225e-01 4.524604908244861945e-01 5.515292410040045779e-01 7.027783753123484356e-01 8.024807149135304574e-01 7.936916685092376689e-01 8.028732402436670190e-01 8.319001902672312765e-01 3.498547296212201063e-01 3.180556148530377381e-01 3.536117745320686567e-01 3.282928883239601414e-01 1.786778420328807571e-01 2.044621131569040184e-01 3.613200404685336098e-01 3.290987206616493022e-01 3.282644119924171822e-01 5.839077944885052718e-01
5.520000000000000000e+03 2.299491948847934841e-01 2.318716283576973958e-01 3.439048690132781028e-01 4.220640397412557254e-01 5.298941507862774403e-01 6.768854873365672820e-01 7.698733966095141490e-01 8.322505783314624317e-01 8.345569322337579310e-01 8.434526518864317035e-01 4.814563943084576580e-01 5.568956091635262062e-01 4.028503155506681921e-01 3.705177119022209919e-01 2.781015377963371171e-01 1.183323949189937219e-01 1.720702989239711045e-01 3.024149380278580712e-01 2.586241573195964261e-01 4.311271560663179070e-01
5.521000000000000000e+03 1.906311661615658348e-01 1.760948218447354052e-01 3.459814576987653711e-01 4.503749161370791398e-01 5.446790388413428330e-01 7.149265013998397089e-01 8.025997185507721676e-01 7.987400317121287063e-01 8.521294218359056760e-01 8.651971028290063037e-01 5.656435217382992375e-01 4.098505992432910361e-01 3.731057651983785139e-01 2.970253707437511825e-01 1.246443206817260813e-01 1.787162417520818669e-01 3.247344743412460266e-01 3.454200360061556729e-01 3.674515689102736404e-01 3.488259300525384798e-01
5.585000000000000000e+03 1.494003245485751863e-01 1.979100536766356111e-01 4.205802228029719148e-01 4.762218354490970751e-01 6.035995131132598779e-01 7.358179999992783271e-01 8.439079892142677952e-01 8.241240740033036749e-01 8.391548033532550965e-01 7.245624132471242262e-01 2.759434359529139846e-01 2.903435225350566862e-01 4.601124083300769940e-01 4.279844753643899380e-01 3.692226248004024658e-01 2.777791486311372293e-01 2.721234906903098327e-01 3.038130918144358872e-01 2.567062035332920988e-01 4.494761578676519376e-01
5.622000000000000000e+03 1.638457534380151071e-01 1.921313516302830260e-01 3.757326826794365471e-01 4.424721669786599310e-01 5.352885146666809257e-01 7.109718305421660611e-01 8.266444140229308735e-01 8.035434885062674448e-01 8.609343928055714912e-01 8.424303699671102930e-01 6.445886101575337701e-01 3.165486522143846626e-01 3.942499154307296250e-01 2.134510061205775189e-01 1.351225621609766503e-01 3.250215733418056474e-01 2.496953590058394179e-01 3.294326416897153109e-01 4.074578983055662795e-01 3.064952552994423818e-01
5.636000000000000000e+03 2.708696956723830040e-01 1.965322386434189827e-01 3.673676884884609084e-01 4.490486568589861505e-01 5.393903689139897262e-01 6.366638798552812784e-01 7.878533868001653673e-01 8.110657555088888193e-01 8.389203371861534420e-01 8.120489372099112257e-01 1.087248607562482788e-01 7.267419582550395107e-01 2.131041950421020958e-01 1.285665748342179893e-01 2.326322080681600402e-01 4.464664277141735527e-01 4.521154754598546988e-01 3.260722894033999397e-01 1.646187229965420662e-01 5.855784932902518003e-01
5.637000000000000000e+03 1.688154811410001455e-01 2.072913372427930279e-01 3.793978748870748263e-01 4.698275371277278456e-01 5.182847258988393380e-01 7.464666009510547706e-01 7.904049057914811494e-01 8.142748316445576062e-01 8.246714153986126616e-01 8.378490388414299161e-01 6.324025522612076733e-01 1.857422000493147152e-01 1.109115603372999997e-01 2.128598303454284635e-01 4.025162503413105552e-01 4.022952898479348893e-01 2.999505933083466136e-01 1.883458671807144713e-01 4.275736219423351137e-01 4.459948010196384538e-01
5.680000000000000000e+03 1.812322545979592470e-01 2.107231142637100707e-01 4.175243410302618141e-01 5.316870489639937691e-01 5.744676073753998136e-01 6.859669562706798285e-01 7.614455332233243112e-01 8.183496254436992690e-01 8.487376238930354200e-01 7.429939721546455766e-01 3.015107001484648164e-01 4.335729453533534450e-01 3.742574713626405924e-01 3.998882076307871403e-01 3.543849117005093974e-01 3.534803018933674879e-01 1.759770843838275312e-01 3.235270752533236926e-01 2.191328339154258176e-01 4.549075428066158833e-01
5.834000000000000000e+03 2.176896701046461824e-01 1.952675428833217097e-01 3.772337171713843751e-01 4.735664622961058279e-01 5.750591671753287892e-01 7.429409821517768409e-01 8.010309740995619210e-01 8.255921173513658395e-01 8.509911849853203369e-01 7.239964621869776629e-01 3.245514695096005653e-01 2.188715022531113885e-01 2.970127160445651393e-01 3.393763440016647759e-01 2.960651127276201500e-01 4.069149208139807850e-01 3.415415348611482993e-01 3.898806027489815085e-01 2.610872866148968297e-01 4.920134978107423285e-01
5.844000000000000000e+03 1.861303968968535671e-01 2.210486970456242983e-01 4.251356322094940188e-01 4.156497790913999957e-01 5.580432838394508988e-01 7.142406005803538793e-01 7.660970971881732039e-01 7.968840461536277342e-01 8.447689245554114157e-01 8.153819371756967360e-01 3.904014362605668920e-01 4.044852940708612010e-01 3.080954497331701569e-01 3.590239739589128343e-01 3.171430134948786672e-01 3.707309232294126455e-01 2.645861754234293817e-01 3.458966691296386786e-01 2.634971883339065624e-01 3.551760452142076474e-01
5.845000000000000000e+03 1.823907504647409861e-01 2.537182542935280671e-01 3.412453420126527193e-01 4.770111267158025914e-01 5.814049744001071884e-01 7.121672683631929957e-01 7.635560541194730266e-01 8.116567200964401874e-01 8.204539221797386706e-01 8.130574980190365952e-01 3.881199642633795799e-01 2.961143363539192608e-01 3.415370537793519512e-01 3.199896801129465951e-01 3.685819003339717015e-01 2.596044975772121011e-01 3.508750743594314936e-01 3.324575536006472709e-01 2.859695635906547850e-01 4.226712066971566872e-01
5.846000000000000000e+03 2.161165103290133283e-01 1.824170161052355577e-01 4.039404333418397108e-01 5.078091650195397655e-01 5.899631037901300612e-01 7.205464316612287812e-01 7.908386873638193482e-01 7.925443506739416888e-01 8.256620441923115949e-01 7.476845522818027501e-01 2.835406840359825376e-01 3.275691481443984143e-01 3.037675926457562570e-01 3.711132053143372800e-01 2.576050359974484949e-01 3.435563610656379163e-01 3.365371616739323835e-01 3.600566252008804424e-01 3.396042465567012392e-01 4.263819976910616649e-01
6.034000000000000000e+03 1.960837899711018739e-01 2.433691732504979222e-01 4.133046048925986260e-01 4.834414398320891482e-01 5.582398722830810289e-01 7.228639336596123233e-01 7.985569572546707962e-01 8.195033174670945941e-01 8.514453054047995684e-01 6.979272571330321639e-01 4.032747702233517306e-01 3.971045365336005051e-01 4.272972884107864577e-01 4.089423432264425173e-01 2.984230047412411713e-01 2.689590986615926771e-01 2.837950439830888572e-01 3.516820719788921745e-01 2.319812286610004326e-01 3.237806952818025330e-01
6.067000000000000000e+03 9.580707786206013599e-02 1.101410321325188429e-01 4.050721111287594045e-01 5.657994055063036987e-01 6.180901891672195836e-01 8.068745376690340532e-01 8.274137139984891753e-01 8.220787124708718308e-01 8.451190814552421715e-01 7.574855537639210157e-01 4.800661205500016959e-01 3.946394810315044244e-01 5.090584449520092480e-01 4.474908709594962453e-01 3.391162341086568777e-01 2.315989476742690845e-01 2.582124009322087632e-01 2.569847551002422681e-01 2.234236476126755244e-01 2.671860482901861622e-01
6.213000000000000000e+03 1.379408277376916736e-01 1.935849088800571105e-01 3.939532757462643198e-01 4.310658208987580009e-01 5.987359329316459533e-01 7.865591789158304925e-01 8.446503892635843780e-01 8.060547536937123780e-01 8.044773811578003198e-01 8.085726270663022852e-01 4.190316107380367416e-01 3.060244407745805195e-01 3.667394156462307486e-01 3.548382229918015107e-01 3.503315084197258233e-01 3.993729680712523877e-01 3.259262358885396949e-01 3.054126532884171019e-01 2.781038975901734545e-01 2.779898116271694586e-01
6.232000000000000000e+03 1.982892988525948585e-01 1.832784311682614520e-01 3.989110933176986951e-01 4.723576796122602728e-01 5.984089775068877071e-01 7.910702740891119022e-01 7.744375190578235424e-01 7.890624400012791195e-01 7.887405225900672168e-01 7.908578573087193808e-01 3.151569024939574470e-01 3.573824369005002000e-01 3.473046847221384903e-01 2.981723011779507382e-01 3.266834062370446712e-01 4.012865550733558662e-01 3.561742388405998994e-01 3.790397037010614922e-01 2.751082810914925458e-01 3.214369315034280583e-01
6.237000000000000000e+03 2.465928384055399714e-01 2.478319017206546682e-01 4.029414626857603654e-01 4.411457017093106114e-01 5.229259243034176663e-01 7.207428034154609309e-01 8.001609761583232672e-01 8.225546753091599328e-01 8.267103236047115278e-01 7.227887986453429559e-01 4.142872833442834413e-01 3.760339312195045136e-01 4.223471423352931908e-01 4.065820341552658368e-01 3.790909228550850552e-01 2.610875392080940771e-01 2.597476691299508422e-01 2.505291759511536487e-01 2.494576387924206662e-01 3.702542408003488550e-01
6.257000000000000000e+03 1.450850964231780726e-01 2.004304925408251781e-01 3.722899250631971357e-01 4.729587574384711002e-01 5.755162626736393117e-01 7.489947987671008445e-01 7.896681532671319115e-01 8.024352538825855197e-01 8.546633617738161881e-01 8.164261650585225016e-01 3.611076456690736070e-01 3.989881233279816142e-01 3.733112036871752970e-01 4.147131118780795767e-01 3.590033004155183116e-01 3.130027912951695024e-01 2.441318687898593187e-01 2.182154814664736264e-01 2.910288857053444089e-01 4.011656576665241225e-01
6.274000000000000000e+03 1.394783273301890281e-01 9.464409905844892168e-02 3.999544975635940802e-01 5.340091246592083563e-01 6.439156666703682586e-01 8.071337940109164499e-01 8.183867657185832645e-01 7.634672907115823692e-01 7.963273425647063863e-01 8.269666226198338910e-01 3.036415706597294650e-01 3.245787003713632712e-01 5.391884243249380759e-01 3.395889689049226834e-01 3.274618893730413260e-01 3.328403795159787792e-01 3.927605107812108254e-01 3.602206635580649241e-01 2.630222167587100701e-01 2.139601465059796925e-01
6.288000000000000000e+03 1.806733939000432221e-01 2.384865867272797091e-01 4.252516055060645561e-01 3.721266921271427219e-01 5.558816248440746621e-01 6.988810066383416286e-01 7.863861965037395318e-01 8.418195821673314372e-01 8.552052250317974114e-01 7.924701218498293454e-01 5.610062027447895172e-01 3.857219023742667341e-01 2.998489591091256234e-01 3.736027841445078712e-01 3.537659266790175172e-01 3.639421602700466107e-01 3.196206116888238302e-01 2.185549007150591472e-01 1.951126658028537464e-01 3.333263865951145988e-01
6.290000000000000000e+03 2.090573620482516493e-01 1.374982033574483065e-01 3.930966770506855168e-01 4.842085266890279738e-01 5.990020403997109444e-01 7.625592834366408113e-01 7.933538291373384288e-01 7.516729720664351300e-01 8.255224170717656573e-01 8.160582690408985096e-01 3.000550813134373329e-01 3.706442504854112197e-01 3.684433079548420920e-01 3.961421622543344623e-01 3.383402645099936601e-01 2.360415127472568764e-01 2.709754902443389790e-01 3.674316370889836869e-01 2.820586864155816276e-01 4.394369883248218644e-01
6.296000000000000000e+03 1.515105728492653347e-01 1.222427862663577891e-01 3.202478288168331688e-01 3.867473966043497025e-01 5.214079585291409025e-01 8.125957655474070895e-01 8.620478898095944587e-01 8.729525139830408564e-01 8.891832118435748500e-01 8.471432210495272175e-01 2.285735948550880470e-01 3.276098572316077373e-01 3.301495685895778909e-01 4.353145757491103662e-01 3.590127704005583453e-01 5.251329541297407033e-01 3.598196171298697066e-01 3.035956525373129100e-01 2.329893676654758161e-01 3.027240876240485656e-01
6.347000000000000000e+03 1.356142922486301972e-01 1.927862224946659264e-01 4.053122226841536779e-01 5.202814555100288008e-01 6.466916263086127659e-01 7.390878622196012104e-01 7.461962126741936707e-01 7.828401125470071387e-01 8.417151829432029109e-01 7.861493631497146195e-01 4.350931285369692980e-01 3.861720806544170492e-01 4.558465092183561218e-01 3.271545009266415005e-01 2.944539552691800566e-01 3.145305523515441459e-01 2.796921354765707357e-01 1.602250944356949092e-01 2.755059288819658447e-01 4.436025001921341526e-01
6.354000000000000000e+03 2.017176721015280505e-01 2.662848024378242640e-01 3.793930396156432461e-01 4.078125794658058467e-01 6.232507653140925141e-01 6.551689755218813582e-01 7.374673550719005322e-01 8.254695390888454609e-01 8.474521138249965224e-01 7.924495731341699711e-01 1.629874305022817049e-01 3.683428013445345095e-01 4.968027430386043886e-01 4.272318706891141682e-01 4.678053155166831956e-01 3.776185290195132049e-01 2.058836074549410811e-01 3.588785503728332826e-01 2.274094556526805866e-01 3.155720491729703814e-01
6.355000000000000000e+03 2.246065841024792731e-01 2.161511278207893239e-01 3.402756420821767547e-01 5.430554576877547612e-01 5.326088139218368989e-01 6.897629717811144534e-01 8.034894280993857274e-01 8.213161728675206774e-01 7.994460601992450233e-01 7.856267310286375594e-01 3.375618967080263877e-01 4.560322603961874388e-01 3.881642630935719374e-01 4.508007926793799469e-01 3.585605509286611814e-01 1.929190134047910621e-01 3.476830469345268959e-01 2.740287977268030528e-01 2.426613685945200882e-01 3.473138527082547666e-01
6.363000000000000000e+03 1.998283576574153841e-01 2.284057844428936113e-01 3.360609178221165005e-01 4.727872740857301248e-01 4.895449759008779211e-01 7.572044427753974460e-01 8.342018838994930130e-01 7.811067070203607798e-01 8.286676946635354035e-01 8.252466366314856749e-01 3.175284202025309144e-01 3.813207165793456865e-01 3.894719256797126161e-01 2.467414678402747308e-01 3.778560212754274450e-01 3.694209345775302245e-01 4.554491962080636780e-01 4.333096073846595675e-01 2.572625089152925648e-01 1.667810286591397684e-01
6.541000000000000000e+03 1.387670428165837799e-01 1.984636594185904546e-01 3.571036147606147515e-01 4.555433057557722876e-01 5.814656302095188023e-01 7.542441375958690575e-01 8.148308551078744522e-01 8.150746407972530028e-01 8.673753012347000801e-01 8.055366934123542322e-01 2.335223953888698190e-01 4.516737928460636819e-01 4.222775853442716221e-01 3.837856397844824352e-01 3.674648689679542168e-01 3.651305872705529199e-01 1.576256662532552755e-01 3.013231141290061976e-01 3.211660326718497327e-01 3.640750230834692847e-01
6.593000000000000000e+03 1.808573391878941505e-01 2.139463775922019195e-01 4.025490942455320909e-01 5.184375494677739837e-01 5.422488759007511039e-01 7.471336322608141955e-01 7.339291320636109894e-01 7.986385300960193723e-01 8.269079752151754503e-01 7.967181072131583885e-01 4.385214962957447726e-01 3.344173952144660067e-01 1.809951748281501960e-01 3.297278419222036128e-01 4.938687339390968600e-01 4.063161239671180258e-01 4.196325222216750750e-01 3.095008218760669783e-01 1.596419031534857536e-01 3.421156152402307082e-01
6.707000000000000000e+03 1.538516570921457938e-01 1.780157648526688174e-01 3.584189740036944904e-01 4.242690058692556998e-01 5.703689886442508961e-01 7.459307425849736051e-01 7.988778244297984887e-01 8.458971749869349521e-01 8.712964645271810138e-01 8.252836723244846295e-01 3.322065811671147673e-01 1.378567673451746023e-01 3.780170051742685611e-01 4.664772180064234441e-01 5.077970678362413448e-01 4.317209967255125069e-01 3.130492528910110983e-01 1.657141464595660862e-01 2.439278672110686830e-01 4.205836815068978995e-01
6.709000000000000000e+03 1.516868621994333088e-01 1.750024694852443941e-01 3.983130306995923409e-01 5.176236567708376590e-01 6.035444845637520928e-01 7.590276991467302947e-01 8.066816230335375204e-01 7.889968783257407248e-01 8.349889809568038501e-01 7.698349628181611060e-01 3.276459480300238369e-01 4.008434117381500239e-01 4.580817803448682946e-01 4.069965937349575014e-01 2.870319443884716826e-01 1.549922339638398483e-01 2.934069795501700328e-01 4.015499693190777153e-01 3.095408710007265252e-01 3.293450822230155617e-01
6.720000000000000000e+03 2.306713689731493266e-01 2.800692103260348786e-01 4.353803016720531605e-01 4.821777225544114365e-01 5.264899610702141741e-01 6.773368135918386157e-01 7.588968535797585568e-01 7.990811042284229337e-01 8.123958717120279838e-01 7.371927562350871765e-01 1.227412752057052275e-01 2.686908482536001785e-01 4.316622535833184449e-01 3.642597314153686594e-01 3.800376360766485329e-01 4.217555620595023758e-01 2.337358186450395614e-01 3.015989458320615380e-01 3.558424018077429030e-01 4.701404375121919776e-01
6.749000000000000000e+03 1.945949746368084432e-01 2.405465035124194351e-01 4.276907318043618456e-01 4.739443727095393744e-01 5.548090943651685647e-01 6.465657837323213197e-01 7.457519417674502993e-01 7.955350239348093488e-01 8.433356164397479704e-01 8.055939918123857790e-01 2.704747391009471036e-01 1.661394151723413759e-01 3.793796804332103534e-01 4.934941118169066665e-01 5.527065420762653503e-01 4.179491278821145239e-01 2.858892774439288909e-01 1.615226795454876574e-01 2.450526966080162627e-01 4.272571791339959679e-01
6.812000000000000000e+03 1.722646994160830503e-01 1.989383695378961758e-01 3.699994498281921618e-01 4.554739309634458500e-01 5.677025240003179540e-01 7.024749943813501929e-01 8.173441336533903145e-01 7.693325563123006861e-01 8.468112729238447267e-01 8.510364058392767550e-01 3.583840777742463568e-01 4.471608279129095642e-01 3.662065550584569507e-01 2.689853092931888678e-01 1.723497529214601809e-01 3.052458544080155489e-01 4.820208179402644677e-01 3.794905584398415299e-01 3.131578037944388604e-01 2.716485989612112961e-01
6.817000000000000000e+03 1.326014679285447417e-01 2.068443176578834697e-01 3.071835865287593226e-01 4.232785253397349234e-01 5.187517120437556972e-01 8.164436365141241048e-01 8.296166946356766658e-01 8.075880815930418510e-01 8.918134643004008710e-01 8.453087597955135646e-01 2.040047222385487635e-01 3.293709389564754009e-01 2.737018178839952243e-01 2.995580206606409668e-01 2.073796599867479551e-01 5.952228831124214414e-01 4.220180020501033691e-01 4.727263241825849227e-01 2.553490914922649790e-01 3.225001619582945622e-01
6.818000000000000000e+03 1.605453561032804122e-01 1.302056872644661578e-01 3.351658230125404980e-01 4.267871920027228039e-01 6.625690239923461844e-01 7.623237911822963175e-01 7.597605527949515825e-01 8.523544305997494686e-01 8.430921503111903359e-01 8.513978740862999661e-01 3.153367930500184935e-01 2.624684644435600345e-01 2.843284785494538669e-01 2.087711288027571388e-01 5.903549323997786535e-01 4.131573656040929410e-01 4.784555749426959159e-01 3.214543579281559649e-01 2.590769011713310865e-01 2.574750225455182395e-01
6.820000000000000000e+03 1.220524404978769878e-01 1.633108885607568450e-01 4.576049413731472226e-01 5.151638991977012250e-01 5.460003590892757996e-01 7.475320333687115459e-01 7.511765740977274231e-01 8.082434458670442190e-01 8.506476160612080895e-01 8.171641005659062706e-01 2.776412952968095316e-01 2.021091345809107043e-01 5.999737341879260999e-01 4.388107783573576559e-01 4.941569824792176324e-01 3.387764359202594111e-01 3.510980296503351528e-01 2.769493369393241089e-01 1.389807564489998204e-01 3.216736118525616028e-01
6.822000000000000000e+03 2.257650153740390908e-01 2.465572714457865966e-01 3.741891500725855191e-01 5.138313736624894323e-01 5.499445773617934741e-01 7.078753966741980763e-01 7.736875642767272465e-01 7.730625353821973800e-01 8.171433953046353116e-01 7.693013731137529065e-01 5.358980656837041279e-01 3.885790655922778392e-01 4.593835177456683794e-01 3.291542311548768529e-01 3.317304122423002100e-01 2.669674248619333667e-01 1.722741127053099008e-01 3.164881875036966163e-01 2.445168440930335363e-01 3.396324626740939157e-01
6.851000000000000000e+03 2.091382934318062603e-01 2.069370282385828153e-01 3.507627130995090714e-01 4.377478091862149201e-01 6.264002563958990244e-01 7.418176811853384178e-01 7.798086988778765161e-01 7.982971598827456328e-01 8.392712474277236323e-01 7.813947144132438183e-01 4.977475033582048902e-01 3.906812501134526161e-01 4.972248437678788990e-01 3.628409240088560361e-01 3.731033645064580906e-01 3.509098715741821306e-01 9.618182975289943371e-02 2.504489938677733618e-01 2.357099711290873145e-01 3.387481337338336673e-01
6.914000000000000000e+03 2.239740678467579127e-01 2.557982287834847934e-01 2.821472624098243509e-01 4.639953441756834995e-01 5.569463370680312053e-01 7.630831096737601404e-01 7.486270919736207619e-01 8.463227890944841070e-01 8.040287693597466534e-01 8.080528599589545946e-01 3.328025177756543385e-01 4.237585363144393824e-01 3.879281509319345012e-01 3.564699049891190685e-01 3.897978165908826953e-01 3.846673936906108704e-01 3.232514427199602025e-01 3.166012034718000967e-01 2.540949966044569464e-01 2.291365210665530783e-01
6.915000000000000000e+03 2.221545781324566760e-01 1.316993629718940517e-01 3.979146585178233719e-01 4.917837953615322166e-01 6.453242234880969264e-01 7.119587967503767656e-01 8.371058942988455209e-01 7.793795422693940989e-01 8.249893977826143754e-01 7.507580979600283477e-01 3.889954830964755805e-01 3.566873236224212262e-01 3.244138096104106639e-01 3.762557806403307170e-01 3.658614111138585590e-01 3.034206553202353218e-01 3.072361378709361768e-01 3.066976961996261686e-01 1.764853673255000477e-01 4.922906471988897081e-01
6.924000000000000000e+03 1.516558488535721949e-01 1.934221255023464425e-01 3.164508242914011449e-01 4.462545566291593602e-01 5.350401861396646419e-01 6.811564881253910908e-01 8.221987585380654551e-01 9.326525646882521947e-01 8.472546083567119579e-01 8.368033286503545609e-01 5.216325963681658351e-01 4.203112401202163118e-01 3.444265476889130650e-01 3.719103785762434278e-01 2.270260389163678838e-01 1.856533804157983192e-01 3.942879843233173531e-01 3.704911425817357662e-01 2.389332537040296522e-01 3.114745314243777541e-01
6.926000000000000000e+03 1.225220677210098058e-01 1.978312693754909202e-01 3.746896834204055948e-01 4.669914076089592969e-01 6.329072980539638404e-01 8.693821561608825466e-01 7.807547874924668507e-01 8.097321176396859999e-01 7.915059658607593862e-01 7.875379226669148025e-01 3.733959660791011381e-01 3.997256157267703447e-01 2.561599241445817743e-01 2.190174113571118353e-01 4.521411216420390122e-01 4.335134589283377582e-01 3.595071856125494070e-01 3.719791510644455679e-01 3.127008151655760182e-01 1.946233474719151479e-01
7.119000000000000000e+03 1.666979301635108379e-01 2.280533391255414044e-01 3.658413577371232850e-01 4.965385883122160893e-01 5.752856088298201609e-01 6.968514846464285428e-01 7.414325817667744012e-01 7.881819568983630120e-01 8.419005779374847398e-01 8.441645976160629949e-01 5.388365448189847973e-01 4.244145913736622755e-01 3.960289112081036289e-01 5.857543421079952628e-01 3.993710685642439806e-01 2.447763813331504112e-01 2.195780502921271526e-01 3.658085907646272858e-04 1.729491853676649871e-01 4.386723293123437339e-01
7.121000000000000000e+03 1.538167259142272092e-01 2.308749405058964366e-01 3.975459500367269361e-01 4.698630556656211432e-01 5.399755069801240870e-01 6.836209168330664721e-01 7.619310675587409598e-01 8.093426603277331655e-01 8.362385021285295705e-01 8.554243420657652308e-01 3.933733854891098281e-01 5.768241073311666245e-01 4.128704123910237334e-01 2.645208165730830729e-01 2.307669213242888595e-01 3.802932669647944271e-04 2.384221695551054510e-01 4.799874803984165439e-01 3.364443439822363269e-01 4.063536790759875172e-01
7.126000000000000000e+03 1.469851787729736514e-01 1.957428512918230890e-01 3.764747702953780140e-01 4.476128269251358205e-01 5.663555318493833646e-01 7.312102245721698868e-01 7.566277271982383423e-01 8.320926503231100835e-01 8.673432859625117564e-01 8.387819578889145200e-01 4.424596228576287279e-04 2.030666440813470031e-01 4.313585163982654458e-01 4.010343079020367574e-01 3.865213303775643094e-01 4.839682171809250311e-01 4.153212398152753559e-01 2.480197171182105531e-01 3.865826294578827982e-01 3.981753594155578169e-01
7.127000000000000000e+03 1.589382261735671764e-01 2.047695363941888225e-01 3.663516120158021860e-01 4.809924490527839325e-01 5.936214239726271824e-01 6.980396281160421434e-01 7.996632316014290476e-01 8.344983069929958752e-01 8.446332693586424689e-01 7.955519166797422326e-01 1.816520847703647634e-01 3.865003598260331463e-01 3.556584710848149644e-01 3.635732590022869859e-01 4.485271454590105122e-01 3.798999403947138642e-01 2.345360565679810994e-01 4.547076569465804408e-01 2.988686474808218696e-01 2.758168274616214499e-01
7.399000000000000000e+03 2.056181582065130797e-01 1.971837436134264154e-01 3.894294956068980462e-01 4.736570837471119622e-01 6.083825006931027346e-01 7.541864529890391911e-01 7.599489158417516155e-01 7.783845461238818597e-01 7.929721352904547382e-01 8.081318442597101859e-01 3.127359773724594505e-01 3.141525946137348480e-01 4.079769822002021762e-01 3.168550554433761102e-01 4.355567915240118326e-01 3.657055074195864619e-01 3.197720012820358115e-01 3.015118620344060529e-01 2.821079437916221844e-01 3.249026982616800008e-01
7.960000000000000000e+03 2.204817644831711665e-01 2.305297218819322980e-01 3.715539876641943406e-01 4.861154920366883014e-01 5.464431594608221143e-01 7.048384849755104931e-01 8.171164301578812683e-01 7.900853022633127498e-01 8.216626606514612075e-01 7.697652680472337750e-01 3.973938923220735053e-01 2.582297930824751231e-01 5.774096787975662171e-01 3.692499633146108518e-01 3.821836862710794036e-01 5.071394957037741458e-01 3.048170978502245942e-01 3.194564033940459069e-01 0.000000000000000000e+00 3.571112277898070841e-01
7.961000000000000000e+03 1.949672847870055348e-01 2.087712158052672518e-01 4.095577580322879996e-01 4.732704389920992516e-01 5.799490747752716890e-01 7.739318418400032984e-01 7.632816961980952719e-01 7.912997675617983173e-01 7.731557193237663661e-01 8.048178179386314968e-01 2.468241435588580390e-01 5.528067235165796678e-01 3.499053255208646185e-01 3.841220080659236702e-01 5.021931117700333402e-01 2.979232321900161518e-01 3.227992322741591313e-01 0.000000000000000000e+00 2.864144229986385071e-01 4.398481398493654382e-01
7.984000000000000000e+03 1.914332491513621171e-01 1.751671770543499762e-01 3.132925616437898242e-01 4.008982489434497198e-01 5.371131165796780849e-01 7.565037288136797766e-01 8.514885509879002168e-01 8.212144676996603332e-01 8.617840304677346630e-01 8.493515045585591228e-01 4.100376507586491193e-01 3.041152291310775801e-01 3.029505498657483753e-01 3.125138842472535150e-01 4.513559227520342332e-01 3.882055810419410835e-01 3.815721329415328045e-01 3.863663978502379637e-01 2.280822073312616660e-01 2.354246572627320400e-01
8.198000000000000000e+03 2.000327002668977616e-01 2.208027893861297941e-01 2.832261885905854593e-01 4.484360766698647360e-01 5.621251111322422833e-01 7.381825951249939566e-01 7.658327989568424199e-01 8.354911549408140514e-01 8.856083041854415638e-01 8.114959728209926171e-01 4.344851239562653178e-01 3.092577088284947928e-01 3.870339693147285542e-01 4.685625580404215174e-01 3.279990259372817518e-01 3.333287537451989913e-01 3.261075203480752194e-01 2.632263168126214858e-01 2.090495816141976215e-01 3.468794679315159168e-01
8.199000000000000000e+03 1.824216135850704190e-01 1.199334528345542134e-01 3.705287610539151344e-01 4.810592406516603914e-01 6.045703891966901500e-01 7.122807584288498584e-01 8.078217637684971253e-01 8.595510895735236634e-01 8.162276053483704663e-01 8.252538510085467571e-01 3.180171165668611577e-01 3.986464513854806602e-01 4.776904685678264872e-01 3.546659004333457821e-01 3.551677849110478902e-01 3.429200933238068516e-01 2.861644750101339230e-01 2.826771121386410512e-01 2.993161634960160300e-01 2.670207034375669530e-01
8.479000000000000000e+03 1.356559139201557462e-01 1.809012908014729082e-01 4.008663296225317696e-01 4.311716606048497935e-01 5.787754434062971631e-01 7.093814926928099229e-01 8.052893564806534732e-01 8.273713371205378975e-01 8.583830722582541650e-01 8.401501972439984200e-01 3.059437561462304278e-01 2.471909237047909269e-01 3.824372489265196462e-01 4.142700588082141588e-01 3.025865442630871205e-01 5.592366313157980384e-01 3.797683710535808554e-01 2.564014126335635857e-01 2.319478649397340442e-01 3.226031425650028317e-01
8.603000000000000000e+03 1.721792712108495271e-01 2.108486468519008283e-01 3.900810666925431658e-01 5.365238125954727710e-01 5.957303961953959170e-01 6.898731634402579527e-01 7.668965152525498707e-01 7.798397552633308250e-01 8.509778643532808218e-01 7.778203410246880001e-01 3.094406606396847281e-01 6.266881039751914795e-01 3.973554249181833753e-01 2.826162806462146349e-01 3.268258120049083448e-01 2.640415925526051755e-01 3.091742263344838260e-01 3.643981338808493509e-01 2.498683710176454187e-01 2.602251488076234298e-01
8.617000000000000000e+03 1.881552077943613455e-01 1.612162098357577678e-01 3.614403746581683063e-01 4.426640224900307286e-01 5.434617676322722746e-01 6.982279653769803973e-01 7.742162287393774545e-01 8.864790098838191135e-01 8.707409019065183164e-01 8.220566824796204930e-01 2.469860144188340823e-01 3.340431307243119097e-01 3.102998518851438070e-01 2.928560038594099635e-01 2.646930113750723401e-01 3.162141313740971516e-01 2.686257535486394343e-01 2.985537046802917982e-01 4.769004053871339077e-01 4.891103835620476126e-01
8.618000000000000000e+03 1.336810245180435897e-01 1.946412283036462743e-01 3.662889867009144762e-01 4.650781375295363618e-01 5.676125520773452893e-01 7.222650659014564489e-01 8.668704822183839198e-01 8.431804845541273075e-01 8.292851776516404483e-01 8.066745473060444871e-01 3.089177224816200829e-01 2.874295122619945908e-01 2.684996258994713503e-01 2.573935687697448960e-01 3.030139722413723313e-01 2.540147958974923736e-01 2.918747918445244172e-01 5.799105997835298787e-01 3.795432936247271072e-01 3.959307777048546861e-01
8.699000000000000000e+03 1.607530871733792999e-01 2.230717934527335911e-01 3.881338729167936874e-01 4.898972305046842557e-01 5.785768649577155420e-01 7.269798035191027408e-01 7.717392885471588970e-01 7.958703418534156526e-01 8.394245752909882397e-01 7.972133794144332652e-01 3.463355117998319077e-01 3.954238655851203821e-01 3.747574406555105875e-01 3.479058961128886907e-01 3.265128181027923127e-01 2.008629072910565472e-01 3.694450622716468624e-01 2.529690661629082626e-01 2.795224846688522669e-01 4.737862107572831105e-01
8.700000000000000000e+03 1.839570281070858904e-01 2.186273330459378716e-01 4.067401246745119270e-01 4.955076414653649675e-01 5.933544069617370242e-01 7.179379439688948761e-01 7.622271665483052461e-01 8.052768526145180905e-01 7.992502124833346100e-01 7.878472294624515593e-01 3.854910125041010605e-01 3.659420684823029846e-01 3.362517051393580925e-01 3.347106582280975906e-01 2.029615685280416193e-01 3.682961420900162652e-01 2.607141859673901552e-01 3.583171852977153349e-01 3.875731352432603694e-01 3.369761127884989826e-01
8.794000000000000000e+03 2.465119659103263972e-01 2.339263790739057047e-01 3.348864809920159558e-01 4.410392512362714124e-01 5.478475075708099107e-01 6.499428956632721244e-01 7.434568783610758791e-01 8.693090565406498271e-01 8.053679976194468848e-01 8.382338501524670971e-01 3.396495032339810760e-01 3.065704286197864503e-01 3.814120427392006518e-01 3.863066671323331369e-01 3.020237672599024870e-01 2.560370613008578489e-01 2.667446163036318318e-01 3.817956491828009002e-01 3.345969407170554799e-01 3.988553970714899810e-01
8.801000000000000000e+03 1.934891309080063737e-01 1.451002868529520928e-01 3.543978717139254497e-01 5.031340714455361240e-01 6.187136897179572603e-01 7.613699662820319070e-01 7.632405737026841663e-01 7.871465550814260581e-01 8.339447796225415432e-01 8.174384386057034213e-01 4.593078341824087807e-01 5.292697335100952083e-01 5.285445156681263246e-01 2.949316705494550162e-01 5.490928466479444436e-01 3.129198483150838483e-01 1.958422773970235342e-01 2.306347259320619680e-01 1.327106321218230467e-01 2.077067088466193756e-01
8.806000000000000000e+03 2.200611968243400551e-01 2.287826126418515682e-01 3.900652348716424078e-01 4.832224238066233912e-01 5.501107536637035444e-01 7.146327937949560338e-01 7.614553080929821194e-01 7.796146831998448379e-01 8.293934430450811135e-01 7.877378355054074355e-01 3.501722349539436174e-01 2.241628641729117577e-01 2.785873636233583972e-01 2.126600433666208378e-01 2.655451582010346367e-01 3.683956080119790144e-01 4.781694572221801831e-01 4.040015130953024669e-01 2.987226472159028590e-01 4.692039279731466950e-01
8.807000000000000000e+03 1.923318327710223652e-01 2.248373978100570714e-01 4.054850423374380397e-01 4.748931060459471998e-01 5.873898693956582928e-01 7.131590473364061156e-01 7.494978540546838319e-01 7.986573470584524825e-01 7.925954315307091047e-01 8.153952322629425264e-01 2.197875692547410775e-01 2.735951267250883445e-01 2.067156417997779716e-01 2.737735315851227980e-01 3.742510185484281826e-01 4.794235439110383634e-01 4.187594379264472644e-01 3.851266487360662238e-01 3.860266870976163389e-01 3.241580716645106053e-01
8.952000000000000000e+03 2.365459346224470516e-01 2.462614064564352112e-01 3.232158268503377285e-01 3.703072208769550566e-01 5.892915329161181326e-01 6.617063204736791659e-01 8.027271081542742825e-01 7.558506721626409020e-01 8.826010168244632359e-01 8.426010953334672759e-01 2.855848508285585563e-01 3.558505337473487629e-01 4.575096809192940595e-01 4.567920949833817468e-01 3.344151198623557808e-01 2.657232901362039934e-01 3.369752880837967868e-01 5.122840931310985724e-01 1.991717628214848546e-01 2.131697791914350659e-01
8.968000000000000000e+03 1.891016628021396917e-01 2.369299713599979373e-01 4.005006082304873316e-01 4.700346508467189710e-01 6.040856167243638941e-01 7.275577473072070145e-01 7.994173707091154490e-01 7.979523414050678776e-01 7.930711851882430441e-01 7.637025552044753862e-01 3.427263634685037696e-01 2.988095120980450159e-01 2.951685882420974072e-01 3.870939402348815839e-01 2.781933571105196235e-01 4.299249680775386606e-01 2.752226946835781840e-01 2.651436349634280210e-01 2.346823998512726772e-01 5.671201000658050440e-01
9.043000000000000000e+03 1.805734829213841708e-01 2.780331942236957121e-01 3.155213352823517114e-01 3.971644728611809505e-01 6.001673421495695715e-01 6.791055540788812905e-01 8.143385224829158275e-01 7.968853088604495039e-01 8.372606346744242423e-01 8.435838595107835181e-01 6.444596259961364870e-01 4.241368121659252477e-01 4.109966596746364997e-01 2.828165871405218246e-01 2.783186847956455323e-01 5.060029085883767097e-01 2.092186083577357858e-01 2.204657607419381327e-01 2.335230714876034841e-01 1.892951861003411562e-01
9.044000000000000000e+03 2.291108856937738580e-01 1.495224863147749383e-01 3.242257399502988524e-01 5.145141388398679627e-01 5.471109365725469464e-01 7.622058230009072233e-01 7.627126127326635530e-01 8.021683120857845406e-01 8.525217993960428897e-01 8.122701220000074773e-01 4.763413575275686762e-01 4.623410834395635383e-01 3.149010676312978263e-01 3.286834031520080024e-01 5.887485686975135746e-01 2.402926959309275023e-01 2.617823633395246485e-01 3.448824985437705659e-01 1.784017213572370586e-01 2.230951908767566105e-01
9.433000000000000000e+03 2.261432228717069060e-01 2.422999434454569112e-01 3.967778937380676552e-01 4.872894368689020816e-01 5.671571361046825466e-01 6.828932072326694414e-01 7.335295149188778563e-01 8.077089890089833579e-01 8.144795338700251408e-01 7.803269935127208345e-01 2.764200923502374563e-01 2.766786000943233237e-01 2.428815216823362877e-01 3.534224062705799696e-01 4.018716233268775917e-01 6.816052123625284676e-01 2.696905026577575692e-01 3.361195410418811869e-01 2.054513066355961037e-01 3.586570920503971416e-01
9.660000000000000000e+03 1.900251835464134009e-01 2.164572447966736091e-01 3.675541420885324873e-01 4.844823846087630281e-01 5.937415817583292510e-01 7.324466137159860724e-01 7.819628566562640826e-01 7.989714221731888388e-01 8.279316806172480891e-01 7.808694248023146933e-01 4.109308602494451956e-01 3.687075258492479302e-01 2.758813326340152638e-01 3.598030584661300879e-01 4.561166652978653202e-01 2.690123204967084791e-01 2.878565786337530796e-01 2.732010314675580309e-01 2.693812434157815683e-01 4.052021250620821413e-01
9.673000000000000000e+03 2.169598827875937330e-01 1.903946992936350335e-01 3.848508951065254258e-01 4.379941492703733896e-01 5.400542186686898560e-01 7.373628640242240184e-01 8.085206440407113337e-01 7.944875030668278049e-01 8.217785480984958202e-01 8.177398819999781576e-01 3.142206588704138381e-01 2.828825883954761977e-01 3.604175307214798618e-01 4.455787063719630625e-01 2.240979258543712715e-01 5.270822824932384076e-01 3.796204031644997978e-01 3.179582220355141042e-01 2.431154509426624311e-01 3.028279158142381799e-01
9.674000000000000000e+03 1.546995777781712822e-01 2.129171053002103520e-01 3.580998326842974033e-01 4.573820219634500139e-01 5.997892723669625559e-01 7.531442073171624729e-01 7.572289541467248641e-01 7.817129303099351612e-01 8.204694195491807340e-01 8.660856258549571862e-01 2.611639368822539775e-01 3.332898565590333151e-01 4.078321694663241126e-01 2.175494141099913181e-01 5.041317735151666923e-01 3.583784214559446180e-01 3.103208023776248270e-01 2.951260670827403620e-01 2.345865411023128899e-01 4.602957136926246196e-01
9.849000000000000000e+03 2.499396568440352129e-01 2.806054658247043587e-01 3.593584985631582684e-01 4.456558621296050626e-01 5.447608070604385011e-01 6.849830510825284380e-01 7.322052442199719069e-01 7.679592611033435601e-01 8.234375360521442033e-01 8.187920977941199885e-01 3.004160009677421805e-01 4.321360884246211453e-01 5.787506921452887365e-01 4.786286669863458187e-01 3.810009077460065896e-01 2.944582850477946434e-01 3.012409015440838944e-01 2.231538119160421385e-02 2.985247122943903153e-01 3.075228801511115106e-01
9.851000000000000000e+03 1.708005492995778307e-01 2.150298010190213605e-01 4.012530442097731465e-01 4.915280825832235578e-01 5.658250304081740012e-01 6.962522754026158056e-01 7.724816781441952163e-01 8.058673548426481537e-01 8.255171138130867892e-01 8.133084259250846770e-01 5.727113005095886278e-01 4.695658299441047290e-01 3.924029865465859523e-01 3.169839606302674029e-01 3.153520302281584420e-01 2.382176622978912986e-02 4.099843826271660219e-01 3.352230317477875032e-01 2.326390866421505776e-01 3.178330426797436603e-01
9.853000000000000000e+03 1.944640135214741883e-01 2.422900032837172202e-01 4.064539444071366692e-01 4.880092609619309796e-01 5.917212261421799235e-01 7.264376803504095648e-01 7.606962777387586971e-01 7.856678122983073997e-01 8.025879566458723469e-01 7.707600790724445927e-01 4.066879718131417576e-01 3.257015987854576800e-01 3.401613737422523598e-01 2.701868642047522764e-02 4.494482724583196975e-01 3.749806126157981256e-01 3.346294330273478779e-01 3.628652531313911189e-01 2.872382105496202320e-01 4.420060405669563597e-01
9.877000000000000000e+03 1.470052421152625854e-01 1.942623138155330220e-01 4.022086136965738468e-01 4.945381343936139928e-01 6.086549954182151057e-01 7.409739623215330084e-01 7.750848532753895626e-01 7.989791773222203464e-01 8.230238036644152988e-01 8.028893152868353811e-01 3.725026243298885098e-01 4.539046296257326918e-01 2.971191182623039717e-01 1.973340036434270139e-01 3.512230246009285795e-01 4.279469033058052596e-01 5.422116176165605594e-01 2.724338208152931040e-01 1.539834160577606414e-01 3.440262258887040181e-01
9.910000000000000000e+03 2.226683778986988105e-01 1.647666404855307187e-01 3.311678563501884720e-01 3.932687567341374701e-01 5.465577083508542655e-01 7.347292702705772172e-01 8.089633848549278028e-01 8.332589161575197911e-01 8.505384677704683760e-01 8.527910341116546888e-01 2.835293808854689734e-01 4.293326793490018223e-01 3.256256932090818568e-01 2.542105736863103371e-01 2.880953649547091100e-01 5.562473488765156127e-01 3.401476032832072005e-01 3.409392218747449577e-01 2.287683045066380427e-01 3.433506387712518815e-01
9.911000000000000000e+03 1.367483530029800498e-01 1.661876740217894388e-01 3.227750274115919749e-01 4.680694469521499701e-01 6.025587389270563587e-01 7.591606482150875523e-01 8.065544429669855298e-01 8.198205163583491828e-01 8.650797608708347131e-01 8.412264916567723239e-01 4.165275891784793738e-01 3.164315749735709393e-01 2.445091891895639913e-01 2.939030030721074271e-01 5.590759615785200198e-01 3.374507774535210336e-01 3.496809052294256870e-01 2.918404548850272451e-01 2.795130260410629286e-01 2.922691110416154037e-01
1.032000000000000000e+04 1.513174238280201866e-01 1.862156237043066931e-01 3.477540251278900540e-01 4.248992819345312477e-01 6.195126711503086137e-01 7.339581514135729012e-01 7.952227203327378868e-01 8.203624818071495461e-01 8.692457644803829320e-01 8.276145983938593131e-01 3.118363850599533693e-01 3.611311511417417131e-01 3.154762698324126702e-01 3.292126739244510270e-01 4.683104183040013302e-01 4.176774955919843602e-01 2.835433294367869506e-01 3.162171959925049736e-01 2.521169673296149716e-01 3.338936192019874016e-01
1.046200000000000000e+04 1.539519213180866042e-01 2.088942549285979222e-01 3.724642838816726864e-01 4.758576518162613844e-01 5.128632631670403397e-01 8.082436594338853197e-01 8.136876197096183372e-01 7.925241012391796014e-01 8.254255168752425709e-01 8.187745137863711165e-01 4.311538758368048119e-01 3.478448342302800089e-01 2.309500744066423916e-01 2.889375008617963148e-01 2.959127448990748754e-01 5.774839752229870005e-01 4.589119663983528552e-01 3.732370507421404748e-01 1.498179563920152835e-01 2.651014025189094014e-01
1.046300000000000000e+04 1.682497869914260091e-01 1.990622787501460655e-01 3.892807160343327855e-01 4.301020893667396594e-01 6.643866656398978998e-01 7.555984191775665382e-01 7.521646079478994107e-01 7.834688168674932562e-01 8.195305932217618050e-01 8.175714991694238432e-01 3.638141171858422784e-01 2.419503243157800632e-01 2.996059668124219644e-01 3.254440081911006422e-01 6.257203181275108328e-01 4.908317352096352448e-01 4.126994327308559640e-01 2.060555231699523204e-01 2.326646036007665452e-01 2.134810361561999548e-01
1.046500000000000000e+04 1.729325529960434593e-01 1.763583973721980225e-01 4.700448164966984921e-01 5.217478702309120697e-01 5.519736227797620298e-01 6.792503412722831202e-01 7.335480164704412109e-01 7.745197395168614829e-01 8.185427115690442346e-01 8.411032724640795655e-01 2.807461356673967567e-01 3.023353949620929404e-01 6.102401603287270770e-01 5.002305220604621461e-01 4.090507798780565474e-01 2.083785512137846518e-01 3.025684360445306531e-01 2.203488892199097493e-01 2.551549602831740260e-01 3.157450856475151335e-01
1.047000000000000000e+04 1.748241461621038717e-01 2.108786292599287293e-01 3.834868302929351214e-01 4.702725514942176499e-01 5.928509831761715754e-01 7.336099933450456190e-01 7.932277904173031802e-01 8.300833433441758835e-01 8.456079740644827369e-01 7.528435226996578189e-01 2.639161427331102039e-01 3.917578482176546917e-01 3.011684106115639081e-01 4.624456435030750434e-01 4.566523999325860506e-01 2.856757214011547141e-01 2.464467433715784028e-01 2.711474289781863334e-01 2.134618399507060560e-01 5.017253733172871710e-01
1.074000000000000000e+04 1.742997085534326862e-01 1.637817671123555363e-01 3.210418356825381903e-01 4.575423557447189093e-01 6.106313381575350085e-01 7.324959305428461187e-01 8.064457052630570333e-01 8.244634780111753658e-01 8.444045390994489031e-01 8.390976917272279234e-01 3.804934462136028150e-01 3.784755142759576030e-01 2.872392176882394010e-01 3.098960965395177736e-01 3.439164374264827018e-01 4.892391512618412541e-01 4.030712171035495950e-01 3.632900408142802351e-01 2.059346587522158378e-01 2.449015539017589949e-01
1.074100000000000000e+04 1.336169278258687865e-01 1.538310843802766226e-01 3.766357643041056136e-01 5.229273169758692497e-01 5.967290679394451347e-01 7.526071299859888875e-01 7.928669769155423097e-01 8.094354905315547244e-01 8.464149204875517363e-01 8.128037922500781498e-01 3.700841947420460687e-01 2.813310710464136388e-01 3.004208799066390712e-01 3.536173109085987143e-01 4.956242887953026255e-01 4.030349992426088268e-01 3.755450662970977183e-01 2.647852389454765087e-01 2.009380878167069950e-01 3.603996833734705030e-01
1.074700000000000000e+04 1.574252259179489688e-01 1.795324969538484028e-01 3.503878861810330037e-01 3.911670744446668069e-01 5.148010081946607919e-01 7.675605355936186980e-01 8.228962120074072573e-01 8.308430129412296417e-01 8.460749746682149075e-01 8.904267314306369974e-01 4.194065938349298417e-01 3.126615801075207646e-01 3.114866144161567152e-01 4.727714319799758425e-01 6.675452808622840406e-01 3.678730432630141212e-01 2.335599248384353510e-01 2.363452340621724768e-01 1.434291529673227816e-01 2.748364594243460357e-01
1.084800000000000000e+04 1.058395507183279155e-01 1.465599315382038470e-01 4.027350924385146302e-01 5.018898747955807815e-01 6.127349017580591140e-01 7.565199553291706014e-01 7.946664849635962646e-01 8.383628157095652789e-01 8.529164838695083573e-01 8.006442271913721820e-01 2.427143590132877504e-01 2.549250757349569851e-01 3.653398276090423780e-01 3.689683848614782602e-01 3.720435087317258693e-01 6.060017495057619108e-01 4.123813309224986234e-01 2.842531425074959484e-01 1.967283927224623696e-01 3.114377396960869571e-01
1.084900000000000000e+04 1.136244015629779280e-01 2.240673162569884469e-01 4.084899401153878062e-01 5.165161202000793095e-01 6.104320057560784774e-01 7.305529832307059435e-01 7.995485033890153970e-01 8.113363169974441291e-01 7.949705707547048972e-01 7.954379077570665757e-01 2.389728251172344997e-01 3.430374831806649594e-01 3.429052192107333030e-01 3.667292772408929924e-01 5.885068169866468635e-01 3.952983991312653544e-01 2.816931749165870191e-01 2.424891147647769141e-01 2.449687383989854472e-01 3.537435649233870993e-01
1.085600000000000000e+04 2.218703960912850048e-01 2.185800307453335811e-01 3.904605472678790989e-01 4.972838738789605584e-01 5.885901588740879431e-01 7.060902931257765358e-01 7.717342403159144215e-01 7.683243194630859918e-01 8.173704845191340773e-01 7.765623457460486545e-01 2.607429956182164554e-01 3.463171097277268351e-01 4.189164882367649168e-01 4.229788936261202337e-01 3.229734714694753039e-01 2.753300709816679515e-01 2.847081372643945341e-01 3.365667022295723010e-01 2.842510887181447510e-01 4.216885327567607145e-01
1.105800000000000000e+04 2.055157328522007332e-01 2.303844663924230485e-01 3.589284136984992601e-01 4.629650235694224292e-01 5.595222788076394949e-01 7.060975765798670478e-01 7.694749067454285107e-01 7.966038459958372231e-01 8.619620544708597176e-01 7.943286099873838602e-01 2.688401572917363258e-01 3.319080669748857848e-01 3.332108249313388559e-01 3.550546754848831754e-01 2.950311603520500148e-01 2.856800909059142302e-01 3.354614018406048559e-01 3.864763643494216749e-01 3.249760279714226652e-01 4.366481415859719828e-01
1.105900000000000000e+04 1.938752983593214074e-01 1.956703874329704107e-01 3.878448522246980001e-01 4.837573533481123178e-01 5.796036203847049206e-01 7.219874931845170485e-01 7.691588367827093542e-01 8.369017579441417887e-01 8.004972312917623123e-01 7.983537988835903709e-01 3.262789523557680926e-01 3.280955965306476818e-01 3.460324938603625555e-01 3.049692632465694220e-01 2.910150771157386518e-01 3.372158705610434071e-01 4.016427210654414104e-01 4.200698900206704112e-01 3.601816375308219964e-01 2.398248963790218513e-01
1.106800000000000000e+04 1.447098248282588928e-01 1.811167469969092725e-01 3.626422749731089135e-01 4.315572772403411528e-01 5.794202690112297827e-01 7.309822879432190668e-01 8.063149594254328534e-01 8.588039132667758535e-01 8.634229321572470806e-01 8.191861156058447557e-01 3.135240348685986445e-01 2.110200730313198103e-01 2.810112518147924177e-01 4.531629026207885103e-01 4.712483480545425762e-01 4.954572907280774818e-01 4.570070736654024968e-01 2.415235346850664044e-01 1.746283103751357646e-01 3.257519524088002827e-01
1.106900000000000000e+04 1.467997351978981568e-01 1.916899266123141543e-01 3.521457231176495228e-01 4.928434631051951120e-01 5.933852173088641768e-01 7.504673535453644240e-01 8.300057407813181687e-01 8.299163502676776272e-01 8.218977439027830290e-01 7.933116814501481873e-01 2.085641267397826404e-01 2.781930621932982572e-01 4.440340782980264911e-01 4.897551851773514486e-01 5.073224662983486510e-01 4.618875043906282007e-01 2.523596032623327545e-01 2.269507467287188163e-01 2.701556734756749290e-01 2.662433368101648767e-01
1.107000000000000000e+04 1.528912096310922897e-01 1.785520961583570154e-01 4.028866208300261875e-01 5.016503827956778627e-01 6.076547814339862130e-01 7.709767626935988272e-01 7.929172718365348205e-01 7.778321841567666928e-01 7.887006994242886648e-01 8.203951337431363289e-01 2.541870533887695682e-01 4.063806755139449667e-01 4.436460919974260508e-01 4.874266701647905764e-01 4.372396530711009643e-01 2.357710998559720550e-01 2.192120080303439911e-01 3.245700210083612980e-01 2.041168526594422106e-01 3.958145031096855782e-01
1.110400000000000000e+04 1.718756477376283676e-01 2.436674038126303565e-01 4.061580322883464045e-01 4.654062815951499621e-01 5.462003915407869226e-01 6.965390737669628907e-01 7.649970561080950970e-01 8.203887386974307860e-01 8.168876781109505325e-01 8.164967485643226386e-01 3.455995572036515973e-01 2.801603485159811502e-01 3.424681558734258835e-01 2.604459258531727217e-01 2.810783872835266317e-01 3.291130664270797146e-01 3.646213852893140372e-01 3.282830869205356494e-01 3.204345190145450606e-01 4.933954808737646691e-01
1.110500000000000000e+04 1.999136424586238914e-01 2.343020360619548492e-01 3.836594344535250722e-01 4.644715891144401421e-01 5.625947974284184472e-01 7.089458379453168480e-01 7.883249830877920861e-01 7.774690418372038891e-01 8.202746019194884219e-01 8.097688244762828447e-01 2.687266539354894457e-01 3.290282234328932853e-01 2.476684783077903740e-01 2.834959410146646319e-01 3.271008531759319604e-01 3.576324028671227229e-01 3.328843553816525636e-01 4.041459788404587194e-01 3.971148942407258797e-01 3.824204129573128830e-01
1.128400000000000000e+04 1.796057561712793293e-01 2.140546443253290299e-01 4.067827101930592271e-01 4.681775064728230240e-01 5.429586208761546517e-01 6.781198872187621518e-01 7.882932155946443809e-01 8.438468353771576558e-01 8.491812649440629857e-01 7.844484257902999413e-01 2.868834687149575124e-01 2.610529153163437810e-01 3.023962171920566711e-01 3.518787766922504279e-01 3.750517292796458069e-01 3.262822756915217393e-01 3.569928513618104149e-01 3.468344607939445878e-01 3.844809865839376450e-01 3.516490380986725395e-01
1.128500000000000000e+04 1.762386181027693899e-01 2.359544302701691854e-01 3.872319711102651385e-01 4.627961924334023092e-01 5.464607479252415745e-01 7.350121249735690476e-01 8.163893357720686250e-01 8.163045822028854870e-01 7.841593325149773808e-01 8.095839530732705791e-01 2.501277759626657216e-01 2.902139897115735834e-01 3.342529609267312907e-01 3.778681470685395505e-01 3.239370529390555586e-01 3.497697894792439754e-01 3.513144198552487496e-01 4.843981608420399043e-01 2.827176797527383711e-01 3.314339153946499472e-01
1.128600000000000000e+04 1.946894629685166911e-01 2.178345960668527925e-01 3.828449227792131704e-01 4.663969615631249344e-01 6.010789640619128571e-01 7.651613220352773137e-01 7.855369347355266596e-01 7.409777072006432652e-01 8.136554669942990259e-01 8.034054598581007456e-01 2.766694324547314676e-01 3.191737987034424795e-01 3.571351882081987839e-01 3.247277545217950312e-01 3.454984098242214752e-01 3.424738602569072365e-01 4.881876231311934600e-01 3.543970336207084570e-01 2.651236293043407466e-01 3.122095863701926377e-01
1.129200000000000000e+04 2.224212779803623752e-01 2.040168194748846753e-01 4.041675757227809473e-01 4.782430126418553695e-01 5.595516876297631503e-01 6.996384490240001863e-01 7.425877183089631961e-01 8.189681326140056949e-01 8.314523782927508710e-01 7.831685965081466305e-01 4.546287188888452624e-01 3.489362502870960170e-01 3.426889041828383164e-01 3.415590764709038885e-01 2.317773601600045530e-01 3.101994718396629547e-01 3.553240808114821458e-01 2.644291739115586237e-01 3.057255675477448253e-01 4.048929983142458000e-01
1.132800000000000000e+04 2.016694107840338590e-01 2.377740073624685646e-01 4.079411005367606924e-01 4.649932484731437166e-01 5.767078708188132508e-01 6.956264033062394825e-01 7.261687753149356217e-01 8.084504099406323308e-01 8.192009162009198375e-01 8.025218379391695356e-01 3.721207614602534131e-01 4.191864337643260718e-01 2.922409636783304676e-01 3.913669263765813255e-01 2.117196611463535438e-01 3.072087041445575317e-01 3.502208755622500669e-01 3.118297975898887131e-01 2.849895878698308072e-01 4.256049804453398977e-01
1.139000000000000000e+04 1.478092079426977234e-01 1.766056279385037342e-01 3.860373816601184171e-01 4.822132139509612836e-01 5.638769100381882948e-01 7.371524556447225374e-01 7.998215938184448648e-01 8.321366020383875739e-01 8.474129571500250702e-01 8.087853511334255341e-01 4.155512632427445507e-01 2.527306073965582822e-01 3.618050687996912096e-01 3.853977572855304956e-01 4.164993775065932713e-01 3.448761498242399748e-01 3.898370470078041938e-01 2.153705086087139287e-01 2.218812966180152557e-01 3.933658284044126430e-01
1.140400000000000000e+04 2.026018159722716150e-01 2.508109159057452242e-01 4.067493771360661814e-01 4.568139951845135438e-01 5.716590596952118020e-01 6.872424834687529405e-01 7.816076779225907822e-01 8.617446091199952862e-01 8.340989853514485519e-01 7.171658813577148628e-01 2.772416494519274743e-01 3.908515902832996880e-01 3.076374748547967553e-01 4.720330158289865463e-01 2.745801085550215737e-01 2.575858759029526768e-01 3.336252935146604703e-01 3.126996448568106768e-01 2.732216539259545440e-01 4.737406802627355806e-01
1.141400000000000000e+04 1.842585373080669053e-01 2.363539933139671978e-01 4.028011966190633841e-01 4.333222460962792288e-01 5.552468481866035255e-01 7.194585134988606967e-01 7.931806092710435019e-01 8.271230789064003552e-01 8.360774429811685948e-01 7.756609948092628715e-01 3.435720710455892890e-01 2.574683667094037065e-01 3.063855562481573314e-01 5.134681371797450433e-01 3.298687048660587373e-01 3.306174604122864569e-01 2.738611458621201811e-01 2.273406870426258053e-01 2.949981497786807183e-01 4.913296913360973295e-01
1.147700000000000000e+04 2.215637292911476486e-01 2.557755639097369360e-01 3.953368756687483665e-01 4.562528550084790635e-01 5.776830146672763400e-01 7.194531804468972114e-01 7.713348067218560589e-01 8.115846210250031723e-01 8.019661650414369181e-01 7.507176801602521987e-01 3.401673060549926242e-01 3.258608069981066557e-01 3.931488053443553676e-01 4.476450852734527031e-01 1.808409816237002143e-01 2.857400520868328408e-01 3.970369971214315896e-01 3.542323451255731670e-01 2.540843708938681500e-01 4.033680623325373027e-01
1.152700000000000000e+04 1.677881569858940547e-01 2.128383533103415381e-01 3.829872244023475036e-01 4.960092982631063574e-01 5.705466088310841011e-01 7.505675834799471202e-01 7.671541805342910747e-01 8.118306913829721472e-01 8.339958094792230270e-01 7.849905792179012742e-01 5.400532063750377310e-01 3.914115936772631366e-01 2.046395212638565109e-01 3.512925266856163908e-01 4.391639321716463984e-01 2.892448042294016308e-01 3.898520180657562006e-01 3.209792360666343658e-01 1.494823797149539557e-01 3.389545879729477518e-01
1.153900000000000000e+04 1.847681373271531646e-01 2.006514984526567014e-01 2.668922421143007928e-01 4.512646691909605323e-01 6.377302790601487859e-01 7.173707481383325701e-01 7.972809431830151228e-01 7.844327656975300656e-01 8.660024933669885350e-01 8.537418200120308054e-01 4.406415856629652961e-01 2.928911737215241784e-01 3.176454365574628569e-01 4.935284814602510228e-01 4.668258519566718667e-01 3.224166970904011609e-01 3.809688385493952278e-01 3.689313253597629738e-01 1.643878715724893802e-01 1.859960121953895262e-01
1.164200000000000000e+04 1.787179001981538673e-01 1.959559746758940402e-01 3.890819922503331307e-01 4.920904616717283186e-01 5.904646499878668520e-01 7.214982308856461302e-01 7.628747405664736414e-01 7.994669762647578226e-01 8.509046070071053514e-01 7.884210111944144339e-01 2.404090759483885342e-01 3.522111223745197361e-01 5.360439547063148291e-01 3.971441142971740001e-01 2.767703437067151051e-01 3.121962627611634122e-01 1.822685311360912053e-01 2.465742415409710731e-01 3.286521481344817364e-01 4.850162910347560752e-01
1.171400000000000000e+04 1.999182492895468510e-01 2.700237860400027667e-01 4.217798329546555425e-01 4.607759627242221101e-01 5.525600724106434214e-01 6.646931073328121720e-01 7.595970108881869853e-01 8.237532068135745567e-01 8.438361845448162368e-01 7.489212367721640451e-01 1.371155069649025449e-01 1.908641029699174596e-01 4.305442426813504975e-01 5.105631808530447513e-01 3.949823657735713200e-01 7.852131820382320937e-01 1.693531272525756470e-01 2.290283989174593249e-01 2.703712850886627050e-01 2.872978437847685806e-01
1.172500000000000000e+04 1.283377851903439171e-01 1.753487242404653534e-01 3.451762484438862244e-01 4.262004771769974942e-01 5.475738703650057104e-01 7.912348417190772087e-01 8.352314084717242793e-01 8.464712405544705387e-01 8.635434968581217063e-01 8.326468250718240816e-01 2.946581029647650229e-01 1.942063959031365417e-01 3.010664860829895262e-01 5.126522308878521672e-01 6.278151721094827886e-01 3.390999707090575077e-01 3.191652697340930378e-01 2.209598188314709222e-01 2.048637800626910699e-01 3.991972908588110047e-01
1.176900000000000000e+04 1.903486529543756689e-01 2.208380653589636089e-01 3.559807387452263994e-01 4.616118740730733583e-01 5.700766764674688458e-01 7.230823831267882973e-01 7.736493253251163216e-01 7.742663759019755565e-01 8.218899466029825351e-01 8.525906355636868605e-01 2.923570981383267209e-01 3.940647526862729455e-01 3.581784735589874646e-01 4.962936731362203036e-01 3.684964064741708678e-01 1.714214262767700669e-01 2.577739528534029323e-01 3.009501012212514870e-01 2.273106182080605886e-01 5.201757404270693774e-01
1.220200000000000000e+04 1.328624434393068654e-01 1.705801930901793273e-01 3.990030570563998236e-01 4.716289075751187720e-01 5.707219574157920139e-01 7.321685883969180075e-01 7.935240171174774426e-01 8.182214280850363952e-01 8.672254380456021483e-01 8.224369011231599247e-01 3.196941162995845520e-01 4.221581847307218638e-01 4.206140661453907081e-01 3.026012864839091043e-01 3.112489319048180048e-01 4.612219851284553584e-01 3.463168595005693406e-01 3.548348362838547043e-01 2.078927480002580042e-01 2.604508516198971724e-01
1.220800000000000000e+04 1.865807870150952286e-01 2.217588085910245921e-01 4.092388574528152412e-01 4.460242385908600449e-01 5.863811849340360149e-01 6.952708107460923159e-01 7.852861247033777747e-01 7.897574620246269328e-01 8.119530348589446556e-01 8.198496538459526528e-01 3.520484562748226187e-01 3.813213067640407461e-01 2.933241793048267376e-01 3.110187237024026885e-01 3.445416587402002073e-01 3.551612600986792656e-01 3.705058505025120019e-01 3.234779619342568191e-01 2.914377192971429054e-01 3.477935812227785362e-01
1.237600000000000000e+04 2.277685367269412231e-01 2.179871473669807158e-01 3.815281640576331235e-01 4.651811717958573844e-01 5.521444785755462714e-01 7.063452259426160618e-01 7.779776951498224014e-01 7.743748778582160153e-01 8.309799541333590112e-01 8.043685018766579820e-01 2.442059013590295868e-01 4.665388685135579694e-01 4.161363957861367036e-01 4.202760526216022252e-01 2.903617158522598385e-01 2.715794703891477035e-01 3.575766423097185842e-01 3.008403942823429933e-01 2.413728925318094076e-01 3.836683516288320606e-01
1.248700000000000000e+04 1.570000521642815894e-01 1.853154771072317575e-01 3.701220811940993394e-01 4.436802006276858723e-01 5.430315753575638560e-01 8.030817510504305590e-01 7.785221114093520134e-01 8.037840411677045216e-01 8.388265463759337903e-01 8.473544248344828667e-01 5.046717362788611938e-01 2.213923033900599135e-01 3.555362192659761167e-01 2.343127813787841685e-01 3.416110902812993788e-01 5.712586697846069317e-01 4.568224673976541417e-01 2.372140702388499667e-01 1.862258172204799278e-01 2.985406327150497696e-01
1.248800000000000000e+04 1.479072586173069970e-01 1.958889626287350916e-01 3.598278327736362803e-01 4.563520365765881270e-01 6.581978182596516236e-01 7.171485731605692360e-01 7.636969115034480948e-01 7.979590502114815020e-01 8.517073791766198720e-01 8.281452188832665318e-01 2.299496222469669671e-01 3.698785455412403333e-01 2.412762531452872505e-01 3.730910508395398617e-01 6.146747015869704622e-01 4.851997888374772749e-01 2.604756758431893693e-01 2.543444820340837187e-01 2.601906887664615642e-01 3.076017827158731288e-01
1.249000000000000000e+04 1.451269338166828737e-01 1.925319163892174612e-01 4.589667527147058834e-01 4.816318387074674523e-01 5.559828806507844945e-01 6.886752091094726635e-01 7.685780759659061045e-01 7.821628912720466342e-01 8.672801808501002796e-01 8.146595321418445002e-01 2.128412035529410884e-01 3.262904843780268238e-01 5.643448074952245319e-01 4.655193414963835763e-01 2.430897399405242965e-01 2.421361550647349314e-01 3.185305947271990790e-01 2.988923287776827920e-01 2.590951710352754067e-01 4.543522997456592716e-01
1.249100000000000000e+04 1.559050795624450925e-01 2.822342985047479047e-01 3.959440369941085169e-01 4.710326350519880578e-01 5.525489056801723420e-01 7.100323480649064489e-01 7.423218058928292562e-01 8.339057373230864822e-01 8.162196090882702926e-01 7.970870561084503203e-01 3.013308981361507710e-01 5.220280691343588408e-01 4.262138692959558939e-01 2.360587363522689275e-01 2.317408335012217657e-01 3.007939969239107336e-01 2.918015049361162849e-01 3.146209483040495192e-01 3.520823813945991310e-01 3.695200319775738818e-01
1.250700000000000000e+04 1.709179640697096048e-01 2.313678234807213518e-01 3.995959868151965355e-01 4.797708565875724585e-01 5.591389279779204191e-01 6.824484165165216609e-01 7.770717482145176325e-01 8.239375115857152654e-01 8.469235334130401638e-01 7.869560077845612067e-01 2.931009383741307595e-01 2.777874199656342191e-01 3.189650222611595254e-01 4.658199368316569555e-01 5.645857631919822817e-01 3.596973744232002668e-01 2.339576002090138496e-01 2.246784141344908836e-01 2.415247911343144926e-01 4.165038287420047558e-01
1.250800000000000000e+04 1.879842410468128278e-01 2.260165944908877622e-01 3.941481734658600633e-01 4.737286958255498281e-01 5.464348955899674953e-01 7.187997043763012517e-01 7.896162741499310744e-01 8.100371941741685289e-01 7.839578751136329071e-01 8.248540679202059911e-01 2.544168114202133291e-01 2.926073856950259788e-01 4.229622312517277716e-01 5.437278395187823410e-01 3.413393402462143733e-01 2.190938101592360687e-01 2.175307422840914995e-01 2.908582015332346060e-01 3.200817872105243822e-01 4.635537034507584697e-01
1.255400000000000000e+04 1.934121455822361557e-01 2.380810743550244302e-01 4.038067071445823886e-01 4.583483615835153291e-01 5.265657205524295614e-01 7.288541462522525327e-01 7.648508653627308362e-01 8.007640351723050998e-01 8.167075110949442163e-01 8.135449609751270739e-01 3.605540857782551512e-01 3.472437591553835246e-01 5.038725892231472603e-01 2.738772668622123652e-01 3.077799141900564583e-01 3.566580128563622276e-01 3.097160884116771373e-01 2.938867407008504129e-01 2.691402870820092108e-01 3.561907766035534162e-01
1.255500000000000000e+04 2.013209255892689786e-01 2.393611900110368673e-01 3.851134932755841955e-01 4.553292907355192543e-01 6.029613794780539493e-01 7.188750453504242355e-01 7.755681328270495056e-01 7.856494108155173128e-01 8.240562083626498113e-01 7.759853210889285924e-01 3.341878154836845360e-01 4.857205532584044638e-01 2.613139212101044939e-01 3.114678949296686983e-01 3.556529453819470277e-01 3.047947395702757523e-01 2.990050124725729952e-01 3.405898042647727553e-01 2.876415146719361604e-01 3.867962050398922047e-01
