1.070000000000000000e+03 2.385676788516473690e-01 2.765738557195394631e-01 5.341325393306221025e-01 6.448613905996943840e-01 5.667576465611829928e-01 8.036261352160390947e-01 6.675306220061706375e-01 6.591599422281488874e-01 7.191250376772571062e-01 6.753391550058440718e-01 2.323443485332787051e-01 3.442896855671569445e-01 3.242403838481222600e-01 2.530434661676765340e-01 3.030652092382818408e-01 2.476520581825410461e-01 5.709502528056126236e-01 4.766423930309968693e-01 2.733681347442043497e-01 3.467021123247824854e-01
1.422000000000000000e+03 2.648672979316060161e-01 2.383026163994361457e-01 3.980705896062606830e-01 6.141990616808016279e-01 7.870557674876477172e-01 8.010594712247259830e-01 5.436628732529563690e-01 6.759427944175673275e-01 7.488514635233081140e-01 7.141833466139773101e-01 1.729819700894756063e-01 5.017159132951460876e-01 3.149899043758884187e-01 2.994698084175275721e-01 2.751307237089970492e-01 2.574674205187330034e-01 4.945865635140891947e-01 5.354557042546710388e-01 2.611081673170698725e-01 2.706523052143016694e-01
2.123000000000000000e+03 2.226604222737618155e-01 2.805777518718351460e-01 4.613658907690181832e-01 5.741447585880179449e-01 6.645856228131978849e-01 8.438731976069124840e-01 6.164039931278586515e-01 6.881861994823108564e-01 7.239061537951093639e-01 7.171037093955228148e-01 1.135502436884490568e-01 0.000000000000000000e+00 5.058352128912338985e-01 3.816580751558549256e-01 4.893715357477576022e-01 4.692743009154080047e-01 4.297197508318218451e-01 2.903840382691207922e-01 3.325448714394039218e-01 3.617731413406581331e-01
2.798000000000000000e+03 2.744914721250057421e-01 3.402764083087058689e-01 5.166120067703898755e-01 5.834236261385630229e-01 6.622169718431754060e-01 8.049407711859482006e-01 6.169710852216818697e-01 6.087599911598755575e-01 6.625931888593161734e-01 6.980015238143882916e-01 4.251939209128762776e-01 1.880011053000098797e-01 1.438196315321168817e-01 4.300341545365115037e-01 3.644384804960708046e-01 4.010876559040857381e-01 5.443230097856657235e-01 2.937323558593681327e-01 9.140718003013194315e-02 5.405081099430019131e-01
2.989000000000000000e+03 2.222808607473340525e-01 2.860647108882622969e-01 4.799062793053580078e-01 6.087262274823610486e-01 6.780499662707376585e-01 7.834501023329227820e-01 5.498639437043455480e-01 6.452216206035622514e-01 7.452438035979424003e-01 7.584753329070929029e-01 2.604967982798758186e-01 1.277118706038086471e-01 4.555371612683460913e-01 3.523857889823477363e-01 3.200176969885971112e-01 3.306058266092360420e-01 4.700117680722857849e-01 2.494997883342976730e-01 4.169942779428689184e-01 3.553636999355951898e-01
3.000000000000000000e+03 2.183454993936172761e-01 2.776954281991081963e-01 4.502602734982718569e-01 5.644117836895483631e-01 6.742379181459366988e-01 7.941290221081829248e-01 6.887681757230879054e-01 6.746199304988848011e-01 7.519072564307335282e-01 7.031588818297316301e-01 3.790727967418981437e-01 2.715806487793016588e-01 2.165769482757723408e-01 4.735970312180470820e-01 2.950495783472741329e-01 2.950715007282888602e-01 3.782454182843369428e-01 3.291834055210548504e-01 1.659100624311075356e-01 5.901270870627551846e-01
3.414000000000000000e+03 2.212265019273163547e-01 2.979770560847802563e-01 4.699192165852218439e-01 6.021481858322720315e-01 6.900764987862397781e-01 7.914482511603567749e-01 6.833265875829822589e-01 6.710652011283237961e-01 7.243833917502758846e-01 6.612103694924584829e-01 2.818533622479695300e-01 2.676745500836471003e-01 1.784322125166799555e-01 3.989125431130061128e-01 3.193579018368142841e-01 3.083553762500525486e-01 5.513667536659649926e-01 3.954269181067943117e-01 1.462397474141975962e-01 5.538958210507195501e-01
4.200000000000000000e+03 3.205386421738031788e-01 3.492873562694846501e-01 4.359165717054420131e-01 5.567541966203228831e-01 6.961366368236114877e-01 7.514290325314985086e-01 5.397706941378848100e-01 6.115342325742586516e-01 7.281221660689605191e-01 7.298337202639368915e-01 3.516506205687664477e-01 2.167781940398073315e-01 2.641636934367458944e-01 5.773493578849938634e-01 3.145673063805415337e-01 3.561641484805800895e-01 4.242643377516955305e-01 2.831709393670667207e-01 1.491871981059001151e-01 4.810041071554690406e-01
4.320000000000000000e+03 2.319766070430167026e-01 2.855597596935527949e-01 4.684367126520885272e-01 5.834084077736781948e-01 7.127743887520268107e-01 8.365674585037795596e-01 5.958948793359541973e-01 6.292750684162334851e-01 7.188664281941523626e-01 7.254544074257286423e-01 4.315446389809967087e-01 2.859362978129367794e-01 2.462006944150675336e-01 5.390440059744873169e-01 3.260067818798232375e-01 3.077117280948777345e-01 4.076888062344627417e-01 2.450602382468893281e-01 1.653930207256649743e-01 4.574091067338993954e-01
5.811000000000000000e+03 2.400212495589810202e-01 3.102891909613367249e-01 5.013707153031262687e-01 5.785809697304075128e-01 6.219147401152879118e-01 7.472943067660899885e-01 6.378756996960298631e-01 7.177413775488352687e-01 7.053710336855406604e-01 7.056274053355415798e-01 2.166543452143617488e-01 2.607854406944322134e-01 1.932374432134018605e-01 2.355328209698760167e-01 3.327191568871135097e-01 2.524659318843628375e-01 6.063342277409466963e-01 5.087886981870000103e-01 2.866788015348232244e-01 4.617392112858150766e-01
7.382000000000000000e+03 2.564002130407255220e-01 2.879926711596947353e-01 4.313121219126914152e-01 5.777862729559488653e-01 7.067716102699167502e-01 8.367094449560134040e-01 5.758885021108708369e-01 6.423643137921437596e-01 6.912376589442751351e-01 7.631714376744264117e-01 3.311016619036694641e-01 3.316141974285177207e-01 3.352214349567419482e-01 4.147558433015469670e-01 3.179043127531955837e-01 2.112123244604281469e-01 3.383445261337347798e-01 3.921032802584072940e-01 2.558701888050939899e-01 4.478869487446051623e-01
9.084000000000000000e+03 2.199725331013526741e-01 2.995939792371846710e-01 4.785010448159550678e-01 5.861360898493149785e-01 7.081481559838823658e-01 8.422023913248032345e-01 6.148090891434325744e-01 6.628259097665416544e-01 7.125893157062752614e-01 6.834873403328197705e-01 3.435111330008098207e-01 2.147636512167768186e-01 2.203949854146348697e-01 2.409112288244864564e-01 2.191546084840799713e-01 2.263885883562306300e-01 1.000000000000000000e+00 3.422687880395594573e-01 2.223187659040590236e-01 3.577301250318877246e-01
