5.740000000000000000e+02 2.353652078126909630e-01 2.391907583494330136e-01 3.890197135266145745e-01 4.905634055935101379e-01 6.090491648350221388e-01 7.386604546399775373e-01 6.456407249930353753e-01 7.163908322277025009e-01 8.134153721954723304e-01 8.416266707152252335e-01 3.921344561562091213e-01 3.424957592173665244e-01 3.637711781895035523e-01 2.673145069474632818e-01 2.328533282890882516e-01 3.096125194700783401e-01 4.596747028731927864e-01 4.423347269887289435e-01 2.299014224275633123e-01 3.437361366725829037e-01
1.347000000000000000e+03 1.791138505185130569e-01 2.487116973427893896e-01 4.474258072745050940e-01 5.135582852920753671e-01 6.205583626269884912e-01 7.545157230111104729e-01 7.232596978536831589e-01 6.801257502889166418e-01 8.256649794290906730e-01 7.763407294880735332e-01 5.362468316366836296e-01 3.729156318272632831e-01 3.017273026677106396e-01 2.230508629771015827e-01 1.296474838582127864e-01 4.243792053163580880e-01 3.678401734465558404e-01 4.593021830097774871e-01 2.845656933032061353e-01 2.644886931631099669e-01
2.066000000000000000e+03 2.062275733876212935e-01 3.208401625244803879e-01 4.613668469441269404e-01 5.574556452233050408e-01 5.401472797020014927e-01 6.535740807289044385e-01 6.486732254258138486e-01 6.900027644148092332e-01 8.669919760344357851e-01 7.640907898310499435e-01 2.306737109483483483e-01 4.048777383958584442e-01 3.752246154670050848e-01 3.019732605329463748e-01 2.668361467912558349e-01 3.724349289528449125e-01 3.442695434970589052e-01 4.498946823295361663e-01 3.127676865111165827e-01 3.069257211161297572e-01
3.425000000000000000e+03 2.630637576727125060e-01 3.664538686894242003e-01 3.668703961463649077e-01 4.987151392047164955e-01 4.383779253885516924e-01 6.613012817143636424e-01 6.249304949397467279e-01 7.525873999553066573e-01 8.432433912913721574e-01 8.356165533501161979e-01 3.297051027071709606e-01 3.095216058857694907e-01 4.072293495950979336e-01 2.075723465063665230e-01 4.862032121435461152e-01 5.259004289706785684e-01 4.183414899064211712e-01 3.735555680874312334e-01 1.987624376179925878e-01 1.608016727470981955e-01
4.384000000000000000e+03 2.039757899709932765e-01 2.291707689216520016e-01 4.388180483055973413e-01 5.076826696447406251e-01 5.961879794519756581e-01 7.086831437210211471e-01 6.147815349062764056e-01 6.859624738949274825e-01 8.563451213492068170e-01 8.626370166143406681e-01 3.918724041345727493e-01 3.045044495259583983e-01 3.900839281628919464e-01 2.087511921340632348e-01 1.403671835139786161e-01 6.643982884514899601e-01 4.795333279216283939e-01 3.059219900016665883e-01 2.679435276717150316e-01 2.303203706454070576e-01
4.434000000000000000e+03 2.688970220528797972e-01 2.786195212500898744e-01 4.546674783980897416e-01 5.188970159803497628e-01 4.331062047603841947e-01 7.215732070813534182e-01 6.594460321471704578e-01 7.304058799901221866e-01 7.976547285362847184e-01 8.188191314007956523e-01 2.766322820640396696e-01 5.049520549092086918e-01 3.674924412098928839e-01 3.019583746503246013e-01 3.632593485507827347e-01 3.320864541354908717e-01 3.733511169345697933e-01 3.941712415780790346e-01 2.378586544150468329e-01 2.459120542168676260e-01
4.910000000000000000e+03 2.416508813466811956e-01 2.762226509549717823e-01 4.381177158351644008e-01 4.697601470893411069e-01 5.182451959264160468e-01 6.384606834080601701e-01 7.231555796858437635e-01 8.065836085514334064e-01 8.141178230798851168e-01 7.814374311645171378e-01 3.246907932968951527e-01 3.291070002525408045e-01 3.474465211636719175e-01 3.733690345934996269e-01 4.158522362265702488e-01 3.125264881907201531e-01 4.872839213123922320e-01 3.006528686814541329e-01 2.249692192723932449e-01 2.885948939514891842e-01
5.421000000000000000e+03 1.695789635456884104e-01 2.274882900051239665e-01 4.064625681806201540e-01 4.918727277289453026e-01 5.869851874941390824e-01 7.301262259499253782e-01 7.305381849395695681e-01 7.893039065553816291e-01 8.180988952137865367e-01 8.107855877464169581e-01 4.480442413762011356e-01 3.446776713724264973e-01 1.867061530334886144e-01 2.051921978842915495e-01 3.090189043444221961e-01 4.197218696851569009e-01 4.552376099545858423e-01 5.452817701424975683e-01 1.541309596665142168e-01 3.330121174259918493e-01
5.445000000000000000e+03 1.565076792523482918e-01 2.016483024006037461e-01 3.864859620019983066e-01 4.840523506339196036e-01 6.112853871162960973e-01 7.007131263980000968e-01 7.202049378354503650e-01 8.015309388051998774e-01 8.421322848218385504e-01 8.475347120789606947e-01 3.526464779117972625e-01 3.245830219476908973e-01 1.854572460501743292e-01 2.218659030299663937e-01 3.811590280278145948e-01 3.542225423095433090e-01 4.543339414626646477e-01 6.414588228725427443e-01 1.545882418074983611e-01 3.318400438279108244e-01
6.350000000000000000e+03 2.160220765774274465e-01 2.927374136174898944e-01 4.329952979142650538e-01 4.779768271141898728e-01 5.605061580518525544e-01 7.226067617546312327e-01 7.029399092577722774e-01 6.945188623168858655e-01 8.502836881538226033e-01 7.776376914970760668e-01 3.091283273955945932e-01 2.925635433065811863e-01 3.232944137010199670e-01 2.965373035737632335e-01 1.708448876567391084e-01 3.726476649020398768e-01 4.923586306640060917e-01 3.970482444457570370e-01 3.476801206744769557e-01 3.465233381043172911e-01
6.351000000000000000e+03 2.466965494581378759e-01 2.669853812532224091e-01 4.025122839956454812e-01 4.862264429483160177e-01 5.970605133399372599e-01 6.535326039179703006e-01 6.547725410191566064e-01 8.248155071748929368e-01 7.824316584925193885e-01 7.990945867041251427e-01 2.957254176219832331e-01 3.273225577481798654e-01 2.971651615392063017e-01 1.815881633465920575e-01 3.902796692648459742e-01 5.089254688501387847e-01 4.242872420233380071e-01 4.621138261901324706e-01 2.939134689488853702e-01 1.952917607583549986e-01
6.574000000000000000e+03 2.781211191645613368e-01 2.148926524604365118e-01 4.230974180321079303e-01 5.161518340518903569e-01 5.923988444113491569e-01 6.994004033849715585e-01 6.511574900639356400e-01 6.896560766225644512e-01 8.163187984248946316e-01 8.211571144579118409e-01 4.482239740819010665e-01 4.285501619993423161e-01 5.121750041016485122e-01 2.725498533037395976e-01 2.279364863099889726e-01 3.051383458570177121e-01 3.844432230732262590e-01 3.488926418665413420e-01 2.769056737474601682e-01 1.817978041115207444e-01
6.598000000000000000e+03 2.466587577234035655e-01 2.486378258891809023e-01 4.453460880632426067e-01 5.253051909549778520e-01 5.737100061101862991e-01 6.274602046076519501e-01 6.754284380861741433e-01 7.396559390324471961e-01 8.142237437743553574e-01 8.057366836558907952e-01 3.855191501748509997e-01 4.071413035364262467e-01 3.169682919808481936e-01 2.168921050318561861e-01 3.708063516710436436e-01 4.437216779500600672e-01 5.033068966385085830e-01 3.892545134303596610e-01 2.309884997752661429e-01 1.390348474301686121e-01
6.919000000000000000e+03 2.611444459705919985e-01 2.657713261460704635e-01 4.954825982276767071e-01 5.046260309872168115e-01 5.990114019468487649e-01 6.214169075682844934e-01 6.925070610029400164e-01 6.855432842926399983e-01 7.849643089897928583e-01 7.918036567441435469e-01 3.600079726603425678e-01 3.093802761942615054e-01 3.198141288492943324e-01 3.404277287077255854e-01 2.450039446247923858e-01 5.533605425220865515e-01 4.359942587658496294e-01 3.384844125871866449e-01 2.755744156231807462e-01 2.107629408613642397e-01
8.234000000000000000e+03 2.249181245945051089e-01 3.270217283993777646e-01 4.527104817076031407e-01 5.056122704563371650e-01 5.861816632585308273e-01 6.241262582691972094e-01 6.386333057373017041e-01 7.244792567811474404e-01 8.042166946936449845e-01 8.069989803831240094e-01 4.190297142757554716e-01 2.898796471155760668e-01 2.395481888855817976e-01 3.295789352019455332e-01 4.364743288606147131e-01 5.714917253241076356e-01 6.257070114314046139e-01 2.727067932448150045e-01 1.615388841159307864e-01 9.366540908613246730e-02
8.621000000000000000e+03 1.673409983609950857e-01 2.201121359346766559e-01 4.067618884743861019e-01 5.729760999560853385e-01 6.127706327932735952e-01 6.877598811733182105e-01 7.179373807804629859e-01 7.381657248447592856e-01 8.126773138638860861e-01 8.214087554558046067e-01 2.208239666344261054e-01 2.733540677279518993e-01 2.370844829152017053e-01 2.809614230225364051e-01 5.611013951911627551e-01 4.661034892603849733e-01 3.989837229146108721e-01 5.179996530567857471e-01 1.769857224316520594e-01 2.804128463137773863e-01
9.432000000000000000e+03 2.507837983293341733e-01 2.608393228677808873e-01 3.993534690473009019e-01 4.629923327683953538e-01 5.523150240673475597e-01 6.813751759006431152e-01 7.214326976458544927e-01 7.555799383741071962e-01 8.285614199920394718e-01 7.992001986525174573e-01 3.056423057565549883e-01 2.895044961063077960e-01 2.893023724300359811e-01 2.565848557841327038e-01 3.520169543741769047e-01 4.062358049275552885e-01 6.980947730677083962e-01 2.671850270428393070e-01 2.677225709570570378e-01 2.564440941313068101e-01
9.846000000000000000e+03 2.461912083969629572e-01 2.768157865665420991e-01 4.557696312862247745e-01 5.381172154405795549e-01 5.964917984364686010e-01 6.070823440835408924e-01 6.769669704240115493e-01 7.392628592516884423e-01 7.892071879639160903e-01 7.831458910421515984e-01 1.243810969812291084e-01 2.591637892554970457e-01 4.303298058354421696e-01 3.160421517307623329e-01 4.323418448242313250e-01 5.598310783700565230e-01 4.488335186998043125e-01 3.553499660432518636e-01 2.164047094361556123e-01 2.697970618487037231e-01
9.921000000000000000e+03 2.635377688742879809e-01 3.238660345237570071e-01 4.625411454423823954e-01 4.349518517967441711e-01 4.863603840154437363e-01 6.856792727553270295e-01 7.147119539021685730e-01 7.184732760388160555e-01 7.777494324352589583e-01 8.168104895744654481e-01 5.316730376268319347e-01 1.197516266847776789e-01 2.290561269635153774e-01 4.050102334751219946e-01 2.238526251184796423e-01 4.574416860438171306e-01 6.301675058560395337e-01 5.832112787092301742e-01 1.248268902800211827e-01 1.303790901324967944e-01
1.047400000000000000e+04 2.136944619342842910e-01 2.641057549856142272e-01 4.416404766446011543e-01 5.365909698327185895e-01 6.036651504329930695e-01 6.009909809536637670e-01 6.937037480118858346e-01 7.327140822371541740e-01 8.099634803047122134e-01 8.152939879103943133e-01 3.958228953148852369e-01 2.565971211960428322e-01 2.260008121592868013e-01 2.651309066027841554e-01 2.610097279537592629e-01 4.967742469096562696e-01 4.958468343792277744e-01 3.338958254813936821e-01 3.125396074505040200e-01 3.181015317664583342e-01
1.088900000000000000e+04 2.270564225269497971e-01 2.766907011709530129e-01 4.231706661426994365e-01 4.620755926243491629e-01 5.537241841284471500e-01 6.550799062880112711e-01 7.094836277665542701e-01 7.755985580569068061e-01 8.461044220155756745e-01 7.846859440528839436e-01 4.771167351191702433e-01 2.766470133746975479e-01 3.025694455449893794e-01 3.983215043426160951e-01 3.686630255435069392e-01 2.727576828746596238e-01 5.451071443255841587e-01 2.741477752765150711e-01 1.975556515812347258e-01 2.966304365635323292e-01
1.107400000000000000e+04 2.191698669299753099e-01 2.864682997665744524e-01 4.364816367739969283e-01 4.767778081129957490e-01 5.218116488427128052e-01 7.041676036310399178e-01 7.389312454995549118e-01 7.831304991522632930e-01 7.979541411696160491e-01 7.703251140518827533e-01 4.360629822887943652e-01 2.436902794876576739e-01 2.313139995926550285e-01 3.651310195629890454e-01 2.871736117329661275e-01 4.509323859423471359e-01 5.691353041140763125e-01 3.585416324526741194e-01 2.197056510073297220e-01 2.408084873749249399e-01
1.171200000000000000e+04 1.911153623879260077e-01 2.391714088440639874e-01 4.038850551493197716e-01 5.198190847334238640e-01 5.795073650516332497e-01 6.591309690236862862e-01 7.281779638639331864e-01 7.497428594462283158e-01 8.206407085298254023e-01 8.379985914213630149e-01 2.649391934355432854e-01 2.409218451392993732e-01 1.509540866895803801e-01 2.119530271830294132e-01 4.554335887132947014e-01 5.168277117237386475e-01 4.111131245154884262e-01 8.009633270405416283e-01 1.343503512643258180e-01 2.289138582096858776e-01
