1.433000000000000000e+03 1.684173824147090770e-01 1.728123430775538316e-01 3.468734248794330677e-01 3.460608608893457339e-01 6.925463762425624337e-01 7.621059662719709138e-01 6.741332652832759953e-01 7.213392772089480820e-01 8.960895106629555018e-01 9.428620779120334694e-01 3.506246617678444588e-01 3.287879174512893798e-01 5.713946247767267561e-01 3.914195236352933649e-01 3.447555957565912599e-01 3.042071694337181720e-01 2.842888932683657055e-01 1.901138116194369676e-01 2.917864098032510456e-01 3.271251563196291290e-01
1.434000000000000000e+03 1.285509678554554447e-01 1.630858105873559671e-01 2.621372529158499942e-01 5.790143843405355373e-01 6.048074970228458636e-01 5.919739054546055979e-01 6.557860312373108291e-01 8.519968645943798435e-01 9.515227441276500331e-01 9.238368858951150342e-01 3.322219025054828356e-01 5.783046684995643005e-01 3.921074895091206103e-01 3.663034466973448255e-01 3.185167961780965284e-01 2.937439009734686413e-01 2.030876717708022805e-01 3.876867720992454580e-01 2.773609189379755979e-01 2.366427818820436846e-01
1.690000000000000000e+03 2.304970184279734602e-01 2.283131074349743217e-01 4.060660754569133113e-01 4.409273087646752853e-01 5.131345030366011306e-01 6.333789945827563717e-01 6.304493805728066391e-01 8.204471415940465251e-01 8.697952427209748594e-01 8.891759890995327709e-01 3.770683115703467592e-01 2.808913567732285732e-01 2.825048292420625495e-01 5.038035972267859153e-01 3.800375051777925006e-01 3.875748213719991675e-01 4.023161517272372256e-01 2.830277557523004361e-01 1.463939506745229324e-01 3.818639096418730561e-01
1.953000000000000000e+03 1.942742970467786212e-01 2.145910406060102804e-01 3.506826397774876480e-01 4.630866305918776571e-01 5.452943165693304728e-01 6.584624522905845323e-01 7.759804785774587765e-01 8.823072891016267016e-01 8.133204552106063634e-01 8.389527665533849099e-01 4.065398186575494566e-01 4.318407516282321557e-01 3.520335007292114682e-01 2.049190012786865356e-01 2.954345308432255179e-01 2.911659428675279493e-01 4.303491336041556092e-01 4.629195346247964027e-01 2.724861760611190231e-01 2.291354636896346386e-01
2.456000000000000000e+03 2.422113945934781520e-01 1.796349145527845470e-01 3.691100500844263776e-01 4.423339191196279385e-01 5.513291178717182328e-01 7.121007260962988195e-01 6.873768654799009559e-01 8.111108860239675256e-01 8.659036089451030982e-01 8.473871843049637365e-01 4.592076516687237930e-01 4.703942674009656821e-01 3.556497494955241923e-01 2.006058096703407512e-01 3.080108383893356283e-01 2.728263937150202101e-01 4.888935131816169455e-01 4.622751982611353339e-01 2.207215957795214401e-01 1.601785180431298250e-01
2.803000000000000000e+03 3.354751301648030148e-01 2.236006492659642908e-01 3.385383635908105204e-01 4.028782086384183336e-01 5.055824987856725183e-01 6.494869821247933883e-01 7.225273169384335281e-01 7.891970405329246097e-01 8.474307011777395537e-01 8.438971217278355974e-01 2.789368103798792742e-01 3.870678964024460433e-01 2.204896165568247801e-01 9.105698431915393298e-02 4.293497959370021211e-01 2.417765597200106642e-01 4.182328646840547948e-01 6.366509861501774559e-01 3.115915310055286658e-01 3.322393560473007601e-01
3.168000000000000000e+03 2.253522065606696212e-01 1.804615880005627782e-01 3.450957486154905829e-01 4.447439917185448399e-01 5.204888237631301040e-01 6.744023421466031065e-01 7.526920133119092693e-01 8.452832868768720420e-01 8.761375369407796709e-01 8.483959281482196246e-01 3.899526760470859443e-01 3.872734639525991507e-01 3.218299468538413644e-01 1.905702032195064621e-01 4.440876907737028589e-01 2.987512640198777825e-01 3.767431113948578325e-01 5.202978163704004011e-01 2.544869399658649112e-01 2.013285141584847671e-01
3.918000000000000000e+03 2.742228865378325553e-01 1.923421665324549779e-01 3.827403910052842306e-01 4.630279511197667452e-01 4.738706048683859473e-01 6.472236398751631814e-01 6.821903149877390771e-01 8.004637623736117202e-01 8.727802139349601918e-01 8.733062968424276651e-01 3.651183116530942740e-01 4.759884206810620633e-01 3.437047765535145571e-01 1.895303369731298204e-01 5.208137497108430436e-01 2.554792800981671164e-01 4.625814053406550053e-01 4.093244442909974579e-01 2.204361835192897856e-01 1.625651063504846006e-01
5.580000000000000000e+03 2.196198839630321142e-01 2.379673112449404992e-01 3.910395051560293656e-01 4.167360682514102965e-01 4.926618515222792039e-01 6.602479813443932199e-01 7.387810285688889422e-01 8.345919996782117378e-01 8.402972599338494053e-01 8.626224762507589405e-01 2.420823270265507476e-01 4.232278065425125746e-01 4.206509410066054944e-01 3.835737278171681974e-01 3.444748673245878190e-01 2.683463056522706336e-01 2.761266902576158255e-01 4.146686821407571388e-01 2.908048567123245887e-01 3.143738368591376120e-01
5.664000000000000000e+03 2.114379951216662501e-01 2.509802926772419784e-01 3.952909998971783634e-01 4.704430863690433062e-01 5.227098041288724684e-01 6.535401998806715795e-01 6.727712689400283663e-01 7.389342978491225677e-01 8.789880977835426989e-01 8.832695046775559389e-01 3.382302556750514944e-01 3.395828522546978645e-01 4.228317204628811443e-01 2.062140493681035025e-01 1.679841430061073115e-01 2.650169343389282006e-01 4.502336166848828203e-01 3.240399300942113370e-01 3.799803766044890785e-01 4.343056039978072103e-01
6.269000000000000000e+03 1.412349264285839290e-01 2.098403006934045911e-01 3.689903538787352999e-01 4.728977847935944001e-01 5.417963479831042761e-01 6.755726728941962023e-01 6.332128867908486392e-01 8.387905112332710855e-01 9.111720258963378338e-01 9.086508720523336358e-01 3.803467535748716322e-01 3.702618059047443899e-01 2.212945473473784952e-01 2.851298267311418444e-01 2.578703836027015917e-01 3.422300221028640732e-01 3.577591977384472210e-01 5.631657714159309380e-01 2.673864560333466533e-01 3.231089530257338915e-01
6.501000000000000000e+03 1.436827322723583378e-01 1.533367572795919231e-01 3.840351589227578577e-01 4.597872080377293780e-01 5.583206590018953142e-01 6.933349619699723521e-01 7.138354070612765723e-01 8.033445388186458702e-01 8.843898546658198745e-01 9.268309905121057124e-01 4.192432014023758091e-01 4.053680771544115879e-01 3.978544784154944280e-01 2.999765604591097534e-01 1.848643042543892390e-01 3.114070920882611171e-01 3.380769832735464608e-01 3.299755546138574691e-01 2.558750687229329190e-01 4.284872657185084810e-01
6.860000000000000000e+03 2.154875460940136045e-01 2.075849724936048302e-01 3.646203797556302195e-01 4.617736102436455492e-01 5.202068156950560018e-01 6.310227012899988219e-01 7.194216545263695251e-01 8.732375361786464119e-01 8.623300764457497714e-01 8.472553369878020879e-01 2.691033726793657377e-01 5.175141794199840106e-01 3.361365040893586897e-01 1.928179162153040305e-01 4.475966815735829551e-01 4.701333159481084767e-01 3.185862037269954206e-01 3.950757393848262633e-01 2.703614896471891460e-01 1.728246339706419055e-01
7.122000000000000000e+03 1.812349332935964952e-01 2.164361918507257121e-01 3.773050130667165436e-01 4.471784570363851463e-01 5.374823406695389272e-01 6.922279816103942274e-01 7.629877936951463546e-01 7.887691496333002483e-01 8.557467707304343696e-01 8.660779990223232971e-01 5.399240164671975650e-01 3.870920708162295387e-01 2.454708247545114297e-01 2.271322267591867616e-01 5.140307721356071440e-04 2.281949100860021784e-01 4.749641644218880465e-01 4.140919225472215470e-01 3.191584653699388041e-01 4.934327063661003154e-01
7.123000000000000000e+03 1.746812352617159170e-01 2.038499417008683701e-01 3.641652819164784005e-01 4.527226601354462643e-01 5.542727591015114141e-01 7.023891213033723879e-01 7.481810228830163556e-01 8.190217653027310751e-01 8.745856860808043365e-01 8.441105731381349786e-01 3.890496557202705041e-01 2.471175579492438101e-01 2.263199090662831869e-01 5.436374536427698596e-04 2.376957428325053856e-01 4.881540524401239423e-01 4.399841075485456665e-01 4.217937890153539149e-01 4.161424905824352982e-01 4.352062192708692767e-01
7.476000000000000000e+03 2.469210243434621088e-01 1.622133385941449957e-01 3.680882862589709981e-01 4.539152008191761345e-01 4.827922138613782721e-01 6.513323330563445257e-01 7.133417402060489021e-01 7.914966313807844100e-01 9.032805971105092313e-01 8.974067983808928783e-01 3.159538397217818706e-01 4.466658621637082383e-01 3.351117853228051668e-01 8.829867126280034617e-02 5.091318021148676376e-01 3.582068521039949993e-01 3.134761975811303225e-01 3.217869307159821890e-01 2.647011755974532643e-01 4.140880270569893828e-01
7.494000000000000000e+03 2.823101245898307354e-01 2.281064039443878033e-01 3.433417005806168043e-01 4.213812162506059833e-01 4.486279826022250283e-01 6.448012124072416418e-01 6.544658797811588880e-01 8.123154710586097949e-01 8.995890494713055796e-01 9.000146476948027718e-01 1.653902604412920141e-01 3.014916266815278467e-01 3.493221962269502101e-01 4.140432355399610853e-01 3.644327428721989004e-01 3.916810431032911599e-01 2.854116107920820489e-01 4.231847759373399964e-01 2.745923156219760020e-01 4.087464571284519788e-01
8.220000000000000000e+03 1.786754277335526608e-01 2.266545751448381107e-01 4.051963289234681298e-01 4.402538038840699830e-01 4.948263612442166948e-01 6.717768799070498176e-01 7.403540544403854895e-01 8.157816960562941366e-01 8.821945256404198910e-01 8.546136624758525757e-01 3.680127369563168105e-01 3.690380802374873537e-01 3.733117091699135193e-01 3.414565454511379605e-01 3.048150892266300871e-01 3.594158831179206093e-01 2.666325300208652327e-01 3.868013374930049930e-01 3.590748674399671381e-01 2.298949941897270033e-01
8.641000000000000000e+03 2.122079647623631160e-01 1.820320518874130045e-01 3.671527993198482887e-01 4.598009587819071320e-01 5.661568786122848085e-01 6.976975741747332149e-01 7.201503399203748046e-01 7.452328803943597535e-01 8.840797482626239212e-01 8.764805491367528845e-01 3.430898026179283189e-01 3.408426954755388594e-01 4.555003325263987102e-01 3.134353454716023446e-01 2.681689171829677032e-01 2.989552778942388134e-01 3.153493438009826177e-01 2.682163762093054404e-01 3.887665387634834935e-01 3.493950517046108262e-01
8.642000000000000000e+03 1.448343061810794252e-01 1.926609092780194876e-01 3.736235571106112374e-01 4.768463877241083670e-01 5.573624260480838366e-01 6.549592639208287048e-01 6.966022472583442982e-01 8.501504888907880364e-01 8.850483327164265779e-01 8.884914017864752322e-01 3.329924381786933396e-01 4.457368506609445391e-01 3.035840633342849482e-01 2.754898573315965327e-01 3.026499678949625127e-01 3.150385758588923890e-01 2.770200179076597324e-01 4.994211482548984726e-01 2.864255642061334650e-01 3.278010718235861432e-01
1.031100000000000000e+04 2.391656965472145902e-01 2.153958929425477120e-01 3.536027107708237804e-01 4.354357335482727520e-01 5.297226120902671642e-01 6.600627360107608199e-01 7.027925823245305681e-01 8.064771577540933434e-01 8.838664661950382806e-01 8.614424705495141721e-01 3.545110877717574382e-01 4.034128551524474027e-01 4.511926542092353776e-01 2.748190032284673623e-01 3.352782656716924437e-01 3.899290069450483398e-01 3.422352392616200834e-01 4.082985626702755333e-01 2.226056804816956558e-01 2.204083911070583157e-01
1.032700000000000000e+04 1.874134737406709661e-01 2.442345697016144734e-01 3.781939632927909245e-01 4.268024620604730091e-01 5.351111588802353047e-01 6.317536477392929894e-01 7.148978720538895493e-01 8.350723757175575468e-01 8.679311195494733289e-01 8.751618722378589066e-01 2.887268562854398146e-01 3.026901602623157661e-01 3.358105074874398466e-01 3.862052488219989699e-01 3.745681848549990423e-01 2.646380203349207871e-01 3.399592452953359434e-01 3.761179173340888915e-01 2.972568463397500249e-01 4.022108070355560061e-01
1.071800000000000000e+04 2.510102411057586469e-01 2.062813567086571598e-01 3.729917633101034191e-01 4.324193554201188894e-01 4.994361120814391208e-01 6.529394450087485646e-01 7.499168195569796413e-01 8.148460683341856026e-01 8.346014795740285264e-01 8.731143075877050297e-01 2.425857400773947792e-01 2.529974879151112299e-01 3.589281527763383273e-01 4.806201988048082185e-01 4.753695905249218923e-01 2.741611530622762305e-01 2.712944600884416024e-01 2.567222605102329469e-01 2.034938041725787850e-01 5.781731778282828138e-01
1.073600000000000000e+04 2.596208396580725331e-01 2.573908629367738232e-01 3.647489790924784425e-01 4.790494314569558876e-01 5.497951422485023443e-01 6.152270595719551149e-01 6.632547925522122023e-01 7.710599171181596878e-01 8.655606683296900306e-01 8.465945196292177233e-01 2.597608162912014573e-01 2.395429899017673114e-01 3.482337747902684022e-01 4.808939974173751519e-01 3.987155329413349936e-01 3.827783283701504669e-01 2.845214072130487493e-01 2.878732015873030070e-01 2.554933084512537866e-01 4.487982039010298685e-01
1.073700000000000000e+04 2.153191308421696371e-01 2.000192599223292456e-01 4.008467573953327090e-01 4.735344470171553577e-01 4.915568036514891270e-01 6.082125597450256382e-01 7.385952616930442360e-01 8.397585632444999337e-01 8.599862006705992767e-01 8.632167559102053023e-01 2.255859136033350476e-01 3.284789844607735598e-01 4.489798417043575629e-01 3.948275123680132226e-01 3.734906793586263429e-01 2.739811525977801088e-01 2.865929809188992317e-01 3.163728086555954722e-01 3.546438116055079526e-01 3.560712011578206493e-01
1.084200000000000000e+04 1.806672501645956164e-01 2.181033609360597536e-01 3.496423301890029256e-01 4.058335897883583732e-01 4.955343159471929937e-01 6.707968032838906858e-01 7.406920807522842098e-01 7.974705366510576043e-01 9.183350909192236067e-01 9.117610260738329142e-01 3.641276408341346804e-01 3.694762659091913037e-01 2.707977834499999403e-01 3.432456095703782517e-01 3.673260307338057085e-01 4.106277427036202354e-01 2.836829024166433455e-01 2.818461227181796036e-01 3.077249999155741156e-01 3.671865881481032878e-01
1.106600000000000000e+04 2.068658963305181342e-01 1.840785292817162799e-01 3.516440261380146537e-01 4.340098004250328434e-01 5.286016238060783357e-01 6.491734347433226748e-01 7.775206263350878944e-01 8.248612781704244279e-01 8.730310730516601669e-01 8.787263017828470524e-01 4.506431136115948144e-01 5.080652749899126075e-01 2.834627846659789063e-01 1.924380237024237994e-01 2.441125801837391585e-01 3.766752891291350047e-01 4.028046388692902435e-01 4.150317458272424487e-01 2.977135246889018316e-01 1.982219711200485790e-01
1.110800000000000000e+04 1.668109696166114875e-01 2.161747600011331982e-01 3.964458629048439597e-01 5.011547988708228152e-01 5.375812267033296399e-01 6.749901843662912126e-01 7.225102008337330739e-01 8.140414178053064775e-01 8.601322510950949463e-01 8.416029722178643979e-01 2.220904949955891661e-01 2.694514947637929869e-01 3.047503068547950389e-01 2.925875678283705872e-01 3.571054166983784750e-01 4.453114868787407810e-01 3.518836603139352537e-01 4.553306131996116002e-01 4.040822438132896099e-01 2.402384015158165742e-01
1.134500000000000000e+04 2.104334176804092404e-01 2.383521807408574833e-01 4.156050149966656337e-01 4.191664466774946973e-01 4.971754588850326728e-01 6.394681615959548759e-01 6.577535614298152256e-01 7.888781619079007212e-01 8.902613844835020052e-01 9.036894156902994801e-01 3.209067512888985618e-01 3.855704602691449323e-01 2.861947336672238662e-01 3.952111063133708080e-01 3.783158285337677174e-01 1.967056692436964238e-01 5.050905840735424590e-01 4.105877811304336489e-01 2.342065148827034982e-01 2.844177192232751894e-01
1.186300000000000000e+04 2.162004581814259419e-01 2.369416784434488499e-01 3.855793256659745816e-01 4.510428709724849661e-01 4.859530137103426073e-01 6.328497506859591670e-01 7.174297424952317259e-01 8.005477311699381593e-01 8.457069352120160088e-01 9.026929089783022331e-01 1.620899499004728739e-01 3.888774025620828079e-01 2.768812302071112508e-01 4.130689236522711028e-01 4.123274912350586296e-01 3.817339977143980323e-01 3.628622240002060684e-01 3.773646996903239348e-01 1.678976688828691943e-01 4.660123505575126668e-01
1.248500000000000000e+04 2.850841003290848774e-01 1.904673911960999833e-01 3.550893655043778074e-01 4.251861969481645631e-01 5.226534729117563449e-01 6.471659021194847705e-01 7.260879222416835033e-01 8.715001461959285267e-01 8.405157009967691994e-01 8.280442523298529034e-01 3.278522918747828196e-01 5.687180804364591058e-01 4.657782069715814544e-01 2.060959122813676991e-01 3.152757770359631007e-01 1.987392127211597137e-01 2.980309218451725473e-01 4.884820453145897745e-01 3.037830578002459481e-01 1.987356518609666722e-01
