1.755000000000000000e+03 1.810560265049399598e-01 1.557935977072870404e-01 4.302448719943750555e-01 4.953161253344845472e-01 6.186738076207806136e-01 7.372370658225697593e-01 7.637049534851048094e-01 7.520590813468082114e-01 8.168027749209241239e-01 8.207679439489111717e-01 4.059869157080442936e-01 4.483843641961401394e-01 3.895254652709621013e-01 3.098650921664803937e-01 3.954376306783174977e-01 3.085855118291054300e-01 3.217378308024511080e-01 3.677381243053355897e-01 2.551118267047988164e-01 1.932054183306619322e-01
1.760000000000000000e+03 2.263623274615922110e-01 2.541171374247109260e-01 3.842517999205797841e-01 4.923862032629383045e-01 5.881502171304857640e-01 7.528609299654198672e-01 7.712629472622530846e-01 6.787545373486734146e-01 8.016381311780944596e-01 8.016301313591878142e-01 2.952549380428559633e-01 3.147794316412113047e-01 3.797087174900612427e-01 3.493895769793736172e-01 2.111977090833373205e-01 5.436457934455034557e-01 3.181012224458201199e-01 3.890886785905163237e-01 2.796817998422423401e-01 2.990402764892359788e-01
1.761000000000000000e+03 2.128056275717224444e-01 2.186915966916128662e-01 4.128973806760123932e-01 5.086856230394546374e-01 6.229293574529137789e-01 7.226126356690623087e-01 6.339422420769792454e-01 7.655686857707483250e-01 8.080665971549374493e-01 8.269391026845516190e-01 3.155481065524961548e-01 3.812580605408717460e-01 3.472316798402752536e-01 2.226206633518771072e-01 5.645842024993309449e-01 3.260778102819454904e-01 4.123403062807257657e-01 3.686598871390684429e-01 2.515387779314224859e-01 2.068083244477863236e-01
1.965000000000000000e+03 1.927212469443982390e-01 2.300485619969581397e-01 4.066698799383484109e-01 5.087184155398165597e-01 5.880517547720127691e-01 7.292823608293792503e-01 7.116517012619087978e-01 7.274568852629068605e-01 8.084515039664521563e-01 8.387506272533445939e-01 3.812848585589271311e-01 4.584011939120087864e-01 2.978120220684372099e-01 1.590604667576608344e-01 3.693174583766111740e-01 2.407174519814690716e-01 5.077424111283064256e-01 4.903831983348406753e-01 2.593458094454139662e-01 2.162733362548989180e-01
2.048000000000000000e+03 2.036453247736851324e-01 2.007735339358058257e-01 4.783934882073442862e-01 5.431871829793674111e-01 6.166597596073416510e-01 6.680094374797610479e-01 7.109581463673935176e-01 7.300859171003066805e-01 7.967685942362580098e-01 7.977272174834845186e-01 3.110725932860251564e-01 4.025536434696018739e-01 4.484117514213454836e-01 3.127690496716020174e-01 1.494706094151766196e-01 3.810404224891258407e-01 3.183533039757546756e-01 4.631589985705873436e-01 3.113016788042916594e-01 2.688115839315309286e-01
2.060000000000000000e+03 3.052774410206731681e-01 2.335676941899951786e-01 3.859240975789609562e-01 5.134338757524180563e-01 5.306721515231865860e-01 6.435986187539443071e-01 6.724624737255426865e-01 7.982134563957857809e-01 8.008490372074311692e-01 8.026786051865358873e-01 2.267836646683788759e-01 4.926274548050580404e-01 4.552150468894010649e-01 3.249394250401735906e-01 2.201059487960132788e-01 3.473475698223149610e-01 2.633189516034404876e-01 4.372744989659406167e-01 3.086882348371388085e-01 2.934925887973640624e-01
2.710000000000000000e+03 2.215167125372533019e-01 2.986334036585696627e-01 4.759738980624603766e-01 5.543647569343906900e-01 6.375799983665549897e-01 6.530295929116100018e-01 7.090745440189288873e-01 6.806792470921321225e-01 7.514215129346495381e-01 7.619918161092281705e-01 1.305357883111536998e-01 3.423032010894533905e-01 3.051979084907881501e-01 4.022825943067944165e-01 4.349928929933732369e-01 3.604291917817094015e-01 2.532463660583690324e-01 7.011727924147730384e-01 1.734522413212746528e-01 3.085994416339989388e-01
2.737000000000000000e+03 2.349351770793181582e-01 2.700564345944838074e-01 4.358298539211798439e-01 5.147020898240040054e-01 5.960877056695469411e-01 7.220742602592029602e-01 7.297126509399078920e-01 8.077726273187258998e-01 7.230677315329833155e-01 7.345577835245928888e-01 3.082940513858290488e-01 4.027710947192111868e-01 3.376581325601454298e-01 2.842358104678749386e-01 3.324378264520341797e-01 3.705360353760159819e-01 4.603077310420569113e-01 3.644996995691652253e-01 2.862980191684458831e-01 2.348525600082781162e-01
2.916000000000000000e+03 1.852467296447536937e-01 2.431175189783855717e-01 4.033176519196282062e-01 5.041625964591280873e-01 6.248605065020323979e-01 7.591160887385536293e-01 7.719890712888585194e-01 6.981496770238647676e-01 7.759942295097284060e-01 8.092849465317242252e-01 4.053571596999452908e-01 2.891154556215237426e-01 1.729704469068636119e-01 3.661758945879340921e-01 2.966102266943896892e-01 3.770362654532392055e-01 4.598757545690810300e-01 3.701945421376829914e-01 2.074382057902347531e-01 4.423985342913503427e-01
2.927000000000000000e+03 2.248262867525848974e-01 2.917670554130728511e-01 4.617698190798965041e-01 5.457833328771717341e-01 6.087137498869166219e-01 6.533989583608011964e-01 7.297478962931306379e-01 7.155871366559026781e-01 7.430003103992026681e-01 7.685175766160612376e-01 3.913943139730343135e-01 3.704672198402549355e-01 2.679177416892419838e-01 2.002230064332032322e-01 4.145790850092976876e-01 4.656178029827778841e-01 3.913794799864012131e-01 4.657632839167181737e-01 2.214480232268053739e-01 2.082349054535536925e-01
3.017000000000000000e+03 1.950357797274303029e-01 2.200731580296450551e-01 3.767935865901577697e-01 4.504797624082709784e-01 6.278272157695141686e-01 6.984819049035025929e-01 7.654500242953461431e-01 7.857704244186645148e-01 8.247612594326990676e-01 8.115627276028797299e-01 3.444544018749342018e-01 3.573438825180973999e-01 2.398294527248539809e-01 2.838080976082859586e-01 4.267403486116030376e-01 2.206742759137480803e-01 1.909842549373519660e-01 7.060829101868312252e-01 3.022765444345051900e-01 2.868429148992107103e-01
3.198000000000000000e+03 2.108266859568988238e-01 1.808949447239633357e-01 3.991244008423016632e-01 4.776681294369184982e-01 5.833265994017587941e-01 7.213100505462566314e-01 7.640930738742582884e-01 7.695294762149188506e-01 8.263518552363413594e-01 8.176410601679099388e-01 3.906360357718844933e-01 5.394907825015274883e-01 3.987476044391547458e-01 2.103632694784651480e-01 4.122158967461878598e-01 2.568037599303247820e-01 4.305473009840328769e-01 4.592748634473404756e-01 1.864971539654577404e-01 1.322316567760396799e-01
3.225000000000000000e+03 1.954927917246022662e-01 2.616285186147508934e-01 4.276810739678669759e-01 5.246301289612627095e-01 6.484634766157831853e-01 6.633296863299815715e-01 7.258303872594270567e-01 7.580546887107340037e-01 7.963379591794780277e-01 7.604997160792141830e-01 7.149506613324056736e-02 1.308361497144823193e-01 9.283656576516191583e-02 5.138885634336688435e-01 5.461648760804413971e-01 4.244555377215558645e-01 2.150817407181558616e-01 5.060946532613895821e-01 3.443431719081499476e-01 5.053266167567014300e-01
3.239000000000000000e+03 1.942409294927480989e-01 2.100811229392949009e-01 3.940166603596650940e-01 4.663805092881584957e-01 6.133895984266559687e-01 7.402676855555286872e-01 7.852006721019996194e-01 7.752136086464418430e-01 7.914347648731052676e-01 8.028914895257101003e-01 4.615156937056339448e-01 4.879102725938722629e-01 3.308532113343414793e-01 1.499738821802731603e-01 3.883553689404097842e-01 2.946999400763676835e-01 4.351217409265958902e-01 4.148282583057830708e-01 2.637348654435183182e-01 1.578911241750240169e-01
3.240000000000000000e+03 1.724294010999357363e-01 2.232736973206817244e-01 3.849867984276689192e-01 5.260449876147218484e-01 6.047993449203822314e-01 7.308858891712741723e-01 7.375479847732514527e-01 7.483342782596847931e-01 8.049337659154266467e-01 8.295017696583540934e-01 4.786687363515868543e-01 3.251191779176191288e-01 1.458695719047439499e-01 4.006302309960518282e-01 2.995948595568224682e-01 4.365233463368593525e-01 4.302400226059016064e-01 3.402237245397730647e-01 1.299720011793027152e-01 4.273624038917862022e-01
3.278000000000000000e+03 2.416120994141250367e-01 2.842845571168358676e-01 4.501565732274097065e-01 5.260161982524330648e-01 5.704890777392013224e-01 6.219120904100801095e-01 6.999907094459234536e-01 7.670550758764755894e-01 8.204674225382555530e-01 7.398225879968726160e-01 2.042242393029476133e-01 4.349957653936515345e-01 3.816055516221876220e-01 3.868741994555239261e-01 3.949594706097147578e-01 3.170278639960429357e-01 2.570166048489318511e-01 3.715958912286305704e-01 2.643778620479239061e-01 3.719172474590560218e-01
3.281000000000000000e+03 2.678238731410128581e-01 2.924529949141595475e-01 4.040423111060614247e-01 5.044571578613273877e-01 6.181776861884153984e-01 7.725158638126666810e-01 7.067081724849285651e-01 7.496550245339537177e-01 7.103516686922645151e-01 7.379368541717844510e-01 3.672297257623460820e-01 3.942197272382638173e-01 3.273521314913083180e-01 2.737552635876339124e-01 3.978560381395400136e-01 3.592335091796284297e-01 4.146840692844214749e-01 3.728446721535253472e-01 2.546007294670603049e-01 2.295714662499493963e-01
3.594000000000000000e+03 1.484954511095674112e-01 2.430931189720963170e-01 3.644242445479853876e-01 5.692557904117609979e-01 6.824425959797584262e-01 6.859851945586898925e-01 7.793272376264199774e-01 7.339318730287825998e-01 7.758913188928470150e-01 8.088106484646888639e-01 3.916364067491046042e-01 2.860714909908127490e-01 2.324247590241421413e-01 4.885640448172330896e-01 2.833095020753415016e-01 3.604714934615522171e-01 5.028733638140761020e-01 3.224783643138554590e-01 1.610620120442001479e-01 3.867213202628985158e-01
3.596000000000000000e+03 1.738455243069353950e-01 3.172475636446500102e-01 5.107800348006605873e-01 4.910528725061691913e-01 6.117583678150559923e-01 6.538119386565971469e-01 7.079830416495900280e-01 7.910759263289334209e-01 7.789888193229027591e-01 7.238376822997890647e-01 2.156161416084343418e-01 4.493315995855176048e-01 2.735353269312446045e-01 3.637389104753341318e-01 4.934131816246538071e-01 3.228626053755532244e-01 2.073563643443720739e-01 3.951793807561156946e-01 2.179877853937149945e-01 4.513025859800756101e-01
3.745000000000000000e+03 1.858304141445277502e-01 2.554554910490025033e-01 3.807399185890434912e-01 4.689267974449034537e-01 6.376289696753568714e-01 6.908044903379767510e-01 7.985633766933302180e-01 7.859090640371559910e-01 7.723925870288967932e-01 7.962378577100345245e-01 4.088206653052270378e-01 3.414052297233696742e-01 3.179926719059759099e-01 3.182082915364339293e-01 3.987433464730535948e-01 4.978782344023058859e-01 3.730170748509463730e-01 3.720162037560278967e-01 2.303805307971979743e-01 1.495244460261559438e-01
4.184000000000000000e+03 1.801786513214133911e-01 2.673675233876261492e-01 4.194808524205770328e-01 4.794328076722008669e-01 6.301780797245446486e-01 7.336424604031854813e-01 7.305744976103492050e-01 7.688298555221700914e-01 8.182190631470651621e-01 7.488397285046728413e-01 1.546203406714505568e-01 4.522405975667709854e-01 4.042844635575295609e-01 3.565472878927090084e-01 3.668507264200965290e-01 2.538554989627937464e-01 2.378455657696557923e-01 5.421419604886346111e-01 2.734324317520600567e-01 3.369683147757490116e-01
4.355000000000000000e+03 1.598748448624723317e-01 2.498864385184941250e-01 4.247067943221773945e-01 5.488129079924636278e-01 5.887948289420619208e-01 7.510022310087850483e-01 7.666307606171872679e-01 8.005006789317149485e-01 7.452371271196999158e-01 7.630998426759376674e-01 3.706569652690115957e-01 4.090515263880549757e-01 2.542390619748963188e-01 2.869168647167278374e-01 5.245895423693782700e-01 2.777158996726547535e-01 3.543268378044676647e-01 4.098617874711596998e-01 2.718580353336572109e-01 2.265588169968766885e-01
4.382000000000000000e+03 1.808346856894839372e-01 2.518538006379170135e-01 4.282976708860547488e-01 4.926656452943415920e-01 6.246879990463689580e-01 7.384914563088810224e-01 7.954004134711996077e-01 8.073136749163802861e-01 7.291811323538555101e-01 7.514508054484883015e-01 1.981592648900326881e-01 3.790458012289020240e-01 4.117236286401340650e-01 3.227027380162240111e-01 3.937858712087805579e-01 2.015682252814449127e-01 1.393387456428001603e-01 6.467673124793006378e-01 3.630332698328099794e-01 2.917900186790493011e-01
4.521000000000000000e+03 1.621689780583867591e-01 2.071220800997890243e-01 4.154671328471937763e-01 4.808856842305475054e-01 6.394190015447126507e-01 7.581584051792076284e-01 7.784826212976296844e-01 7.974603217968041502e-01 7.915661552737721651e-01 7.706792698817584997e-01 1.584296178531361399e-01 4.663593294759926233e-01 4.228841422068226885e-01 2.849154970316212232e-01 3.629488488270868896e-01 1.804543927151121829e-01 1.430341829393643460e-01 6.809940155321155819e-01 3.519351895019601772e-01 2.966315542851525322e-01
4.524000000000000000e+03 2.008921973403734185e-01 3.019391725102483215e-01 4.631451728892634900e-01 5.250400310610713328e-01 5.965425125490401159e-01 6.727409232212021584e-01 6.983243113433678095e-01 7.617608737036647426e-01 8.026943386934169977e-01 7.289944987334675552e-01 2.686161935045857097e-01 3.598123295499728314e-01 1.851347223846303847e-01 1.513781333564559184e-01 7.240589342703568354e-01 4.749645531557122324e-01 3.284960131746588741e-01 3.839735558049087727e-01 2.229319515072175628e-01 2.965972185901067371e-01
4.893000000000000000e+03 2.766445711941064589e-01 2.999700382941398180e-01 4.044190117827774489e-01 5.054883251073324368e-01 5.930586201345116049e-01 7.323487806550782464e-01 6.593345879096560447e-01 7.695647917652281844e-01 7.447920468812276873e-01 7.488922360520012811e-01 2.450932352560690197e-01 3.547969124989237000e-01 3.315801664951312233e-01 4.394402728600051988e-01 4.649134885727970179e-01 2.803186581362724361e-01 4.005630428469142967e-01 3.660301589077433748e-01 2.205143171037076688e-01 3.043384904153508819e-01
4.912000000000000000e+03 2.341203969504477289e-01 2.370412852148902905e-01 3.818915581786405666e-01 4.534598768769425026e-01 5.591644393943213664e-01 7.452448146057957246e-01 7.625617432916944605e-01 7.574885159781014066e-01 7.889253938145216472e-01 8.198111564938810325e-01 3.273472325907640923e-01 3.487460580596035697e-01 4.077721388905398703e-01 3.203013223441079638e-01 4.855822611737825034e-01 3.057094898543141759e-01 2.941549746340502147e-01 2.995071478038090484e-01 3.273705268887524000e-01 2.564311545093907463e-01
5.021000000000000000e+03 1.751620617448819972e-01 2.360340900823583166e-01 4.215443467268473743e-01 5.224038633018738276e-01 6.067353564588038317e-01 7.456286208074645039e-01 7.106241128835808496e-01 7.609716102990372599e-01 7.949916088021696803e-01 7.951672837546273076e-01 3.486072420012282236e-01 3.559272612365571575e-01 4.281654112746145491e-01 4.019668844334184921e-01 3.029598726952512644e-01 2.870740613569948696e-01 3.288980784886767483e-01 4.987729518895391290e-01 1.591487912067842403e-01 3.060529932873047865e-01
5.068000000000000000e+03 2.750278598002387498e-01 1.871540905321348036e-01 3.678532094904076177e-01 4.750923363583245407e-01 5.430771540846506262e-01 7.015944762277871449e-01 7.265275082066252610e-01 7.777120335304350540e-01 8.239382203078280398e-01 8.318865461166289332e-01 3.308217679195692429e-01 4.251331293551748880e-01 2.847528872468771954e-01 2.463227237225397714e-01 4.110762447087398797e-01 2.804203687998989003e-01 3.841288189599775249e-01 3.367032242031037792e-01 3.945748795275106913e-01 2.495845135407392668e-01
5.163000000000000000e+03 1.822154283881100567e-01 2.351731577886890523e-01 4.089646410346338690e-01 5.356433558657894833e-01 6.251558359943244492e-01 7.189285822919208035e-01 7.781253606542858359e-01 7.082740230154932481e-01 8.021857798823511798e-01 7.826898869586812468e-01 3.863534550812455226e-01 3.786547429019896938e-01 3.640287536680264502e-01 2.605444298888744958e-01 4.046251380735593206e-01 3.377044193339163169e-01 3.329603078109750203e-01 3.667477336628590656e-01 2.933560538862322042e-01 2.512550639660872109e-01
5.415000000000000000e+03 1.622142887717266946e-01 2.200634642176109435e-01 4.000206268463381010e-01 4.941290064047743069e-01 6.437429545083745985e-01 8.013514590832258033e-01 6.908437163370108047e-01 7.581317891757456406e-01 8.073044334371645148e-01 8.057882159926645915e-01 3.295654539589407128e-01 4.967916072336194255e-01 2.014523372996242789e-01 3.433394406526893428e-01 4.522651537591266258e-01 4.383306928593900254e-01 4.851231337220840434e-01 3.529869378688929027e-01 1.456038441882594736e-01 1.890796371233891549e-01
5.420000000000000000e+03 2.620052696604334153e-01 1.951352708467946340e-01 3.862767038727575875e-01 4.768644917228963553e-01 5.605767135592056860e-01 7.055719054688365244e-01 7.693368228165543554e-01 7.557665957916481769e-01 8.151947590149932754e-01 8.044039246981063984e-01 3.986083138839363604e-01 4.511119560506405834e-01 3.464692484252145932e-01 1.896129456525911805e-01 1.964741541010702475e-01 3.002571782361670438e-01 4.132593955446067224e-01 4.335637748868228503e-01 4.175262990018165921e-01 1.849468005406156301e-01
5.444000000000000000e+03 1.961038383304647137e-01 1.929659242115957796e-01 3.733340246496078541e-01 4.705789849446461171e-01 5.699282511058464396e-01 7.499854677074340170e-01 7.593639117960621077e-01 7.623664135329164537e-01 8.391855641050288694e-01 8.367575962054015770e-01 3.263643211124120369e-01 3.634426968741484854e-01 3.339732960577900811e-01 1.927920441955476016e-01 2.174556050323014911e-01 3.791359795280555001e-01 3.570087726852455567e-01 4.429219148070422385e-01 5.027688621324434282e-01 1.898781464941080854e-01
5.611000000000000000e+03 2.390095116097360750e-01 2.405690044635266922e-01 4.404386648428006423e-01 5.097334686464334297e-01 5.341833729974838629e-01 7.055712535882578962e-01 7.610430794626322770e-01 7.666888207501156849e-01 7.757954297295114321e-01 7.703603880303996343e-01 4.377479217968607839e-01 4.335820523766217849e-01 3.232542377197217820e-01 2.308745932843477011e-01 3.793373016866277148e-01 3.369504722449481182e-01 3.192140107619175771e-01 4.063555294620791458e-01 3.801970671483498321e-01 1.079867254032471219e-01
5.612000000000000000e+03 2.029484908167072110e-01 2.734558501293859467e-01 4.300014467618017422e-01 4.616252520814854154e-01 5.800945983143388496e-01 7.141245532677467089e-01 7.361220419123434278e-01 7.373737168492815464e-01 7.734330870647062595e-01 8.272127302996906684e-01 4.700354805717866236e-01 3.510083670510785736e-01 2.481381662670316401e-01 4.324194350069809345e-01 3.784931455669574563e-01 3.538811525137842695e-01 4.657213646997144241e-01 5.419739930961517960e-01 9.823617819872401680e-02 1.112905744836452521e-01
5.659000000000000000e+03 2.140453574452800822e-01 2.154446601859528743e-01 4.137756120662061665e-01 4.815402690434908428e-01 6.017099686101479161e-01 7.175826429342794244e-01 7.645504347741070017e-01 7.684229273381012471e-01 8.024086326950271575e-01 7.816268427069086311e-01 4.286819865634755589e-01 3.852727130101175623e-01 4.926521840748720460e-01 2.665756071270746763e-01 3.931576091970586107e-01 3.656436354603452288e-01 3.589987265861301347e-01 4.235531952596284788e-01 1.556905061084598307e-01 1.589202900821218567e-01
6.214000000000000000e+03 1.529682880836214232e-01 2.162253077622622310e-01 3.463927947567400079e-01 5.043432519004753534e-01 6.396044337092033905e-01 7.839179616007189155e-01 7.634300763882002627e-01 7.554718551099327550e-01 8.046042989689932146e-01 8.251542880801837621e-01 3.146207004239600646e-01 3.776572349037732312e-01 3.616692068591080278e-01 3.787276907029986650e-01 4.254095166663763306e-01 3.426513928686346633e-01 3.319496717189119872e-01 3.759622760110808426e-01 2.398169366669931635e-01 2.524270418916528258e-01
6.233000000000000000e+03 1.503804818259036336e-01 2.281105040670430018e-01 3.904960173181825644e-01 5.126899262370480104e-01 6.534388289983096287e-01 7.198187065384614725e-01 7.535714203888939089e-01 7.454418477826413314e-01 7.911896505143991565e-01 8.320459166427007780e-01 3.578105867596491629e-01 3.482901410183140145e-01 2.959639658122061867e-01 3.439259024220793770e-01 4.162675419260563614e-01 3.646549273152024373e-01 4.011932426099588667e-01 3.621821506397118196e-01 2.700433734948127218e-01 2.296589444364471044e-01
6.357000000000000000e+03 1.567270427618280282e-01 2.975556332017366135e-01 3.926244821123373030e-01 4.969632472844460747e-01 6.389828027747517236e-01 7.618754434649231966e-01 7.420931049980639127e-01 7.622622762038212541e-01 7.441803606429255868e-01 7.944756001105420795e-01 3.940474585868550816e-01 4.536995028041825306e-01 3.788391333571474728e-01 2.131054329155487037e-01 3.733579126815544935e-01 3.002403284018613228e-01 3.418857346496286254e-01 3.883906905134374421e-01 3.021799293852264201e-01 2.261441593145992468e-01
6.597000000000000000e+03 1.998868273712374466e-01 2.957356733762216416e-01 4.167927164981733434e-01 5.300462303957893528e-01 6.074968832884786174e-01 7.022823904144396279e-01 6.822121709530382105e-01 7.161569781824907999e-01 7.801885850778222942e-01 8.076229247085654483e-01 4.230555668952653003e-01 3.606169024091698816e-01 3.802198428857643253e-01 2.990630406155044274e-01 1.929396940828569385e-01 3.347460121735383320e-01 4.058809345447446093e-01 4.453254572247059007e-01 2.768982263961163315e-01 2.574904363672194663e-01
6.890000000000000000e+03 1.992248660235648172e-01 2.341999901027413400e-01 4.182665007673167512e-01 5.136331858604378242e-01 5.992241804863319699e-01 7.338773757340533166e-01 7.435381612096891857e-01 7.302508172370896222e-01 8.007810793176673991e-01 7.892332290585496457e-01 4.257529083377218360e-01 4.011956050116637362e-01 2.922160429061130826e-01 1.973760179217383115e-01 2.870181159019117856e-01 3.746332582984104320e-01 3.827051686460703483e-01 5.788168022852487882e-01 2.484146160946305859e-01 1.944133863417676078e-01
6.902000000000000000e+03 1.936033398649203985e-01 2.634678315586282960e-01 4.417239054039717727e-01 5.205781667261353274e-01 6.212605092899962100e-01 7.523766668862382767e-01 7.442460954463159251e-01 7.110434153803271151e-01 7.704913874065800750e-01 7.601795371895632147e-01 4.620758716465017679e-01 4.355780918694961978e-01 2.865167296445701450e-01 1.510772720042496964e-01 3.070893909388145993e-01 3.750096991749236053e-01 3.844393019515734422e-01 5.087193157792958553e-01 2.642997901851674714e-01 2.012541087967686382e-01
6.929000000000000000e+03 1.916890342204103925e-01 2.975135759926678669e-01 5.488389855503700288e-01 5.277399871058949810e-01 6.112652158093684340e-01 6.733737450451473538e-01 7.249209184828266928e-01 6.808312434820525949e-01 7.468032904167688502e-01 7.519199339622524292e-01 1.777907278560189319e-01 3.859417880708168602e-01 3.827593258005312915e-01 3.274197850868298398e-01 3.405918206544428228e-01 3.633438269821859246e-01 1.855530752429200847e-01 5.758601098112058336e-01 2.956323332366027068e-01 3.336506340571741558e-01
7.963000000000000000e+03 1.896421703747407927e-01 2.133905743564471769e-01 4.033373492290696083e-01 5.388046145968484746e-01 5.644665125326792099e-01 6.900378286994163224e-01 6.735015793242468130e-01 7.584658518306425234e-01 8.295414886153615885e-01 8.606619736144921484e-01 3.688799218307035055e-01 4.014710068534177445e-01 5.510132656945311291e-01 3.416666169169047529e-01 3.599880824852939587e-01 0.000000000000000000e+00 4.190613332309786054e-01 5.108033340778019848e-01 2.302919818365146698e-01 2.174343041930686948e-01
8.205000000000000000e+03 2.084017943296288533e-01 2.729608303753235377e-01 3.711495993239690705e-01 4.684025668645223628e-01 5.867053143697252837e-01 7.406865548881359507e-01 7.369561511739938231e-01 7.341098601216770048e-01 8.123115858651498433e-01 8.124049017135300810e-01 3.020085924168594005e-01 3.153805038063079991e-01 4.383375501512463135e-01 3.310083651603064614e-01 4.740120374763876487e-01 3.910336825122606719e-01 3.314266453745173813e-01 3.022123632718338726e-01 2.479903149506904325e-01 2.665124615092454574e-01
8.471000000000000000e+03 2.518808613622711690e-01 2.681846662763395783e-01 4.093634268311893143e-01 5.043311262639863513e-01 5.817150775193273837e-01 7.069916719963814655e-01 6.815389612460167612e-01 7.550972656726395726e-01 7.760002010626932956e-01 7.909088184427849333e-01 2.177255330773572584e-01 6.255851161144831973e-01 4.634156775178867038e-01 3.336021825405067198e-01 3.692756152953501347e-01 3.335524730966916152e-01 2.991056419227431928e-01 3.444584242295258281e-01 2.173013844229310376e-01 2.092152441875776148e-01
8.590000000000000000e+03 2.537949876031856400e-01 2.607245368860987567e-01 4.360973391495869267e-01 5.388439975590414432e-01 5.093987808666048389e-01 7.100249243740730520e-01 7.475041094209026182e-01 7.338813077582724276e-01 7.676314617013640929e-01 7.740275906109663762e-01 2.485303294221767878e-01 2.692782414612494568e-01 3.353022093340572996e-01 3.246376253888272889e-01 3.416235424631609008e-01 2.139975565943242897e-01 1.924887177598907928e-01 6.294720898392012209e-01 4.764435086009550235e-01 2.780349332435709253e-01
8.591000000000000000e+03 2.228439554623260210e-01 2.731817067910486951e-01 4.598029869438682860e-01 4.436551196593276347e-01 5.893724590847935207e-01 7.051105132026458389e-01 7.037989071412925624e-01 7.322477148458688134e-01 7.814552003068415686e-01 8.131143707708692325e-01 2.663626500786419049e-01 3.322132315277428471e-01 3.183610226404883226e-01 3.553328730379442524e-01 2.193923439034036194e-01 1.946947411684844531e-01 6.582518894806007603e-01 6.196972267510185706e-01 2.307716224232977120e-01 2.020609845563708096e-01
8.620000000000000000e+03 1.568840936818955978e-01 2.079024350464714344e-01 3.948645117281568417e-01 4.957645969413602138e-01 6.702987207083247467e-01 7.541469666690320262e-01 7.495479742731281370e-01 7.625282943626235932e-01 7.866182518038894456e-01 8.129523401927490900e-01 2.417145263470478755e-01 2.297233446045199023e-01 2.839073648502424274e-01 2.487793340126708552e-01 2.779659980373803685e-01 5.634459010762749021e-01 4.741820804807829193e-01 3.926213191000251235e-01 4.098216025523621631e-01 2.194320761768145389e-01
8.636000000000000000e+03 2.200538228004350061e-01 2.419734276836847109e-01 3.739422325121033452e-01 4.656284942474921973e-01 6.040578090706201220e-01 7.427210369045377236e-01 6.966867080576667481e-01 7.575768649110450337e-01 8.106193897476040577e-01 8.244393790359401120e-01 3.009716383710490661e-01 3.514686992447472735e-01 4.261202311410024479e-01 3.312268243657746081e-01 4.549762336289610576e-01 3.411814864559811200e-01 3.314611743681815659e-01 4.197336883740013236e-01 2.177286746071325496e-01 2.334308760134629346e-01
8.701000000000000000e+03 1.807555688602226207e-01 2.367896501005964105e-01 4.123189365206675894e-01 5.096358436877399534e-01 5.855182117498911598e-01 7.087046587590281055e-01 7.736886468662140803e-01 7.591585498682723587e-01 7.889651687033573113e-01 8.073442170531666129e-01 3.761976551922047163e-01 3.462417390174282739e-01 3.411341075838466574e-01 2.194003376777553804e-01 3.922962208435282205e-01 2.740745587772178138e-01 3.894260288867767428e-01 5.239147279097430276e-01 2.906871092631687636e-01 2.194796928089562671e-01
8.702000000000000000e+03 1.967980887047675043e-01 2.432429366811778293e-01 4.260620413833428044e-01 5.039319094608943894e-01 5.782866216947143423e-01 7.224439288666634207e-01 7.228009173716379854e-01 7.485383495615073324e-01 8.127463983071492315e-01 7.949314571783026029e-01 3.533396350656172746e-01 3.486973420409055224e-01 2.219747584836520293e-01 4.209637292755063487e-01 2.898391036213433525e-01 4.063890782193146922e-01 5.652261272055139063e-01 3.900714210343920740e-01 1.879420394700793417e-01 2.322027899537557616e-01
8.707000000000000000e+03 2.273540246422702249e-01 2.347449557687308341e-01 3.935582993795378459e-01 5.016860361508512778e-01 5.638514418365901948e-01 7.342628071826612368e-01 7.169253045193557661e-01 7.457719199791553732e-01 8.052512516134873177e-01 8.129500971126406572e-01 3.939041322716206883e-01 5.601821124045509581e-01 4.080636847068606077e-01 2.608234313764005163e-01 2.571438550063421258e-01 2.044805514844069139e-01 3.018958601593570434e-01 3.609830112602568364e-01 3.221569879086700894e-01 2.904931519023428166e-01
8.766000000000000000e+03 1.749248096402965247e-01 2.052503788524585870e-01 4.107254840096877246e-01 5.055089952662259467e-01 6.285453867553676410e-01 7.903674382020613454e-01 7.202233332078485928e-01 7.448853373649352294e-01 8.216197058507205275e-01 7.835081504388093920e-01 2.444632228758441828e-01 5.169801748788079854e-01 3.237186242312438123e-01 4.666503896509198168e-01 3.694486719610415304e-01 2.808950308792945716e-01 3.296731100492740762e-01 4.205408368609785397e-01 1.477681302752555381e-01 3.262563047620590240e-01
9.115000000000000000e+03 1.912408434419759218e-01 2.414265525400426937e-01 4.071882117143059698e-01 5.215111037573186836e-01 5.555854463747260663e-01 6.870526863641805981e-01 7.605032165887019024e-01 7.587160001478160387e-01 8.208389910401755474e-01 8.024378632542346068e-01 2.967429760876666434e-01 3.488397446837382954e-01 3.767325069131835513e-01 3.325788376987932615e-01 3.558097883202089307e-01 4.975543230587229360e-01 2.909423837800285684e-01 4.925528778848430878e-01 1.997321513132788440e-01 2.197892761464119160e-01
9.423000000000000000e+03 2.083063807126487310e-01 2.490946835992153552e-01 4.379444436956794195e-01 5.235685378061375461e-01 5.864550626640762099e-01 6.934031418386154000e-01 7.086365088023391934e-01 7.295477880184197961e-01 8.000150107678615230e-01 8.012957642719620299e-01 2.999461297226700962e-01 3.538475128842052397e-01 3.799723700391554049e-01 3.579258802121316196e-01 3.098365810965950096e-01 3.113766225719720171e-01 3.340737523333792702e-01 3.728992570125316264e-01 3.064688634841256643e-01 3.423425204976057734e-01
9.430000000000000000e+03 2.150677648831473832e-01 2.866051134718060611e-01 4.643581781467537306e-01 5.038545397526813518e-01 5.461443259525220473e-01 6.559607021381559377e-01 7.225031816182009292e-01 7.588552261041747737e-01 7.877404667250250681e-01 7.840283367854364860e-01 3.123535888724041643e-01 3.375453223579141238e-01 3.158808127806388977e-01 3.017968401689595237e-01 2.872796764114958212e-01 2.437421372245376361e-01 3.439261752902325608e-01 3.890045117864596724e-01 5.198680729886242524e-01 2.506810856732654691e-01
9.687000000000000000e+03 1.975021967392065203e-01 2.358575893266724732e-01 4.237897657367858950e-01 5.228424373544054982e-01 5.742567375341117719e-01 6.614445968619985239e-01 6.667431777500643086e-01 7.717696567616559866e-01 8.379930785362446066e-01 8.267162789387806354e-01 2.832746095112060325e-01 3.526448157343272105e-01 3.232422891168096890e-01 3.392093966816254746e-01 3.156273537346359070e-01 2.604089148949071397e-01 3.313843485950390133e-01 5.209855682691394430e-01 3.391428518996962294e-01 2.906136333915586567e-01
9.920000000000000000e+03 2.407745510585236337e-01 3.120055149471346878e-01 4.920856287439456800e-01 5.446186810082744856e-01 5.027542492318940459e-01 6.049552613727077199e-01 7.320318173311668453e-01 7.460378625519279439e-01 7.580094990585873882e-01 7.727302561247975099e-01 4.929886985917953379e-01 4.843027126143920613e-01 1.088975089088440179e-01 2.104520438530403936e-01 3.508457913426444308e-01 1.967230994014731171e-01 4.074636970591126728e-01 5.429633681617742624e-01 4.040050244146516922e-01 1.354984786180817857e-01
1.020000000000000000e+04 3.937137420773808016e-01 2.058157225200277773e-01 3.787994689789470626e-01 4.557454718604224686e-01 5.539885118009373333e-01 6.820956739193976270e-01 7.018839684327456974e-01 7.347081386778656631e-01 7.762821783750964988e-01 7.921864386965905558e-01 3.208344781047137717e-01 4.037212149270274497e-01 4.969119531550382218e-01 3.543288966894039271e-01 2.231255224538562787e-01 2.646941304243440318e-01 3.235350901657105815e-01 3.181859208601132138e-01 3.670962951736814195e-01 2.828004577609462000e-01
1.020100000000000000e+04 1.920178272419350296e-01 2.367933858449823015e-01 4.051081173431307358e-01 5.055065122878951156e-01 5.862140045167444358e-01 6.814927183356515039e-01 7.280089270569604087e-01 7.627934474395834386e-01 8.201212586200252730e-01 8.210629597533000146e-01 4.115656057802796752e-01 5.073959778114826014e-01 3.581098918588322411e-01 2.391809077690152663e-01 2.796320674340507240e-01 3.372728632174358254e-01 3.429199778328487769e-01 4.920861963167989517e-01 2.419124425863759531e-01 1.810909103782542273e-01
1.021700000000000000e+04 1.842844858446614775e-01 2.438534839823915668e-01 4.153789446148865028e-01 5.134610894031526040e-01 5.857556185479538824e-01 7.104592871934789500e-01 7.132007366243593438e-01 7.684662956585760485e-01 8.049382840285110863e-01 8.099592581682855119e-01 2.763322241616921748e-01 3.877149878487419765e-01 4.002054977293746929e-01 3.783355011806204815e-01 1.188534390701238841e-01 3.054253181197481570e-01 3.699411458975397915e-01 3.829084247107201189e-01 4.381618309597096195e-01 2.721742695516072841e-01
1.021800000000000000e+04 2.041380015956238969e-01 2.479205199458559550e-01 4.313365976056533491e-01 5.062869239544314226e-01 5.823104297239760641e-01 6.610382227803855981e-01 7.357214123273854156e-01 7.691998829102586477e-01 8.175453271103653163e-01 7.848373722258958907e-01 3.656413423320841183e-01 3.780385127642840737e-01 3.537289055558452411e-01 1.178593974000591016e-01 2.984674379514037357e-01 3.567506576140917485e-01 3.817490029858080502e-01 5.433405475241002147e-01 2.153733524829338775e-01 3.670427461304466288e-01
1.045500000000000000e+04 1.974001154994514673e-01 2.533904578663945806e-01 4.400978507750757385e-01 5.308129921491581138e-01 5.967932047402170204e-01 6.810378616034410415e-01 6.595488187827853732e-01 7.511130531586347470e-01 8.147302230643096443e-01 8.062280969044144374e-01 3.938086980904311196e-01 4.012519381869971702e-01 3.532914269663338103e-01 2.546578701205136075e-01 3.093039575090500981e-01 3.038068220809478914e-01 4.136854283433372137e-01 4.522244478749206098e-01 2.774429738595365347e-01 2.198499568066354937e-01
1.047800000000000000e+04 2.372685307981608482e-01 1.883240585177652360e-01 3.825354011206681948e-01 4.595163711485344971e-01 5.827599162328053195e-01 7.302165944242460238e-01 7.477031614356389744e-01 7.853545033860221958e-01 8.154995411264728267e-01 8.135295315703839902e-01 2.336546180594032407e-01 4.607247772344424952e-01 4.694858929958204419e-01 3.371551613558065874e-01 3.946187598985343437e-01 3.252692861054587437e-01 3.140064624622498357e-01 3.760851921883461291e-01 2.387052120322707138e-01 2.524948449527610883e-01
1.048500000000000000e+04 2.434733025315570232e-01 2.879203946498387623e-01 4.643530136934588270e-01 5.321345665214469722e-01 5.694568787567995116e-01 6.907398222260670018e-01 7.069911698115372012e-01 6.907930323096618253e-01 7.605517500364300520e-01 7.806961994198117205e-01 4.262912264555233088e-01 3.558106701830476282e-01 3.153099492654746761e-01 2.823368391811282296e-01 3.599112445244226355e-01 3.541204359863183715e-01 3.347512655582269292e-01 5.353289447446335503e-01 2.374056737168596942e-01 1.919001403795096983e-01
1.085100000000000000e+04 1.883619026190825607e-01 2.489468478330329193e-01 4.272383263476313697e-01 5.006667454097282199e-01 6.001840563637793613e-01 7.133299153245789004e-01 7.016680528616776602e-01 7.451881712250858492e-01 8.091288136667607045e-01 8.109424320808480413e-01 3.211425949841343885e-01 3.405019622361426523e-01 5.736322237130152546e-01 4.026764652456699678e-01 2.790907228890598946e-01 2.450922437885813265e-01 3.183943415336913940e-01 3.649326815883521813e-01 2.778124740078420363e-01 2.658043699935868087e-01
1.088500000000000000e+04 1.803829442643700154e-01 2.179535559311409909e-01 4.044325957536049065e-01 4.953358078261508868e-01 6.130065218430049701e-01 7.499019933339395871e-01 7.693018590488851505e-01 7.574204344040171843e-01 8.073030471591147172e-01 7.854993746491248929e-01 3.577358165224783226e-01 4.059944947245857083e-01 3.935497577556706372e-01 2.777262939422334709e-01 4.945118812118523555e-01 2.766960177671615728e-01 2.964412878162149823e-01 3.660113933340217729e-01 2.708948001625179902e-01 2.474913445590250227e-01
1.088700000000000000e+04 1.958360787694734262e-01 2.441201906076418959e-01 4.429330007150757420e-01 5.328087968940213859e-01 5.867436169889953534e-01 6.663998605316604484e-01 7.348017579171203240e-01 7.465394981014897846e-01 7.869405989838526017e-01 8.059304432753136016e-01 3.726492618044308092e-01 2.607172539555659418e-01 4.873447060762897132e-01 2.850249171293260941e-01 2.969448283863780347e-01 3.740463936432726899e-01 3.559875956474140568e-01 2.581412599387939433e-01 4.011956547775071824e-01 2.542080480587779467e-01
1.106000000000000000e+04 1.630857073802395030e-01 2.205911687290427747e-01 4.036823397795111790e-01 4.991236281424995536e-01 5.915564407954115866e-01 7.183159552008531179e-01 8.118210699644901052e-01 7.625158446881313834e-01 8.027859519397982924e-01 8.048607662624829295e-01 3.367761398056697830e-01 3.557687778556949953e-01 3.103475214541442928e-01 3.141044751550567393e-01 3.586558992101322452e-01 4.215855756799536391e-01 4.558407485699526585e-01 4.861445383832153078e-01 2.065636547744151841e-01 1.656497017830517171e-01
1.129300000000000000e+04 1.725602398152713268e-01 2.390982461313903573e-01 4.020695623897656001e-01 4.845916927807763508e-01 5.743421000606386828e-01 6.945240685151844451e-01 7.954801399249492588e-01 8.021334570302310896e-01 7.882162124212895860e-01 8.106495569364664533e-01 3.695462822562885497e-01 3.635245002099715128e-01 3.586247944428561096e-01 2.581154152915201005e-01 3.404170266530340272e-01 3.848195341557954507e-01 2.960712070705640575e-01 4.257594362326377890e-01 3.598241640984581879e-01 1.997754886482778769e-01
1.132200000000000000e+04 1.902540928610069459e-01 2.085252216635025413e-01 4.215326506448566768e-01 4.971601980073609983e-01 5.948165788854888891e-01 6.777729860029352293e-01 7.590066509980296638e-01 7.853652251168748988e-01 8.218987430450509502e-01 7.980271200067742265e-01 2.806883737677154378e-01 3.183467471975048313e-01 2.976300608086929755e-01 3.469079050037395806e-01 2.206570967355548640e-01 4.721978594989389988e-01 4.111832253807536919e-01 4.381529914646393187e-01 2.326544780620116437e-01 3.681563899581494770e-01
1.132300000000000000e+04 1.718741961413566832e-01 2.501558308066742509e-01 4.131354321860838952e-01 5.102348683165265353e-01 5.464817162131961892e-01 7.044618937891889976e-01 7.502525061959136599e-01 7.848369549687395086e-01 8.001703002267315235e-01 8.185419234073864070e-01 3.174279735441404293e-01 2.972568601256572185e-01 3.429329502106679972e-01 2.313553532672826818e-01 4.877990858770892557e-01 4.192574161594154747e-01 4.618674172249960241e-01 3.050421104229741331e-01 3.080315057593283612e-01 2.087727997702566451e-01
1.132900000000000000e+04 1.984049670768249229e-01 2.400597568870061482e-01 3.875990756848152752e-01 4.970670241268450029e-01 5.670908286211335803e-01 6.735834659915245215e-01 7.800993295045294262e-01 7.848569197051206148e-01 8.080951018934529051e-01 8.092274836587542985e-01 4.327960596651933001e-01 3.022250334370836788e-01 4.006014641679735977e-01 2.298572462618275747e-01 3.286701725320482770e-01 3.697639568414444189e-01 3.403697590662881911e-01 3.869136827722397531e-01 3.687302381255655459e-01 1.933268227613969825e-01
1.134100000000000000e+04 1.978022450118660791e-01 2.830495633977488934e-01 4.333943945644694873e-01 5.103477555279950506e-01 5.930326958967238049e-01 7.036021316304327256e-01 7.663247211718910989e-01 7.217070271487742161e-01 7.696379166712101760e-01 7.800193147358627233e-01 3.357716936689182363e-01 3.728400051067788934e-01 4.339543989592490880e-01 2.580421684039411190e-01 3.619278294819385233e-01 4.197167343807409745e-01 3.051236049060493394e-01 3.951797256815087200e-01 3.025076844032228984e-01 1.942393516586840840e-01
1.147900000000000000e+04 2.017345134384197214e-01 2.271593946719156487e-01 4.311975268180454068e-01 5.253035507568950546e-01 6.095174422730957886e-01 7.532187870407914820e-01 7.483035263987380947e-01 7.175632059404117857e-01 7.882957906212724186e-01 7.722942667971932629e-01 4.001228115496002768e-01 4.516697440954690057e-01 1.915561243057214980e-01 3.163599049224990467e-01 4.274204877054694207e-01 3.891056139161834793e-01 3.588899320261812464e-01 4.522224309058635594e-01 1.425247925550762740e-01 2.894415450946766222e-01
1.156800000000000000e+04 2.416818662041343158e-01 2.541325696008217006e-01 4.322071970900960292e-01 4.943971025545225717e-01 5.641281928548206315e-01 6.615482838448105696e-01 7.580824382837501041e-01 7.579107420412330987e-01 7.750959630339295803e-01 7.903952747260968303e-01 4.382461781781085142e-01 3.752345960646451539e-01 3.712991311530704497e-01 2.228189204326210260e-01 3.306999405556365068e-01 4.261533972318383712e-01 3.595279048912622955e-01 2.938196120425935476e-01 3.181987531597260666e-01 2.323543576299668956e-01
1.190900000000000000e+04 2.145922698579802446e-01 2.230262263905583575e-01 4.128339164721221977e-01 5.197478766497883873e-01 5.815789470235842584e-01 7.025377996837016692e-01 7.458515744373875878e-01 7.563101435821313334e-01 7.693418257416175798e-01 8.200707772507365156e-01 3.318981554197347195e-01 4.758355861304925938e-01 4.556678080223589000e-01 2.975340374901031537e-01 2.450911559350533730e-01 4.408735284271266819e-01 3.476447261336891859e-01 3.610847993132189071e-01 2.013869743254287914e-01 2.513811388524608836e-01
1.197500000000000000e+04 2.012673330327746923e-01 2.470911537922496903e-01 4.183207913706476488e-01 5.162833430645954458e-01 6.052985845443653590e-01 7.504649714958298024e-01 6.822625322542970050e-01 7.496630844683426220e-01 8.011176755813745887e-01 7.852235632771140672e-01 4.029434839000836099e-01 4.124676603544717990e-01 3.194472773684010058e-01 2.781674718188422157e-01 7.024927999014766167e-01 3.585685580794934491e-01 3.066779946846440175e-01 2.413292310202576618e-01 1.865375017525025270e-01 2.146150237679209094e-01
1.249200000000000000e+04 2.303616088396192585e-01 2.228148911315470659e-01 3.866872047899304055e-01 4.680385505950502290e-01 5.730124976296047112e-01 6.824630897066904511e-01 8.012718893547071675e-01 7.745708342325300366e-01 7.959488383935738876e-01 8.074241369562068504e-01 5.365540714978856984e-01 4.387929572636623532e-01 2.405447854362145754e-01 2.504632562056078315e-01 3.203653184421430544e-01 3.066985422019378182e-01 3.418731609467355326e-01 4.758507470598700717e-01 3.187011539353737932e-01 1.369445943825379208e-01
1.249300000000000000e+04 1.903084887922051882e-01 2.251733714571239886e-01 3.957927211263947975e-01 4.999399379328355875e-01 5.614072223992409016e-01 7.601133676299632880e-01 7.483887927578716237e-01 7.637564945129269312e-01 8.189275844331396215e-01 7.988626688607148862e-01 4.686937898805341174e-01 2.573606648891175741e-01 2.652345905733566878e-01 3.598288486849902101e-01 3.394639019201748931e-01 3.734288782217735081e-01 5.373491274910500159e-01 4.476364339604618214e-01 1.227458257658452512e-01 2.580896612265791701e-01
1.254900000000000000e+04 1.919527103776806909e-01 2.336164931574059578e-01 4.185278179460374393e-01 4.879540916384222382e-01 5.809338916224127125e-01 7.008679495550529381e-01 7.603010166782200319e-01 7.888168503765370376e-01 8.019481141626132459e-01 7.923384947736533679e-01 3.217654030312420699e-01 3.095361812786147637e-01 3.392278429426562325e-01 4.480222649523642464e-01 4.001986132333876789e-01 3.539513907927447911e-01 3.333513304675199684e-01 4.583587655478384426e-01 1.877924758986092291e-01 2.644861760146415830e-01
