1.130000000000000000e+02 1.436827005724413131e-01 2.208853444872304339e-01 5.369813135344662092e-01 6.287535523762491918e-01 7.385411856270972519e-01 7.849568293656259410e-01 8.145984409023202533e-01 6.474346143160596423e-01 6.721804766543522103e-01 6.836302387231542044e-01 3.301536939210343302e-01 3.347472409577162966e-01 5.633600624641996735e-01 2.450674753434709530e-01 1.508134827407583700e-01 2.898724345658971746e-01 4.151718390543670534e-01 4.191173758559385010e-01 2.894161125881347663e-01 3.306915624250769681e-01
1.140000000000000000e+02 1.905468121352809074e-01 3.694833448412104260e-01 5.403228985431504094e-01 6.531165929624235256e-01 6.619698175731166812e-01 7.772752876500417241e-01 6.066463036042490931e-01 6.220496360375308287e-01 6.774479588625014204e-01 6.920622179524540396e-01 3.410461703177828374e-01 5.748974655626506447e-01 2.475336380039345752e-01 1.615680948496864555e-01 3.060305241191880743e-01 4.325421418680739372e-01 4.514210671350647464e-01 3.877250231026209693e-01 2.827091195613815611e-01 1.920388801128552481e-01
1.056000000000000000e+03 1.041952420543470065e-01 2.785668836705061380e-01 4.785382409885970967e-01 6.441716440152847056e-01 7.708938672338376819e-01 8.814830979409916667e-01 7.102129274578159457e-01 5.863668740894675269e-01 6.881471251236686015e-01 7.301821448187445496e-01 3.096249328385390909e-01 3.218678111097713068e-01 3.082089869510276081e-01 4.813550021149909375e-01 2.868265028400518446e-01 3.058809581453483251e-01 3.084178746151305384e-01 3.313053930539309189e-01 2.516710319728318601e-01 4.746352428306972460e-01
1.480000000000000000e+03 2.890606982826891547e-01 3.284618799953988311e-01 5.032283202120281240e-01 5.545599268083267752e-01 6.536543900888055481e-01 7.988021267597963382e-01 7.428066255861333067e-01 6.169702767622040618e-01 6.396562516680860400e-01 6.655349141235694654e-01 2.566010895773317979e-01 2.157755283644350042e-01 1.142927624948339022e-01 5.108233965175394964e-01 3.374839854221490798e-01 3.688055019511565780e-01 3.709075891474983844e-01 4.011082252271845339e-01 2.888798014786682633e-01 4.996872071875587684e-01
1.767000000000000000e+03 1.945360660013030207e-01 3.079031689906563951e-01 4.855783873798912853e-01 6.103248783742202255e-01 6.925685379520700735e-01 8.016555310511412902e-01 7.182321876178151543e-01 5.936468025921091130e-01 6.846807059509674165e-01 7.227103434325704567e-01 3.876325319511623735e-01 3.663935317881390485e-01 3.281993120395853003e-01 2.284218270815026874e-01 4.078928210023309298e-01 3.140290885622840089e-01 4.093664480660461069e-01 4.386137419878653465e-01 2.692128231980570607e-01 2.320182646084743838e-01
2.031000000000000000e+03 2.684720732624663597e-01 2.903738336874070458e-01 4.792191778123934820e-01 5.810006022888249966e-01 6.782330530147578918e-01 8.211915835467517022e-01 7.572353799119154738e-01 5.946459263079445501e-01 6.540284414109331923e-01 6.849188164382737920e-01 4.413862813644646166e-01 4.121304841791258444e-01 3.203493046642462705e-01 1.463359303757738872e-01 2.839834944199902123e-01 1.827552562995093666e-01 5.443511731691597078e-01 5.089974662112989323e-01 2.985530290177312862e-01 2.241698497755170716e-01
3.228000000000000000e+03 2.746091441015398038e-01 3.612415715598151777e-01 4.456955751526034404e-01 5.392990068167075046e-01 6.201096025443205706e-01 7.515145916894419020e-01 7.507571382257234305e-01 6.406253512932676975e-01 6.684184699265167673e-01 7.133269356791321902e-01 3.696107508802780606e-01 4.130652706893847559e-01 3.320493720003812599e-01 1.735949297145939763e-01 4.105399957231170571e-01 3.544933075297737046e-01 4.268959520219535730e-01 4.644973092439412810e-01 2.451500264232449877e-01 1.999768160988343590e-01
3.246000000000000000e+03 2.733940768909287056e-01 3.083412444502821037e-01 4.986177439658122101e-01 6.325538359112800046e-01 7.470917174751597889e-01 7.267995709027865736e-01 7.224232478889326403e-01 6.825065889719927892e-01 6.105499141201445878e-01 6.205879377163897592e-01 3.264558406533666357e-01 2.729294423289235216e-01 1.369244869318075597e-01 3.808914433451296433e-01 2.869650894542206676e-01 3.592545501870125224e-01 4.096687103561776344e-01 2.965548217306266388e-01 2.970046687773815752e-01 5.825677492612433284e-01
3.422000000000000000e+03 2.787307646338186284e-01 2.523828192777863855e-01 4.581688778643527860e-01 5.586020301720276970e-01 7.111391038160287392e-01 6.186883408950414331e-01 7.366686313658370455e-01 6.478317643412229154e-01 7.735891357842893390e-01 7.145303329080163746e-01 1.250486669282883656e-01 3.972656255191666097e-01 3.817975648506041209e-01 3.437935812537426528e-01 3.069343993908948964e-01 3.903931255328317862e-01 1.928566507692637544e-01 4.495010289371914047e-01 3.830788859547514802e-01 3.713641379199179027e-01
3.450000000000000000e+03 1.799149495954456834e-01 2.969203548280638927e-01 4.698973194297531020e-01 5.767523827999911923e-01 6.804599522622435392e-01 7.771414898579238617e-01 7.499213705438185773e-01 6.618872103874017254e-01 6.954222116626971317e-01 7.264428966019277345e-01 3.131022641202957368e-01 2.764446194672310897e-01 1.011322313552159985e-01 3.262128287766817292e-01 3.259345641884334732e-01 3.857324822814831577e-01 4.561092806760179141e-01 4.078476758399391389e-01 2.251710111161549788e-01 5.524670397467067451e-01
3.600000000000000000e+03 3.157106702760605899e-01 3.145577945252444052e-01 4.872200818083090579e-01 6.258759121363932643e-01 6.573013574501552769e-01 7.027383502572158713e-01 7.577291686356021350e-01 6.106832583811669934e-01 6.332921085749231294e-01 6.692681786045910908e-01 4.170956133190370507e-01 2.827998833696702130e-01 1.854616539453164958e-01 3.767878171888306427e-01 2.599400301176446049e-01 4.357749550945111960e-01 3.951833851657055030e-01 3.303019357278409451e-01 2.126091904281378064e-01 4.865919313164145943e-01
3.612000000000000000e+03 2.116401844342947758e-01 3.255448180389826640e-01 4.894872406637638673e-01 5.992938053852379099e-01 7.179352455898320162e-01 7.783672015999719696e-01 7.438536155544670514e-01 6.890500786873363648e-01 6.885299974142901069e-01 6.018322313537013413e-01 3.416236618608882725e-01 2.441518011898146656e-01 1.929417781444920099e-01 3.360758216429783340e-01 3.383788094312358274e-01 3.656924240746965982e-01 3.339257022178578893e-01 2.598531682385059605e-01 1.895121990666090162e-01 7.661242989462653252e-01
4.110000000000000000e+03 2.820563640105890335e-01 3.389630924131031287e-01 5.440623906606091298e-01 6.192128484700726299e-01 7.378134912791761701e-01 7.835829540207933652e-01 7.541743174539367045e-01 6.169257049102618851e-01 5.879650709337597148e-01 5.764751898803018859e-01 3.408034021485980558e-01 3.350653557770181257e-01 2.136588033527716535e-01 4.449085085558561192e-01 2.807741130932069895e-01 2.843517739873918648e-01 3.158070746767477344e-01 3.463153885722042857e-01 2.362966939807435440e-01 5.732691987964426694e-01
4.369000000000000000e+03 2.665366783291831521e-01 3.420121947826856856e-01 5.288723142625374463e-01 6.247191491571374433e-01 6.752356988285909134e-01 6.103477514216377742e-01 7.483388363954870393e-01 5.707901513317072961e-01 6.887029560793189731e-01 6.970245884415248172e-01 2.198850471958369579e-01 2.020989395689728185e-01 3.393938862165882253e-01 3.461783156982830012e-01 2.500022850344253977e-01 4.297041844738252458e-01 2.859711231532031106e-01 3.949652938488399934e-01 4.866038659801176780e-01 3.537780822794197033e-01
5.145000000000000000e+03 2.561026025388695726e-01 3.282357953727463862e-01 5.084505140169373050e-01 6.128536535109664340e-01 6.817893194359440079e-01 7.243936130269652551e-01 7.067322660830099856e-01 6.116740190138630906e-01 6.695219870583001276e-01 6.832830280139622348e-01 2.570642838733325775e-01 1.558804080795983260e-01 1.253014584004388809e-01 3.723624673772144011e-01 4.034940039500909403e-01 5.201991265349626969e-01 4.517870251549408467e-01 4.071545070586891635e-01 2.588227438321681895e-01 4.248255458068603829e-01
5.701000000000000000e+03 2.486762864652382610e-01 3.101924066425398308e-01 5.029367413179143265e-01 5.714727073829271031e-01 6.797193839488601119e-01 7.505680742912812509e-01 7.359125677489207762e-01 6.510474002439660124e-01 6.932250127218488878e-01 6.569908212737519682e-01 4.270496428247400056e-01 4.991964561902083042e-01 3.249655483103205400e-01 2.193914051203768867e-01 2.184908826889007949e-01 2.594573329323387467e-01 3.744508935543063299e-01 4.728987739155042225e-01 1.800542460450035853e-01 4.121143921671479582e-01
5.810000000000000000e+03 2.225310398850512683e-01 2.716424479058301977e-01 4.649802917409516789e-01 5.740902376253574912e-01 6.448819821200771907e-01 7.306630281734997068e-01 7.746286217823257214e-01 6.647776716743939440e-01 7.455850086587626491e-01 7.002263094990179848e-01 2.918954349947280869e-01 2.364907692785571391e-01 2.841985421376678200e-01 2.127608114581988896e-01 2.445035412021959453e-01 3.505133094264012428e-01 2.695143756774658339e-01 6.260652553251888630e-01 4.223704135453954511e-01 3.729384912725791090e-01
5.819000000000000000e+03 3.219423933177003039e-01 3.767480900374331476e-01 5.151915441384521399e-01 5.832309158140361882e-01 6.653609571706771142e-01 8.262362846329509569e-01 7.049054966027622493e-01 5.532770871564729465e-01 5.848501161253111258e-01 6.546238516823827958e-01 2.667622952374902878e-01 3.605038664681805560e-01 3.741269196997759616e-01 2.964950309185735433e-01 1.778788124063213072e-01 3.227730645981635726e-01 4.714093598361122073e-01 4.372202602976575925e-01 3.467262437781592488e-01 2.995381884044422960e-01
5.837000000000000000e+03 2.309355423927389184e-01 2.954435505766883074e-01 4.964594673968520944e-01 5.965315799401946784e-01 6.846999122723622655e-01 8.146889913989214804e-01 6.816607350731284098e-01 6.144232334533010764e-01 6.710104150355381547e-01 7.141168314169809017e-01 2.680259165889384843e-01 2.458651568516403152e-01 3.495439612747220925e-01 3.026313289295692877e-01 3.473011910506801914e-01 2.951376202689002803e-01 4.564129420558188932e-01 4.358662091048500220e-01 3.434369424475360866e-01 3.122367507371777706e-01
6.037000000000000000e+03 2.338641415841403726e-01 2.778773936069598993e-01 4.760072443929669883e-01 5.885595461415648044e-01 6.714398610875276230e-01 8.087365267291919402e-01 6.352936861675030356e-01 6.290929208935072126e-01 7.215925831086507092e-01 7.364079692615129735e-01 4.015937879182884251e-01 3.081607336026370159e-01 2.873425676185830113e-01 3.127111877954711905e-01 3.895575943818017084e-01 3.261129391522730736e-01 3.734945160773281980e-01 4.186722717934217575e-01 2.663840540477234731e-01 2.961386395000292215e-01
6.568000000000000000e+03 2.542207789675961505e-01 3.452860449563567857e-01 4.715381179153871893e-01 5.659849499419669083e-01 6.436510579726644199e-01 8.130875148854449508e-01 6.884290134166929365e-01 5.921663420504009734e-01 6.924409886065765463e-01 7.105793911477147340e-01 3.182238854892011637e-01 3.502174522987389627e-01 5.148118618592281148e-01 2.125530240478984145e-01 3.698119305410620394e-01 3.962616285153487961e-01 3.750564318327002100e-01 3.391913173919370861e-01 3.088148316379483171e-01 1.941015557660976110e-01
7.364000000000000000e+03 2.376156286594669487e-01 2.722619027829477623e-01 4.351481022907974783e-01 5.569244603773169100e-01 6.861723930911973746e-01 7.679710164574083953e-01 7.244012064155941344e-01 6.283984318749944453e-01 7.007793438777216721e-01 7.690090504673209315e-01 2.372218651079006924e-01 3.275677056068042603e-01 3.671560987267663556e-01 2.678196067226346622e-01 2.190715150361075281e-01 2.998373630703245474e-01 3.528124340192902997e-01 4.406318207846346424e-01 3.348324911509574786e-01 4.925330554087626322e-01
7.424000000000000000e+03 2.647858314912643340e-01 2.949123930728986265e-01 4.398778802586298942e-01 5.564181038408053670e-01 5.614078123491238470e-01 7.544871938100405906e-01 7.667312532716661355e-01 6.743738031574718628e-01 7.408671257522724263e-01 7.111466803194018693e-01 3.184705553752052443e-01 3.030212133250681505e-01 3.536363890384290887e-01 2.477624819654180577e-01 3.199874664853832318e-01 2.838674017605600786e-01 2.911809443257636909e-01 4.213316716891937208e-01 3.130092570534140362e-01 4.933202528472623860e-01
7.489000000000000000e+03 2.309326887313073728e-01 2.415664888066330618e-01 4.749535680269960647e-01 5.855186050366260053e-01 6.530317742004196901e-01 7.946939394216046004e-01 6.959763425403786563e-01 6.780407918543732704e-01 7.328191072202830947e-01 7.086863498704496500e-01 2.629950153562667925e-01 3.263635506825403598e-01 3.571223212767600796e-01 2.096719264455858545e-01 2.330503899309818161e-01 2.291759463653405549e-01 4.086543013442764383e-01 4.486284263823592799e-01 4.009340917058281661e-01 4.422149703974775359e-01
8.212000000000000000e+03 2.220075924972824410e-01 3.034976688159077285e-01 4.828720577983580120e-01 5.766254430491238869e-01 6.400464558427605422e-01 7.440840866631439621e-01 7.341562601170238400e-01 6.603667883535218053e-01 7.005515977500933467e-01 7.205358805117381138e-01 3.004465316596175994e-01 3.241746462869951606e-01 2.918671625485367849e-01 2.868358613033179516e-01 3.626170391832266304e-01 3.691845134278416984e-01 3.468151046717625197e-01 3.932430339319226698e-01 3.120244013464155142e-01 3.728873323618124846e-01
8.971000000000000000e+03 2.236139905817992879e-01 3.116791843039103393e-01 4.784216968935911529e-01 5.880024186954583287e-01 6.452410049583213736e-01 7.252621644816689139e-01 7.352324052528016463e-01 6.416174026581159540e-01 7.197088621250254947e-01 7.122531317519158467e-01 3.580539340525811243e-01 2.705809351954253095e-01 4.325331484976739915e-01 2.856498293031441427e-01 2.766690743614080294e-01 3.107340121168304936e-01 6.161837877050049261e-01 3.813675267958655524e-01 2.176317129727594890e-01 2.528906381795268388e-01
8.993000000000000000e+03 2.678384714263879474e-01 3.077004947767883469e-01 4.838454168209326833e-01 6.075221938259417476e-01 6.859467352960331166e-01 8.417654641808323124e-01 6.511448770081236237e-01 6.409612772381483303e-01 6.600618447304006375e-01 6.599524199628302723e-01 2.073122160455598273e-01 3.018211201074826322e-01 4.721647311791159485e-01 1.562501205539048865e-01 1.967526958673855297e-01 2.450271086694175704e-01 3.811042782929260908e-01 4.738692874742973515e-01 4.932494453715085547e-01 3.672719685334167039e-01
9.904000000000000000e+03 2.458974103269878086e-01 3.141668366017826286e-01 4.859585402650712371e-01 5.726247894369250746e-01 6.335488240766610213e-01 7.445708678915086143e-01 7.278031982017976187e-01 6.450276414158284677e-01 7.018793605801333380e-01 7.053423388655660764e-01 3.813825585185569578e-01 3.855968813886244684e-01 3.088900431609335473e-01 3.634990219058443217e-01 4.767776962903044202e-01 2.959869596894141308e-01 2.947222914873051103e-01 4.222103354942471354e-01 2.439031791961597528e-01 2.249464248689490575e-01
1.113700000000000000e+04 2.713185424945332991e-01 3.130977056225321964e-01 4.983397169068191079e-01 5.263751766857335257e-01 6.360803543328007459e-01 7.378904182589206551e-01 7.777372605121108950e-01 6.711264023610548080e-01 6.676828508320714617e-01 6.831134829005394149e-01 3.054852339529408045e-01 2.572543605469734262e-01 2.575578870989573277e-01 4.045600845230789000e-01 2.533799960914882576e-01 2.402952528643366448e-01 3.308327069501649786e-01 4.074401949093481856e-01 3.223150748434426283e-01 5.624334055639044205e-01
