1.010000000000000000e+02 2.465076157560749659e-01 3.121036873025854197e-01 3.904015673099656691e-01 4.628893667765782705e-01 5.505862014019701212e-01 5.742606024814806975e-01 6.454678943414069447e-01 8.143658989882803789e-01 8.306453407728788818e-01 8.384923078098808213e-01 3.799974093084682036e-01 2.791333578209919675e-01 3.331831894453624043e-01 4.003656519048299778e-01 2.141736812609360274e-01 3.167675875627198878e-01 5.477975306465834304e-01 4.591561996493101483e-01 2.259736125145778707e-01 2.431689290966756734e-01
5.750000000000000000e+02 1.977801877297962752e-01 2.200134977173294482e-01 4.079112240858185912e-01 5.238555990431010834e-01 6.051995803402462348e-01 5.855612828531892022e-01 6.725840880994397031e-01 7.756174827687862816e-01 8.513030834241746003e-01 8.607807595703019787e-01 3.524852452891953369e-01 3.749938874062497818e-01 2.727474618041274557e-01 2.519921258719480806e-01 3.301805741671474670e-01 4.837749841760890512e-01 4.812687282743156048e-01 3.111272150878675591e-01 2.968476267846244521e-01 2.227399577976524325e-01
1.195000000000000000e+03 2.993214187750256050e-01 3.364227910645569697e-01 3.944643599790635946e-01 3.603339280439497583e-01 5.947712678942551623e-01 6.181258627914656412e-01 6.095335249862139371e-01 7.444469050537504407e-01 8.259801607727083050e-01 8.565651702634453635e-01 2.701549766057642077e-01 2.770364791817520600e-01 4.687227322755628811e-01 4.363743837250522173e-01 4.112885577309758345e-01 3.012559380021057609e-01 3.418410056305088429e-01 2.894255773622000927e-01 3.024050544323132472e-01 2.869342565455644811e-01
1.417000000000000000e+03 4.207098089433856658e-01 3.550009707458513519e-01 4.652095742199642836e-01 3.781402084859021850e-01 4.806288407533417240e-01 6.307858053896300277e-01 5.823308782653454641e-01 6.258926839035927614e-01 7.951835472424916285e-01 8.436359372514088406e-01 2.488533941505254310e-01 4.337328569773457043e-01 3.650257935920106500e-01 3.875540564785914244e-01 2.940348672426520982e-01 2.050668728764992732e-01 5.819083559745111822e-01 3.460982054951155518e-01 2.480811222057741350e-01 2.856115702686689573e-01
1.418000000000000000e+03 3.220062961832435566e-01 3.258222664781763589e-01 3.439365656317394104e-01 4.472953316255384726e-01 5.467262692954771852e-01 5.648875119882971196e-01 6.133897612157460655e-01 7.931373105876997620e-01 8.870530823856211944e-01 7.937211746698029646e-01 4.196481950662396820e-01 3.537510007591555539e-01 3.717465171618658526e-01 2.991436529085473861e-01 2.056432405835261212e-01 5.757342147086865758e-01 3.540031021547256906e-01 3.156136292249400732e-01 2.318722124937012408e-01 2.679797864296247223e-01
1.486000000000000000e+03 3.597507847436772210e-01 2.925445977541207276e-01 4.250192622942843279e-01 5.190277530729882072e-01 5.438643253326735927e-01 5.083428835046281957e-01 5.166402520101130991e-01 7.404003474963589682e-01 7.899983238826541188e-01 8.890063553924322237e-01 3.039090374854843679e-01 3.474309995766716730e-01 3.284910129862806949e-01 4.808743642801117102e-01 3.129202070807449165e-01 3.747787662002824982e-01 4.273333942411518538e-01 2.841565465867084139e-01 1.861206643497288482e-01 3.678560839139521366e-01
1.966000000000000000e+03 1.883813892919549982e-01 2.344963752785401423e-01 4.216380972960434570e-01 5.021486508917019087e-01 5.933792779019417818e-01 6.522309868186606518e-01 6.823033836777003813e-01 7.673114443934540008e-01 8.457937603293339546e-01 8.335516299415690611e-01 4.586111561687343241e-01 2.984378461204059141e-01 1.577672199565207101e-01 3.885242065380914434e-01 2.495840083085121008e-01 5.194561972694853313e-01 5.186608817920370651e-01 3.411800088497822792e-01 1.815576176715599510e-01 2.953976824223309983e-01
2.038000000000000000e+03 2.419200645984684317e-01 2.882936905782632619e-01 4.781773329783278181e-01 5.030452845825283958e-01 5.597450064155576888e-01 5.466568751201639209e-01 6.382690932952334029e-01 7.902733303340859772e-01 7.992362250973200632e-01 8.246520056957841183e-01 4.147533480936044792e-01 3.199108761789174471e-01 2.012634518992987842e-01 4.057883750839677006e-01 4.206438523726077627e-01 4.571201311370216569e-01 4.478180784248369517e-01 3.216890408741687746e-01 1.447923416197098023e-01 2.932923138176058431e-01
2.067000000000000000e+03 2.687513529555443093e-01 2.922843180884246439e-01 4.711992073082769683e-01 4.659144651970753004e-01 5.293327223705462936e-01 5.941356058937306006e-01 6.476688155598642194e-01 8.425375343226908509e-01 7.652261406369387231e-01 8.005849256702638472e-01 3.825228486833378572e-01 3.550874086144990005e-01 2.828476257610841871e-01 2.650907205391701549e-01 3.645816686303466336e-01 3.325980172394499834e-01 4.493512311910392021e-01 3.885526524866931286e-01 2.433174087821492748e-01 3.204366922310303845e-01
3.208000000000000000e+03 2.719835366113420028e-01 3.381224742432570873e-01 4.589645674044873780e-01 4.467369106939915735e-01 5.183004545927143436e-01 6.531571556282795843e-01 6.787675524524805493e-01 7.504473417055121942e-01 7.629487790655536950e-01 8.021979487069915704e-01 4.034154515057950530e-01 2.493761863925692546e-01 3.504249950875219510e-01 3.371250210298574745e-01 2.674281560680311087e-01 2.669720884138023775e-01 4.944942379260283127e-01 3.702764442715342219e-01 2.754014147328625040e-01 3.584796057905412225e-01
3.606000000000000000e+03 3.578212735259375110e-01 2.732831064842388136e-01 4.036246438083195831e-01 5.079386694742902275e-01 6.274936010440922418e-01 4.712043771505739498e-01 6.363009127759167161e-01 7.641160877667362294e-01 7.931200622495830910e-01 8.030944769170941244e-01 3.569104506091693163e-01 3.153842369485498343e-01 2.665235649942949703e-01 5.161690962716678488e-01 3.469231744617456425e-01 4.513329598540029575e-01 4.011992544577067110e-01 2.711858791620287423e-01 1.632243099164434330e-01 3.359993890156372509e-01
4.079000000000000000e+03 3.323893637211794427e-01 2.685482568506380452e-01 4.710417016133495727e-01 4.597093603662281702e-01 6.196685158564300133e-01 5.369360074040628872e-01 6.257484308551879426e-01 7.579547533418635741e-01 6.965670594614341571e-01 8.725804385052353673e-01 3.914290283736359677e-01 3.724981963719904976e-01 2.470014186221365371e-01 3.691070227210403454e-01 4.161020949395783375e-01 3.583143584588132091e-01 4.061996234684695506e-01 3.595750028534173137e-01 1.998397723095893808e-01 2.872062668453508882e-01
5.704000000000000000e+03 2.933848575586979202e-01 3.683874932532377744e-01 4.951289759245479094e-01 5.287134568664454415e-01 4.755702640917525703e-01 5.839109463995207916e-01 5.695731188110271237e-01 6.777898893583281792e-01 8.011464372307798287e-01 8.288877906889370317e-01 2.297204597754042843e-01 2.405617716379810089e-01 2.955519927065601293e-01 4.398729727874621798e-01 5.584579058406853314e-01 2.698850993813212695e-01 5.068754851883213730e-01 2.542191243063116057e-01 2.617763601601336698e-01 3.396280930557152300e-01
5.824000000000000000e+03 3.993424256606610268e-01 3.520834160413785496e-01 3.509516210251644175e-01 3.800440857347742174e-01 5.175237994661807672e-01 6.635998287779626414e-01 6.468597271270423166e-01 7.251104313876484131e-01 7.915292158647939669e-01 8.026376810850178734e-01 3.300246438254751946e-01 4.928122669840750980e-01 4.824192622221513127e-01 5.074070549497425864e-01 3.498409643843649053e-01 2.009700219925539821e-01 3.518027514349048035e-01 2.585191163410631709e-01 1.870874026744491492e-01 2.650297209082247973e-01
5.841000000000000000e+03 3.425525224936851743e-01 4.083188818127606590e-01 4.412216693027168346e-01 4.133068352387468392e-01 4.820147522584317112e-01 6.548778246811510773e-01 6.083330493634340197e-01 7.192212890412987836e-01 7.828901266680096116e-01 7.817184226478530729e-01 3.070942718417910000e-01 2.704244064039584838e-01 4.268663836415720891e-01 4.346937601974800724e-01 4.283081595367961847e-01 3.153601357742606415e-01 3.563070420593391074e-01 3.130486646090572811e-01 2.883734256291646814e-01 2.508139713864115938e-01
6.072000000000000000e+03 2.782389041257044004e-01 3.149371966353585184e-01 4.614524997181644328e-01 5.412082315781095998e-01 5.062715352071215369e-01 6.206976071172913834e-01 5.087261410544466900e-01 7.514550828065983401e-01 8.123473173270830960e-01 8.414227976573400714e-01 2.148394111271258178e-01 2.449104620335197657e-01 2.572564062338911772e-01 2.966300775424941527e-01 2.830714720021162978e-01 2.556118148928764877e-01 4.660797432643768445e-01 4.819229957869012870e-01 3.707159734989731170e-01 4.599957006180014352e-01
6.911000000000000000e+03 4.063641369685733196e-01 1.951811751320734201e-01 4.679049260791451892e-01 4.856509028318322652e-01 5.473231777504430351e-01 4.890999287636675907e-01 6.806028321616814925e-01 7.354640049572513938e-01 8.325140477979634523e-01 7.831236398309240343e-01 1.362317745164860205e-01 7.089549680817835986e-01 4.232299744216637127e-01 3.084152609501433773e-01 3.734678849088364228e-01 3.304926116025051486e-01 2.944208107372665584e-01 3.202430269013445963e-01 2.490179158478440513e-01 2.550152189487248089e-01
7.474000000000000000e+03 2.745877607137719445e-01 3.097512601829972012e-01 4.720490982449700446e-01 4.000026159526315350e-01 5.228503754617722654e-01 6.618636213155427717e-01 6.688723582866298312e-01 7.474939091075408770e-01 7.933533268525925219e-01 8.207218649713066139e-01 3.737214013533534662e-01 3.622751562409312065e-01 3.361862257006819066e-01 4.793905475169449315e-01 3.426010993650450698e-01 8.626066107131324934e-02 5.121915301548125576e-01 3.531534151279915323e-01 2.403418629631094428e-01 3.108323123540953081e-01
7.956000000000000000e+03 3.500737757281398022e-01 3.198953933798196481e-01 4.952178272949988580e-01 3.700850997180880064e-01 5.505561760899156942e-01 6.315500025846041421e-01 6.538990006398595067e-01 7.351593585132921715e-01 7.629011561004255260e-01 7.825506133327603253e-01 3.628098492986626122e-01 3.848931695636928496e-01 2.730797839460351595e-01 5.633240527084283356e-01 3.237204321832191645e-01 2.029482900532565415e-01 4.446976656842472897e-01 2.666366811495498035e-01 2.206999194195452263e-01 3.616280211739652528e-01
7.964000000000000000e+03 1.719353842626154261e-01 2.281678857021577911e-01 4.448540705573780230e-01 4.769134177968881727e-01 5.518369940636846938e-01 6.075749030162842512e-01 7.133913688873018133e-01 7.882028317658499317e-01 8.680414058825206558e-01 8.548582429420713558e-01 4.034557557205512013e-01 5.546430568891418389e-01 3.404053083173728123e-01 3.804070075816501362e-01 1.600325439095700273e-04 4.306486406392674438e-01 5.426801854180062223e-01 3.043179129176655229e-01 1.833508973812421061e-01 2.703968801145842926e-01
8.194000000000000000e+03 2.867728573657000735e-01 3.599553728383012574e-01 3.864960158307848559e-01 4.901945736190218006e-01 5.515992924970442024e-01 6.531879557716697704e-01 5.778249681633801371e-01 7.281583602845401737e-01 7.997330678334142462e-01 8.247293239627597750e-01 2.490150367585191593e-01 3.305374470996460534e-01 6.778782589488182575e-01 3.136883830746054480e-01 3.925306273376649169e-01 2.696095991680965698e-01 3.305434776723242818e-01 3.753006426661205097e-01 2.100581960605449883e-01 2.636139993916331581e-01
8.195000000000000000e+03 3.082217298913234038e-01 2.299084815782315439e-01 4.206016729883067518e-01 4.863594116524300182e-01 5.399923330067295524e-01 5.308072941593972027e-01 7.020188741053891013e-01 7.738315218641182991e-01 8.438840689436725162e-01 8.193782796633235499e-01 3.211057194582914165e-01 6.596109787806829772e-01 3.021176816747173088e-01 4.009757685173568342e-01 2.714191480131767364e-01 3.283577636539000699e-01 3.854345942503339950e-01 2.683280903078005264e-01 2.148836065380998195e-01 2.561974996122394210e-01
1.153500000000000000e+04 2.850360964612406178e-01 2.951757611117254987e-01 4.596207180756005650e-01 5.430074034371561442e-01 5.192420681241933789e-01 6.168010337289616674e-01 5.495979032811639797e-01 7.237650345317452327e-01 8.503068604584109735e-01 8.066315931586903742e-01 1.524599541226748789e-01 2.899926657843496236e-01 2.653292691666568892e-01 3.603155955890640638e-01 4.856129710062362381e-01 3.115049665074715590e-01 3.309261211916773582e-01 4.822397300743687110e-01 3.647724967096648840e-01 3.110699982972636168e-01
1.153600000000000000e+04 2.527968331187068762e-01 2.970635466270297176e-01 4.652251760735324204e-01 4.545601069720789367e-01 5.027173254555712401e-01 4.982609203454071434e-01 6.944273690459381587e-01 8.304972447096067301e-01 8.209121462034475458e-01 8.328521377725088826e-01 2.652299729655975824e-01 2.430689142555391702e-01 3.267143487304700611e-01 4.670289625231269781e-01 2.952189806779367820e-01 3.094885711983413334e-01 4.662684059048377017e-01 4.386799839793829592e-01 2.387223952069680299e-01 3.437514921518465827e-01
