3.510000000000000000e+02 5.224391234734606648e-01 5.226479303957690670e-01 6.240639037525669286e-01 5.567367209149587381e-01 4.674585359405142859e-01 5.314154014112628666e-01 6.494109815584965251e-01 6.962959100680446989e-01 3.064794532404470084e-01 3.434949171783061583e-01 1.724402409419753535e-01 5.619132417003684932e-01 2.338458622883685389e-01 8.245404259928333646e-02 2.903072135159543432e-01 9.928204252389129236e-02 4.006826030121314330e-01 7.113720102408428447e-01 4.531307283960360754e-01 3.352784119641845639e-01
9.400000000000000000e+02 3.095629209374198276e-01 4.115601596795467887e-01 4.726074565699759922e-01 3.044914735159756081e-01 6.374739866305935143e-01 8.462456253343904056e-01 7.674740401192979844e-01 7.797157393455098617e-01 4.274018399032428750e-01 3.143214821896666566e-01 4.625910496688769302e-01 3.078153672725798540e-01 2.426115237656564505e-01 2.135950091813836049e-01 2.454584239153419500e-01 1.841877285567929401e-01 7.575587539385228997e-01 4.132909361242792512e-01 2.461890577565696014e-01 2.673534359619131329e-01
1.221000000000000000e+03 4.548776058171269399e-01 4.795244488122362703e-01 5.101424720114008382e-01 4.656160500192136897e-01 4.913480423047486556e-01 6.944070693188642007e-01 7.329132689404709300e-01 5.840579440716368032e-01 3.316629942071733228e-01 4.621164456214479910e-01 3.800920929536333870e-01 3.262580086018868619e-01 2.769381949642715224e-01 3.122366709230316451e-01 3.156052028524134467e-01 1.955390078974408308e-01 4.619048425975854077e-01 4.417658593311325488e-01 2.404147151253554493e-01 3.509278063257779134e-01
2.158000000000000000e+03 4.882870653834990859e-01 3.370089681902462830e-01 3.918060492855038879e-01 6.204538782135108343e-01 4.534022877002991669e-01 7.953089311535901373e-01 8.251681515335682615e-01 5.871621462836563721e-01 3.821590316982615421e-01 4.052798126634299392e-01 2.780070083911255763e-01 2.636185133881042142e-01 1.026554603727705406e-01 4.304279750861366716e-01 3.247589520058510870e-01 3.795385571114176515e-01 5.117783990993064469e-01 3.805455764440960897e-01 2.762119101532451992e-01 3.612277497619515443e-01
2.210000000000000000e+03 5.470301841590325953e-01 4.395740899917778277e-01 4.090300485999617819e-01 6.947733207558403068e-01 5.219902763418255986e-01 6.016480978101352850e-01 5.926662933346038553e-01 5.929771330619033609e-01 4.222590527772848712e-01 3.950717749027863879e-01 1.943693385833370202e-01 3.477327669156374812e-01 3.888517273035721478e-01 2.827256519807902491e-01 2.272902133701126537e-01 3.305297979967427024e-01 3.587150952619876931e-01 5.931691028873325999e-01 3.181040648999960974e-01 2.930928480583376294e-01
2.443000000000000000e+03 4.828164722586091862e-01 3.070926053644184583e-01 5.800029904882972875e-01 6.645364892786248534e-01 4.979881541979072068e-01 6.115841296186027565e-01 6.452833747496207195e-01 6.025402580868511881e-01 5.457809036290540705e-01 3.277355715965754035e-01 2.292514106892372672e-01 3.988718158226343125e-01 4.123399109081226643e-01 2.347178395792995642e-01 1.109013429295426512e-01 2.492957869877769628e-01 4.236630963448226317e-01 6.410289903730177485e-01 3.814641046798401547e-01 2.738000320766230677e-01
2.444000000000000000e+03 4.449079526680529417e-01 4.667401768513685378e-01 6.581367870230835360e-01 6.324656048196501956e-01 5.442696546779302036e-01 6.846228764900641472e-01 6.603465192886330826e-01 5.755501652550493175e-01 3.194867483055524038e-01 3.185938399703478474e-01 3.574430267257309723e-01 4.409132647083294776e-01 2.628765489697976743e-01 4.200058827643671222e-02 3.019465737108397163e-01 3.091449864572820561e-01 6.513664630770167330e-01 6.000899677511126740e-01 2.673100660998533051e-01 1.182958720743945286e-01
2.618000000000000000e+03 3.608335629147871870e-01 4.047729944065693308e-01 5.279400832727075832e-01 6.287895988053765484e-01 4.950313924181228287e-01 6.110461000304072687e-01 8.446582078012023764e-01 6.150055281593758139e-01 5.051289594284739115e-01 2.882397662183451836e-01 2.361880147272697739e-01 2.307793624102990326e-01 5.920360737886006669e-02 2.022922230996749837e-01 2.302045194228742597e-01 4.266246976736602359e-01 6.228245296437520118e-01 5.591038037077209477e-01 1.449612084377323584e-01 6.480643144511120113e-01
2.619000000000000000e+03 5.458157093569784291e-01 4.175360532256046087e-01 6.103610987205879690e-01 6.130543335184028830e-01 5.284564866419677598e-01 8.859855442724192676e-01 6.599409741590840373e-01 5.162983008313078992e-01 2.637483525318469746e-01 3.130980140510774001e-01 1.702864786724488377e-01 8.789547317583570885e-02 2.055656357313061511e-01 1.571340304763778617e-01 4.402917104012446514e-01 4.350302059519596809e-01 5.233436191158975515e-01 2.632965035027254874e-01 5.974999362700008643e-01 4.006720377347784967e-01
3.869000000000000000e+03 4.540677224293070413e-01 9.112689504144451391e-02 5.000277231290657376e-01 6.371779381263779074e-01 6.767434993047514169e-01 8.649805230008223988e-01 8.631063061868529118e-01 5.329023975739480834e-01 4.678935702382426287e-01 3.266486474895808345e-01 2.340940198633474079e-01 3.555629874194276563e-01 3.897708619348862480e-01 2.008758070169722743e-01 3.011402011612581142e-01 3.434533370224013837e-01 4.609224829200073703e-01 4.481241796964970936e-01 3.020717132294744589e-01 2.753073733611981488e-01
4.650000000000000000e+03 5.408568853470361315e-01 2.961917828601368097e-01 3.845863055362555016e-01 4.081852267260513978e-01 7.192992981335174507e-01 6.113723419706281748e-01 7.707801571603138946e-01 6.031814260568582053e-01 5.629810425451701184e-01 3.368585939296293574e-01 1.291808177124503798e-01 3.548320919504664994e-01 2.718897362838926801e-01 2.186853994357199626e-01 3.127467159056928070e-01 1.402549335150008736e-01 7.647044490026343455e-01 4.799767947363607901e-01 3.713126089115591499e-01 3.363138102719149258e-01
4.807000000000000000e+03 4.849545306834247005e-01 3.427661011763632470e-01 3.299268302147984611e-01 3.787063301784129865e-01 6.428340667923939655e-01 7.854970240571107487e-01 7.166131621986121525e-01 6.684779054999530068e-01 6.023620934986740894e-01 2.873910577064359706e-01 2.592858142487216022e-01 2.438241115108353008e-01 2.826825334041789817e-01 3.042868818675053544e-01 3.943167125928427330e-01 3.122315791621566583e-01 5.461227337145011518e-01 4.452946012521588615e-01 2.255697370272126967e-01 3.132224747365544015e-01
5.773000000000000000e+03 5.206821594907824480e-01 3.788937688092002265e-01 5.305051370594916493e-01 5.003797240651605138e-01 4.998443621813790649e-01 6.414382312261542873e-01 6.362853446284064685e-01 5.771170662280340480e-01 4.671879575939649754e-01 4.422805157205205728e-01 2.893980254335194457e-01 3.437168473920070855e-01 2.600605088532994547e-01 2.723151820547047713e-02 4.488250807355221306e-01 4.138068900625111457e-01 6.516209378234990579e-01 5.006312958070838759e-01 2.507557487366856019e-01 1.454301051857104510e-01
7.249000000000000000e+03 3.228705721924487460e-01 3.984103465425831714e-01 5.935991907932762768e-01 6.276560498430807655e-01 5.164138743577804114e-01 6.226508827121993717e-01 6.053569086253111076e-01 6.487336920377175797e-01 4.536271335538925031e-01 4.361732135147819989e-01 2.204786507988733268e-01 2.855143372353327047e-01 5.970919231056993626e-01 3.002066362698835866e-01 1.803757489642885126e-01 3.037296418843393186e-01 4.269460672219834718e-01 3.597880051692930459e-01 3.472153611229692460e-01 2.878688658403066869e-01
7.886000000000000000e+03 5.893236931421611535e-01 4.540748897430392228e-01 3.772115611375030930e-01 5.610670910976244263e-01 5.649531422687644744e-01 6.061020714093076078e-01 7.263832824226116314e-01 6.604367690715017281e-01 3.879523857615039262e-01 3.116144910176325555e-01 2.079376577264326620e-01 3.402125732677955261e-01 2.676831984589579383e-01 3.769989029707921935e-01 2.314012431950750182e-01 3.995250435719632787e-01 4.536431112680380240e-01 4.287440607364091383e-01 2.081667623223166230e-01 4.042116877768841543e-01
8.098000000000000000e+03 3.141136014444436686e-01 3.734233102150111838e-01 5.471040991850300017e-01 6.214630243461106707e-01 4.473338273553753575e-01 6.205380841651542134e-01 7.218059433067840480e-01 6.154559945716538971e-01 4.986509700074799323e-01 4.554933629047626109e-01 2.085289781481236004e-01 3.159327107140176838e-01 1.684342960223831898e-01 2.004021947192375919e-01 3.619699586049113793e-01 2.322943851059424136e-01 3.957661826676363015e-01 5.311273492746632074e-01 7.229650210480680350e-01 1.701330956818937479e-01
8.367000000000000000e+03 5.065972474849352869e-01 3.899175835409021129e-01 3.890737120616180045e-01 5.351494442507015448e-01 5.068382489789351464e-01 6.214421978806686786e-01 6.317634796033884115e-01 6.875309010684592659e-01 5.079039121164317105e-01 4.046602917094934693e-01 3.223261545457025701e-01 4.389213777639979219e-01 3.961762881379143897e-01 1.911457432849780202e-01 4.798740325776992832e-01 2.368732884385622295e-01 3.887755360043739228e-01 4.274717954614895565e-01 2.469407711526020455e-01 1.468097293295345107e-01
9.560000000000000000e+03 5.085641420515949473e-01 3.503956063907335272e-01 3.999557773160393181e-01 3.624349582988376506e-01 6.844052930906743271e-01 8.134004933162033435e-01 8.192447829885241006e-01 5.741779487545374261e-01 3.925761399440544919e-01 3.735236042751614027e-01 9.427351932427806280e-02 1.545523729609167007e-01 2.323573198916418781e-01 1.205586627971187846e-01 1.000000000000000000e+00 2.121938421213153958e-01 3.543409995163618320e-01 3.467873814525502252e-01 5.435104073871511732e-01 1.860416932827684833e-01
1.165600000000000000e+04 3.917676302216319684e-01 2.361774116506802912e-01 6.159339718985231693e-01 7.045526828308387168e-01 5.643056439251799006e-01 5.767805944324797540e-01 6.104685102463239810e-01 6.803487457126240479e-01 4.755115436072522850e-01 4.168178600537395528e-01 2.872931609246968110e-01 4.452050122056018799e-01 3.149441122755980427e-01 2.607271910655775682e-01 1.175772774361799472e-01 1.308450272030040606e-01 4.457625323213789126e-01 6.478251640127294930e-01 4.072521598724358483e-01 2.949810700777011352e-01
1.200400000000000000e+04 4.967435949185522448e-01 3.790569426063946645e-01 3.933138830223160687e-01 5.372351024550536813e-01 4.968614166826761380e-01 6.957049887663461218e-01 6.134427030553725180e-01 5.885054064282702058e-01 5.231500947598982654e-01 4.550894989649199029e-01 2.965846235420085408e-01 2.867209801317472939e-01 4.263428213445009662e-01 1.800425156071620847e-01 2.564128232870667157e-01 3.569901977048749453e-01 2.896200006943296934e-01 4.819357879222638807e-01 5.010009847417908890e-01 2.091036470022130112e-01
1.200500000000000000e+04 5.147475985124171372e-01 3.176626690914510776e-01 5.249351390973683307e-01 6.135156660876571744e-01 6.056018295466977230e-01 6.317933620176516829e-01 6.272770847755256840e-01 5.357263445317373973e-01 4.512464772886730091e-01 4.264478543642586938e-01 2.519904440128880041e-01 4.624604514285214907e-01 2.126764685275562561e-01 2.155922436225379546e-01 4.157839916012072701e-01 2.010453320531883636e-01 4.996092494232035608e-01 7.700839114839611588e-01 2.055461982502274632e-01 1.360588223349337988e-01
1.223300000000000000e+04 4.380427824986414254e-01 4.060443842218370292e-01 4.981294663975459613e-01 5.554169949358594982e-01 4.931303841357084772e-01 6.383807936976461095e-01 6.527533261484163019e-01 5.622777573652675276e-01 4.778307562543906983e-01 4.672431016366539458e-01 2.164538839345063748e-01 3.400615864641994834e-01 3.011147566907197981e-01 2.924092402615010577e-01 3.989069912063665790e-01 3.586435945015243321e-01 4.864586917965370017e-01 4.606552415647716670e-01 2.346247888229777423e-01 2.295886080368367277e-01
1.246400000000000000e+04 4.847535314418023322e-01 3.804688008241396968e-01 5.282412361331626505e-01 5.640805958578523072e-01 5.246434124796161003e-01 6.935081531421630752e-01 6.380779378170822191e-01 5.759944614270389174e-01 4.623602253055125733e-01 3.881763039702048057e-01 1.787316743482616765e-01 5.086760861473147433e-01 1.328828096070202858e-01 2.516333646498798982e-01 4.208031363268788239e-01 2.936567582777109831e-01 5.212691120231227604e-01 4.969980989084234468e-01 1.775109096140493337e-01 3.390047729824858247e-01
