4.070000000000000000e+02 5.116294413052721035e-01 4.572657085456209303e-01 4.573190187080289348e-01 5.095578039014770910e-01 4.755332852942558142e-01 6.851180071848306241e-01 5.662129339798537275e-01 5.564249980103201931e-01 4.988313687373582828e-01 4.450153647385968747e-01 4.496929576855047128e-01 3.919852669013124680e-01 3.746463648704161931e-01 1.134740021566843504e-01 2.889951160757550652e-01 4.291222858797403283e-01 5.297207877763678852e-01 2.754441379797610279e-01 2.213247190805000264e-01 1.892790073497237491e-01
4.080000000000000000e+02 6.001817302507673757e-01 3.599386334370874296e-01 4.930736845542232349e-01 5.838076974761204907e-01 5.891429091842305121e-01 5.730416705784939779e-01 5.828704291482289523e-01 5.024073755439381062e-01 4.350355099393173330e-01 4.764624511448111721e-01 3.655386966342887844e-01 4.199915166631632557e-01 1.489467521579189435e-01 2.605949934110868838e-01 4.976610418350380649e-01 4.146867912644366383e-01 2.943998558290286671e-01 4.044549197814915065e-01 1.901254125527051808e-01 2.477208126156039969e-01
4.090000000000000000e+02 4.880226198712114827e-01 3.870639453278018616e-01 5.624240473228676596e-01 7.058539039459826858e-01 4.863956841682667287e-01 5.925541529975513200e-01 5.203096942984126727e-01 4.305283753764542753e-01 4.714477183144721861e-01 5.379485175876920211e-01 3.442380245068377143e-01 1.685911542748409209e-01 2.605097037678101302e-01 4.446839977413172273e-01 4.298186178861035378e-01 1.792324634113241222e-01 3.792576861156968793e-01 3.188485808417574896e-01 2.143799702650011074e-01 5.315246031473691568e-01
4.120000000000000000e+02 6.797857136678147061e-01 4.512163142799303639e-01 5.980985982111030053e-01 5.552560752752029316e-01 3.614429439336708794e-01 4.920112869419370760e-01 5.845516713624593352e-01 4.383840931713748335e-01 4.529267778044500647e-01 5.088121615038614376e-01 3.864779897116006890e-01 3.994448621023017898e-01 1.689240939086998905e-01 2.340849577208945209e-01 2.388881098405111203e-01 2.310589607194899753e-01 6.992141623000479589e-01 6.280264636283685586e-01 1.488807790351129035e-01 2.421887124019873605e-01
4.630000000000000000e+02 5.353470409434886168e-01 3.528617370694211441e-01 5.524345310383899088e-01 4.395172112378839535e-01 4.646929471809905787e-01 4.889335968385010167e-01 4.977735042439185853e-01 5.615548293685724834e-01 6.138274619895155437e-01 5.641346611646030906e-01 3.179824736924160566e-01 2.045413806745969010e-01 2.375758535096741675e-01 3.679311623961042388e-01 3.820122088847342501e-01 2.202505643607435282e-01 4.932208313834461344e-01 3.904809574291902563e-01 1.563668987755300055e-01 5.347501482468053347e-01
4.980000000000000000e+02 4.866132707787508838e-01 3.849678604883782773e-01 5.020792278782593154e-01 5.767895813516951131e-01 5.372669149692856916e-01 5.217291562244079639e-01 5.979438402943142439e-01 5.278969115729887918e-01 4.934106567944989141e-01 5.232077743782533874e-01 5.878016585887200218e-01 4.015132615469669264e-01 2.142755969370493396e-01 1.505098344406834987e-01 4.314669366143270568e-01 5.929789966938474599e-01 4.068097697800844292e-01 3.777730714374833432e-01 4.914853278003507991e-02 2.836125862516519769e-02
4.990000000000000000e+02 5.019293449971591325e-01 3.806038778400445688e-01 5.381560340345058480e-01 6.312691420104425966e-01 4.205411092297630105e-01 5.893092856501502830e-01 5.323735998731199404e-01 4.819725731040856997e-01 5.108902333178563238e-01 5.562657864983768796e-01 3.841101485371546387e-01 2.659782438043528097e-01 1.930682440765525421e-01 4.413012259969341100e-01 6.787880663461481889e-01 3.155308939323164807e-01 4.094985779695370920e-01 1.748528248387611062e-01 2.117197572147368201e-02 3.421908901938376379e-01
6.250000000000000000e+02 4.390034104448885532e-01 3.048896507728426908e-01 4.099101064605381595e-01 6.093189792466170429e-01 5.204744843580227931e-01 6.444723421079370240e-01 5.842242607660117493e-01 5.642407474288619884e-01 5.367436894524681978e-01 5.532035634121673651e-01 2.688296720034945020e-01 3.190151265191252805e-01 4.384802038937403168e-01 4.660832962568456916e-01 4.925322350900310786e-01 2.354781169241652317e-01 5.247246763271373737e-01 3.090842271377836070e-01 1.504828075064806869e-01 9.823192869345008515e-02
6.260000000000000000e+02 4.049183980987914877e-01 3.095626298300468426e-01 5.633785293217242751e-01 6.083833685207338249e-01 5.296052900091600124e-01 5.692094287418482113e-01 5.705732018899652980e-01 5.275006101272630143e-01 5.412898810434400021e-01 5.469973111526713616e-01 2.927697245636292633e-01 4.860966792102473510e-01 5.189339732300140007e-01 5.064992916500472564e-01 3.006773839006216531e-01 4.125763105919594276e-01 3.311231018821381711e-01 3.098131821323516499e-01 9.397619230840770221e-02 2.118887009558840032e-02
6.580000000000000000e+02 5.629490353225913291e-01 4.053163330766711425e-01 5.852144854549582442e-01 6.409554894793493274e-01 4.402031368107832132e-01 6.419975543650977556e-01 5.203945629182651356e-01 4.731360216985037725e-01 4.539438224205722405e-01 4.704893819444347369e-01 4.909799994485335439e-01 2.718281244007240138e-01 4.965691806317012458e-01 9.073885105679477259e-02 3.405703975656206861e-01 3.001539423195853651e-01 4.253298930194976402e-01 3.845229306388242008e-01 3.887612734466537878e-01 7.839981008640814486e-02
6.730000000000000000e+02 7.278816566461522308e-01 4.515621308719039995e-01 5.702735173348117970e-01 5.061952971337081442e-01 4.591463032458342197e-01 4.918205393579897500e-01 4.587867742185411934e-01 4.149140705166441956e-01 4.740772932344306523e-01 5.383600458579924641e-01 1.131912843858676049e-01 3.203991729146002387e-01 4.399881177883551708e-01 3.907266565760603161e-01 3.084065003042593123e-01 4.035009741449179232e-01 2.067723360418547152e-01 3.911638979270622984e-01 4.031897842958586109e-01 2.985463860219019772e-01
7.210000000000000000e+02 5.164959003180643604e-01 3.868746479266672034e-01 6.606383717419876955e-01 5.486182810553171807e-01 4.260318709391263114e-01 5.346852685870043809e-01 5.261898685819024202e-01 5.161520882478218830e-01 5.051190510817835655e-01 5.204239436835232935e-01 1.977749008289569621e-01 2.821344790935935154e-01 4.623624316332911044e-01 4.059907143861847256e-01 1.801543729090546442e-01 4.131577093086098995e-01 2.873651174509189721e-01 3.350130543501459446e-01 3.338912370849275724e-01 3.835173518896443645e-01
7.240000000000000000e+02 5.475616122283473164e-01 4.002662909278611458e-01 5.352327307348700991e-01 5.501815588406197000e-01 4.531643666850611041e-01 5.300671095717047754e-01 5.472495386247280269e-01 5.387202953110796777e-01 5.269366091977631950e-01 5.009974327532257243e-01 4.121633478510186022e-01 1.824757721830920498e-01 4.706160881760214076e-01 1.943469599706714457e-01 2.882976664321165172e-01 4.040508667663461062e-01 5.974152046768986812e-01 2.602848679856478720e-01 4.088132586333415586e-01 7.270968851706892389e-02
7.900000000000000000e+02 4.584645699246173711e-01 3.838013158920474677e-01 5.315175205446875939e-01 5.398016275611002834e-01 5.015548651286259041e-01 6.366468256906898660e-01 5.349663471325152297e-01 5.847321375170200231e-01 5.417510287754363496e-01 4.577313361599163466e-01 4.220836044165136580e-01 2.361619726494336713e-01 2.868895812716790172e-01 3.805841794745500328e-01 3.527120512686922060e-01 1.599100680507120897e-01 3.945196619171554842e-01 2.471930138478758421e-01 2.916818960281235551e-01 4.787959927504347735e-01
1.987000000000000000e+03 4.152851929224526950e-01 3.552405361450297061e-01 4.387641325934579228e-01 5.116090564026611887e-01 6.155591625618478391e-01 6.277510115105361388e-01 5.787169907796455570e-01 4.906496257431997021e-01 4.799819831391651248e-01 6.258880812660114756e-01 3.124078556324140221e-01 2.338456427073578037e-01 4.276846343256332506e-01 3.681068923998637166e-01 2.840991299137881065e-01 1.081451841766182531e-01 3.445675864353904272e-01 4.359532181821561547e-01 4.080357884389713141e-01 3.743079543146102806e-01
1.999000000000000000e+03 6.385545142356320314e-01 4.882872463754625580e-01 5.637663628224253154e-01 2.958023974525501587e-01 5.131164100132862282e-01 5.551155408096701827e-01 5.906494619394869749e-01 5.039122091641983214e-01 3.987858060910303148e-01 5.450821287347937805e-01 1.921994639746645583e-01 1.078812939071073090e-01 4.477714528683780504e-01 5.457309939809122934e-01 4.253476548579078753e-01 1.685584620872107309e-01 4.945704147696786679e-01 3.294774058290312335e-01 2.207543938339314171e-01 3.907006317546643515e-01
2.441000000000000000e+03 5.955880835388740469e-01 4.009124163281130859e-01 4.213499992930404003e-01 3.584450096242513539e-01 4.628429556888954410e-01 6.100668874758164995e-01 5.473527753416479458e-01 5.454983073374208846e-01 5.689956626942526130e-01 5.583657108269810543e-01 1.307049601525445970e-01 2.808296287065889518e-01 2.929720399225205218e-01 4.203032035993766180e-01 4.817420973719262478e-01 2.794145268065278964e-01 1.545925955866304657e-01 4.138236234535481728e-01 3.026963159245715795e-01 5.026094202046943460e-01
2.547000000000000000e+03 6.442630216081511874e-01 5.017666441649181186e-01 5.614428810929784630e-01 5.418603750912833750e-01 3.769200005605030657e-01 4.438735873353189532e-01 4.576088870331785352e-01 4.582143541194143022e-01 5.337035010045074745e-01 5.384460707683311753e-01 2.937777438435153488e-01 2.390987499845320108e-01 3.506105919936278181e-01 2.009543935872910025e-01 4.673609985608739303e-01 4.858561424347552782e-01 4.192959306962806276e-01 2.242346982128939070e-01 2.524208047921837061e-01 3.126973134100831109e-01
2.665000000000000000e+03 6.879982162213794661e-01 4.547259218932456215e-01 5.336559861611773758e-01 5.342936302141039207e-01 3.808982761190854438e-01 4.868367994217853711e-01 5.674732660313509536e-01 5.131594646250443592e-01 4.734822224000073687e-01 4.803323170687761046e-01 2.969382934943928243e-01 4.281176859860735817e-01 2.982928771443921212e-01 1.222352200037831460e-01 2.708219867676839310e-01 2.494512918037442850e-01 5.833235307897599586e-01 6.494770613623946920e-01 2.718973502685743115e-01 1.917061198251651111e-01
2.666000000000000000e+03 6.139415471728397744e-01 4.303504772196535266e-01 5.353234897187773011e-01 5.044872829287923022e-01 4.252314385195815061e-01 5.960372258833388504e-01 5.515712244911836759e-01 4.901741255117462726e-01 4.895745973050338873e-01 4.964946605090785892e-01 3.736863679720549003e-01 3.204597310675910693e-01 1.427035907190185859e-01 2.174684715789021450e-01 2.931286969967030198e-01 4.292492891399906640e-01 6.411327289311539168e-01 4.423646769682173518e-01 1.745588315027752913e-01 2.913098082128112720e-01
2.667000000000000000e+03 5.730690061524916779e-01 4.208157320507769916e-01 4.933111243965134785e-01 5.356762187804927633e-01 5.115365665932374295e-01 5.624570951188908596e-01 5.096211020340666309e-01 4.960240511234412231e-01 4.968596997911700619e-01 5.264750428005713356e-01 2.804337105912042549e-01 1.807266997119371943e-01 2.459254711832676576e-01 2.531729294390159812e-01 4.811444200916028535e-01 4.926455471651746687e-01 4.518379132533755227e-01 3.283629351829181475e-01 2.858939734608528238e-01 2.757417967631162758e-01
2.841000000000000000e+03 6.862574428448279251e-01 4.914054252149664959e-01 5.145975707180820979e-01 5.346722347751989846e-01 4.609504582532558126e-01 5.158884607534111044e-01 4.721993904544903309e-01 4.394838358473889262e-01 4.953644254074225928e-01 4.919902552099821857e-01 1.603721312847828095e-01 1.548037785506463648e-01 5.403154705000843272e-01 2.712742545967505303e-01 4.079861187260108157e-01 3.342550450988445165e-01 3.334607502474881136e-01 2.720517838557967583e-01 5.102404387922697682e-01 2.827515099527450060e-01
2.844000000000000000e+03 5.845759772160562528e-01 4.665491384859354884e-01 5.743759902795373407e-01 5.531312121151450434e-01 4.189044910521496634e-01 5.777372168515639839e-01 5.607016150527021070e-01 4.318388934552225278e-01 4.704305221884315658e-01 5.023910102948554446e-01 2.458036580231828527e-01 3.841689468701841581e-01 3.312125522413509326e-01 2.002162341924135502e-01 2.080690512833983374e-01 5.268240063535092332e-01 4.090047150086666972e-01 5.094364423338423320e-01 2.919036996829338371e-01 2.077128977193151704e-01
2.845000000000000000e+03 6.223227247221796432e-01 4.556481105336069870e-01 5.463426350494536843e-01 5.380619109733126848e-01 5.031453681265918298e-01 5.816886200451405475e-01 4.492026049303953772e-01 4.813098008673806216e-01 5.097952832921094357e-01 4.538443886814207406e-01 3.274709438389961647e-01 3.476613070469363187e-01 2.162845281091973770e-01 1.442328420771412378e-01 5.557047042220963906e-01 2.830583045664919473e-01 4.985783809753630003e-01 4.631538792604082411e-01 1.877906079968302833e-01 2.689908233548444771e-01
2.893000000000000000e+03 3.148673173174621476e-01 5.401905380691983671e-01 6.014474238746406742e-01 6.418461412132958621e-01 4.513254135965897862e-01 5.892619043538054324e-01 5.339023706932972679e-01 4.968851005696230394e-01 4.986265638138402956e-01 4.874895890742337312e-01 2.365378676429226723e-01 2.237980872075007455e-01 5.404534329061011499e-01 3.166548459925795922e-01 4.061780771923921840e-01 3.268665411581003766e-01 2.686442069509058506e-01 2.334734850441180232e-01 4.570709715076782254e-01 2.322251261718198678e-01
3.119000000000000000e+03 6.019745128692678415e-01 4.372415734935651832e-01 5.271361186151766187e-01 5.058511873288704663e-01 4.354137591634462678e-01 5.537723573183218617e-01 5.874531137201624009e-01 5.169150164477929188e-01 4.579832900288428044e-01 5.066413344984537215e-01 4.251883215762303214e-01 2.142565455937852914e-01 2.722233566011887373e-01 1.478663214516612867e-01 1.075715119753724580e-01 3.602536093174376619e-01 5.814577820154132048e-01 7.460690242249858883e-01 2.990772038553631829e-01 2.324086623864231038e-01
3.121000000000000000e+03 5.631047380910050304e-01 3.978550956803172389e-01 5.413887182052662395e-01 5.960976912339490674e-01 5.265168971248063157e-01 5.616159011245863697e-01 4.835100749130383790e-01 5.255921932139661079e-01 4.823174495707023834e-01 4.842523503786694827e-01 2.472723104366074676e-01 1.983487673261969675e-01 5.607414223450601920e-02 3.643390645405923944e-01 4.665940259957542802e-01 5.556830519969994109e-01 4.733025991370827246e-01 3.710936992252720779e-01 5.058972267092058661e-02 5.090554768850581446e-01
3.343000000000000000e+03 6.290244370880785363e-01 4.619217276742381140e-01 5.192754422073257992e-01 5.365393622702655518e-01 3.492588944056537748e-01 4.437591332096080809e-01 5.447568120676363757e-01 5.106193109839310962e-01 5.217081974817296963e-01 5.481447029965073048e-01 1.906435450678209687e-01 6.886663623429085945e-02 5.959432296799884732e-01 3.727485745225773139e-01 3.610305380230247052e-01 4.954765585273255279e-01 3.346722200285088267e-01 1.504600582160443567e-01 3.490470451577826205e-01 3.345637732238287976e-01
3.344000000000000000e+03 6.131926985013209652e-01 4.119566146074705171e-01 5.267248515554737720e-01 4.592523763775317458e-01 3.743439088259375991e-01 5.594169353531222022e-01 5.377875271913117317e-01 5.361607965504076034e-01 5.582063857375244575e-01 5.143888638836797700e-01 2.713769772071491018e-02 5.963906605133327821e-01 3.855907488070166589e-01 3.162197031054413965e-01 5.273137133111455155e-01 2.236814958628738359e-01 1.500990593213762103e-01 5.374397048274799360e-01 3.154508865094672321e-01 1.986383098005574943e-01
3.346000000000000000e+03 5.487240279348738481e-01 3.543840668740282362e-01 4.653676593173146636e-01 5.837544908267523480e-01 4.593096585597532533e-01 5.682797588814851864e-01 6.020927749798883344e-01 5.215156938250391505e-01 5.667868879686319694e-01 4.824766881262110285e-01 3.436967603896968204e-01 3.482502664052975483e-01 5.122455657582088984e-01 2.103056022082846754e-01 1.221375113312490601e-01 3.807066281238799532e-01 4.859588051047450952e-01 3.218149945799741452e-01 3.941843812728187957e-01 1.743824128115628869e-01
3.347000000000000000e+03 4.855551438719715174e-01 3.701520860879101149e-01 5.670619442184784420e-01 5.729594405502995702e-01 4.867822104005254391e-01 6.187417296108560505e-01 5.476020377424734020e-01 5.850900646409201711e-01 4.817504241043137903e-01 4.701867127068030117e-01 3.341497598103016498e-01 5.768718319375707448e-01 2.611408830287292870e-01 6.750686497505106742e-02 4.634812584953190151e-01 3.916349890714297399e-01 3.553674315877672352e-01 6.615817198952461675e-01 1.836503763422969171e-01 5.260191031457982919e-03
4.008000000000000000e+03 4.448253986312473707e-01 4.655905967644321519e-01 5.640873619489507051e-01 4.498711417746384389e-01 3.416613605029036327e-01 8.056474613952925301e-01 7.198173913453160822e-01 4.780092423203538554e-01 5.050077241270404249e-01 4.236408528818000341e-01 3.002031353601912200e-01 3.716975527511659494e-01 2.355751229874933073e-01 1.900410265247238772e-01 3.533858678480934490e-01 4.029170514333573760e-01 5.006729120604072047e-01 4.923928875897672919e-01 2.584658788991419098e-01 2.079956510973951234e-01
4.590000000000000000e+03 7.622388443605149222e-01 4.686990257368972568e-01 5.835032227763866652e-01 4.660598881201946653e-01 3.427003668672320980e-01 5.024018725748875536e-01 5.585225384324363773e-01 4.669570139344336734e-01 5.315193300577130131e-01 4.243618072846900846e-01 3.046509386903577532e-01 3.565937436018803974e-01 3.429600156183320037e-01 2.188868695188989633e-01 3.191831816095177521e-01 3.248302296484125162e-01 4.942158248576548063e-01 4.296867339792680984e-01 2.511529764673455789e-01 2.644638568240792464e-01
4.591000000000000000e+03 6.395274963531583090e-01 4.749918182865355276e-01 4.835433321445784527e-01 4.757255578542672891e-01 4.508504048535255659e-01 5.983145294630387578e-01 5.080300366345265051e-01 5.658702112884255175e-01 4.344742479747827901e-01 4.889928791613941672e-01 3.116909669125926818e-01 3.696966812440630745e-01 2.434960978616573513e-01 2.788148759213201489e-01 3.728791067757605271e-01 3.639791020137647659e-01 4.336563541444398151e-01 4.239169644602251985e-01 2.540135729090999828e-01 2.384637364500291346e-01
4.592000000000000000e+03 6.333046938537549853e-01 3.899231458025292918e-01 4.766156305291311956e-01 5.735060134064896564e-01 5.236330700258416959e-01 5.256187870756744429e-01 6.088298400790742582e-01 4.413749232868110495e-01 4.956731070984561338e-01 4.883025723462916523e-01 3.167291013188530124e-01 2.683138108557349133e-01 2.957501114196359748e-01 3.315800060782662650e-01 4.030278856371035667e-01 3.060215370146233127e-01 4.189379821473568910e-01 4.185967249919456679e-01 2.209705251045859520e-01 3.137680592974094740e-01
4.593000000000000000e+03 5.308978135978442703e-01 3.818623793314340764e-01 5.623579495029533692e-01 6.464678956018036216e-01 4.520240367618028055e-01 6.313105502234234168e-01 4.577428386243977410e-01 5.078534055792023327e-01 4.918567921140004628e-01 5.076378605304584513e-01 2.181153723485863005e-01 3.159486981357881863e-01 3.457365907610273625e-01 3.635715133532195775e-01 3.456354207546985524e-01 2.925064338796341534e-01 4.119253446234410476e-01 3.746500501248459236e-01 2.949646265654271571e-01 3.329510645063226693e-01
4.596000000000000000e+03 6.229942328841804322e-01 4.178016468759037094e-01 6.212029863848487210e-01 4.748357056236772178e-01 4.417182549839412387e-01 5.088880360492907817e-01 5.262723312432617817e-01 5.190323001313034146e-01 5.301184179919935513e-01 4.619567902275935056e-01 3.382157829099372015e-01 3.348270126449249262e-01 3.016616842272962784e-01 2.802777520431877223e-01 2.949630694576504952e-01 3.285120126771175486e-01 4.871207168040582181e-01 4.859737546786412898e-01 2.599832556659751881e-01 2.069145397089269256e-01
4.684000000000000000e+03 8.068653569994613806e-01 4.174267652553141916e-01 5.370948261290811043e-01 5.047742958232130928e-01 4.139956967128941012e-01 5.208434215138092460e-01 6.044636089272437118e-01 4.288898206668417257e-01 4.369786155671754879e-01 4.690428692182135872e-01 2.930200109394782704e-01 4.203953135950903586e-01 3.539699457570293362e-01 2.501843312621863102e-01 1.542732958722176917e-01 1.488683289057611547e-01 4.850552202755402664e-01 4.948718446968580209e-01 3.520598981781050130e-01 3.745962705930300785e-01
4.705000000000000000e+03 5.246262302424907764e-01 4.195746772984964013e-01 4.844391898563658594e-01 3.600038270366198723e-01 5.916484070337407752e-01 7.162332281730104944e-01 5.004044657293443832e-01 4.647559815241021908e-01 5.137293785222877274e-01 5.490778874337459703e-01 2.881271906115649983e-01 3.305931035293782627e-01 2.396195900873321905e-01 2.680450056660958480e-01 4.076382116416885637e-01 3.239039252268369196e-01 6.064536177922899007e-01 3.796951565215760938e-01 1.911006205120349966e-01 2.796293424567347641e-01
4.709000000000000000e+03 6.310822098962184379e-01 5.027044612003065405e-01 4.572696272421336028e-01 4.428648535155025323e-01 4.082608816165339549e-01 5.473214300436791691e-01 6.787285533553577554e-01 5.131748749923326081e-01 4.988059409509980058e-01 4.379976281591621001e-01 3.216351029989727994e-01 3.326186552799888507e-01 4.354312023491407335e-01 2.286387685190883756e-01 2.510693925131536330e-01 2.751240893976999446e-01 4.050239887244941883e-01 5.752087603494568935e-01 2.273134540002646475e-01 2.750752698636468319e-01
4.748000000000000000e+03 4.946603824801915628e-01 3.671825700599212761e-01 4.827263131187269352e-01 4.927888960086674319e-01 6.184939936879844113e-01 5.829588830529840449e-01 4.667544274857496900e-01 5.583226112959888132e-01 5.560562807613121938e-01 5.146647238503061494e-01 4.010459157933587981e-01 2.602503888528963083e-01 3.003791694248386657e-01 2.873047117748749324e-01 4.476656454069204982e-01 3.842356617519404050e-01 4.064976434762577751e-01 3.306862641512526846e-01 2.042012305944489181e-01 2.392519807620456795e-01
4.775000000000000000e+03 5.781611177723402495e-01 4.563260135619710556e-01 5.607653901851664680e-01 4.817556887065991278e-01 4.189465806963287298e-01 5.662762144304596124e-01 6.084253100486708421e-01 4.876771900348397804e-01 4.931791343475724343e-01 4.811645435708097884e-01 2.700041443288802023e-01 3.833790313194896382e-01 2.785185145005720786e-01 3.424729928179484628e-01 3.013719441110155883e-01 3.186006168963438911e-01 3.946810411456416201e-01 5.179707780785622884e-01 1.884142413860421805e-01 3.194902668540715029e-01
4.777000000000000000e+03 6.117662531387643154e-01 3.987104798005092210e-01 5.486300564209311004e-01 6.338635924475585215e-01 5.717383147969136159e-01 5.496518456719550194e-01 5.545800921084751423e-01 5.126619825771870920e-01 3.846520560894580165e-01 4.458349333335446807e-01 2.482011985589886172e-01 3.725873564015361183e-01 2.657225095630919576e-01 3.127426909371165964e-01 3.135944183189726675e-01 3.656503219562893259e-01 3.284678119904427263e-01 4.761243149044210865e-01 3.188577701301060219e-01 2.904695314400191908e-01
5.272000000000000000e+03 6.756052684106116368e-01 4.812954788955172702e-01 6.369056806209524302e-01 3.763658893943973016e-01 3.406279827556997764e-01 5.158246535993249449e-01 6.218411416076844445e-01 5.236843138003447473e-01 4.948676020701904266e-01 4.395799585379686625e-01 2.346061845864249318e-01 3.717235236535675891e-01 2.188626157081639823e-01 5.307763136768148815e-01 3.570694464202782137e-01 3.356084573385298420e-01 4.119893857150386252e-01 3.271507525994342691e-01 1.288534985180239678e-01 3.720559242963081270e-01
5.273000000000000000e+03 6.654534532523944668e-01 5.239288020675577640e-01 4.142628928847841285e-01 4.878326254261123318e-01 4.768033586686419301e-01 6.821313837892043486e-01 5.883569047943573160e-01 5.352410919795272948e-01 4.615283791008368275e-01 3.433872017503396545e-01 3.028058669982101048e-01 2.334473068798487427e-01 5.179928705184951854e-01 2.967756849157513477e-01 3.598041237871100750e-01 2.736730547351842735e-01 3.095503205782408340e-01 2.461949242163420648e-01 3.368956887565076053e-01 3.698475304544177611e-01
5.321000000000000000e+03 6.200824477967920023e-01 4.331389411084324848e-01 4.717129056226795902e-01 5.138731088299470784e-01 4.102681812186763088e-01 6.000970310052551326e-01 5.299244388639321457e-01 4.638709019888251905e-01 5.060073837090559579e-01 5.528688408673996246e-01 2.102303592754807826e-01 4.438560503102974009e-01 3.933468890957173558e-01 2.091021907230876387e-01 2.893597410603403475e-01 4.198137212862091405e-01 2.800813125168163387e-01 4.430286314882121435e-01 2.600718605188937493e-01 3.277788007134754267e-01
5.324000000000000000e+03 5.518979290030366913e-01 4.161238395529769929e-01 6.314962247598724376e-01 5.945166025058608028e-01 4.284975096740861744e-01 5.722628493025977425e-01 6.341571421954744769e-01 3.964129127285975218e-01 4.853150967876061483e-01 4.733494140987635213e-01 2.201647576234132264e-01 2.968308151983775622e-01 4.677609071922610440e-01 1.817228362175555001e-01 3.700486140239911959e-01 3.157681859360537691e-01 5.121219772666729675e-01 6.158221064495785768e-01 3.529613721080135935e-01 2.438953057660756332e-02
5.481000000000000000e+03 6.984983904884749517e-01 4.171481067817409683e-01 5.062298548927592901e-01 5.134897558849186305e-01 3.924731143612516515e-01 5.887490538962601994e-01 5.027794306394386403e-01 5.188372201467839062e-01 4.657173368432528937e-01 5.131360078773224975e-01 2.832723905307116263e-01 3.948587369456315055e-01 1.532321294510227139e-01 2.228981191774117854e-01 3.826016154929300361e-01 3.761085696270808909e-01 4.973617260462500078e-01 5.845812023146107483e-01 1.354203727843840688e-01 3.005135619786175605e-01
5.482000000000000000e+03 5.653065488065984745e-01 4.059727997333954508e-01 5.104585874171542192e-01 5.105261066809680948e-01 5.138966920181765596e-01 5.189539288324088728e-01 5.524479355491976884e-01 4.763677202978290337e-01 5.223270143123337483e-01 5.389673474895381178e-01 3.269099224093700573e-01 1.756620167974367319e-01 2.297824168251788313e-01 3.273394810035057945e-01 4.002163959610292032e-01 3.436074046946621108e-01 5.561151313732239920e-01 2.563296344241711711e-01 2.703137991587187816e-01 3.984252226776877626e-01
5.484000000000000000e+03 5.349118501753687971e-01 3.890186975549232429e-01 6.016350770677025839e-01 5.439579062756225714e-01 4.742633701691454373e-01 4.912594040088892333e-01 5.537932094358593016e-01 5.533201214944736268e-01 5.204141668631006024e-01 4.805818285481214258e-01 1.871660130229628183e-01 3.346191046579343187e-01 3.461614444700408244e-01 3.125261027206658881e-01 4.123302765244813428e-01 1.432158762149367826e-01 4.022675898320485222e-01 5.400284963284758266e-01 3.698407717932185035e-01 2.763992686414105115e-01
5.485000000000000000e+03 5.239560169881629648e-01 4.686121154456717730e-01 5.283226416726435337e-01 5.864572364862640219e-01 4.130745801735149492e-01 5.635273938685808615e-01 5.829200552986947281e-01 5.302123068000174078e-01 4.779616410813430361e-01 4.726099760375802039e-01 2.704688066817244607e-01 3.506884121707559698e-01 3.143961205362024169e-01 3.591638310279666180e-01 1.824167899810221205e-01 2.679658594720472076e-01 5.132312650377534036e-01 5.460302589547278984e-01 2.464720602886698031e-01 3.009041062090030416e-01
5.961000000000000000e+03 4.591139714385708559e-01 3.353858870754451438e-01 5.362982169408651023e-01 4.847142819550719905e-01 6.227791750903829415e-01 6.620429003031000903e-01 5.926433819670553493e-01 4.898375220973613664e-01 4.382713353619149266e-01 5.648025374795451192e-01 3.383006882300474971e-01 2.978902998570876481e-01 3.486614450537728338e-01 2.926228494312342887e-01 3.602420010079155910e-01 2.612402866935243928e-01 4.455238691633957027e-01 3.770411696708954596e-01 2.410051961436381895e-01 3.261634329298861434e-01
6.637000000000000000e+03 5.515641948235865399e-01 3.820223961958683634e-01 4.436531240822441102e-01 3.560491057765738931e-01 5.160351271060047429e-01 5.799620188492727868e-01 5.070661300212939704e-01 5.339100153372776658e-01 6.232445027282379479e-01 5.672314619439607908e-01 1.020486581836592826e-01 2.810319543178005364e-01 3.716800440703199593e-01 3.634191276502640178e-01 4.253438242104097822e-01 3.017488922016682840e-01 2.991830773551937273e-01 4.334903653014538505e-01 3.966717354721274180e-01 3.202354410099437776e-01
6.640000000000000000e+03 3.870072338837608483e-01 4.564424899611410624e-01 5.649009231206829629e-01 5.172776580146506431e-01 4.628203961681682244e-01 6.916048023042026260e-01 6.071098194326343123e-01 5.608361440307926271e-01 4.857130733639680176e-01 4.520884356181623098e-01 3.370564948344000333e-01 4.156043235913919331e-01 3.104280405273471266e-01 1.803527973165759413e-01 3.391749261056295484e-01 4.306578294581460686e-01 4.699976307920920027e-01 4.520635133056071786e-01 2.712567544189453672e-01 9.083092682258976647e-02
7.022000000000000000e+03 6.386677372275411102e-01 4.979529222634605512e-01 5.719753099648732242e-01 5.294932892060784102e-01 3.888542563622098269e-01 5.946387995738710019e-01 6.236298908549388065e-01 4.287162625049698028e-01 4.577985417141534064e-01 4.297877807938778050e-01 2.868086800137271686e-01 3.778327408117778119e-01 3.506487911786197453e-01 1.729272433085654592e-01 4.605920328560472732e-01 3.179079320539375808e-01 4.403573485234184015e-01 5.288007726645973516e-01 2.347729158446848208e-01 1.384608545530986168e-01
7.029000000000000000e+03 5.137621948551999163e-01 4.059504167011115938e-01 4.666105654663924018e-01 5.783089961795876421e-01 4.777495896022133093e-01 6.855218812338844669e-01 5.858571846094756674e-01 4.879094802747603321e-01 4.813445360559552855e-01 4.956161137086125823e-01 3.589943500618263394e-01 3.053394706620899957e-01 1.579359305895113585e-01 3.314295110604399408e-01 4.403710331955306145e-01 3.093952609769042295e-01 4.834257387454876098e-01 4.070163953882413588e-01 1.499528921865798947e-01 3.482063682858783649e-01
7.640000000000000000e+03 6.852338250267419051e-01 5.064168380315046125e-01 3.607771601526545968e-01 4.808273517687957077e-01 4.151855540845091896e-01 6.256319678931080430e-01 6.513550114374156985e-01 5.839293066083219852e-01 3.963258549795896646e-01 4.359128608316830689e-01 2.838925861552045737e-01 3.160031841341693903e-01 3.503179362769071048e-01 3.637194406032255301e-01 4.692159099894529506e-01 3.184167494829494016e-01 2.652287056715880720e-01 2.109621353176741598e-01 3.418310465251616082e-01 3.034782060893189692e-01
7.712000000000000000e+03 4.634418564727735834e-01 3.551943920366588681e-01 4.261912432299495568e-01 6.432012108403231121e-01 5.565048643734097356e-01 6.451078448938416532e-01 6.324093493398000865e-01 5.295153413285761390e-01 4.962737151933226953e-01 4.650234053848951721e-01 2.513169331098756287e-01 3.456378818068570613e-01 2.991345687361661732e-01 3.521139608086921724e-01 3.980136789659694529e-01 3.038046549314240563e-01 4.842489436391915203e-01 3.824427666058351494e-01 1.979132935722594799e-01 2.883522487689791358e-01
7.717000000000000000e+03 6.308312332891916618e-01 4.837999814684373900e-01 5.456067910941443388e-01 5.286051974968647427e-01 3.707946980195778730e-01 7.374681555053921311e-01 5.004185767645402683e-01 4.834983492833216379e-01 4.089568379505891249e-01 4.741941556582167649e-01 2.617323214644498575e-01 3.532819977392890332e-01 2.475644533493054356e-01 2.006408011707447037e-01 3.242226007467851057e-01 5.953487825515236809e-01 3.523073013043326873e-01 3.421094458864614163e-01 2.626593623490270923e-01 3.200301413954333984e-01
7.769000000000000000e+03 6.975222664779971993e-01 3.678316006757379464e-01 6.080348889851713290e-01 5.357458445281515491e-01 3.375707204009927853e-01 7.439663364033408666e-01 6.660467586261270556e-01 3.626577459054260433e-01 4.764909504905277537e-01 4.241423419285108021e-01 3.321113981915764790e-01 4.774867287219941581e-01 1.263152503779949309e-01 1.932154642800227307e-01 2.831429212505312543e-01 3.080224801140803992e-01 4.895251119376755611e-01 6.201779794556637748e-01 2.258582162056760045e-01 2.757454819683709535e-01
8.733000000000000000e+03 6.004877197278536416e-01 4.303191624717759844e-01 5.064762313507178426e-01 4.789426253392662924e-01 5.129938222312168117e-01 7.084474517749960176e-01 5.516182967682758953e-01 5.062374480136501154e-01 4.431683340082921974e-01 4.460206842726304743e-01 8.897696234870885457e-01 2.000099271688887681e-01 2.600137491096215503e-01 1.841562876556194495e-01 2.537495174709279433e-01 2.730081316034835837e-01 4.768540173524447590e-01 2.645444025913074593e-01 2.573377013232318600e-01 1.638994226900070683e-01
8.734000000000000000e+03 5.730533039650920202e-01 3.996478626239536869e-01 4.698817661140289315e-01 6.289920321836124373e-01 6.158464652596975508e-01 5.625353396446407528e-01 5.286079972487193190e-01 4.430154781624637272e-01 4.398532702186779275e-01 5.159139267483330293e-01 2.155449522922751049e-01 3.685859141360093294e-01 2.793118766415133014e-01 2.788304508211855715e-01 4.024375383855887667e-01 4.482987410459633448e-01 3.416555578971856022e-01 5.418420171781066497e-01 2.120870037114876427e-01 2.174710775263383744e-01
8.739000000000000000e+03 6.150470182418978915e-01 4.497014170463853322e-01 5.007512300010927841e-01 5.077428677231131671e-01 5.069707402721977951e-01 5.751655972578255671e-01 5.557489629200613734e-01 3.956967286271326212e-01 5.013528154108448653e-01 5.187742471176830517e-01 3.973306520419258581e-01 2.474934477729669458e-01 3.803029181331163411e-01 2.193255222034016516e-01 2.615958557581826160e-01 1.875764570860846692e-01 3.712421279641562322e-01 3.517740109973376272e-01 3.835200920899659027e-01 4.667305006400176981e-01
8.913000000000000000e+03 7.042717800489260993e-01 3.037135343383605690e-01 4.047506359155598754e-01 5.971362796324349853e-01 5.176332088585169355e-01 6.000936832805566779e-01 4.084839839142304641e-01 5.410879740979094299e-01 5.829389161810748510e-01 4.803516043790908019e-01 3.956994718159062563e-01 3.177892982470513217e-01 4.305931179700681066e-01 2.297372868864027695e-01 2.797200561232677796e-01 3.025097093701418771e-01 4.109420775115715241e-01 4.277895516542324361e-01 3.258288780266638263e-01 1.692864119881930529e-01
9.240000000000000000e+03 6.983813107010544696e-01 4.987554990976876268e-01 4.658623128229768540e-01 5.472745639601003242e-01 4.512310096058236852e-01 6.265186869204822928e-01 5.632566623987100840e-01 4.979854135535161652e-01 4.025616738275243911e-01 4.176390457878499385e-01 4.859708298532782189e-01 4.093768328096780151e-01 2.972325398325384449e-01 1.945383025868695770e-01 4.446831672365965660e-01 3.203075782381930026e-01 4.417827312236239368e-01 3.462919154845334746e-01 1.890358919374746094e-01 1.246862027648912435e-01
9.348000000000000000e+03 5.684582253078516167e-01 3.812418754479918181e-01 5.609719654424849544e-01 5.297812129890907551e-01 4.876017179688638681e-01 5.667671177276918382e-01 4.916972728804513415e-01 4.660784194209829923e-01 5.282868660051414089e-01 5.445091394470937818e-01 4.299630237580238656e-01 4.443374557594149676e-01 2.282726140747299848e-01 2.245479402763933541e-01 3.465524982088211137e-01 3.109513587977731364e-01 3.973939321329618690e-01 3.118418369566367532e-01 2.301908677174780149e-01 3.214468515734186238e-01
9.357000000000000000e+03 7.814692626393259234e-01 5.183391028119264110e-01 5.279857205549116639e-01 5.085829161130768217e-01 3.812553866673559777e-01 5.358189116590676981e-01 5.679102711120639357e-01 5.083306096988805534e-01 4.181679922658547710e-01 3.928024947482215978e-01 4.284434981419108501e-01 3.437830568685422139e-01 3.931201973841662034e-01 3.800222899008535715e-01 4.088556277736526967e-01 3.202845886024958677e-01 2.084438782401799306e-01 1.154937825658262918e-01 2.854940010742415546e-01 3.012092623838276695e-01
9.365000000000000000e+03 6.199603866991065804e-01 4.328379538018983230e-01 4.110787101196186066e-01 3.278142922527062519e-01 5.791521675513972012e-01 5.671016053322788242e-01 5.920311693784802154e-01 4.802163409268126459e-01 5.221042716177607401e-01 5.494819792237650713e-01 2.511623574167437534e-01 3.000785292411310978e-01 2.581004034614340914e-01 2.084558165127947671e-01 3.484197976253479712e-01 3.738914385786263894e-01 6.974632651039519571e-01 4.317698948904597489e-01 2.300086535604573545e-01 2.469073500711251867e-01
9.569000000000000000e+03 5.859839705286951084e-01 4.277430590612260608e-01 5.511028046303478867e-01 3.784749349237650495e-01 4.203715893974365181e-01 5.297237453791672213e-01 5.266256280466193873e-01 5.211188618686239948e-01 5.242044246863550860e-01 5.913141890383039057e-01 3.148922905458196309e-01 3.983653635479385002e-01 2.188224254124289114e-01 2.247800580034117202e-01 3.759098031683028585e-01 4.136251738356814811e-01 4.231700753902666312e-01 5.664764891515989831e-01 1.989640395011196827e-01 1.780108248062795551e-01
9.588000000000000000e+03 5.579872872159487018e-01 4.045296877421553083e-01 5.383588732922799380e-01 5.199617021580482668e-01 4.270348230106602028e-01 7.378198383294027884e-01 6.191990541121994429e-01 4.995421604357965784e-01 4.186611355214507335e-01 4.766388935675014427e-01 3.622297270217717524e-01 3.143506990235899190e-01 2.103233828816546136e-01 2.923400138108627755e-01 5.611731135234651058e-01 4.568648900070058638e-01 4.963062241136382280e-01 2.397898673991800400e-01 8.634078687700258437e-02 2.330972903863003376e-01
9.799000000000000000e+03 4.679068936847167182e-01 3.880454280219921004e-01 5.655996304883860182e-01 6.266877553552578917e-01 5.093842166682032158e-01 6.106760303949920754e-01 5.742216306482302857e-01 4.767207826100482992e-01 4.753893957534031101e-01 4.983441780755709094e-01 4.429094875773024187e-01 5.603429957906119752e-01 4.320515175521605911e-01 2.648798835123540307e-01 3.649179881636180900e-01 1.579838038145882917e-01 3.228405171369863602e-01 2.644721813611992101e-01 2.055631124582083524e-01 2.104167584937634561e-01
1.002500000000000000e+04 5.908917295749508414e-01 4.455241234875379486e-01 5.537305742079495774e-01 5.027622596752463480e-01 4.668058780530759955e-01 4.782394644444017406e-01 4.849840707719396127e-01 5.164192859612314335e-01 5.121022861062393128e-01 5.367246915413369512e-01 3.151313786401775952e-01 5.870739892536074311e-01 2.634642846846404485e-01 2.884597212250422094e-01 1.900874672170545787e-01 1.437593301071022900e-01 4.786677374411486552e-01 5.848067581935779691e-01 1.663349898520584957e-01 3.180284046716724822e-01
1.002600000000000000e+04 5.869953387565792768e-01 4.311369609568437289e-01 4.873803138791981127e-01 5.751264907587710917e-01 3.977986217289927739e-01 4.848886116622282971e-01 5.362019458149598350e-01 5.180382006564713260e-01 5.390448136030621118e-01 5.345704844737577677e-01 5.805893864454808595e-01 3.179742670518312386e-01 3.417735519051770532e-01 1.491242079167316159e-01 2.111094225732189633e-01 3.815802961505500579e-01 6.326044080729916752e-01 3.391951792100540430e-01 3.382675513896498676e-01 0.000000000000000000e+00
1.002700000000000000e+04 5.773196232316974985e-01 3.884704027207048216e-01 5.620746985884033098e-01 5.107647744848680116e-01 4.124202611506060934e-01 5.499770753220306618e-01 5.464634538376409445e-01 5.559033777069503079e-01 5.428076834231716497e-01 4.823325297058552730e-01 3.304718831211737595e-01 4.340159632163274606e-01 2.168621372881128773e-01 1.990397001149619427e-01 4.999333488453390761e-01 5.664615073610753671e-01 4.045020806105430466e-01 6.286661478378899881e-01 0.000000000000000000e+00 3.328995902865128365e-02
1.008800000000000000e+04 6.020388012159965108e-01 4.158935040983061660e-01 4.516613488986779279e-01 5.350115684990156550e-01 4.343829506127082629e-01 6.100206893077013692e-01 5.268048778554969003e-01 5.668481486092384891e-01 4.947048370401686546e-01 4.935936436183772646e-01 2.936230332890458206e-01 3.023200015399093443e-01 1.724750562222008565e-01 3.044923074893484127e-01 3.184387912763237405e-01 3.254347346389305229e-01 5.272714421134011564e-01 4.195557224980064892e-01 3.062910743544423053e-01 3.423422566311214443e-01
1.039800000000000000e+04 5.810138020278100557e-01 3.658434836157999914e-01 4.956757270648044500e-01 5.552508510932708807e-01 4.593800565676440240e-01 4.556129731883479250e-01 6.035458925432566346e-01 5.208407984024896464e-01 5.360756372405032222e-01 5.386834308819324901e-01 2.586737760352696980e-01 2.588797283937663285e-01 4.019428007682085413e-01 2.340636278753605859e-01 3.151292906593197163e-01 2.696203798420163111e-01 5.453066201484926268e-01 5.891828614974562450e-01 2.628695319707579636e-01 2.243394159647418284e-01
1.063000000000000000e+04 2.763638284641892207e-01 3.045950107546179786e-01 5.724117509468692466e-01 6.109393077283685747e-01 6.289077768156702275e-01 6.817592467116007082e-01 6.214862933456163363e-01 5.176513120023594761e-01 5.123433392920589968e-01 5.116835015661391761e-01 2.492618599184166506e-01 3.565586622366564984e-01 4.333849647277686623e-01 4.359098596855290886e-01 4.408358614483509075e-01 3.093059017871916949e-01 2.624726023604060932e-01 1.559175345858061501e-01 3.497080895207477225e-01 2.281209805050575801e-01
1.064800000000000000e+04 8.008333814238522974e-01 3.998493332945894374e-01 4.674486389490084548e-01 5.560363168947234369e-01 4.362167860712030110e-01 5.492220947625491290e-01 4.954844917955248396e-01 4.144255145160188891e-01 4.946837624459267668e-01 5.046847872145064917e-01 1.991452820984943584e-01 5.051699071819993891e-01 3.995868381117640422e-01 2.788662229920154667e-01 3.063815985015326260e-01 1.887833861401236324e-01 3.824576378695613288e-01 4.128216709068889823e-01 3.145171768526402456e-01 3.047396595327468982e-01
1.064900000000000000e+04 5.492040291145845465e-01 3.809380897567209434e-01 5.542393619668141147e-01 5.621621229201594350e-01 4.820468247048185217e-01 5.161789397296508985e-01 4.339156423333027091e-01 5.135074325136045337e-01 5.163070204612558722e-01 5.901640603538935714e-01 4.340940401817720007e-01 4.037297366769439511e-01 2.862989157522513040e-01 2.476469173392759904e-01 2.275385104175896289e-01 2.557120630990307730e-01 3.971035894607548578e-01 4.828566458711168186e-01 2.778620594730185633e-01 2.784314316076252904e-01
1.065000000000000000e+04 5.059390630469161598e-01 4.263800259335657761e-01 5.349274934760844813e-01 5.837126853388466818e-01 4.258375284534389738e-01 4.213888137931743882e-01 5.257030786442573600e-01 5.168582246771739053e-01 5.941625521946967137e-01 5.439321309574913776e-01 3.810808185491930122e-01 3.347696030116136257e-01 2.916587143423393647e-01 1.895946405760603748e-01 3.226175179126263282e-01 3.025065151956063403e-01 5.145266516280387892e-01 4.853660450922457903e-01 2.882588459154685201e-01 2.021361194065300904e-01
1.077200000000000000e+04 6.386915875416533384e-01 4.318752600120733254e-01 4.928043617413295774e-01 5.529040360958069611e-01 4.699209291336000627e-01 6.753923079134471763e-01 6.957664698576454532e-01 5.106442532172769111e-01 4.535877112184271698e-01 3.196535342711833705e-01 2.795644853921823159e-01 2.678892923595950215e-01 3.225802928377659029e-01 3.150687247843481087e-01 3.100579474882616537e-01 4.093106426279810584e-01 3.563011082484093262e-01 3.647455710734017198e-01 2.508373421350698629e-01 4.013112101130024145e-01
1.170500000000000000e+04 5.702116209732880359e-01 4.984698546928225116e-01 5.446915204397043686e-01 5.292804562005708480e-01 4.192595300940759051e-01 5.298275262044433997e-01 5.448897691266628707e-01 5.151645418068042659e-01 5.004404413589391698e-01 4.667118808846011935e-01 2.915036101173540395e-01 4.343163293466821839e-01 2.172693319899125508e-01 1.100226659057541717e-01 2.493773704525187318e-01 6.606177126919910991e-01 4.561348346326313252e-01 4.866705818544861395e-01 2.625112029741785147e-01 1.326850737386724710e-01
1.170600000000000000e+04 6.507909430770102421e-01 4.264132512671705011e-01 5.143296661860785601e-01 5.274275723604017196e-01 4.483233599310422202e-01 5.532259721187483548e-01 5.373560503719314596e-01 5.069452116908403916e-01 4.619045057339458693e-01 5.030260914866814259e-01 3.872855099822223868e-01 2.491289435620688830e-01 1.345522401218972597e-01 1.985545124360408864e-01 7.021506017555690926e-01 3.318661487908924901e-01 4.899907769171120697e-01 4.382324644241988310e-01 1.190276312642074424e-01 2.274231335169540902e-01
1.175300000000000000e+04 6.999638493292604791e-01 3.953519314637804483e-01 5.429357716769160902e-01 5.121837034649296960e-01 3.694434596749567312e-01 4.599062718747586875e-01 6.330309059260516014e-01 4.921764442063740197e-01 5.159353851796718571e-01 4.911068210897669428e-01 2.788732637638188239e-01 4.298890987803306585e-01 3.367628688184834962e-01 1.067322772501640982e-01 2.042206344441722110e-01 4.431128399117255090e-01 5.759747711780636159e-01 6.366055697167825045e-01 2.860294746047999936e-01 6.457917593957580860e-02
1.175400000000000000e+04 5.629166770539856257e-01 4.527005754622013267e-01 5.361454469935076350e-01 5.153020044712481873e-01 4.218794916910731940e-01 6.911229279847724838e-01 5.481655677411704231e-01 5.568246262923897127e-01 5.175978010337050073e-01 3.797378775266818662e-01 3.766873799945792967e-01 3.578059280267281150e-01 1.281291089248028370e-01 1.432235945304936309e-01 4.817126293532774661e-01 4.246544453179237344e-01 6.303801656359682148e-01 4.619089934930827868e-01 4.718940941338414796e-02 2.616147236303955070e-01
1.180600000000000000e+04 6.968414011228908356e-01 5.252530249088945835e-01 5.733835548778110081e-01 4.928521440070653958e-01 3.768299525924406757e-01 4.815962350010609683e-01 4.543269058268732952e-01 4.383509413440161429e-01 5.444773613558067105e-01 4.838815097782137031e-01 2.951506307005697383e-01 2.436159389142449339e-01 2.975019416786088278e-01 4.167646052076331986e-01 1.872867695992573023e-01 1.946792027359539323e-01 6.350485173347480972e-01 4.445409548017397738e-01 3.506637737459774029e-01 2.919940682481369509e-01
1.180800000000000000e+04 6.203560775244143510e-01 4.043149366062265826e-01 5.049302751233800679e-01 5.474986512189605747e-01 4.127671135126391722e-01 4.831400964269079168e-01 6.212318867317689897e-01 5.139740502352624363e-01 4.846253641304388293e-01 5.250059758310294811e-01 2.754924738288483943e-01 4.546778928929820496e-01 1.480672576639579796e-01 1.882691894992588322e-01 5.169455750925623372e-01 3.187462628878993121e-01 5.468571932633392585e-01 4.553727259926930171e-01 1.197173926537005023e-01 2.792077315389148717e-01
1.180900000000000000e+04 5.474737444676984754e-01 4.025198180740129916e-01 5.382858926208471395e-01 5.283970224580381014e-01 4.124155288121818530e-01 6.446541393411405751e-01 5.432630768810678967e-01 4.950641629728756432e-01 5.331861660693940630e-01 4.987468175814319671e-01 3.794652204237739523e-01 1.694563158875805886e-01 1.949419836478852031e-01 4.696757569830658507e-01 3.441367111022608505e-01 3.796905089106960562e-01 4.303837929030520093e-01 2.349381312188359994e-01 2.472058035811489085e-01 4.128788032749406978e-01
1.181000000000000000e+04 5.334209065029609231e-01 4.167240420670512702e-01 5.067343703960254242e-01 5.127647729845136171e-01 5.478725402880525452e-01 5.439463729120703750e-01 5.067683076137853293e-01 5.385430284712765525e-01 4.930079025878362220e-01 5.258914977100852539e-01 1.228988391215328629e-01 2.208485223667145392e-01 4.790064775940252595e-01 2.964536103468811690e-01 4.152024996193903195e-01 3.007492946010139057e-01 2.319014149309902573e-01 4.068090908379017878e-01 3.926833484558324150e-01 4.105649366713154391e-01
1.201100000000000000e+04 6.852500257922672366e-01 4.803653182051815240e-01 5.188149681617583164e-01 4.834983184256082533e-01 3.825621624363660378e-01 5.344291568238543899e-01 5.238063831147156124e-01 4.523029347580552195e-01 5.227335941596800151e-01 5.025971610836436065e-01 4.573223176823727476e-01 7.835667497410181426e-01 3.456435883695260225e-01 2.066225777623922066e-01 2.628705019593233216e-01 7.940190770784413821e-02 1.934334268756998654e-01 2.081076951925642515e-01 3.879076487063334300e-01 2.542347229049493618e-01
1.206400000000000000e+04 4.535102599343545093e-01 4.485197075354831475e-01 5.295240996443413284e-01 5.824802011828533743e-01 4.638618686779721334e-01 5.992925298158008340e-01 5.225307933852053610e-01 5.284162830155859636e-01 5.167980926338194836e-01 4.992338284129690940e-01 1.553885311303970507e-01 3.058446221982557001e-01 5.881610302958650838e-01 1.688367033809693163e-01 2.104185538828906021e-01 3.460444448634924508e-01 5.730779686580408372e-01 4.427948426340490018e-01 3.256607414450312654e-01 2.325361533146392823e-01
1.206500000000000000e+04 5.791442111063191955e-01 4.036246355284340837e-01 5.472963098902409174e-01 5.575473331569139601e-01 4.964806962831815884e-01 5.112660736404897044e-01 5.369476803889675631e-01 5.120399810529558948e-01 4.867534107824427192e-01 5.072967084795370063e-01 2.519209219155893464e-01 5.856716420537413370e-01 1.850328138199826555e-01 1.461712004225442230e-01 3.815523254487589999e-01 4.149071408517057691e-01 4.325771772125431291e-01 5.046362526916061686e-01 2.117103834389889583e-01 1.802266858933578575e-01
1.210600000000000000e+04 6.041940895673347800e-01 4.007364563540131708e-01 5.684798393264632876e-01 6.013029385618361422e-01 4.118138468566239774e-01 5.241149048500811647e-01 5.340725568555882985e-01 5.499279614110264003e-01 4.773101419726137329e-01 4.778068462939534800e-01 3.614856997627477475e-01 5.489145566085240624e-01 2.995832708476561801e-01 2.707914877149221744e-01 3.869971963391036773e-01 3.016149870617871875e-01 3.698981484104744699e-01 4.350998376955836910e-01 1.250544599035871285e-01 1.731399604027418770e-01
1.210700000000000000e+04 5.359652765852861434e-01 4.428708597162925309e-01 5.790752424577009227e-01 5.180145228087723597e-01 4.416128293246755487e-01 5.398839779969910602e-01 5.769979037691777002e-01 4.793362546623003984e-01 4.734075289910205098e-01 5.375443420460908062e-01 5.202926415054717202e-01 3.415283588382110880e-01 3.091195381544697973e-01 3.731950973611041777e-01 3.634135451229809632e-01 2.726820638144897835e-01 4.560470362532992872e-01 2.706675775744989965e-01 1.703296514289300290e-01 1.783634896544177562e-01
1.211000000000000000e+04 5.399664360202041102e-01 4.255377904846440185e-01 5.591555616689320996e-01 6.258678507948801650e-01 4.287958101611988870e-01 5.045448477189599101e-01 5.927809338567068265e-01 4.893007346367003740e-01 5.125219977461890064e-01 4.744945480808472893e-01 4.407707109317963723e-01 4.409938396285896789e-01 3.631618820536079428e-01 4.148721294392943015e-01 2.696120754277997467e-01 2.650073172959634404e-01 3.688763503667357724e-01 3.858031703109205401e-01 2.779660880001377787e-01 4.828854328536887064e-02
1.216700000000000000e+04 6.411052008694324567e-01 4.671909693115293694e-01 6.521825213750882533e-01 5.189330862544980771e-01 4.600734880646932257e-01 5.172092346995925682e-01 5.512903192692557575e-01 4.661128874486997198e-01 3.895766048648921509e-01 4.882018541358329466e-01 2.873411136814587596e-01 3.386549986110904409e-01 3.240930009187513727e-01 3.491503280722055291e-01 3.469887050596727196e-01 1.372840075459331177e-01 5.122173456444275574e-01 5.142943453139262600e-01 2.515593500584139552e-01 2.746987985255497366e-01
1.217400000000000000e+04 6.470151625419254815e-01 4.213593923658901508e-01 6.671403568715703614e-01 4.969965341014318527e-01 4.098259306825666748e-01 4.799624668531098926e-01 5.475328722316070706e-01 4.591819530591351728e-01 4.562019945294333856e-01 5.320357389653351809e-01 2.926951508139184477e-01 2.750095034395391158e-01 2.561776771771490657e-01 3.891223736730944349e-01 4.196765600514214545e-01 3.907067835939083134e-01 3.859144024431629405e-01 4.636081392562462766e-01 1.592599348010690086e-01 2.680271822273935234e-01
1.217500000000000000e+04 5.665802023530440712e-01 5.210448208086486677e-01 4.910731401762521986e-01 5.243561659062523361e-01 4.086074305540368101e-01 5.631784860333693965e-01 4.777259961416032152e-01 4.618617527673155587e-01 5.404990687520764281e-01 5.243957758253360302e-01 2.241616755100111769e-01 2.785359987714250973e-01 4.013587049362682402e-01 3.816394155295559920e-01 4.265002251721419779e-01 2.652173578980979718e-01 4.552764355873346047e-01 2.956055521567971245e-01 2.488059058072759067e-01 3.108849238558367145e-01
1.217600000000000000e+04 6.719763778605558624e-01 3.826989201295122878e-01 5.038988395202432802e-01 5.096692391415564849e-01 4.731978358826955389e-01 4.733076461980003646e-01 4.684643521681176037e-01 5.476477824892441726e-01 5.226357941721395672e-01 5.354690667425080486e-01 2.231882103518742222e-01 4.078962264275151073e-01 3.873708206292593159e-01 3.823150562428353494e-01 3.014064186271694923e-01 3.160563286014101969e-01 2.868305850770360155e-01 4.032880354235608977e-01 2.860978940432270523e-01 2.854638702797904215e-01
1.217700000000000000e+04 5.294228414975501451e-01 4.078617189149277844e-01 5.118529531359550244e-01 6.017011525945814565e-01 4.118007553392913911e-01 4.868616750450479036e-01 5.914323771060664425e-01 5.456291804248131205e-01 5.512466828289532828e-01 4.891811367241790109e-01 3.486019430099631111e-01 3.984809092622377258e-01 3.918057995626509360e-01 2.471140646111961159e-01 3.525437312152785441e-01 1.830152878825123397e-01 3.938380645522659984e-01 4.540467784087719449e-01 2.639696710094699417e-01 2.567641610522277129e-01
1.217900000000000000e+04 5.383845830722716608e-01 4.524528950796660176e-01 5.046811281099119473e-01 5.152253970937357153e-01 5.165237569620111380e-01 5.835500362984923362e-01 5.955059027174403052e-01 4.913444475312541138e-01 5.149338585365459409e-01 4.451915732969257133e-01 3.797535909545516897e-01 3.088827789429463011e-01 3.506152564805390393e-01 1.871010271043958006e-01 3.367517708223041195e-01 3.425257833227411397e-01 4.547724575396925317e-01 4.271453241893022890e-01 2.245097830001654693e-01 2.795373218183890285e-01
1.218000000000000000e+04 6.013882097223908207e-01 4.005574881401147147e-01 5.062280236076068807e-01 6.360566296710993273e-01 5.030918015061253135e-01 6.138545657524311361e-01 5.140954714864285346e-01 5.276249368903557224e-01 4.411878599954215385e-01 4.497291965829220417e-01 2.679154111428690421e-01 3.805459250111379310e-01 2.143310302458917849e-01 3.024050493693843933e-01 3.937274839880287036e-01 3.345741803142878723e-01 4.350501263204831770e-01 3.928343090558653605e-01 2.725752978175335350e-01 2.930686483459544189e-01
1.222600000000000000e+04 5.720344939240676885e-01 4.372411344165024194e-01 4.881327500001216291e-01 4.464707524190201227e-01 4.545069076734613023e-01 5.189392448115933698e-01 5.004510671753130691e-01 4.962403480371692099e-01 5.837532983671179787e-01 5.620390257870327977e-01 4.121150118424808939e-01 3.520857433202229103e-01 2.275216381130149013e-01 1.988522631276807284e-01 3.227988301910440505e-01 2.651474627116400251e-01 4.427533728490790077e-01 4.048934251412460994e-01 3.267497497110197768e-01 3.242351694631924741e-01
1.231400000000000000e+04 4.409788423711122340e-01 3.951397096842699797e-01 5.992240567117429473e-01 5.358739145097661805e-01 4.747827458289304303e-01 6.242836160136751023e-01 5.696018352541077912e-01 4.916953949441454919e-01 4.606426677057821051e-01 5.644399498971196527e-01 3.365881095974058157e-01 3.619785173146643498e-01 4.486101791816564655e-01 3.082068646248216082e-01 3.183037811064260425e-01 1.637662030727685403e-01 1.920532637648805219e-01 4.981134204987775482e-01 3.195195199071106384e-01 3.239848039082888209e-01
1.233800000000000000e+04 5.020525893848095667e-01 4.043603831868942677e-01 5.195308554783499844e-01 4.320131449823814695e-01 4.966276153897827284e-01 7.076294816586173875e-01 5.034127126030411015e-01 5.503376144231535427e-01 5.306336815242616023e-01 4.966632712226050073e-01 2.963987912170498729e-01 4.203722655751519488e-01 2.056701326380181161e-01 2.436768017440428258e-01 3.506272918222697044e-01 3.501267034294349156e-01 4.676783806193637871e-01 5.817640822296160641e-01 2.112192961412713843e-01 1.997548516747991998e-01
