3.530000000000000000e+02 6.747774719227332962e-01 4.569549540414498678e-01 6.064296692015310741e-01 6.108019461328583199e-01 6.240225451708328874e-01 8.305395695879125295e-01 3.130021374227134334e-01 3.436602951927329452e-01 3.748877085564933931e-01 4.159180367923084320e-01 2.377344268111117043e-01 1.541239507977503198e-01 2.884994228705587416e-01 9.708951440945587374e-02 3.528613001431498697e-01 5.783652219720046839e-01 7.263943111779441741e-01 5.500595505912724281e-01 2.308793494968427451e-01 1.599298861637295510e-01
6.150000000000000000e+02 6.892777894440283992e-01 5.366113985251662610e-01 5.986607159166181802e-01 6.378465752281342604e-01 5.662871798301115644e-01 7.174671304137167915e-01 4.415642150873759220e-01 2.843972509186776798e-01 4.016006443111979629e-01 3.647137034435193326e-01 2.573667849905422189e-01 4.401720827313044815e-01 3.751704961306259745e-01 1.469100920034583369e-01 2.961486012454294658e-01 1.100188693460302097e-01 4.970886573185329671e-01 6.976511327382791672e-01 3.841425262080190861e-01 1.574831525719003200e-01
8.060000000000000000e+02 6.616727472516807929e-01 5.735457955492094806e-01 7.010930318797983229e-01 7.582057904816161820e-01 5.485998949960616544e-01 6.801321156365813803e-01 3.052203459895979631e-01 3.455353695238941314e-01 3.525867416618957417e-01 3.311196488238007385e-01 2.925724159198189733e-01 2.156236099980114174e-01 3.354621543463114919e-01 1.852956806287405223e-01 4.151490952835123482e-01 5.206501398644063361e-01 7.018576986651174909e-01 4.110693248537213296e-01 1.634760726764643013e-01 9.930234931214831917e-02
1.517000000000000000e+03 7.048195199493898500e-01 5.239006744111184277e-01 7.189029287333745799e-01 8.264245829701112322e-01 5.146037329141842642e-01 5.058349743206478344e-01 4.638147294503807139e-01 4.309249750782710997e-01 2.423705685277491306e-01 3.431350536530134998e-01 2.455007635560892965e-01 2.431972623445823878e-01 4.417305355440311887e-01 2.474294757787026122e-01 3.586241156253488493e-01 3.815684159791025709e-01 4.094166684451733262e-01 1.292192550818181129e-01 4.994877929319185839e-01 2.827763930028115436e-01
1.587000000000000000e+03 6.954962034957727912e-01 4.933610734444693335e-01 7.282887385375031997e-01 6.879506904039658366e-01 5.688092147944470156e-01 6.805337733231096031e-01 4.369545747256357027e-01 3.038478869756734979e-01 3.311251188286949421e-01 3.534639898352491261e-01 2.928040919901990224e-01 4.168563953875535910e-01 2.745384142399177607e-01 1.197880988376655576e-01 3.800249185605477642e-01 2.804355922910373722e-01 5.123397473488466858e-01 6.163522112108699158e-01 2.901047144867837102e-01 1.533275209097333946e-01
1.610000000000000000e+03 4.185056740499055183e-01 3.918820487733737923e-01 5.637664233690221627e-01 7.349443535654442972e-01 7.157095993456158434e-01 6.578865897796201123e-01 5.130103900840462527e-01 3.005709640625630619e-01 4.697338923397938459e-01 4.883960925643398565e-01 2.830609736326166748e-01 3.215128315301197248e-01 2.926649652216246622e-01 2.234485318344862081e-01 1.308108392861761782e-01 4.839617703817866712e-01 5.182615961052846609e-01 5.071895281476651585e-01 3.187552957502144402e-01 2.571847578541255341e-01
1.995000000000000000e+03 4.572202463913079828e-01 4.901363267463170748e-01 6.210708075761246505e-01 6.015541440421924291e-01 5.244543438311138894e-01 6.124048878526161532e-01 5.331803432233402917e-01 2.857983675246343891e-01 5.348466239558031798e-01 5.045277741289327933e-01 5.275701931144511914e-01 5.269797496645628465e-01 2.678352883743239099e-01 3.692515699547277430e-02 2.338477810357204034e-01 6.406075643190037305e-02 5.437713558294751115e-01 6.725468652227595268e-01 3.210791199218078207e-01 1.381440133114753555e-01
2.161000000000000000e+03 6.394067242525387496e-01 4.503994674494730122e-01 8.129110475199152752e-01 9.178360138045279504e-01 5.807973898559455339e-01 3.946149732330151982e-01 4.137017754500053601e-01 4.235842540888533625e-01 3.505321572362170013e-01 3.089850874118907909e-01 3.527800105955188892e-01 2.798333140868010660e-01 3.487438609878046325e-01 3.233806488503699339e-01 2.690819861225328125e-01 2.732515983930964842e-01 4.706265790656091186e-01 3.868247814662669759e-01 2.585414884460903728e-01 3.378045303266382637e-01
3.871000000000000000e+03 4.777585809856969012e-01 4.328062761041920337e-01 7.036988005417266212e-01 8.231058378573710144e-01 7.307564862937018235e-01 5.016631106944883234e-01 4.232656933098786767e-01 2.311209996315586601e-01 5.461040068798862501e-01 3.884319562749142807e-01 3.340119254495522161e-01 2.337414923310206782e-01 2.538785939243055068e-01 3.248432266458565754e-01 3.528303794385613812e-01 2.975884215060764504e-01 4.534343993480605128e-01 4.048599911373519378e-01 1.542617488870298981e-01 4.880691202371125748e-01
4.011000000000000000e+03 5.782218928673299452e-01 4.327344889525845395e-01 9.080513161514848219e-01 8.975418686025250503e-01 5.374131488771256571e-01 6.700386734800017896e-01 5.276797836974975731e-01 2.763302722868233308e-01 2.537408424262576068e-01 3.094274372083413716e-01 1.654605967600277228e-01 3.138047784951168984e-01 3.805345902840971406e-01 3.231754491639650118e-01 3.547511753793793909e-01 2.636721158208891747e-01 3.031705040690065855e-01 6.380111201731160087e-01 2.896271992502303383e-01 3.014671861794753216e-01
4.012000000000000000e+03 6.012662937987376388e-01 7.165947558329315292e-01 8.841697399268498847e-01 6.874070846503117505e-01 6.107784451194120390e-01 5.692290437326222863e-01 2.870843438519777857e-01 2.518274478554721196e-01 3.076724512416726953e-01 3.214020379326003596e-01 2.489296507796707747e-01 3.791281907167636245e-01 3.217728276085470296e-01 2.938512860562758067e-01 2.927070726676255230e-01 1.878387662817718184e-01 6.019038280592129420e-01 4.435754367798587228e-01 2.683381856424945089e-01 3.008389859805011834e-01
4.458000000000000000e+03 8.117983306713359992e-01 5.187452267564709452e-01 7.006446124563712186e-01 5.708781753883890309e-01 6.036670022263869173e-01 5.930831553006506995e-01 3.882505140422336520e-01 4.390397547442457804e-01 4.318952281159595397e-01 1.980030072582285305e-01 1.957213420942356119e-01 4.382969364249544308e-01 4.215381300427722966e-01 2.009004497744120987e-01 3.259594725785718294e-01 2.391669469316531904e-01 4.296208598594374872e-01 5.804710123156623380e-01 2.355111647078105275e-01 2.669605001862339622e-01
5.268000000000000000e+03 5.754966195119561867e-01 4.005823228007644454e-01 7.659132246104799480e-01 7.485599995964475895e-01 5.221618074852272251e-01 5.515723112119893523e-01 5.610233089233251924e-01 3.103312861956696866e-01 3.747424892203626845e-01 4.507841059253184790e-01 2.174527041326727861e-01 3.290142904133117052e-01 3.196503267428356665e-01 2.989166375153347599e-01 2.846552837363105493e-01 3.265052818524424860e-01 3.078962778091468566e-01 6.806968236920299953e-01 2.688956997659906478e-01 3.044369942500556592e-01
5.275000000000000000e+03 4.973322168068402549e-01 4.120966905363070421e-01 6.178104543936552284e-01 7.620375463996763576e-01 5.643729274015897301e-01 6.250561712050594076e-01 5.246383176125208880e-01 3.454373697123465647e-01 4.410435183589911934e-01 4.574293442540349197e-01 4.542238054429418859e-01 3.249349531710097327e-01 3.230392126433241917e-01 2.584194491919075687e-01 2.426739563188101967e-01 1.460748090729083459e-01 5.045156845565204051e-01 5.312311823194586502e-01 2.970152172169931437e-01 2.417872089715212280e-01
5.746000000000000000e+03 7.623988571025483996e-01 5.115670061212851394e-01 6.060608082318704737e-01 6.840604288808992406e-01 5.394429989774287559e-01 5.542586846991209848e-01 3.516387761002722212e-01 3.336640617024394517e-01 2.617814111302224633e-01 5.574285012126017902e-01 2.334976278960324281e-01 3.233219155216028318e-01 2.924763924331942322e-01 3.676369600802009696e-01 3.741311321727462391e-01 2.471083224478208829e-01 3.169884337420765807e-01 5.185242960471826423e-01 2.809345264766182071e-01 3.493506986590292351e-01
6.473000000000000000e+03 7.808931122250717394e-01 5.417290577779674265e-01 7.170036910733631474e-01 7.679876556883470373e-01 5.862428775579623386e-01 5.659246179865173865e-01 3.823837165670038174e-01 3.648061561603107572e-01 3.370782632512404065e-01 2.433601875501322509e-01 2.622853054322901167e-01 3.512462328857478000e-01 1.046335086286287741e-01 3.101577840848668277e-01 3.255915206778010051e-01 2.989755805408984557e-01 5.006610096377946961e-01 7.741661097349328280e-01 1.188886047706256693e-01 3.342491294829559312e-01
6.474000000000000000e+03 7.589462640772001167e-01 6.027219116918296482e-01 8.012798518749332244e-01 7.786604330194727419e-01 5.510204880595205301e-01 4.499563152923833353e-01 4.278340358405153809e-01 3.777826380493896075e-01 2.597023903716013660e-01 2.640869221703940894e-01 2.943717415951038752e-01 1.355308992310101934e-01 3.214039955646777469e-01 2.736153523366602336e-01 3.358724351661276919e-01 3.554519230964584553e-01 7.525055412500721852e-01 2.421272610583975471e-01 3.119961733167382900e-01 3.024603959696743893e-01
7.016000000000000000e+03 5.951493776080269971e-01 6.032701146426877603e-01 7.836784678309510754e-01 7.972258457777819940e-01 5.368575997773087360e-01 4.835967727232709512e-01 3.768149288815045850e-01 3.906536572378104255e-01 3.463949895811839763e-01 3.265630104003646172e-01 3.498333734981445287e-01 5.055168097287783269e-01 3.495934663164972367e-01 1.173914542918929882e-01 7.455501674830614656e-01 2.930379174477652504e-01 2.796047178002965539e-01 3.155915435303860983e-01 1.675058728665436703e-01 8.499736415174684312e-02
7.295000000000000000e+03 7.551799308759924445e-01 4.750179285221460823e-01 5.531713173868042510e-01 7.770622592580206378e-01 6.259942782146638018e-01 5.148993131897253717e-01 4.376778949742605729e-01 3.065132644462831291e-01 3.373517455680577481e-01 4.398322518281548299e-01 1.279400742547229242e-01 2.780509493843458246e-01 2.703619620922336209e-01 3.261387617707162123e-01 4.077215530186510395e-01 2.907884482502728907e-01 2.637106219370769500e-01 7.057579524827636286e-01 3.434647203512923297e-01 3.242358987071811693e-01
7.643000000000000000e+03 5.878149000612314934e-01 4.728795276405311498e-01 7.273109392472981716e-01 8.046809580302453080e-01 6.467433024557011079e-01 4.903710772029979403e-01 5.289880234493640199e-01 4.374280282003502052e-01 2.827032288410215588e-01 3.277925456238690027e-01 3.297687360304984439e-01 4.515214589469952466e-01 3.204076635989498434e-01 1.456092324184191378e-01 1.653236667161557816e-01 3.668764325166419815e-01 4.403189868200337864e-01 4.166254416635568059e-01 3.758123459553443513e-01 2.774328805277421761e-01
7.645000000000000000e+03 7.785752088357260625e-01 6.376775266422757271e-01 7.997702999696362225e-01 5.899923105213715768e-01 5.203731256189539911e-01 5.162282129810562559e-01 2.990790842694401874e-01 3.387815804596445157e-01 3.581473728311786453e-01 3.406204682521725147e-01 3.086569097739828016e-01 2.080162028086057213e-01 1.305017388203572326e-01 3.944442516772976304e-01 3.726071129125710923e-01 3.079441372547579436e-01 5.984817147911202229e-01 4.515844881250255516e-01 3.135106197773364634e-01 2.500285078510366410e-01
7.933000000000000000e+03 5.695783990151993548e-01 5.971307405565575710e-01 7.502122187422146649e-01 7.160055513417247219e-01 3.856722499051652431e-01 6.988387621624265744e-01 5.999761090965004540e-01 3.290599761330662565e-01 2.723877736619248480e-01 3.588994826368749336e-01 3.736938343705696330e-01 3.579783567160667035e-01 4.543364436322803734e-01 1.972719545989806977e-01 2.370555252946504321e-01 5.005172510301468813e-01 3.851567626759934693e-01 3.834473773822714704e-01 2.024203240088689182e-01 1.853105875784064605e-01
7.934000000000000000e+03 7.865393353468242976e-01 5.954075215457004244e-01 7.103238070927986314e-01 5.183509991696149122e-01 6.302848864626228176e-01 6.405079212076419948e-01 3.423000683272733324e-01 2.671715488690869500e-01 3.583603556287231484e-01 3.566170681269131837e-01 3.339600993849816679e-01 5.036188073772349671e-01 2.387439433828705548e-01 2.009891576027358073e-01 5.752994233221263576e-01 2.919909345439233306e-01 4.102112899838160631e-01 3.819951823744840436e-01 1.881518388447462886e-01 1.322978725330631600e-01
8.358000000000000000e+03 8.816683040552361073e-01 5.534602695753445545e-01 6.809621278668506195e-01 8.332421983883738781e-01 4.436455758258529558e-01 5.797154263221157011e-01 5.645631079300643673e-01 2.742400185504136334e-01 2.414513459662720463e-01 2.581150014466813691e-01 4.277266308014445184e-01 4.548137060588056668e-01 2.725351004310689884e-01 2.056816392811177951e-01 3.594891115133532766e-01 3.809117965642232484e-01 1.983891671619259223e-01 4.698132290260979005e-01 2.240415545239361483e-01 2.475604865807172206e-01
8.359000000000000000e+03 7.759604029476688813e-01 5.790913327068160088e-01 8.652151379866690473e-01 6.311067395322197404e-01 5.678426463558727821e-01 6.536643655684071241e-01 3.246847520896284922e-01 2.716605094963029932e-01 2.793015546792666504e-01 3.189586320803423081e-01 4.166625547102642546e-01 3.086977616723863282e-01 2.362494714323714051e-01 3.329962407459472473e-01 4.361920158537059833e-01 1.214906882957852985e-01 4.830114125291868898e-01 3.965072355409571259e-01 2.430264426037589409e-01 3.132559439220583553e-01
9.360000000000000000e+03 6.186504395556892133e-01 4.562629285507338039e-01 6.563936357528726839e-01 7.260936515513493061e-01 5.669121107717057795e-01 5.342949618349055463e-01 4.737959683928955057e-01 3.395841796987735806e-01 2.928241317703823010e-01 5.418049652476349953e-01 3.823688910201395452e-01 4.302299759960037107e-01 3.599449841546923934e-01 1.168237516256951519e-01 1.054267666746537685e-01 3.462428324299165472e-01 4.808381937088248570e-01 4.597173161537733699e-01 2.512558940426575238e-01 3.726966443744469948e-01
9.563000000000000000e+03 4.515895124649361714e-01 6.287728878333672666e-01 8.466058472437932858e-01 9.303125467321962105e-01 5.829095816889985349e-01 4.289193357470958423e-01 3.825873870606683047e-01 3.666327920755674818e-01 3.810816545413290291e-01 2.793782476415385130e-01 1.233046739988805374e-01 1.000000000000000000e+00 2.147016589807006770e-01 2.271604647763439122e-01 2.714741705711533615e-01 5.765912077582505679e-01 3.012221354933821704e-01 3.299257863535334789e-01 8.217634951932741016e-02 1.151984559571945788e-01
1.064200000000000000e+04 6.428151547616532957e-01 5.725165962681392218e-01 8.965940613412722859e-01 6.057593628172062150e-01 5.209178655970004845e-01 5.677844230113757718e-01 5.708080416253525913e-01 2.794630990542532611e-01 2.707462131255234383e-01 3.446469507544008271e-01 1.529200388804102528e-01 3.189003012277477067e-01 3.891433702687289165e-01 4.019827694440276655e-01 2.775801073016835874e-01 1.578382329912614013e-01 3.371513314151363683e-01 6.767037173894430158e-01 3.637930789143128396e-01 2.817366032462582104e-01
1.064300000000000000e+04 7.655437110086592556e-01 7.095648009806753143e-01 6.179662913208535668e-01 6.719091353338371153e-01 5.177750181830700349e-01 6.184676535838085076e-01 2.926714105335980198e-01 2.728696979625426788e-01 3.488898149348572675e-01 3.602587048870459774e-01 2.572530408521387923e-01 3.915133366838378093e-01 4.012075724182944114e-01 2.140023471925048271e-01 1.969949201659216553e-01 2.177269320506750316e-01 6.454852110696858158e-01 5.409086052415383872e-01 2.531249168481110590e-01 2.504814235719548532e-01
