1.229000000000000000e+03 5.235634406352093068e-02 1.053034243005875475e-01 8.405082583760881132e-01 7.665671131600871879e-01 7.106540855810015156e-01 6.862126605688821934e-01 5.347582698774274723e-01 5.504702495610978019e-01 5.741047809463866169e-01 5.139848099085957411e-01 2.678461292410709849e-01 4.168519024350207935e-01 3.484504752269369510e-01 2.401994028684497073e-01 4.297696911799506192e-01 3.269305487735180149e-01 4.433362989307024771e-01 4.897139349671251196e-01 2.049431169814417697e-01 1.393839452990994765e-01
1.515000000000000000e+03 4.670043824300308399e-01 1.536182086217494636e-01 6.942571506388915958e-01 6.940742843631518832e-01 6.185158153494388911e-01 7.886400342733761448e-01 5.769401723309757202e-01 4.747283146610531968e-01 4.442994026750542447e-01 4.341382298153904640e-01 3.905000771208428922e-01 4.340262868623624426e-01 2.741762683131247491e-01 1.996942520100394858e-01 4.606045404291618239e-01 2.566829967526688683e-01 4.504850077063518032e-01 5.359369220596523764e-01 2.522178635188579432e-01 4.669161467601670723e-02
1.516000000000000000e+03 2.700428466844603803e-01 5.538926036273364994e-01 6.896338111018669448e-01 7.653968665375897595e-01 7.130809991717752538e-01 6.147220999591713753e-01 5.138019346361905049e-01 4.632589685255591450e-01 4.430035814871836619e-01 2.803881720046480508e-01 3.648203943000549732e-01 2.867782698304436328e-01 2.087700869546496585e-01 4.139914219615979940e-01 2.897099513619158517e-01 3.078024695658169163e-01 5.117881043066005997e-01 4.024855497878062072e-01 2.407049200244907802e-02 5.007544191624915264e-01
1.994000000000000000e+03 4.750108230269021181e-01 3.412477007295062204e-01 6.441062042827618850e-01 6.593109516264660241e-01 5.019376871757479375e-01 6.258539804814707841e-01 6.118220483419046785e-01 5.224337067702521376e-01 3.163048966644070314e-01 5.396566782596451395e-01 3.372674586894762738e-01 5.540754050777526585e-01 4.850777691575906547e-01 2.296050920826355202e-01 1.025173339267770323e-01 1.732098596303702776e-01 1.268894099408979514e-01 5.182024505478055598e-01 4.215417012217734238e-01 3.143418273863762824e-01
2.160000000000000000e+03 4.488714702780418064e-01 4.763322294295190829e-01 5.605598759681491572e-01 8.361043295115578866e-01 7.692267423701342199e-01 6.540386935206572439e-01 3.828267161877915159e-01 3.960782717899687388e-01 4.149402615027432129e-01 3.570492211988097742e-01 8.689472137512023464e-02 4.425615387160115044e-01 2.832248202563450445e-01 3.679979023839918262e-01 3.961958724259009856e-01 2.493725471212243083e-01 4.276243982732954585e-01 5.173521826296052506e-01 2.557091568340922327e-01 3.045145233287760433e-01
3.870000000000000000e+03 1.556932534441675398e-01 3.750196069861713166e-01 5.880050017021121178e-01 7.733690487470222807e-01 7.330853830013075445e-01 8.727408965855228962e-01 5.326558385201346502e-01 4.480724314278230480e-01 2.847918390198567185e-01 5.642279623155603829e-01 3.078105542116902349e-01 4.111414454356022152e-01 2.231613579787040114e-01 2.553998644655635641e-01 3.881477371839592849e-01 3.332292271095385061e-01 4.484699635009155583e-01 4.863805364200365910e-01 2.623768836933916271e-01 1.864394540935284672e-01
6.159000000000000000e+03 5.136552317143677771e-01 2.483716117041791793e-01 5.840392839967206706e-01 7.831409761943307624e-01 6.809527566295159318e-01 7.105789228709543659e-01 4.960421367090402378e-01 4.602031518596522153e-01 5.235587650340853827e-01 3.320633830481055093e-01 1.869666393385482073e-01 3.600955528112254056e-01 3.468890369614546776e-01 3.292261171694317867e-01 3.353928404783563799e-01 3.038225338400826203e-01 4.603825090309843215e-01 4.872439908072033754e-01 2.896616067023046748e-01 2.285249515721042013e-01
6.632000000000000000e+03 4.576814873402762496e-01 3.364810915248286349e-01 5.811384852340584217e-01 7.968927780616742451e-01 5.227116100899869000e-01 5.689675950801372784e-01 5.164130401237114754e-01 4.626220096523678271e-01 3.953498808085074145e-01 5.750179729614307567e-01 2.262482278091629551e-01 4.125130725338010951e-01 4.145750993059801326e-01 3.509167918399224151e-01 3.120947649789790335e-01 1.050166993717079333e-01 3.468593388199400218e-01 4.801554957589277417e-01 3.083375072017448537e-01 3.489588780944919422e-01
7.642000000000000000e+03 4.794581974756535470e-01 4.313820550392953312e-01 5.903394541488089509e-01 7.420098230791523086e-01 6.619700558629388887e-01 7.241899922332246664e-01 4.695955221724439355e-01 4.930040912423524491e-01 4.264387203143796268e-01 2.964939000024716664e-01 3.017659787915506486e-01 3.801413418989476600e-01 4.347023622974545143e-01 3.008955096613147862e-01 2.057016485839684716e-01 1.160751186822871206e-01 5.041496527891944357e-01 4.421663303184020233e-01 2.498357652844370169e-01 3.892304703837079494e-01
7.689000000000000000e+03 4.162581289406508955e-01 4.664584624051931194e-01 8.277620965288333688e-01 6.385756432666696014e-01 4.693692897364307171e-01 6.929609518698282011e-01 4.775438240751083696e-01 4.148736122541869520e-01 3.328922935126255589e-01 5.008320825240363261e-01 2.578765816113702258e-01 2.673116880522865557e-01 2.773067719425062472e-01 4.469282687821739541e-01 3.274498750058985608e-01 3.081895925070302078e-01 4.295210417903114752e-01 3.799580877427586323e-01 2.397336311404869580e-01 3.681469441154745503e-01
8.369000000000000000e+03 4.411247393337501821e-01 4.141287187320616403e-01 6.063557886172101785e-01 6.576613079032761489e-01 5.665693567087259908e-01 7.764874334874800610e-01 5.460628528792541569e-01 3.898492887393708028e-01 3.919837821444595027e-01 4.728980366614387587e-01 3.596482902630123712e-01 2.383431903857212153e-01 4.685794667475575159e-01 2.296396517562662165e-01 3.137008692173395286e-01 2.990321057753964618e-01 4.074483277155076522e-01 2.604378216848528549e-01 3.628341913737346269e-01 3.197304475604374474e-01
9.562000000000000000e+03 4.645127884787816352e-01 3.097646748996111810e-01 7.963196689728545552e-01 8.651225395417323494e-01 7.737400677174461894e-01 6.485696788594739193e-01 4.071564202864093041e-01 3.637634363190879183e-01 3.599000154309597854e-01 3.794596624667558316e-01 1.988832058440636319e-01 1.637504330079440351e-01 1.000000000000000000e+00 1.895548857975591917e-01 2.735938391387594537e-01 2.211560978895537599e-01 7.483973402260416519e-01 2.964216438556465660e-01 1.785597015426395318e-01 9.610888453999333336e-02
