8.030000000000000000e+02 4.726979286748574371e-01 3.061745808939670965e-01 3.640783989098750895e-01 6.539354117484819096e-01 6.299199408630478114e-01 6.770659904016536057e-01 6.818726235999050811e-01 5.642853452021485694e-01 5.792414936899417111e-01 3.372263413177369329e-01 1.138212707882505226e-01 2.915582944701805013e-01 3.992925357921172647e-01 2.867153704744327403e-01 2.144694497421854307e-01 3.010268780289279134e-01 2.836588679770808419e-01 4.982048300694521537e-01 4.501338037417970672e-01 4.709530260672500357e-01
1.514000000000000000e+03 6.640361126621977528e-01 3.230379435162366031e-01 1.496949673035742889e-01 6.993124847219984730e-01 5.516463984813106958e-01 6.869677433192321603e-01 7.362001326529379330e-01 5.283470567840564680e-01 4.544717227739376031e-01 4.354089580400240522e-01 2.809842922886575667e-01 4.157442991288892720e-01 3.879872687915195129e-01 2.331792414443610018e-01 2.376000579778188015e-01 3.922586224246892295e-01 3.471411136325612823e-01 4.246983442783192064e-01 3.174263907226660408e-01 2.469871687691580775e-01
1.584000000000000000e+03 4.793437716499555634e-01 3.685391796109437346e-01 5.133426776820938509e-01 6.526084607802407067e-01 4.763525456557116122e-01 6.619848628601092688e-01 5.755020955352703194e-01 5.462540035675202965e-01 5.489496309118881978e-01 3.967067861634959169e-01 1.482799888521293685e-01 4.611182585600737127e-01 2.868454024006466541e-01 3.216708664519121741e-01 4.357333007112134671e-01 2.748078863280521977e-01 2.358674588695522378e-01 4.977009577019130271e-01 2.558354304372600918e-01 3.632129267214169732e-01
1.993000000000000000e+03 5.425835834053358564e-01 3.544398744508295285e-01 4.384312477099808758e-01 6.812620314641362196e-01 5.533313324602144867e-01 5.983876154030149941e-01 6.212142744165340957e-01 5.866016600307459861e-01 5.212942838270395729e-01 3.442538512908626669e-01 2.656741263683932708e-01 3.974683154686816655e-01 5.569612037782367686e-01 4.804836682707548379e-01 2.867324980536912760e-01 5.459878554523580479e-02 2.757942611355497231e-01 1.284895354156670444e-01 3.382907329070951596e-01 4.459108597221209114e-01
2.496000000000000000e+03 4.864525634263812126e-01 4.320102952525234352e-01 5.249073409005730051e-01 5.075945638883226918e-01 5.921240761847117451e-01 6.545335970616765753e-01 5.444980885287922234e-01 4.997476110399312610e-01 4.906097154265007254e-01 4.521068709073226000e-01 2.242173493229512038e-01 4.506837860567472487e-01 3.651326678422740502e-01 3.903307343607879676e-01 2.925094053931991400e-01 1.719800556620925402e-01 4.123456227553000675e-01 2.873078613712725660e-01 3.538942578153420060e-01 3.293013782538795065e-01
3.108000000000000000e+03 4.808824774641738409e-01 4.177802745590082911e-01 2.185999659378849436e-01 7.012053053500200139e-01 4.916085682847312621e-01 6.035058329686352474e-01 6.377426861143193904e-01 5.727201958548207017e-01 5.604674298533407484e-01 4.704116223198614999e-01 2.468656515909122551e-01 4.140557106684025768e-01 3.889639602066938262e-01 2.802456603600728124e-01 1.560073853228842455e-01 3.955230531498283852e-01 3.374203955192437432e-01 5.471564172577842999e-01 3.623757703223043913e-01 1.887029547084456971e-01
4.776000000000000000e+03 6.191930722990384162e-01 4.531803006141393309e-01 4.910290558185528287e-01 5.492621018785748266e-01 5.030207597540523601e-01 6.451932883303848065e-01 5.254867462536209066e-01 5.160853936142177911e-01 4.934853666172487885e-01 3.877857741225655963e-01 3.224229457426173728e-01 2.948777604872968028e-01 3.500313986679411959e-01 2.444888748025264014e-01 3.522844240738110533e-01 2.677210498400384719e-01 5.011658585315299508e-01 3.277397292173839238e-01 2.949080952766646724e-01 3.317260654691058241e-01
5.962000000000000000e+03 4.541756568078131329e-01 4.142383773555258220e-01 4.652401648675826840e-01 7.348037621449624579e-01 5.625651551514838644e-01 5.963514867338844949e-01 4.991874486845399583e-01 4.289090772349066216e-01 5.665718311401733986e-01 4.658262695510895779e-01 2.487646848616200113e-01 3.683639952155892128e-01 3.105187693772867297e-01 3.187041277010419504e-01 3.049311869580594303e-01 3.169346553774024522e-01 3.742917747797651629e-01 4.033305270709992563e-01 3.102795170582315909e-01 3.322497073529612210e-01
7.836000000000000000e+03 3.852759845345205547e-01 3.142759356634427514e-01 4.590199833615840608e-01 9.746682714671631720e-01 6.179057641855644212e-01 3.516106297467663788e-01 5.928948320721267873e-01 4.978472486388535456e-01 5.527200651772038453e-01 4.760386883416469761e-01 2.526953837471707098e-01 3.254334990426296925e-01 1.622053162139756310e-01 2.069798763652961060e-01 3.310429819671909524e-01 4.977736472738889528e-01 4.808551393204363866e-01 4.811973544071018738e-01 3.358717720868947265e-01 2.375793079588978951e-01
8.355000000000000000e+03 7.755060292728738203e-01 2.611523015376251422e-01 2.817940670883298804e-01 8.479375828018375083e-01 5.209793326126739288e-01 5.676765661960783138e-01 6.714909810333360429e-01 4.092809773414639585e-01 4.521468320541911501e-01 4.550844116708717135e-01 2.808774430487482876e-01 2.503211816388846711e-01 2.063806727272531893e-01 4.919157392402042084e-01 4.846008121500082755e-01 2.808594234982211835e-01 3.441853636075675182e-01 4.818759285015914995e-01 3.672176430906612943e-01 1.108548337115180943e-01
8.571000000000000000e+03 5.101091703845944680e-01 3.165824345575805054e-01 5.921374523694307168e-01 5.745276860298569321e-01 6.020634549334440422e-01 6.557905076472739792e-01 6.004460511108694609e-01 4.976645362312259735e-01 4.957460399587865774e-01 4.058082107832096663e-01 2.290713715618992452e-01 1.567730167973971356e-01 2.108452162924664419e-01 4.268615583019765292e-01 2.907709696035234992e-01 3.907220662526614818e-01 6.257499704568281196e-01 4.740228587499064616e-01 2.194925159674738224e-01 3.384804907144966513e-01
9.589000000000000000e+03 5.574389452573713655e-01 4.354325211928085637e-01 5.243741197647123764e-01 5.559582123895199235e-01 6.604326537360317717e-01 6.550344056569648021e-01 5.377302906945322647e-01 4.294003904713931119e-01 4.870596200669870535e-01 3.825918941938427076e-01 2.542083375246547705e-01 2.294059701313051480e-01 2.982255344505558292e-01 5.258135482447255926e-01 4.788809646074081994e-01 3.455165724028445573e-01 2.308626818237266842e-01 1.971659936689779957e-01 2.068365779948879990e-01 4.603244602987755507e-01
9.784000000000000000e+03 5.043062408341695280e-01 3.283729508985058776e-01 5.070412846531514584e-01 6.056973799221173627e-01 6.045463847166986371e-01 6.460843750975908684e-01 5.626299040669617835e-01 5.522448836333950783e-01 4.923060804489032272e-01 4.268531775611784651e-01 2.068107435830461027e-01 3.517066885936431797e-01 2.242431348269931790e-01 1.745479245868991336e-01 3.555239745120379324e-01 6.046345629817395650e-01 3.666102335487411712e-01 4.757160082389165212e-01 2.401222639988772889e-01 2.913960158222927421e-01
1.012300000000000000e+04 6.131611168908404075e-01 3.430639178990388949e-01 4.052510302142636189e-01 6.173623678624572397e-01 5.617078595040637667e-01 6.657336022399928943e-01 5.525723802380779759e-01 5.496679836082694059e-01 5.271419922922578882e-01 3.832545811474863950e-01 2.972319155215346620e-01 3.155167239666665790e-01 2.872451884154176849e-01 4.222671143030877761e-01 5.201804946016964637e-01 1.934851886158143464e-01 2.990741934245834122e-01 3.545692640640052962e-01 1.852270629242095679e-01 3.834084174259820843e-01
1.063100000000000000e+04 4.144031821219132383e-01 4.373216278313309946e-01 5.764294671894307776e-01 7.362084170863358867e-01 5.760504954120061472e-01 6.226921747636440241e-01 5.272899997432336505e-01 5.095312331988631760e-01 5.030706773141977450e-01 3.522332480269174115e-01 2.891799362036840959e-01 4.278171178081424664e-01 4.290616557429654532e-01 3.879056896091689910e-01 3.357709176030064802e-01 1.563746610328992648e-01 1.483678300000651484e-01 5.186035382327189858e-01 1.982054826707368156e-01 3.816525657475932642e-01
1.194300000000000000e+04 5.061423279732218949e-01 4.207369414393526408e-01 5.026738783060705762e-01 6.512035010840276916e-01 5.203634374550248909e-01 5.234188699679488410e-01 5.209700359879205767e-01 4.737527106134452604e-01 5.833099599316614592e-01 4.529741875366714021e-01 1.942668638135795489e-01 3.068212809079620684e-01 1.862100558352194901e-01 3.519151830191123986e-01 4.644008422808519887e-01 2.415404508462250244e-01 2.567484906780592713e-01 4.878733960407605763e-01 3.543774698898846665e-01 4.365274432157461026e-01
1.208000000000000000e+04 2.519096006389238140e-01 4.451316662278702041e-01 5.538775839786688193e-01 7.708285418660084654e-01 5.320871535700613109e-01 6.530138512486646230e-01 5.651876063621975588e-01 4.701383397159783484e-01 5.432035771518768374e-01 4.452915660348308324e-01 2.179679730319404873e-01 3.346620723279454257e-01 3.176295675717318856e-01 4.313639139954144053e-01 5.743529833669185347e-01 1.107396710285472874e-01 2.483575229808044904e-01 4.643533328596254894e-01 2.523838083049645964e-01 3.249558573673381190e-01
1.234000000000000000e+04 5.458174924075789303e-01 3.387969995842007864e-01 5.884885240519451832e-01 7.340350857817056207e-01 4.283499926126135282e-01 5.907587482749462326e-01 5.687414129722578870e-01 5.018821687661412234e-01 5.221199867024577390e-01 4.090571847533575611e-01 1.871703545820707082e-01 2.874624229679434428e-01 3.259560759144864983e-01 3.538169634262334218e-01 3.768224509741382455e-01 4.239450662473248643e-01 3.630160958744316213e-01 3.293421522218927255e-01 2.576369723080376151e-01 3.727857587786774785e-01
