3.550000000000000000e+02 6.595803962271518106e-01 4.933429321510308108e-01 7.592414471835582379e-01 9.059224052264824856e-01 2.824848677128890539e-01 3.750234266887458312e-01 4.052316597516464336e-01 4.371331487360342050e-01 4.063038554016934478e-01 4.476941270849685850e-01 2.435588868926961414e-01 1.403114192213154032e-01 3.055845900696058104e-01 5.646213579771675040e-01 5.496714726962731445e-01 3.725493061452268551e-01 3.644648099669038355e-01 2.599498877268572872e-01 1.357804856451120257e-01 3.324429980612229052e-01
8.080000000000000000e+02 7.379253506163780951e-01 5.906127254288549011e-01 6.825371705024882996e-01 7.541571876579781231e-01 2.715149067038055142e-01 3.741298036657967341e-01 3.720855577197569874e-01 3.249807794446368248e-01 3.668608137011492021e-01 5.934767335746218286e-01 2.854640312068377206e-01 2.189047542002827695e-01 3.729252195130340342e-01 5.072908171267502819e-01 5.333742475470494293e-01 2.677181407794263501e-01 2.851404267690987870e-01 1.865872774903011566e-01 1.900308282555248085e-01 3.848351810033841525e-01
8.320000000000000000e+02 7.177457616509446137e-01 5.650553614531755864e-01 6.806628486084125296e-01 7.989956278586092253e-01 3.690650828040714093e-01 3.817937091651582571e-01 4.152132239955479420e-01 4.029313066026885548e-01 4.504169806564595757e-01 3.759206345560828222e-01 3.243402474909418687e-01 1.619481784136341807e-01 2.197395651856020871e-01 3.919138221997526261e-01 6.309615799988325113e-01 2.334787624531672601e-01 3.808068325205772320e-01 2.389683381463667267e-01 2.047106002116556300e-01 4.555258014989466142e-01
1.236000000000000000e+03 9.408388621023540122e-01 7.830688039240418785e-01 9.511898260949908090e-01 6.125113617254858145e-01 6.133184028097241752e-02 3.031948770441252883e-01 3.268924568138712461e-01 4.450294684465977424e-01 2.390798188562238691e-01 3.993835318483318630e-01 2.472703456607174000e-01 2.102332935605256137e-01 1.076927806505883767e-01 4.286827408336154055e-01 6.513325047083742270e-01 3.666434047222064674e-01 3.818317845006256039e-01 3.118920867925712992e-01 8.334758779328481360e-02 4.711846833298718451e-01
1.589000000000000000e+03 7.808687145356887349e-01 5.601062357358473909e-01 7.253046203122255342e-01 7.796441007159885528e-01 4.286743055047649853e-01 3.455293944480066215e-01 3.661998025102098375e-01 3.734188698632041614e-01 3.708328798172636498e-01 4.223349038988949422e-01 2.416204610107928474e-01 1.670933202771326676e-01 3.476806783911698395e-01 2.681095291236447742e-01 4.017068532657847024e-01 4.390545813755411531e-01 4.503970002056505995e-01 2.615234123955034184e-01 4.370594314303737904e-01 2.588999228559227261e-01
7.511000000000000000e+03 9.500221415218327303e-01 6.891438769481607052e-01 7.585934465913578562e-01 6.330848666334927266e-01 2.840542733892426064e-01 2.367418112391702911e-01 3.728946367682303697e-01 4.426182235203630633e-01 2.822303885305607607e-01 4.212857166335567394e-01 2.086581600645992518e-01 2.820564126804095961e-01 2.953856940415389154e-01 3.257807272633392870e-01 3.819759156391063226e-01 4.077451127427708100e-01 4.499806751601790888e-01 3.692787392931160539e-01 2.656678266102836528e-01 3.113732902238069422e-01
7.860000000000000000e+03 9.453488753156641389e-01 6.834471014041353376e-01 7.773570686359935200e-01 9.285864594046169262e-01 2.479292517615399316e-01 3.887515150961161070e-01 2.465624288940774234e-01 2.183326162094740286e-01 3.400524128854294226e-01 3.754689447983697859e-01 3.579942490001343791e-01 3.408544147577710626e-01 2.800544228059285157e-01 2.290422155425503037e-01 3.816578081873962525e-01 3.469288128513834391e-01 4.844684699464740230e-01 4.461696496527718936e-01 2.439373022811873459e-01 1.887019501069456817e-01
8.083000000000000000e+03 8.701542181742247806e-01 6.949248131124919903e-01 8.386813539387636407e-01 8.926469369799046039e-01 1.630477066885575310e-01 3.480307715078850839e-01 2.583132950767029756e-01 3.420313488350062991e-01 3.400385753384588816e-01 3.804537758542371195e-01 2.601244805530896209e-01 4.390439772931752360e-01 3.888727071119122969e-01 2.285641043413923768e-01 4.750166711956576582e-01 2.565731623094548719e-01 1.070893266885028783e-01 6.046907449387891598e-01 2.836496872050199292e-01 2.233213481372623155e-01
8.361000000000000000e+03 9.339327772232886016e-01 5.524521963904425181e-01 7.662553412699087962e-01 7.987359805502725063e-01 3.573071556291955164e-01 3.498080025632712697e-01 3.381389013811980093e-01 3.643610306849733305e-01 2.964942683796521483e-01 4.067260834942564296e-01 2.334029075927789576e-01 3.957039924211589454e-01 4.519989509271613026e-01 1.181816085062661614e-01 4.142588891045859145e-01 2.964307241582204711e-01 4.303087008396764834e-01 5.078136113992163247e-01 2.995192141115872730e-01 1.612689649836805961e-01
8.674000000000000000e+03 7.715227946749404486e-01 6.007008048208255513e-01 8.191852895712063987e-01 7.640299296657545591e-01 3.410709981124985246e-01 4.255851689496501500e-01 3.891185451351835134e-01 4.174443795685565672e-01 3.422860652058315467e-01 3.251169609654109283e-01 2.059374166057795774e-01 3.106134004264990423e-01 2.525648521449493922e-01 3.707713595248594007e-01 5.116577197288723067e-01 2.825322422397853472e-01 3.338912021624139137e-01 4.529774210991459049e-01 2.209606107989656731e-01 3.467501841187819456e-01
9.564000000000000000e+03 8.076000607651927510e-01 6.526799381401312550e-01 8.887154599379276654e-01 7.080939344225485321e-01 3.609997305556724712e-01 3.826412029087301048e-01 3.682168390137545710e-01 3.758033040606174047e-01 2.548393371497429949e-01 3.745237828075985154e-01 9.037580193264096451e-01 2.357284010073492919e-01 2.386678068579785317e-01 2.111792378315943131e-01 5.963483113081027298e-01 1.924361454415969008e-01 3.198331858200311184e-01 1.939824509909310601e-01 9.320853664214120982e-02 1.776000354777105550e-01
1.045000000000000000e+04 7.892977375361779346e-01 5.913629131209656720e-01 8.160627248917250443e-01 8.230561019795145095e-01 4.581576366511506126e-01 3.269139605638587409e-01 3.493931710642269595e-01 3.663262238702120754e-01 3.587570658740668605e-01 3.204992993099626264e-01 4.186261785473126551e-01 2.409029303945294798e-01 1.979473720511865931e-01 1.894204882425997438e-01 3.205705048268587820e-01 4.175753090451205796e-01 5.730316391691439026e-01 4.967134815052979269e-01 1.850630413980001998e-01 2.827355992990798761e-01
1.068100000000000000e+04 8.556407037117940151e-01 5.653477915967297651e-01 7.087937794997127838e-01 8.142253236435459396e-01 2.082471655287387313e-01 4.152531489889773053e-01 3.869834532173035413e-01 4.287369654206489855e-01 3.599137882560362045e-01 4.034681113356834992e-01 2.653120792902008418e-01 3.163540907075723663e-01 1.850480604968946785e-01 2.379770507598411022e-01 6.026861488738906036e-01 4.014658732143635556e-01 3.511117701028782512e-01 3.920419803369558087e-01 1.891066761967380994e-01 3.178037003315167253e-01
1.077700000000000000e+04 8.153491048040204525e-01 6.684787055188065041e-01 7.117108848899998952e-01 6.711934594053778902e-01 3.379044289474918417e-01 4.979666976093123365e-01 3.578946882553356024e-01 3.697503731653268289e-01 3.554645659654495637e-01 3.620363541102680771e-01 4.511613444249302218e-01 3.213277476090390383e-01 3.045306441127646480e-01 3.367233537215159611e-01 5.269258216239336434e-01 4.036976763740554586e-01 3.939997492023084580e-01 3.483330966451453348e-01 9.947568830799932704e-02 7.059567746090554541e-02
