2.210000000000000000e+02 6.645625490091523480e-01 5.775830688243043243e-01 7.009443515585813689e-01 5.916975048771720980e-01 3.457311236946466471e-01 4.746397599196297001e-01 4.756277799261809380e-01 3.995408415270265690e-01 4.520232374485914084e-01 4.393935742745969653e-01 2.177130094445310637e-01 1.865515805137812066e-01 4.390578358863903019e-01 2.683081224616353788e-01 4.742006663119468501e-01 4.096314745745314734e-01 6.341818852678675622e-01 2.768504483792739168e-01 2.678293956708566737e-01 1.385910707729094971e-01
4.110000000000000000e+02 5.819431722012338160e-01 5.229963994519073456e-01 5.779122148090616307e-01 6.199186414026645053e-01 4.448737010699623795e-01 4.355643973679477199e-01 4.883116747419899428e-01 5.546720336836570286e-01 4.400260191878353488e-01 4.583987639924844704e-01 2.197089366739026495e-01 4.462409613790643270e-01 3.869429395703094521e-01 1.516578434702740563e-01 2.887155710341974824e-01 1.961122409712687531e-01 3.450593928649432485e-01 7.160633215549472297e-01 4.219564201794150371e-01 1.687721448936771174e-01
4.750000000000000000e+02 6.048574533354956761e-01 4.547781717421193748e-01 5.476892798963806097e-01 4.337563004670979550e-01 3.618056408021332881e-01 3.674111355261469591e-01 5.805478314524165073e-01 6.442901299160566086e-01 6.461516572878577280e-01 4.175879194294617180e-01 2.061095790195889843e-01 2.080903773704536053e-01 2.107709050824079222e-01 4.327891341756905930e-01 4.089773074433159517e-01 1.347237446750857437e-01 5.373436422409363367e-01 4.485705137114207042e-01 1.554166095813678539e-01 5.938746388565765422e-01
6.190000000000000000e+02 7.022742883127096603e-01 5.829957630649724720e-01 5.067308045643021952e-01 3.304945976211872694e-01 3.652862898411678438e-01 3.592697786589127418e-01 5.124609078596369383e-01 4.806760493203469653e-01 5.005287656961808773e-01 6.192876289790210098e-01 2.663032116165104379e-01 1.617527811259636961e-01 4.165367451397474774e-01 5.851241532549260604e-01 5.038708595419288949e-01 1.963200235647181158e-01 2.918749106169790664e-01 2.934383221133945452e-01 2.532730747787235170e-01 2.986620649388823656e-01
8.340000000000000000e+02 7.497792892604794313e-01 6.434026094879703450e-01 5.413133772871007166e-01 4.968351063782883714e-01 4.181079100898322243e-01 4.859365824507896892e-01 5.387185396140036220e-01 4.120526609282257890e-01 3.709518644460631509e-01 4.445443673862095046e-01 1.879746579396253947e-01 4.053838700938033335e-01 6.072010503872465881e-01 2.119803638904552423e-01 2.938702216116801935e-01 1.378192231941132717e-01 3.382119761928248369e-01 6.310870805758106439e-01 4.156912116496740972e-01 1.087260791775374047e-01
8.370000000000000000e+02 5.987597217986933007e-01 4.735718556301747317e-01 5.986359099055560407e-01 6.809445295431734158e-01 4.386375883802231535e-01 4.507756870028183926e-01 5.402372517254175888e-01 4.826431721924162033e-01 4.217105584546429475e-01 4.719253314074460803e-01 2.429139348441580748e-01 3.244783166566161392e-01 1.692674034795639271e-01 2.589189025870894945e-01 5.577059641222719133e-01 5.192473339058458759e-01 2.403468996023397641e-01 4.381578242877649521e-01 2.727712674144485705e-01 2.279113274707460779e-01
1.521000000000000000e+03 7.645388863267371660e-01 5.325837434100960666e-01 6.518145050659407413e-01 6.510140735593346051e-01 2.725895766107289675e-01 4.586642892375619174e-01 5.592546449670016129e-01 5.174134550551833245e-01 3.631495204266931287e-01 3.883863000586526559e-01 2.953325069356814714e-01 4.103733723543498968e-01 2.942852192827648539e-01 3.216779239188131967e-02 5.682679219447169805e-01 2.977938042343506453e-01 5.178098420171848293e-01 5.464423155885996808e-01 2.513885186774339475e-01 9.579539269841511051e-02
1.613000000000000000e+03 6.740853144491086857e-01 5.909869849752013016e-01 6.238973792555457809e-01 5.111752740502736314e-01 1.720410895303695620e-01 4.527802717907863372e-01 4.754340752712430396e-01 4.320606278903010855e-01 5.555208417527328635e-01 5.286122389511098696e-01 2.177564343743397524e-01 1.155524975320637165e-01 5.087459746749558587e-01 3.780032915009955974e-01 4.001718737257574099e-01 3.563918545816507355e-01 3.962301506475519042e-01 2.564579281389842147e-01 3.647597607921433949e-01 2.848706840593123735e-01
1.614000000000000000e+03 7.618337713282572476e-01 4.875442022979485923e-01 5.017313203926001552e-01 2.690107412983441804e-01 3.809691406102553302e-01 4.817735581540480982e-01 4.433217435011688190e-01 5.733397547554212048e-01 5.348575526948022851e-01 5.594424568787430552e-01 6.567787378225733996e-02 4.943006366060582746e-01 3.729263362374026225e-01 3.424294841899384600e-01 3.782441519654605178e-01 2.605574430544191356e-01 2.423065538716841494e-01 5.353252340711908142e-01 2.519289159936422551e-01 3.593877472377581817e-01
1.990000000000000000e+03 4.531883476961492407e-01 4.795829777536184113e-01 5.426914927717215731e-01 5.232098878081812288e-01 3.441725444613681351e-01 4.084410594788440152e-01 6.301264953129966928e-01 5.848526304601968651e-01 5.383433558202006530e-01 5.573342776143688226e-01 4.167608480281519423e-01 3.282189970349425612e-01 1.438187486459347741e-01 2.811576980042152507e-01 4.068094441139966100e-01 5.347182192767069298e-01 6.398290565541822073e-01 3.641156142809224283e-01 2.556967938987309702e-02 1.638397903475846962e-01
1.997000000000000000e+03 6.258134088560457498e-01 4.473367019256100918e-01 6.077787715449705086e-01 6.315696479061153612e-01 4.504782070467215349e-01 2.409045579206579302e-01 5.664775980193609284e-01 5.053091494736644540e-01 5.316360985515671267e-01 4.847669876307187375e-01 2.942517943081805476e-01 1.193440946398768021e-01 2.415467556933899307e-01 6.750901070236875468e-02 5.078337034161737318e-01 5.846736477178495761e-01 5.843940724366873951e-01 2.961320850050692122e-01 3.569739451911209671e-01 2.286927574607947600e-01
2.001000000000000000e+03 6.198495749386957465e-01 2.779446449853907875e-01 6.470744618997193998e-01 6.298875624413029506e-01 5.603318609854338606e-01 5.777453045505296370e-01 4.336592071984384789e-01 6.007839695430575722e-01 4.326565885173458414e-01 4.447381592431652320e-01 3.777602475525130288e-01 5.309067561567223370e-01 3.787654723612056129e-01 1.386519311543049360e-01 3.726148480764012172e-01 2.021106539005060598e-01 3.497771725785147612e-01 5.390197131871249381e-01 3.040703174114362528e-01 9.097670604165189467e-02
2.541000000000000000e+03 5.711067250833646858e-01 4.532446755794980464e-01 6.268927834484927519e-01 6.056539001162131175e-01 4.493848393813644759e-01 4.827384738181969004e-01 5.446910139887678470e-01 5.317509949512444489e-01 4.579152469987927687e-01 4.396293851033016287e-01 2.346057976192962580e-01 1.361832594886771552e-01 3.980247354394009784e-01 2.757876854086507845e-01 4.175000235131742787e-01 4.456667386195237168e-01 4.865109726111023769e-01 3.474954315523952619e-01 3.367239414970756295e-01 2.230191338088440278e-01
2.542000000000000000e+03 6.111375444151945224e-01 4.979172428950807694e-01 5.995987839927040541e-01 5.759344192040345423e-01 4.201335991447120999e-01 5.697352257668748532e-01 5.722463856541367688e-01 4.712978715390789830e-01 4.426277913111844042e-01 4.134986258599451792e-01 8.221612482733972604e-02 3.882581536425608326e-01 2.714966829262127623e-01 3.544408745958981810e-01 4.541565763008143519e-01 3.256090327137190488e-01 3.226993927606836010e-01 4.932531913676558299e-01 1.880393176059631244e-01 4.248665491935660898e-01
2.544000000000000000e+03 6.494199954790400575e-01 4.660966810300104513e-01 5.550047499671056928e-01 6.429662471922187317e-01 5.403859205870662485e-01 5.342657771539940370e-01 4.916029085249448705e-01 4.296926652272431979e-01 4.267405216828984438e-01 4.439767197393664766e-01 2.156952844812753400e-01 3.492098297325202938e-01 3.911522626552364490e-01 2.853443568979123768e-01 2.342901387308961025e-01 3.119853262030367058e-01 2.981933539994005011e-01 5.585712873799900668e-01 4.143924436057931371e-01 2.549575513457141840e-01
2.614000000000000000e+03 6.754374165524132945e-01 5.393683659592231061e-01 4.731004442399101007e-01 3.603097827352122473e-01 2.223491274251574445e-01 5.204503920982884724e-01 5.277549988144514259e-01 5.736378647846835932e-01 5.444739695901678056e-01 5.583451372513146271e-01 4.752410899593315780e-02 4.011773071122349821e-01 4.824871139804466913e-01 4.373375957751714505e-01 3.633146754568867265e-01 2.566013859995060487e-01 1.737534693786374207e-01 4.014664056609573151e-01 2.070031075548052213e-01 5.068949068230207411e-01
2.664000000000000000e+03 6.559638622862202784e-01 5.194550362136725052e-01 5.682868625002794882e-01 5.340573420504119984e-01 4.104144212755256316e-01 4.406651677853237192e-01 4.690432522166891327e-01 5.278688431839146933e-01 4.946770538346902946e-01 4.670546608698118995e-01 1.706189597165940486e-01 3.526082224449062497e-01 4.180764721252276384e-01 2.849520529070526664e-01 1.886094030289618695e-01 2.297012517916900420e-01 3.680428157877128070e-01 5.973068872024391851e-01 4.392511762744545911e-01 2.925529317399135354e-01
2.839000000000000000e+03 8.057814531307551098e-01 5.872340418882702195e-01 6.195087057869355096e-01 5.882124326911299939e-01 3.551038634511861636e-01 4.345051108585544775e-01 4.705962592888184304e-01 4.372824801882399526e-01 4.109596352473711689e-01 4.057740453461592400e-01 3.562642981307264645e-01 3.327551041550108057e-01 1.942646140249418840e-01 1.155029480958507937e-01 5.807806821161196620e-01 2.980376242941116249e-01 5.427348094540843659e-01 5.043119972337032353e-01 2.075051890255971421e-01 1.719318518078931379e-01
2.840000000000000000e+03 7.840910531374788439e-01 5.071378798400202337e-01 6.034987947287648868e-01 4.973204365660082726e-01 3.957296658559696367e-01 5.107018001781404859e-01 4.807795817169280284e-01 4.346247090969025395e-01 4.192363806097857970e-01 4.766760563809963047e-01 2.632599856812588013e-01 2.085695854218934109e-01 1.240474267665335611e-01 5.322690622775159142e-01 3.213985516815440757e-01 3.719106690927752035e-01 4.713686949421987959e-01 3.390682435355145130e-01 1.410332372946928314e-01 5.304103647789222276e-01
2.842000000000000000e+03 6.659305430434571127e-01 4.243412512086686128e-01 5.465553628417365584e-01 6.014743544811822495e-01 4.633478732734420125e-01 5.039024610862558040e-01 4.755578814969131929e-01 5.245125722111572131e-01 5.109092158780642601e-01 4.302559505991674360e-01 9.978428671154394858e-02 5.166722658145670444e-01 2.684842277032938318e-01 3.458063662343897615e-01 3.535742994305352549e-01 2.080880256204398759e-01 2.536683674428594770e-01 7.059107146869418870e-01 2.459912703302885584e-01 3.370401541430265158e-01
2.894000000000000000e+03 6.826734416622640689e-01 4.538227263488762708e-01 5.982366361194634274e-01 5.403738083054787644e-01 4.835497256608419780e-01 5.197794834005464715e-01 4.961661242612401823e-01 4.882543390616135293e-01 4.708405282550606752e-01 4.210987778820184935e-01 1.833192308733235798e-01 5.621762453013711136e-01 3.436690862431185378e-01 3.813347680037580956e-01 3.772337638151709305e-01 1.777559548855784100e-01 2.395388183141693994e-01 6.965136979025178254e-01 2.229965159555084564e-01 1.416048200190762330e-01
3.099000000000000000e+03 6.482586330705740751e-01 4.431450447763574663e-01 6.466060259224577500e-01 6.984766343365322872e-01 4.259025127352595863e-01 4.086264409676370613e-01 5.433525429851620014e-01 4.634226974918436159e-01 4.430793571971964884e-01 4.460349884654871144e-01 2.301498615270250736e-01 2.588398673831255326e-01 5.634031652547230040e-01 2.443388766698612879e-01 4.468348410164003637e-01 4.472854399915743295e-01 3.065387987780823220e-01 1.659639163430504383e-01 2.742126930979831845e-01 2.915608906047830740e-01
3.100000000000000000e+03 5.939769006993271816e-01 5.077366931075008027e-01 6.784971172559499664e-01 5.440705109047637711e-01 3.448836649921135922e-01 5.612729202751043367e-01 4.851659823815446249e-01 4.489248189036213477e-01 4.451291787753438034e-01 5.109969643077952872e-01 1.958727711510014902e-01 5.395489810720706103e-01 2.447305597515241904e-01 3.892789428297923626e-01 4.590764568745406837e-01 1.882603468586341589e-01 1.557304278528101882e-01 4.208429991461948294e-01 2.558250250240398094e-01 3.960474267434212492e-01
3.118000000000000000e+03 4.947868840996371143e-01 4.641378148216561694e-01 5.698436522208948363e-01 5.545563683434894253e-01 4.096085457182619960e-01 5.273990500223155742e-01 5.559107774620487552e-01 5.665257479979423083e-01 5.169643730160828898e-01 4.701333245676646566e-01 9.301407545876302918e-02 5.058256602254789236e-01 1.985525515103943039e-01 2.714120300012948239e-01 2.201831726006820422e-01 6.435129230638286790e-02 5.238586789724569703e-01 6.176794606227010709e-01 5.369796391691500359e-01 3.342148721689736646e-01
3.874000000000000000e+03 7.978906613528454761e-01 6.488679089655066123e-01 5.462724009423506333e-01 4.838082578512531429e-01 1.538259939598440595e-01 6.357660826025129941e-01 3.874001192157360274e-01 4.094037857036245676e-01 5.074054804786169992e-01 4.684474858910452344e-01 2.937555171781848773e-01 3.317139122001650509e-01 2.962312884841413196e-01 3.051001711499369273e-01 3.087941077557104785e-01 1.781542501201583417e-01 6.616500611832745182e-01 4.238301570345041069e-01 2.207216362559968614e-01 3.230380277223065533e-01
4.595000000000000000e+03 5.666539909977497125e-01 4.698390028454437761e-01 5.265397703076837299e-01 6.386742877690247955e-01 3.632078448404915672e-01 5.156097895476846604e-01 4.978212806598537044e-01 5.002712659680915719e-01 5.062000973056943742e-01 5.228248259475115622e-01 2.984176533896161776e-01 3.807323267155466873e-01 3.037568429962517191e-01 2.744035686918942507e-01 3.180563200777553612e-01 2.432698551167989942e-01 4.482163169482316634e-01 4.796287442520884570e-01 2.959734930341937353e-01 2.678115466254518129e-01
4.683000000000000000e+03 5.720964826662063851e-01 6.282908763216533687e-01 5.265109033986888898e-01 5.476016796909424222e-01 3.918626031290404765e-01 4.862620992865353542e-01 5.092471554095150399e-01 5.669142855920272783e-01 4.276846807615717339e-01 4.407121683023906278e-01 1.828268898441436641e-01 3.682077227807550868e-01 4.346335098787649787e-01 3.650547390885209298e-01 3.199244959384847653e-01 1.177106036081461832e-01 2.584754538268990709e-01 5.229836516563767246e-01 3.384768653891144785e-01 3.959616832429244115e-01
4.772000000000000000e+03 9.053354144659574443e-01 6.471093689244882263e-01 5.897200498154433479e-01 4.519382318010768396e-01 3.765093082703164784e-01 4.252501167833911966e-01 3.369716958035749443e-01 3.809602632371025255e-01 4.362761588068910790e-01 4.777936477160823481e-01 2.314550262865077979e-01 3.184987402787051169e-01 2.905743648818074898e-01 3.011628497960593953e-01 4.086646496928929007e-01 2.839315440688627290e-01 5.023078643724874226e-01 3.992711186198922846e-01 3.000621017611693753e-01 2.721375485031958807e-01
4.774000000000000000e+03 6.873339514627551106e-01 4.221432771528952355e-01 5.665264286695737006e-01 5.592873309485318911e-01 3.569792261054054450e-01 4.773222884533037114e-01 5.377352665802012099e-01 5.591734565776980137e-01 4.694369169939693887e-01 4.818739504215636682e-01 2.532632639115503514e-01 3.284755217315534215e-01 3.751633975275465716e-01 2.688736969578592872e-01 3.907515880706420863e-01 2.654702970926988703e-01 4.588608695023300710e-01 4.081036417593273402e-01 3.404788378526369397e-01 2.120347254780466928e-01
4.836000000000000000e+03 5.177311285294445842e-01 4.990301349310208301e-01 5.952680971376455021e-01 6.811679379286786906e-01 3.233206676829394333e-01 5.461754429299191527e-01 4.903477372990662220e-01 6.023154644268969848e-01 4.388353028324540883e-01 4.560614538915011007e-01 1.944929793420347441e-01 4.953112357740535043e-01 3.119529317714503924e-01 2.755532178230756801e-01 3.507869103718138093e-01 2.902841859169710825e-01 4.303724919003926175e-01 5.802707111754168423e-01 1.870589719839552967e-01 2.160041969585783650e-01
5.271000000000000000e+03 7.357522276548519313e-01 4.961369974915328385e-01 5.872297766015670550e-01 6.277098649328300972e-01 2.443397242529032620e-01 3.783259718407174232e-01 4.781875013870908742e-01 5.591542788883171466e-01 4.909928454526480412e-01 4.745734970419767107e-01 3.026781055628126604e-01 2.908931981854382953e-01 3.624776783319302864e-01 2.068193332337222301e-01 5.614249618287429078e-01 3.242796234809608991e-01 4.800299128164939866e-01 4.260714422515424205e-01 1.884140989330315152e-01 1.515392809517560058e-01
5.297000000000000000e+03 6.466706661604414430e-01 4.544903592482229526e-01 6.080480064965676501e-01 5.851184243245486361e-01 4.613549372356319789e-01 5.764943889992819592e-01 5.041647555818395965e-01 4.460377076518204920e-01 4.405777616300044497e-01 4.492357675512539950e-01 3.639313085734740549e-01 1.425457035846304787e-01 5.315427063433306731e-01 2.803960488700790177e-01 3.010030464657113547e-01 3.283484142430534436e-01 4.022618882268520490e-01 2.779868510913047208e-01 3.860030380900350000e-01 2.568413579418793447e-01
5.319000000000000000e+03 7.356834466289526864e-01 5.270783188789183171e-01 5.759075288772259604e-01 5.386632900846410887e-01 3.457236530538979613e-01 4.506560257489616861e-01 4.547318348453952552e-01 5.313864142679497471e-01 4.789659016996263841e-01 4.469817335862096286e-01 1.207167035402706284e-01 1.069519602982453299e-01 2.823192787685676608e-01 4.945799523545439391e-01 4.794958922537738699e-01 2.649944484137395362e-01 4.202876095093209252e-01 6.730384290732301933e-01 1.860562367722830845e-01 3.467429081074430153e-01
5.467000000000000000e+03 8.183617129628718567e-01 4.573860309394124912e-01 6.503704144993935898e-01 5.780211547745343070e-01 4.308118981036074269e-01 4.472314052496712544e-01 4.707645486053554373e-01 4.461210683507240149e-01 4.180919342075096745e-01 4.289552968053596538e-01 4.583826214985954883e-01 4.063380202244161188e-01 3.153523087371984390e-01 4.132645557003755132e-01 2.688320712934469392e-01 2.388610699556420747e-01 3.324065155424714146e-01 3.545930778090510271e-01 1.552442272346719054e-01 3.169651397180623387e-01
5.468000000000000000e+03 6.412195342388431474e-01 5.369229907471980701e-01 6.037853865740145931e-01 5.883618400572815377e-01 4.174132302345916479e-01 5.215287533853736335e-01 5.009577289712141557e-01 4.510218778956293639e-01 4.526584221383420648e-01 4.289623485261428448e-01 4.013173471659978175e-01 3.795153869043969563e-01 4.863240945027015871e-01 2.528871477927367439e-01 3.178426658595387422e-01 2.584010878136471789e-01 3.960340468717996609e-01 3.313894064766422787e-01 3.461447260361874001e-01 9.635202870813934506e-02
5.469000000000000000e+03 7.168996235522936411e-01 4.881683524039726052e-01 5.935497649115776264e-01 5.526339048346083915e-01 4.661984803081231643e-01 5.327776341164948137e-01 4.868364719726447354e-01 4.736918082068966029e-01 4.379186809867761654e-01 4.092389590285172574e-01 3.437626683391076798e-01 5.195477424071546224e-01 2.860608283236225624e-01 2.864464393386416674e-01 3.153747756521569912e-01 2.906940511170437724e-01 3.443668171216061613e-01 5.613155261790335748e-01 8.670418473344967958e-02 2.663116561374084812e-01
5.963000000000000000e+03 5.523868813963066504e-01 3.676756258942057709e-01 7.024867565119705670e-01 6.791705472112370412e-01 5.094900191498186182e-01 5.026975379637470542e-01 4.350005642366101544e-01 5.820548473063784645e-01 4.605054849366967962e-01 4.163639179414923008e-01 3.164832586856662910e-01 3.322537514854111418e-01 3.359611194507520215e-01 2.561672100674374786e-01 3.586394526346868283e-01 2.583959056018623190e-01 3.999152209780905132e-01 4.919571259445406630e-01 3.162100673410967455e-01 2.359995347951758526e-01
5.974000000000000000e+03 8.941642459474935523e-01 6.833621930375300968e-01 4.941532362555560165e-01 3.659263711148275089e-01 3.371870476615372314e-01 4.640557250365710540e-01 4.498542052425622551e-01 4.960351646211101362e-01 4.369194289100525874e-01 4.077970844686985563e-01 2.294508460641552228e-01 2.469647930039562123e-01 3.934183826784585780e-01 3.419496205468042227e-01 3.813364310810379298e-01 3.766859543491766771e-01 3.116432939537505664e-01 4.395529649982617970e-01 2.771098057622715105e-01 2.927281263416067203e-01
5.995000000000000000e+03 7.766147450646821992e-01 5.119792768200583932e-01 7.028268966387456462e-01 5.531220203699670490e-01 2.993887093844938008e-01 2.441372235006493141e-01 5.841315626082316248e-01 5.680043845166212746e-01 4.670459119310021445e-01 3.872709903273203746e-01 2.417066121313863336e-01 4.450796364274187122e-01 3.786585055239499731e-01 2.839845559331820035e-01 3.491058433605848110e-01 2.884448029508761002e-01 3.649943691976101356e-01 4.638789258804285054e-01 2.076266947327579659e-01 2.726850828037299390e-01
6.635000000000000000e+03 7.151405767065766028e-01 4.463693187241640770e-01 5.347412536629215785e-01 5.053514955772456796e-01 3.568879036132273641e-01 3.336347308797107947e-01 5.985002899655194053e-01 5.492403678391164501e-01 4.912651683038060657e-01 5.271058130759005422e-01 3.598132591032751071e-01 3.282802078941224333e-01 1.202227900824051482e-01 2.505040062177762428e-01 4.078908089350342103e-01 3.758054354517697537e-01 5.505903340275235536e-01 4.484973145835366437e-01 1.711783545543618945e-01 2.945749699875337968e-01
7.021000000000000000e+03 7.020838330294523200e-01 4.664058094976837876e-01 6.126321921316129071e-01 5.600167438203554893e-01 3.910894144479078460e-01 4.332850939255338263e-01 5.530228318219395645e-01 5.630122011906182333e-01 4.099867540982969905e-01 4.435950366671045919e-01 4.041516820108820296e-01 3.091999477174574018e-01 3.257961391347618529e-01 3.005351011407630946e-01 2.117411754829077730e-01 3.856340457263970900e-01 4.111049737809658877e-01 4.084961340655152706e-01 3.062912014878482747e-01 2.261140561764346801e-01
7.512000000000000000e+03 9.209060389187814222e-01 6.249707290146494509e-01 6.659108263818424023e-01 4.446853597232050537e-01 2.336547882389854724e-01 4.271303589979174586e-01 5.084244866971028287e-01 3.053975202782874265e-01 4.525801703930449893e-01 4.625271024209491877e-01 2.305479091696230054e-01 3.147822502807176015e-01 3.390941294175205956e-01 3.389614883111580768e-01 4.423427068983155630e-01 3.168737527681294575e-01 3.628724559266507388e-01 4.305290520770601037e-01 2.916631062923967788e-01 2.236438228455585597e-01
7.582000000000000000e+03 6.481592769013208022e-01 5.428592885853077421e-01 5.502459591454261778e-01 5.314948463916422394e-01 3.448660919749320097e-01 4.322507033080491556e-01 5.290886195641190115e-01 5.288663975027156905e-01 5.011475787446242336e-01 4.670585973463651230e-01 8.583905288909865483e-02 1.673125073782750771e-01 4.768587096422642335e-01 4.561727375321054101e-01 3.930313028621719718e-01 2.850917197289791760e-01 2.825068763686436890e-01 3.824739144078472264e-01 2.857265248552632309e-01 4.826756718853901784e-01
7.692000000000000000e+03 6.749477086121904446e-01 4.801643194223093047e-01 7.451982271556817361e-01 5.701140918564938653e-01 3.999635621027621823e-01 3.493379095460431016e-01 5.846126718234005981e-01 4.863087923182740080e-01 4.509429156216258616e-01 4.053831162215543182e-01 4.178877367954712541e-01 3.209558181542310762e-01 3.236396113926843787e-01 3.012180641513007573e-01 3.033588633629460962e-01 2.770589140603136880e-01 5.385611405878537594e-01 3.161773525441803900e-01 2.422851173972682404e-01 2.471033536063443337e-01
7.839000000000000000e+03 8.374805384639343320e-01 5.000581418135260359e-01 3.186065820971438756e-01 5.662719219822421879e-01 3.788914335738496897e-01 5.436483111628694909e-01 4.279960268930199652e-01 6.249907890449195591e-01 3.780816964253096435e-01 5.031188559660567661e-01 1.839239492438590473e-01 2.984114957263153678e-01 4.832244013367858471e-01 3.143403206472406564e-01 3.532550338574507731e-01 3.439858996370429578e-01 3.441069261909930899e-01 4.180763441664533397e-01 3.856293863336496264e-01 1.721180801078437961e-01
8.048000000000000000e+03 6.859906425165790411e-01 7.203960434934771895e-01 6.984069526829210783e-01 3.636340656066086585e-01 3.278721215806053024e-01 3.334308182222525674e-01 4.203638124863525727e-01 4.534460227028366819e-01 4.541929947026028813e-01 5.232516556572339717e-01 3.043745742692882117e-01 3.483322013646952264e-01 4.072623199376697034e-01 4.143573571150478418e-01 3.272720273854806683e-01 2.299826147165946466e-01 3.870483278648489400e-01 3.986142329983980437e-01 1.840666621709165229e-01 2.937206969399643874e-01
8.049000000000000000e+03 9.197276941604746181e-01 5.485906502741597635e-01 3.748036423671551876e-01 4.439826403707805569e-01 2.789949661433109851e-01 4.310439826110518680e-01 4.772280599446030447e-01 4.648808348702312965e-01 5.352356826252878674e-01 5.175409063587654845e-01 3.055978116041268011e-01 4.336679359744348705e-01 4.413951380355237708e-01 2.901685251508601682e-01 2.812606225530259740e-01 2.766107724596825190e-01 4.049359795457690980e-01 3.384844742533864026e-01 2.859464295683275536e-01 2.199551370628778368e-01
8.085000000000000000e+03 8.930974586966560214e-01 7.136519245938836020e-01 3.492925649208509231e-01 4.737395892362987748e-01 2.683961714209188165e-01 4.176356887434534704e-01 3.990748644083852437e-01 4.259770676414930679e-01 5.374839100957503613e-01 4.825128750932054511e-01 3.788348309306936446e-01 2.922030195596999613e-01 4.958748724938467078e-01 2.731596898279675112e-01 9.800059340967910704e-02 4.724296241475775537e-01 4.830180872515602020e-01 3.834518732488877979e-01 2.522653073687790015e-01 1.805613995611692613e-01
8.372000000000000000e+03 6.512037091529274679e-01 5.165933157550159915e-01 7.754257451811131796e-01 5.947250047104878368e-01 3.237512077776795172e-01 3.867258960146850999e-01 4.962858383032613396e-01 4.637250324623612974e-01 3.902815299228709067e-01 5.118866835540299975e-01 2.238918769766614913e-01 3.057641836205526875e-01 3.128401016890567377e-01 2.805583048921607148e-01 2.099693528032640644e-01 4.025759888687095445e-01 4.760543973952128805e-01 3.481414625784845507e-01 3.495914293434134734e-01 3.923083522909413534e-01
8.373000000000000000e+03 6.798564355450796848e-01 6.027480313534112621e-01 5.837509177591786447e-01 4.360412010916003278e-01 3.251017556096901795e-01 5.104131090572906482e-01 4.860556349275557131e-01 3.890320990230969334e-01 5.199349808811867257e-01 5.101336277259396201e-01 2.530575830074962007e-01 3.309328121557394975e-01 2.948769344043100649e-01 1.466410818198064514e-01 4.372070856120467419e-01 3.378913587122189810e-01 3.421391856002699017e-01 5.370206837350506301e-01 3.722392643745705554e-01 2.415239966963758922e-01
8.737000000000000000e+03 6.236176319363055942e-01 5.475198446189434298e-01 5.757137711773783195e-01 5.694136661045317016e-01 3.812838781290652235e-01 4.507225033205080056e-01 5.558175958065892930e-01 5.169498028332176753e-01 5.023655501347005226e-01 3.979728795811794950e-01 2.754694788656774085e-01 4.078538103868667442e-01 4.845523802601550689e-01 2.298117843076362965e-01 4.380655430704423203e-01 2.552419154077605890e-01 3.558669574304175187e-01 3.193528077171079449e-01 2.475205912858006729e-01 2.451962460469006844e-01
8.740000000000000000e+03 6.040053422019487916e-01 4.026647102053206306e-01 5.061562773457733977e-01 6.333243888957884593e-01 5.022938394752145541e-01 5.779293506877396513e-01 4.080373414380088493e-01 5.179336178498392673e-01 5.294304931244111501e-01 4.685232413428137010e-01 2.050453238286539526e-01 4.056214782195390334e-01 2.440802331348045084e-01 2.130119388366538413e-01 2.381116397770005055e-01 2.617619528338737678e-01 3.560787102040251506e-01 5.966733270129352951e-01 4.610839549451220543e-01 3.399111115217944290e-01
9.356000000000000000e+03 7.238635569380938994e-01 5.824563173187243814e-01 6.313207262281214094e-01 5.023087141825354207e-01 3.621921900164812858e-01 4.151454620179031996e-01 4.901075011805946513e-01 5.081051123520574642e-01 4.728483172446531491e-01 4.025673654000399559e-01 3.328740405749704423e-01 4.805693139559483185e-01 3.195703020147985240e-01 3.730934812665688272e-01 4.114608192501698625e-01 3.654180534227582933e-01 4.460769934116308733e-01 2.063400071040145944e-01 1.567024446848681862e-02 2.987236817350747975e-01
9.363000000000000000e+03 7.240267502284390977e-01 5.332970098137713721e-01 5.784635571301356416e-01 5.411531607587344306e-01 2.863886086954351984e-01 2.650649503885993408e-01 6.239435927740865084e-01 5.081344324575686189e-01 5.269998978787246990e-01 4.614209536371929321e-01 1.056851493481816007e-01 7.710993829676790479e-02 3.248618339909430941e-01 3.068472148970003421e-01 3.313821595562949640e-01 2.567679696913264253e-01 4.940470538734118011e-01 5.935082562935597439e-01 5.520482936005348673e-01 3.275152096224309139e-01
9.364000000000000000e+03 7.069281837274594693e-01 4.646277446996847083e-01 5.434718860771964311e-01 4.059978758985535729e-01 2.213036092318656778e-01 6.598151654463426663e-01 5.475064913760001595e-01 5.529354094679015397e-01 4.695854336306973797e-01 5.133828416115970850e-01 2.920335010814499588e-02 3.254081082028302818e-01 3.027237189462697042e-01 2.650467346929948342e-01 2.834128458279658314e-01 3.339362885080843224e-01 5.545439463606487429e-01 7.589319330565563737e-01 2.897968245662838616e-01 2.706188300169585781e-01
9.399000000000000000e+03 9.115430671671562735e-01 5.041442704380122430e-01 5.341770395213732980e-01 5.094777841674076324e-01 3.952098124603164453e-01 1.995981114775719767e-01 5.224027242247031300e-01 5.601776646368328283e-01 4.535375725399704017e-01 4.512403205336350531e-01 1.095513066960767806e-01 3.918424367777421646e-01 6.432802008416770301e-01 6.222295306699293649e-01 2.610572982932431452e-01 1.830819663808420927e-01 3.676309157585798126e-01 4.355834476909390407e-01 1.971405959376187345e-01 1.273610527989701147e-01
9.608000000000000000e+03 7.591843050987850949e-01 4.960942205454450527e-01 5.329920748726958424e-01 5.191126731837154562e-01 4.202289153037284675e-01 4.549289419178270122e-01 4.615703202579998776e-01 4.786727432118028647e-01 4.848652172668012073e-01 4.773695766856240197e-01 1.516459003487858059e-01 3.776403731332994562e-01 5.249881448725106647e-01 2.584065481461931824e-01 3.034971029297789946e-01 2.997957381279542921e-01 2.856842897781380342e-01 5.599360034047974333e-01 3.520170174059108481e-01 2.028468846236396728e-01
9.829000000000000000e+03 6.706430398245135649e-01 4.744037121930186895e-01 5.574468854940228812e-01 6.715206348634263911e-01 4.731556483443695726e-01 6.231986223606883479e-01 4.301413897348730919e-01 4.669732919331456289e-01 4.218171129544580622e-01 4.069867296947287660e-01 1.606089340101843344e-01 0.000000000000000000e+00 6.691739977267626704e-01 3.976654094938302242e-01 4.346215853541874341e-01 2.507589157496754595e-01 3.496313408595185801e-01 5.175286083874183207e-01 3.747374174261972612e-01 1.844807775440250874e-01
1.009300000000000000e+04 6.704660660399803795e-01 4.644297966775065567e-01 6.673361655330626308e-01 6.113049640386288841e-01 4.948426701561456365e-01 4.676954939051972127e-01 4.893158468112445703e-01 4.702728719267363910e-01 4.229724617825803556e-01 4.168586366488691297e-01 2.603631977883440474e-01 3.616134159924207503e-01 2.560137706101862642e-01 2.890597175528789031e-01 3.516728743381372091e-01 2.942812691600565911e-01 3.878567008861771304e-01 5.868231364192033617e-01 3.043753227628530067e-01 2.306417488467185362e-01
1.009400000000000000e+04 6.298672885971871027e-01 5.325540932974573982e-01 6.114839886983968187e-01 6.315618882951791191e-01 4.130174566760002608e-01 5.165845292305576431e-01 5.064042984561891725e-01 4.370692546601412931e-01 4.218913041944215570e-01 4.505987680106108839e-01 3.111718672052026791e-01 2.819308817581848148e-01 3.080404906525067710e-01 3.101339808946247945e-01 3.378320226212167543e-01 2.705751834589481541e-01 5.819760411160171953e-01 4.859824404446727031e-01 2.149426448327427797e-01 2.379999984498927801e-01
1.009500000000000000e+04 7.026920769418562029e-01 4.859931742223614903e-01 6.225706886395652173e-01 5.363707571368955263e-01 4.507015264633431606e-01 5.269761485282005165e-01 4.596131453281650514e-01 4.294180686993194218e-01 4.544101266237276504e-01 4.639033080788483865e-01 2.379316967940277860e-01 3.354683446145590442e-01 3.337054341934334034e-01 2.992829791664238792e-01 3.188230708441652794e-01 4.359423975799348039e-01 4.887124000967667525e-01 3.758307255509389377e-01 2.262363656824157854e-01 2.532050687092588515e-01
1.012000000000000000e+04 5.748172751567438565e-01 4.233833852091926642e-01 5.330819034488465391e-01 6.081331272994543458e-01 3.235422271897935298e-01 3.666689568862145365e-01 5.661202850631056327e-01 5.878535923404213381e-01 5.805270168041285483e-01 5.092053825152125235e-01 1.031907897143212599e-01 1.014861824757886666e-01 1.893142551680403463e-01 3.950910538797230420e-01 3.907033568979177973e-01 3.439776626527787373e-01 6.828827603553866421e-01 7.952739929595624702e-01 2.117075272490978044e-01 2.321779350205094572e-01
1.037900000000000000e+04 5.920317909166868953e-01 4.505821440497796981e-01 5.906203425183800260e-01 6.151763784942140267e-01 4.809947047951396160e-01 6.080065684751347899e-01 5.500094796334390468e-01 4.805771472509257070e-01 4.634240201545673510e-01 3.797356227204299883e-01 3.104920710186582222e-01 4.070849161631870383e-01 2.065816722019096774e-01 3.436440355221888066e-01 3.067038981680044185e-01 2.923360900102134896e-01 3.554687998123282622e-01 4.518672734829304316e-01 2.405205433272868398e-01 3.718804628936773216e-01
1.043200000000000000e+04 6.506686903098136687e-01 5.106470645569343159e-01 6.344473735910286516e-01 5.712735110490796409e-01 4.029147951864373023e-01 4.596473891022359592e-01 4.502599134008978821e-01 4.491474998967229793e-01 4.678635107811957017e-01 5.031268375178208352e-01 4.207097009414178385e-02 4.076450959582283984e-01 3.394830304461424753e-01 4.488319882593396204e-01 4.216541041025165804e-01 3.145209132923445505e-01 0.000000000000000000e+00 5.994774136552794008e-01 2.778193265563838055e-01 4.276636881027180981e-01
1.058700000000000000e+04 6.184891659709830236e-01 5.024919884774318168e-01 6.150456137873174800e-01 5.198403919223708591e-01 2.056838545140131647e-01 3.576224467004205376e-01 4.700402437178624049e-01 4.772643533603485033e-01 5.819170767565055025e-01 6.324997791501523192e-01 1.792568115012393437e-01 2.302281628009492376e-01 2.533825909697030032e-01 4.802628897585281553e-01 4.897845197643559967e-01 2.330562119969371015e-01 3.849899082267678740e-01 4.605270232865968372e-01 2.504610338045604734e-01 3.505812026326737829e-01
1.064700000000000000e+04 7.682712096886462616e-01 6.086908147881537889e-01 4.830929278795401682e-01 4.505492618573591623e-01 4.201009709466993480e-01 4.886774173848952296e-01 5.154931527746802189e-01 4.579167025422399284e-01 4.004490547410599621e-01 4.788484722441015418e-01 1.464772744074420707e-01 2.620232117996183496e-01 5.242760405536909252e-01 4.093145223768814289e-01 3.434030868659132540e-01 2.808917082382376695e-01 3.067727131540726182e-01 4.080522914752444108e-01 2.671725833394795746e-01 3.523163764048674595e-01
1.069800000000000000e+04 6.018968772061726868e-01 3.241197800183374111e-01 6.676960188390286266e-01 7.578311088299100051e-01 3.807649967708635064e-01 4.405871523491708408e-01 4.307412175714229741e-01 5.301540683061233272e-01 5.147211594422356207e-01 5.079136722766983691e-01 2.401766542101930746e-01 4.514306739983219852e-01 3.076282056441984603e-01 2.522297444983316872e-01 3.305917786476326725e-01 2.794988024786233538e-01 4.825116576945965297e-01 5.389823101523326665e-01 2.564685161399360980e-01 1.904047196276384690e-01
1.125500000000000000e+04 6.515442273386136129e-01 4.156469616656270349e-01 6.101771827975179807e-01 6.679024489432637823e-01 5.415366741204208356e-01 5.498573520432255002e-01 4.705688426245080436e-01 4.690546800339964739e-01 4.058396279263526973e-01 4.278288550357934317e-01 3.456652898987382927e-01 2.343592644611538489e-01 2.207115090361049248e-01 2.816742836389891647e-01 2.905729217092220540e-01 4.179661968613824219e-01 4.889276445404295290e-01 4.028880300473710596e-01 3.000437939314955504e-01 3.181764121304424542e-01
1.125600000000000000e+04 5.763376887215068134e-01 4.933366056646830700e-01 6.672611904129340799e-01 6.853452503295016651e-01 4.931507940143793345e-01 5.002584418610218631e-01 5.087826804001663872e-01 4.207095703040810708e-01 4.371166172627573010e-01 4.134167995063822154e-01 1.833521715545677055e-01 2.432735480952136764e-01 2.937704800223601143e-01 2.346718515775956526e-01 4.492917559685813411e-01 3.459358216742299263e-01 3.929689239326547012e-01 4.711270883407044918e-01 2.960119471685989101e-01 3.926192791584757757e-01
1.125900000000000000e+04 7.303645703129811873e-01 5.132834041390585966e-01 5.923385532774658735e-01 6.275957924964664647e-01 4.292829923918940471e-01 5.272356862618556850e-01 4.732402729919207851e-01 4.356285545583025720e-01 4.229110609583555114e-01 4.102636207816431901e-01 2.315412667102958455e-01 4.514637818909829625e-01 3.674341512815613164e-01 2.716003291672208220e-01 3.771704021856942535e-01 3.381439675685074531e-01 5.740968556305040549e-01 2.783129891813304058e-01 1.535372697002200248e-01 2.514050776846115109e-01
1.175200000000000000e+04 5.829760985411248653e-01 5.380602164142460619e-01 4.987415183650691364e-01 5.564546780941027615e-01 4.011743015425663361e-01 4.407657921636280451e-01 4.557985100835316716e-01 5.930757340893976215e-01 4.847757144813916730e-01 5.121105487737589446e-01 3.918552499370863140e-01 2.959138791703005422e-01 3.696780090401968200e-01 2.808926615584268482e-01 1.540682265150567498e-01 1.355854406831834003e-01 5.437218606114272434e-01 5.275831664475753024e-01 3.765989185585016386e-01 2.676211128980836018e-01
1.180400000000000000e+04 6.548365712204679001e-01 4.096824930419786237e-01 6.909895189231387569e-01 7.026905388052634427e-01 4.756452630436595608e-01 4.571189239405707982e-01 4.471731499954065270e-01 4.611180321054693110e-01 4.417941719263248634e-01 4.438954475720991999e-01 7.030864848063288208e-02 3.046363979555955503e-01 3.774781193649795474e-01 2.368290030368821186e-01 3.697648652720906814e-01 4.693571172849211881e-01 2.642165451084997341e-01 3.415788480257732074e-01 4.939507434738948377e-01 3.369190078361787299e-01
1.194400000000000000e+04 5.629319398338183955e-01 3.977334552088787611e-01 6.292405419534130573e-01 6.381313885031398847e-01 4.454182277117302857e-01 5.303652430286996955e-01 4.914692469989878076e-01 6.041855815580019495e-01 4.486046561141935896e-01 4.357322176297482308e-01 2.052600184656666604e-01 1.745650538971274812e-01 2.989581857402932030e-01 3.528256346840062951e-01 2.379716885695687678e-01 1.242658858426298890e-01 4.039014924450303190e-01 4.592176623594503293e-01 3.418218022420597135e-01 7.216530302129803287e-01
1.194500000000000000e+04 5.432266491831477806e-01 4.967647158738427993e-01 6.255103425530192940e-01 5.674582494019634327e-01 4.603249510922065579e-01 5.072414879905812191e-01 6.538171827481958909e-01 4.573119827432716167e-01 4.352996853984372194e-01 4.304750583280247400e-01 1.306040171718986509e-01 3.226608735300318664e-01 3.711023167880693752e-01 1.817665821243279467e-01 1.730259657256719152e-01 2.839290931324490730e-01 4.565290252922599712e-01 5.344123824971489523e-01 7.108669282110188226e-01 1.759144165071771793e-01
1.201000000000000000e+04 6.656968166932182296e-01 5.189122313334657566e-01 6.056618752664132410e-01 5.205866618699432902e-01 3.651698413730177784e-01 4.451820545061938028e-01 5.150780724832212387e-01 4.930042227702396973e-01 4.432857548186762142e-01 5.122745440212415069e-01 2.633019501601824852e-01 5.149663988966837191e-01 7.903721002704657828e-01 3.288535619077769812e-01 2.611629178060241863e-01 2.181124332370625585e-01 1.559322770679526238e-01 1.932426970360074658e-01 8.907059027178861055e-02 4.038222589344228064e-01
1.201200000000000000e+04 6.492313822989520533e-01 4.241347581678631684e-01 4.950462265787266558e-01 5.132018845846268995e-01 4.759433011782736589e-01 5.553565852107131828e-01 4.861533946832738984e-01 5.519467749047756167e-01 5.195242093142014017e-01 4.563120428632742032e-01 7.063410462569769122e-01 3.600499115340568546e-01 2.216825067526849991e-01 2.045318303534306714e-01 1.268032186181181076e-01 1.076740732087876767e-01 2.048852421463082663e-01 5.834283860018764090e-01 2.332473796605261385e-01 5.065041850461954320e-01
1.201300000000000000e+04 5.809039111566924873e-01 4.041753173253180287e-01 5.189339216274678757e-01 6.088058033222917276e-01 4.918806563421313505e-01 5.104363788707474425e-01 6.003958382242672309e-01 5.453631433362036152e-01 4.646614872052697298e-01 4.486794699162027777e-01 3.418655910261623188e-01 2.741703232385262479e-01 2.510863463485073499e-01 7.105128728435872176e-02 1.725319768185539226e-01 1.374201282139810576e-01 6.288767623335850265e-01 4.306852880593818322e-01 5.419088234447695385e-01 4.752885788077059748e-01
1.201400000000000000e+04 5.430209136237883483e-01 4.091155787271318345e-01 5.895490286573783489e-01 6.070225842994536603e-01 4.325927037581331347e-01 6.163190976081863726e-01 5.752343803061046312e-01 4.679475406024052875e-01 4.431819306919618229e-01 4.981632357050926885e-01 1.895036284171622287e-01 2.384048897280853230e-01 6.997352211907555131e-02 7.995141034679950631e-02 1.596753717086286106e-01 4.041157624063941300e-01 3.725356782653680421e-01 6.939374772655018120e-01 3.951144139116278819e-01 7.370491725997829757e-01
1.201500000000000000e+04 5.513448916816079404e-01 4.631976516896085250e-01 5.909360988191894037e-01 5.472897141027304180e-01 5.339245209266771930e-01 5.921639544387958809e-01 4.868971140045167956e-01 4.459850088640002763e-01 5.013525273726633369e-01 4.508213796392165906e-01 1.554971197262688676e-01 8.483624594303144917e-02 7.528310926826579930e-02 6.441931729356917269e-02 3.832939050530144720e-01 2.133326618196590418e-01 5.936629237649658775e-01 5.188668252136937609e-01 6.193997838291002145e-01 6.326906722163818664e-01
1.201600000000000000e+04 6.125835143294816598e-01 4.627898779400112517e-01 5.341487386211409838e-01 6.528943592400726637e-01 5.095227410034232074e-01 4.934812325134210753e-01 4.590105126709294603e-01 5.108012979963166833e-01 4.464105835679625378e-01 4.688331850000735379e-01 4.275185426492906365e-02 1.099383136637710340e-01 8.516773035336105968e-02 3.422727235042327676e-01 2.570579755217533569e-01 4.356401667937165878e-01 5.107388492422941795e-01 8.839813408686626461e-01 6.151344150602685579e-01 1.515073637105543158e-01
1.203100000000000000e+04 7.085954442948678711e-01 5.290653934684553805e-01 5.843209473987721614e-01 5.344185340294808073e-01 3.452174595804334278e-01 4.326687524303154397e-01 4.685834563371069073e-01 4.913014336908713697e-01 5.191503305489376663e-01 4.606893622110807551e-01 2.684518275490707651e-01 2.010898105008550873e-01 2.413535082657135566e-01 2.734865790549253495e-01 5.914509661600902968e-01 6.359973276745768400e-01 2.110717617569290161e-01 2.955991196249153075e-01 1.470437841888058428e-01 3.549861856138325500e-01
1.208100000000000000e+04 5.705207977552758658e-01 4.174753355909740504e-01 7.146481926884553637e-01 6.240566578896084016e-01 5.406659936385138643e-01 5.517999477940565001e-01 4.626432487963195728e-01 5.375001359305882076e-01 4.217344103807650901e-01 3.839843197881382397e-01 2.775454272315348025e-01 3.321503316078234791e-01 4.372781592611109103e-01 5.480752526834914429e-01 1.558141851075349749e-01 1.509562770945967747e-01 4.510625511289908518e-01 4.095574046334771734e-01 3.015588082378432011e-01 2.651592077911585910e-01
1.216600000000000000e+04 5.176065573738937164e-01 4.933383823337987861e-01 6.045695798174236524e-01 6.841752756528335366e-01 4.157168358874911429e-01 5.472946737572477183e-01 5.163209265740754672e-01 5.306923397493946704e-01 4.679594766635924996e-01 4.055627081726783101e-01 1.251909219691394459e-01 3.572449351486638447e-01 3.376694342198044430e-01 3.276657872217482170e-01 4.078992868939094185e-01 3.240570438915278961e-01 2.401261423829794406e-01 5.454396968542524204e-01 3.492163139545427786e-01 2.857922210214614567e-01
1.217100000000000000e+04 6.508529938054333774e-01 4.816777966081299822e-01 6.589649875225129794e-01 6.092505627850343108e-01 3.932939029383616392e-01 6.131985095646006467e-01 4.155586905768550166e-01 4.280067281616403152e-01 4.256884973537248262e-01 4.803335137189834736e-01 2.533397422523095965e-01 1.501318895111486140e-01 3.435677477714995098e-01 3.237602393906662268e-01 2.962977203182217134e-01 2.587501468778561353e-01 5.516835173661204239e-01 5.535450791100445800e-01 3.690746798798004158e-01 2.615210626273389294e-01
1.217300000000000000e+04 6.978600696529412284e-01 4.866010706817742726e-01 5.260968512897322702e-01 6.829262222470030563e-01 3.786427530093867122e-01 4.754012754217524783e-01 4.660156248746035179e-01 5.137493022224939310e-01 4.498728620717912796e-01 4.539037422107016218e-01 2.932045057617544970e-01 3.418210797017834368e-01 2.480986457151433955e-01 2.358299474712216015e-01 4.208015928161146779e-01 3.778854336043861450e-01 5.331070265215952508e-01 3.870173123558457440e-01 2.863067206266812770e-01 1.750097040479411670e-01
1.218100000000000000e+04 5.486362990789942495e-01 4.082304730435532547e-01 6.260991178612577146e-01 6.314929054098588068e-01 5.403526022023399378e-01 5.347223423599692937e-01 5.659378288686017777e-01 4.509633565281681578e-01 4.529795819205715279e-01 4.454148764227606194e-01 3.121728542474470069e-01 2.302176911217811150e-01 3.038207224736234058e-01 3.378173396663081141e-01 3.600279906659120677e-01 2.929535738000512701e-01 3.727340543784489202e-01 4.245245287865328510e-01 2.617442205926471810e-01 3.944011606631894762e-01
1.218200000000000000e+04 5.551503463637107449e-01 4.942105012063408020e-01 6.190782630587232660e-01 6.680277274541344124e-01 4.640245287746541103e-01 5.882669189468705540e-01 4.725636715232268137e-01 4.620257841227674023e-01 4.459906821782707032e-01 4.214022599868186836e-01 1.833509283806024903e-01 3.258346525319041342e-01 3.546104850907538797e-01 3.181299420533637012e-01 3.353382721794703203e-01 2.570179638385641785e-01 4.205909503995632903e-01 4.295742672741467150e-01 3.786101620061763651e-01 3.063379096023111092e-01
1.218300000000000000e+04 6.552725894531797879e-01 4.891512203462025643e-01 6.527629843958603351e-01 5.870206204315323584e-01 5.138460070554353720e-01 4.863543995446847901e-01 4.857598762389550573e-01 4.541516127878225673e-01 4.189554412413790674e-01 4.256528184275181759e-01 2.643667526754269193e-01 3.607675129011135295e-01 3.221557776008578955e-01 2.777829344945714207e-01 2.904934758806376194e-01 2.846125035338490927e-01 4.112404038286717745e-01 5.604208708374127657e-01 2.778166947250102492e-01 2.762389218727719364e-01
