2.460000000000000000e+02 5.618988321514039042e-01 4.752769778008706369e-01 6.471712941463592106e-01 5.258914260783584815e-01 3.268873309165905572e-01 4.873290105899117375e-01 4.824887914112663823e-01 4.617018630362735854e-01 5.161853048624656104e-01 5.818325315887148408e-01 1.141701017333291712e-01 3.714446088068690810e-01 2.993478031684223550e-01 4.662145263457010969e-01 5.077907056551679288e-01 3.846138316502114574e-01 5.255389734287106984e-01 3.193142052773104700e-01 8.388314122266435358e-02 2.380968059433266060e-01
2.760000000000000000e+02 5.428084451845566205e-01 5.361231503315101454e-01 6.662977768044964222e-01 7.282160821199474832e-01 4.584182501732835813e-01 5.348995117295967106e-01 4.380505805768735161e-01 4.432168894557577121e-01 3.387069225937050510e-01 4.931159595334964063e-01 1.152927946659326047e-01 5.156198903601016958e-01 2.531839739149810420e-01 2.123816165603755468e-01 4.524492702766880758e-01 4.896097483942124517e-01 3.831802727045531265e-01 4.096318518811770670e-01 1.883335173051398082e-01 2.624974516562033067e-01
3.500000000000000000e+02 4.082871148913154724e-01 3.838921503307065608e-01 6.699877479449689588e-01 6.425521139029521933e-01 4.409638318519707445e-01 5.441243670010131872e-01 5.191397024467744314e-01 6.051723436828583269e-01 6.618337825859672563e-01 3.253581017622963478e-01 1.846497140367110712e-01 2.321534494036746332e-01 5.857481987236813348e-01 2.313173522352765521e-01 1.599222408910598581e-01 2.625171750547986571e-01 1.914299671640001255e-01 4.262702418181557595e-01 5.099443653789607067e-01 4.953736711111623170e-01
3.560000000000000000e+02 6.798223480848739619e-01 6.141527705895297728e-01 9.013158327261477920e-01 4.264109901450917617e-01 3.464748582783603870e-01 4.456561540348303319e-01 4.865012238145190460e-01 4.342917400498820246e-01 4.710064625634802216e-01 3.285584726519180654e-01 9.349146886117136457e-02 3.209484716945233407e-01 5.659359959892021896e-01 5.206418888577472037e-01 4.046919355883501490e-01 2.444237291777448251e-01 2.536666232261497456e-01 2.625036467009332353e-01 3.089091525885854783e-01 2.931359905433285062e-01
4.100000000000000000e+02 5.201975397541389601e-01 4.385365951426838382e-01 6.752147235731035257e-01 5.974549201071972515e-01 5.052580874728106464e-01 5.250148638259382050e-01 4.362146445092026092e-01 4.727690445535893127e-01 5.414647926805045142e-01 4.466899363594911132e-01 1.173211222257726088e-01 2.746385046329590240e-01 4.425909062179369524e-01 3.808759462926996631e-01 2.173834556826962083e-01 2.516042873626703757e-01 3.055672500555872140e-01 3.558794948696181737e-01 4.974327797203480506e-01 4.483756186293092472e-01
4.600000000000000000e+02 5.778825306174165677e-01 4.961152026538191429e-01 6.296450878227576320e-01 5.406558903884681744e-01 3.670288808849773710e-01 5.614269098022715010e-01 4.305213074268129381e-01 5.317867317374611602e-01 4.824478066958846068e-01 4.925900461472405012e-01 5.968206095866772642e-01 7.048761540268242420e-01 2.092082379638852407e-01 2.467965758639816820e-01 1.673248217160573370e-01 1.668311365674699787e-01 3.988877788483791154e-01 3.791364822101267462e-01 1.267973500605943105e-01 2.504920907848359191e-01
8.360000000000000000e+02 6.356166688541696752e-01 4.436474587617653120e-01 5.951750132942698057e-01 6.061535055882250056e-01 5.496009910152727107e-01 5.042454016508264303e-01 4.372980786889460458e-01 5.058599118633801961e-01 4.689035620532616688e-01 4.220600594760503532e-01 5.540407806764717780e-01 2.590688492701262446e-01 2.641284305167518887e-01 1.227643041298514398e-01 2.750286802637558203e-01 4.654342765904472823e-01 6.231231203064679924e-01 2.124997729120562950e-01 2.320206677654881866e-01 2.525981270314243687e-01
1.612000000000000000e+03 5.599487156380309472e-01 5.226456455473245111e-01 7.744464939896530398e-01 6.547613618626939580e-01 4.097284730260215002e-01 2.381820505240139219e-01 4.586463268425590711e-01 4.675196092930529734e-01 4.391137192045234117e-01 5.533162342148235657e-01 2.660705640343907774e-01 2.685716379724795710e-01 8.196171828445920904e-02 4.997102889320101937e-01 4.167878764923286794e-01 3.636448547761518824e-01 4.984777598842827784e-01 4.034063715332867894e-01 1.287055998821225178e-01 3.844939534249000035e-01
2.498000000000000000e+03 5.376719705142251060e-01 3.788116853139879003e-01 6.667133857609018888e-01 6.653847293535002372e-01 4.547025188854373345e-01 5.090226865399136713e-01 4.996757127078756966e-01 4.316066575253783566e-01 5.206397629481033240e-01 5.022529343369974697e-01 3.760790226210902198e-01 4.730851653638103449e-01 2.993521243935090559e-01 1.893183896234258423e-01 3.711508940796036105e-01 2.155943464318497149e-01 6.045303926953286000e-01 5.541381650630065048e-01 2.019078054569894698e-01 5.309407499822157983e-02
2.545000000000000000e+03 6.276293861150447073e-01 4.464298527572387876e-01 6.356732940227867168e-01 6.746641181541715993e-01 4.697986313291587224e-01 5.136930350875557050e-01 4.535498631468304342e-01 4.372030962756619510e-01 4.488892157250222170e-01 4.634084314460555354e-01 3.072943822869874109e-01 4.191658558555307890e-01 3.127983078353223090e-01 1.838183538465430755e-01 3.630743727429119327e-01 2.028976230787996049e-01 5.666280011831029695e-01 6.415410578469468161e-01 2.468736510293688124e-01 1.131851575750691674e-01
2.546000000000000000e+03 5.924531386825999668e-01 4.951036344195501870e-01 6.503611276682882414e-01 5.839239342407542832e-01 4.359658186944905256e-01 4.562252872940410486e-01 4.478991514284189623e-01 4.502177527822714964e-01 4.600796989894153644e-01 5.322936376884641607e-01 3.701478477239272258e-01 3.384564023687741674e-01 2.066027766551259415e-01 3.263465318650902169e-01 2.513138475451751064e-01 4.211874346641286682e-01 6.409195287683148168e-01 4.154953094085350740e-01 9.800519936948376420e-02 2.630588790561912416e-01
2.662000000000000000e+03 5.988449698170239532e-01 5.158656149288597392e-01 6.217216085727962360e-01 6.707633044707422831e-01 4.485280675553949270e-01 4.753260674918863282e-01 4.587321609383728793e-01 4.111386586159109791e-01 4.367202708419970492e-01 4.990560419033726602e-01 1.813219586845947473e-01 3.896711069433947405e-01 2.128676201195779938e-01 3.522657454779113406e-01 4.742497439393420500e-01 3.198997693607285586e-01 2.554342721197432886e-01 3.754575096392238631e-01 2.441831943402339444e-01 4.507140567119513608e-01
2.663000000000000000e+03 6.771536619374254329e-01 4.882517903738324283e-01 6.514043716116376670e-01 5.663386932124866435e-01 4.050937446681359133e-01 4.669772236280513300e-01 4.217821980948022742e-01 4.402552953921332612e-01 5.038122033106198217e-01 4.825070248259930583e-01 3.031274611521229678e-01 2.166923435691151534e-01 3.317861176748946317e-01 4.018408968306470541e-01 3.301790859030926950e-01 1.409368142739892416e-01 3.389492289735784869e-01 3.705321763836149085e-01 3.920242680501293542e-01 4.540768208928070981e-01
2.895000000000000000e+03 6.219094363835034889e-01 4.855536544929249243e-01 5.514543621304166532e-01 6.251415054965995255e-01 4.666123979840959279e-01 5.297341725550864799e-01 5.328219456502950591e-01 4.961818532957431582e-01 4.305162600973202469e-01 4.295000086887462154e-01 5.207493326434416980e-01 3.759518490420371561e-01 4.123344085911169743e-01 3.514630758587655168e-01 2.318249316053324349e-01 1.551922279787248671e-01 7.096838052721081702e-01 3.930419092250813096e-01 1.316325208509546152e-01 5.465470570724063198e-02
4.259000000000000000e+03 4.014643063724436800e-01 4.027642603441136671e-01 6.570765608431254901e-01 6.295399564427303085e-01 4.283897735300657428e-01 4.552359604611388444e-01 4.234214666548946071e-01 4.963590380285476389e-01 6.396840503046611337e-01 5.581180547148624216e-01 3.122313901740688125e-01 4.402207599726173370e-01 2.645673730109363575e-01 1.119058025509962334e-01 3.546692169550265672e-01 3.803286985662331920e-01 5.232150640573415279e-01 5.156514326962796657e-01 2.478558736544621555e-01 1.647655725407476401e-01
4.594000000000000000e+03 5.093587102934337141e-01 4.343611265176721692e-01 6.150664210649507968e-01 5.548028094393895326e-01 5.354426397054019571e-01 4.504526133714664704e-01 5.218102609024642957e-01 4.912801449413655153e-01 5.030119493681119991e-01 5.133695020400614872e-01 2.549414571339535529e-01 3.524405529769099599e-01 3.652370603873232868e-01 2.888204378983393328e-01 3.236047029401328268e-01 2.775270198869458360e-01 3.586814239900987800e-01 4.560637626610861139e-01 3.035787099402290634e-01 3.150029271382952523e-01
4.682000000000000000e+03 4.918491313978854973e-01 4.305941573135083633e-01 8.193098377962428902e-01 5.422479751962611116e-01 4.379566132489099428e-01 4.686609265776356947e-01 4.833304639348328102e-01 4.911159793636924453e-01 5.527148104637967796e-01 4.362391936093698575e-01 2.525151860748906518e-01 2.425611862029986299e-01 3.689678985822953394e-01 4.435924209931936812e-01 4.211567886537651573e-01 2.934549298556584085e-01 2.141919021665030232e-01 2.736653643859416896e-01 3.547374695409109546e-01 3.746881893517130524e-01
4.686000000000000000e+03 5.887321886874087307e-01 4.118358653497014576e-01 5.405147576155295841e-01 5.854517334734520295e-01 5.643492041277133886e-01 4.701395507590771516e-01 4.753985778009233165e-01 4.941927534450009651e-01 5.038148291208205398e-01 4.998733901855219597e-01 3.413385408440752777e-01 3.099513181545082707e-01 1.181383868527491887e-01 1.464460535299080823e-01 4.105463106485661706e-01 3.746916508838056825e-01 5.683959448722363250e-01 5.839795669639923359e-01 2.251127720068656080e-01 2.556913411434057481e-01
4.835000000000000000e+03 5.331641758585676794e-01 3.817963718122129313e-01 6.404999399324373677e-01 6.140947216635516126e-01 5.607469476588430313e-01 3.917023977248474398e-01 5.353368942971783451e-01 4.727175995540646158e-01 5.815987326279330460e-01 4.442614720705828080e-01 2.231323875496213915e-01 2.423631708110134952e-01 4.849635405968215629e-01 2.952024558133983234e-01 3.229213346242549298e-01 3.096943381075258350e-01 4.142421519230859994e-01 4.354248873763029715e-01 3.802347945059861289e-01 2.045795846589626155e-01
5.270000000000000000e+03 7.540902586451935230e-01 5.503919993950654455e-01 6.109161787977781533e-01 5.774419581472199914e-01 4.842006479582666723e-01 2.784394095815212467e-01 3.559627385079183748e-01 4.405294894584779741e-01 5.246257202658368701e-01 4.734568920693624783e-01 2.915342834240441383e-01 3.394961871045377166e-01 2.534886938095637920e-01 3.289624114236495700e-01 2.505811812289288620e-01 5.049117501207502912e-01 4.368006979579384108e-01 4.657710499134953275e-01 2.455714349432170374e-01 1.944418755602962123e-01
5.325000000000000000e+03 5.437496712835632184e-01 4.804341154812882264e-01 5.609960450986981595e-01 5.228575679295575096e-01 4.741341353875527798e-01 6.361353692315158126e-01 3.838567695478984909e-01 4.783479477255900836e-01 4.595067505288049081e-01 5.676375183433263194e-01 2.349336568036456130e-01 4.605106355826405484e-01 1.899958681562733953e-01 3.126266294732603646e-01 3.429477841877654476e-01 3.542289182341301634e-01 5.842408787040850315e-01 5.244058526874852966e-01 1.624422623690710771e-03 3.401955420342612779e-01
5.994000000000000000e+03 7.292444090717635774e-01 5.770849521800226478e-01 6.210385305666081823e-01 6.907989313899725037e-01 4.023915290998642535e-01 3.251864281654958666e-01 2.217862772785054448e-01 5.204409631336371911e-01 5.238044498183546116e-01 4.447164543878827647e-01 2.565907599629432267e-01 2.934563567938127115e-01 4.344985108995942369e-01 3.659841834663352111e-01 3.324806528830026586e-01 3.101957547265145054e-01 4.146046324553502860e-01 3.711102212106403564e-01 2.915638509610279372e-01 2.268910712029549859e-01
6.480000000000000000e+03 7.557846864972895817e-01 5.502257704313679998e-01 5.416151731382260470e-01 5.198897425871144007e-01 5.023029159565219892e-01 4.024049984398538893e-01 3.895041314334117266e-01 3.916183161175157412e-01 4.350571108852317459e-01 5.622242051854976497e-01 5.074613933458184123e-01 1.703631424834734509e-01 3.424799950094062906e-01 2.981402540560825765e-01 3.356172575011537318e-01 3.436102516939867901e-01 4.410990044283125688e-01 1.906136714428052770e-01 2.652080798114742621e-01 3.453757858219704824e-01
6.633000000000000000e+03 4.437413977567163936e-01 4.370565571434598118e-01 7.379798274721808271e-01 6.134598082711683054e-01 4.621386881299668348e-01 4.978845427717805694e-01 4.531863573580559579e-01 3.681380339710870198e-01 5.677799044739892942e-01 5.466939271721067417e-01 3.524429147975953192e-01 4.231731184703298454e-01 3.607841449449390447e-01 2.585251154761479819e-01 1.508784340657074452e-01 2.311490432747330404e-01 4.676993766207971914e-01 4.815311210937326392e-01 3.264842002809205113e-01 2.644952865323623170e-01
7.579000000000000000e+03 7.377211784359086755e-01 5.038270143803540435e-01 5.845227680768476652e-01 6.085363067482438826e-01 5.605830021789260931e-01 4.820310891841870227e-01 4.455279736276056002e-01 3.720847019393558885e-01 3.918684241267206825e-01 4.669240964172521879e-01 4.187170355711999359e-01 4.617523971938142791e-01 4.051683726610792458e-01 5.945421964499910533e-02 1.648324052134486073e-01 4.146484097698431848e-01 5.588428111292126355e-01 4.577652371631870665e-01 2.225304581600500708e-01 1.474021308852784540e-01
7.580000000000000000e+03 6.763871668388261593e-01 4.722933359595715141e-01 6.097394898269410390e-01 7.023462255090003881e-01 4.271398011179557974e-01 4.695912109455515626e-01 3.912448846414530168e-01 4.021904662936515717e-01 4.790780529777011187e-01 4.979415406598370897e-01 4.332458936417973305e-01 4.470905656580695386e-01 9.135647130104716795e-02 1.106748779279732725e-01 4.793932740739291765e-01 4.364568554461943362e-01 4.806016670170370486e-01 4.030105549833642997e-01 1.436972655888626438e-01 2.361115619143474009e-01
7.581000000000000000e+03 6.337360895095734969e-01 4.856940042325446072e-01 6.889193031657332433e-01 5.528408715915834604e-01 4.084590693341477730e-01 4.025657759586399043e-01 4.197738395735356454e-01 4.959286122854150158e-01 5.089136693074449713e-01 4.919729265241297167e-01 4.102746753529462054e-01 1.328238991103098121e-01 1.403682118200310636e-01 4.742512818080704129e-01 4.930946324852431562e-01 3.616713075774805608e-01 4.164059885829045626e-01 2.909011541222377151e-01 2.320256678139390738e-01 3.102638916863997287e-01
7.690000000000000000e+03 6.053445092329614585e-01 6.271864383035107293e-01 6.050429979403716407e-01 5.702139129182193233e-01 5.897731208319186846e-01 4.690256503833145074e-01 4.092744412993999381e-01 3.073014650117031343e-01 4.932454045908524209e-01 4.411710020186456194e-01 2.235852334371540850e-01 3.060425937868354040e-01 4.699025905660997871e-01 2.873285504921777034e-01 3.556283750820704581e-01 3.092084347670056577e-01 3.830317369118274584e-01 4.079691647623608919e-01 3.589459182849056851e-01 1.949276204724140482e-01
7.838000000000000000e+03 4.544232539695029494e-01 6.701510134811100583e-01 6.600640557568052680e-01 3.324103948643053474e-01 4.712328285740862155e-01 4.715853815086095691e-01 5.513469121551984875e-01 4.353833927841222473e-01 6.150662452457800189e-01 4.024643697434390210e-01 1.337438565812163471e-01 2.355861431251151938e-01 2.809208642077034579e-01 4.785038527859157287e-01 3.631237858652391348e-01 3.181085367569448930e-01 4.876556862196513298e-01 3.532935120637054616e-01 2.588808580500852607e-01 4.095808656212925891e-01
8.370000000000000000e+03 5.453797279522982766e-01 4.653796760378148267e-01 6.235874302360209231e-01 6.746258660136902341e-01 6.682959532065466668e-01 5.450135508200806278e-01 3.807731214062987091e-01 3.756822232581203957e-01 4.624608005419558188e-01 4.543148041918284585e-01 2.018003178610744963e-01 5.008093480306702316e-01 2.614210930422402046e-01 2.805791672214363874e-01 3.552153670053925238e-01 2.994330004518495625e-01 2.711803420960853250e-01 5.819596739459512724e-01 3.191009209241987277e-01 2.280664570020261017e-01
8.575000000000000000e+03 7.182709625623708849e-01 5.300447196317485954e-01 6.478864754353081956e-01 5.844477679156210304e-01 4.775936244114681317e-01 4.099772260261840273e-01 3.904119753180091967e-01 4.090968347804065375e-01 4.175373606903838297e-01 5.126909260844647598e-01 1.868546247647718817e-01 3.581998910396814173e-01 4.056909208379274046e-01 2.699834712685543758e-01 2.515221245202712286e-01 2.972280789595387884e-01 4.929708824555711355e-01 3.177325277232092016e-01 1.951090433890044495e-01 5.261352145285939086e-01
8.736000000000000000e+03 5.001978411223891863e-01 4.688303317722019026e-01 7.010418611808750811e-01 5.868455777027203890e-01 4.500204145700460456e-01 4.481577381615541311e-01 4.424809205335530349e-01 5.234971542540326483e-01 5.028035512432542653e-01 4.968694453821521084e-01 2.591527998984514691e-01 3.255511168700974678e-01 3.905097295695645898e-01 4.695550158075800229e-01 2.813552886803993291e-01 3.987693552323365309e-01 3.701890499859460948e-01 3.582290926183649415e-01 1.755068303066874558e-01 2.637751502785224966e-01
8.915000000000000000e+03 4.683764039503067189e-01 4.678982706200288111e-01 6.332011250848580408e-01 6.543681353483055130e-01 3.568260124066627292e-01 6.055589874831176500e-01 6.637963133265308846e-01 5.015145327467334102e-01 5.624057380592640820e-01 3.112261399346886170e-01 3.693946136848741402e-01 2.592675407286892386e-01 2.311459715122748670e-01 2.821012016711056947e-01 3.149050003306948509e-01 2.818981919746185727e-01 4.820129931320714656e-01 2.739051336069258102e-01 1.610500117571304901e-01 6.141587594364418257e-01
9.289000000000000000e+03 6.167461529225315431e-01 4.880515156669036902e-01 8.309586652523532901e-01 5.434288444715722477e-01 4.334739424404635555e-01 4.949743506190340536e-01 3.905137554749303908e-01 3.915980873737329171e-01 4.319327519588382347e-01 5.112003958258438674e-01 4.756179894431424304e-01 3.247212330828104232e-01 3.080571622921170483e-01 2.747126153574367957e-01 4.806041746248636559e-01 3.141765974234144720e-01 4.581781304329529680e-01 1.975775191420700572e-01 1.623265969027687106e-01 2.373153808027188283e-01
9.290000000000000000e+03 6.398106197458713895e-01 6.376220810742668776e-01 5.286450040757831870e-01 5.439804387872196889e-01 4.173486312360887296e-01 3.859935709754237498e-01 3.928310558004442510e-01 4.297966573961732872e-01 5.131590269772654533e-01 5.311500840672321866e-01 2.749712174134925635e-01 3.304840013137897436e-01 2.932910813706071651e-01 4.549668641381872658e-01 3.565265771336520451e-01 3.277070904101274662e-01 1.982132231159072500e-01 3.027371410154655051e-01 2.211559182163085058e-01 4.791419495246030946e-01
9.355000000000000000e+03 6.300599881820139192e-01 5.431520575194214162e-01 7.324347134113504687e-01 6.298391581482323254e-01 3.704336418867669734e-01 4.098440651217389319e-01 3.937048522169100395e-01 4.540743074109901967e-01 4.830053173041199410e-01 4.600820184907674082e-01 2.638157692135074672e-01 3.911157119481670774e-01 4.754010629860703219e-01 3.076063716422504091e-01 4.144393180980676106e-01 3.775397595727220668e-01 5.121483188082558424e-01 4.569181913297675757e-01 9.026440556847643848e-02 3.537984937080106834e-02
9.361000000000000000e+03 6.095762048765375196e-01 5.152204700695138806e-01 7.042589387484394781e-01 6.944218263768853205e-01 4.618975882877366934e-01 4.856914163316801702e-01 3.393559469542776208e-01 2.775374625842950693e-01 5.536462955635181871e-01 4.856854961626063671e-01 3.678795328602497694e-01 3.711782674163404683e-01 1.333019634473665560e-01 2.845481720043356588e-02 3.795953034993033715e-01 3.380485710445773617e-01 4.464150978045636209e-01 4.079753267551108897e-01 3.486321167196005377e-01 4.429850770393296000e-01
9.362000000000000000e+03 6.735333102358912472e-01 5.464052559989865943e-01 6.697681703328318692e-01 5.769009044035318112e-01 4.112804300429486748e-01 3.328225737382789484e-01 2.606826131791151746e-01 5.710110517451695289e-01 4.861942640317268305e-01 5.107897652958517387e-01 2.946857528818532246e-01 1.519486976501094877e-01 4.129112563267015729e-02 3.124959356426557644e-01 3.544085811345200066e-01 2.931920034453370238e-01 3.772780241778342369e-01 5.056680508045232614e-01 3.953706958198882626e-01 5.743239132150644854e-01
9.370000000000000000e+03 5.990220455164233515e-01 4.789785540017839627e-01 5.213539949026896325e-01 6.024257713888888643e-01 5.353692872546491621e-01 4.180139606395690821e-01 5.383882538411330909e-01 4.925452385171799063e-01 4.613082371704816387e-01 4.813637027706394456e-01 2.969511051025042203e-01 4.784799870311918779e-01 2.608737694723822220e-01 2.098232815640587723e-01 2.640849937904012901e-01 3.514796230363309570e-01 7.444745588938014302e-01 3.747552800642492410e-01 1.451318419781789104e-01 2.118790296121939865e-01
9.567000000000000000e+03 8.013415206376152122e-01 4.638372523077840537e-01 5.474637503162690377e-01 5.431384478091827450e-01 4.387522608246041123e-01 3.260412087448217866e-01 4.762577668230759120e-01 4.866731786207395549e-01 4.851030965909788883e-01 4.988953200145717637e-01 2.769274343650191539e-01 7.487440308476945861e-01 2.690789486431209854e-01 2.790235628432709003e-01 2.039288783780087433e-01 1.762044566859497507e-01 3.774498643680717080e-01 4.617496314674347513e-01 1.940952966893314258e-01 3.005621100559439651e-01
9.594000000000000000e+03 7.619709373045685519e-01 5.209905943067636436e-01 5.726783506447334915e-01 6.722356503277641115e-01 3.907026802519034669e-01 4.173553274286990189e-01 3.498746747377234345e-01 4.152982445963457336e-01 4.170832899333519750e-01 5.573268458098059597e-01 3.394169976369482700e-01 1.816540576258872941e-01 1.206798655154008165e-01 2.446632291916835955e-01 5.372260750492016124e-01 3.600177326747876494e-01 4.945627154803736714e-01 3.333389610172518003e-01 2.293565684853327014e-01 4.317552896345651647e-01
1.000800000000000000e+04 6.728643402800440487e-01 4.708600310259359878e-01 5.485863513554620763e-01 7.488756323098433310e-01 4.664822287937028245e-01 5.071098960338065176e-01 3.976302516588918756e-01 4.263586542091823972e-01 3.690743057236647306e-01 5.406671748308732317e-01 3.877321315552620939e-01 2.533995244470098052e-01 2.561976124857887060e-01 3.856139441731004092e-01 3.663745672814057164e-01 3.303806593329373653e-01 5.525016500856523294e-01 3.464197334732790345e-01 1.642022892327168193e-01 2.591808461339058511e-01
1.005600000000000000e+04 6.845817493290643485e-01 5.123203844689453446e-01 5.845689341785264004e-01 6.218828925344641601e-01 4.309080748512329473e-01 4.934652982004574806e-01 5.232075172094273752e-01 4.075358179851799600e-01 3.808206908798918433e-01 5.006407412780621291e-01 3.973723195462555702e-01 3.938452809767032936e-01 1.639595141176940496e-01 0.000000000000000000e+00 4.182720133756701042e-01 3.677658572113826074e-01 4.785224684854307298e-01 5.500748796976294708e-01 2.141226130496255431e-01 3.112190037246850838e-01
1.011800000000000000e+04 5.966911803894845434e-01 4.913953932505328304e-01 5.535314823008202767e-01 5.575138419398979472e-01 4.398957110314131169e-01 5.799959941356586102e-01 4.000663869987877153e-01 3.766489741914104683e-01 5.287223633511721754e-01 5.632881393675537307e-01 2.651918162380745847e-01 3.522231959484843355e-01 1.078926416255146237e-01 3.880868489422337198e-02 2.210194109706478671e-01 3.762981605744079583e-01 4.721045160354644388e-01 4.694386105179346180e-01 4.506217605253700631e-01 5.441830665787843468e-01
1.044500000000000000e+04 6.242958116342124386e-01 4.810774169898951458e-01 5.859169916994240168e-01 6.474486918547938119e-01 4.896471749852748800e-01 5.369898130806818326e-01 4.941616452549920102e-01 5.183763493622637331e-01 4.865931308395987087e-01 3.346218984277610220e-01 2.686185910405318178e-01 2.364508939599322124e-01 3.115123125253945746e-01 1.713735488163778686e-01 3.772105013252340378e-01 5.630098383629253966e-01 3.963278384684232880e-01 3.773277296504229938e-01 2.331735541414367840e-01 3.420201304395179553e-01
1.058600000000000000e+04 6.416079590222362183e-01 4.798512085406876904e-01 6.607722001905951270e-01 6.525683081289704868e-01 4.248723099383974744e-01 2.819525764446645932e-01 3.784297468677324527e-01 4.687892935059347344e-01 4.837917574244152696e-01 5.812253927825179467e-01 2.907511463896456094e-01 2.314559382133960508e-01 2.081787673543433470e-01 2.417859482011357197e-01 5.142710849500513604e-01 4.631097644691141157e-01 3.511242211922054324e-01 3.968524645029609110e-01 2.936533626460690605e-01 2.740739766289346790e-01
1.069700000000000000e+04 6.113086558128451031e-01 4.531022849216869153e-01 4.008953520293269124e-01 6.913921857153171313e-01 6.313722637643982560e-01 4.520197148444511925e-01 4.372521583924341981e-01 4.209852505399951372e-01 5.173632464506492390e-01 5.104646439650331047e-01 1.552243652930455353e-01 2.944915431469076750e-01 4.453786415660767051e-01 2.963221754921535056e-01 3.066543204919510712e-01 2.937844090992722812e-01 4.070382327527076183e-01 4.958209408334801060e-01 3.540972247613003443e-01 2.786245498547547661e-01
1.165900000000000000e+04 6.510397789789568179e-01 4.832211941537029043e-01 5.514212940962200937e-01 6.170807078310693861e-01 6.270592733623069348e-01 4.622747575231546113e-01 3.673437958680902948e-01 4.086912616918420005e-01 4.627658196999620555e-01 4.984032382994695309e-01 2.848366738645632390e-01 1.179887444155137133e-01 1.567045554682669484e-01 3.573303637932507826e-01 5.624143687730727148e-01 5.000094725275427976e-01 4.928148179023057462e-01 2.397970000690260450e-01 1.416729520399638842e-01 4.131046105852179129e-01
1.175100000000000000e+04 5.221874843673743882e-01 4.458555984124739080e-01 7.045104995252461366e-01 5.207474655774337879e-01 4.545211493258089486e-01 4.875671188431934255e-01 4.498050480490449199e-01 4.527093473723273198e-01 5.816477604554214365e-01 4.921033701181989906e-01 1.408087914194738333e-01 4.675022290403083591e-01 2.875637030834785057e-01 3.729887068458170307e-01 3.419808873389958426e-01 1.137357010454606854e-01 2.360447433790364424e-01 5.749265816497589610e-01 3.569759912686820691e-01 4.126197917118583081e-01
1.194700000000000000e+04 6.538467450801299652e-01 4.451626612841111941e-01 5.735468588418970448e-01 5.587348769503045487e-01 6.018674256024834079e-01 4.933579184554170438e-01 4.608122479548811823e-01 4.339343665457612853e-01 4.214226708460770410e-01 5.047414454671842465e-01 3.402026853104683224e-01 2.318839768739421325e-01 1.303666781246027029e-01 2.841090410959293822e-01 3.705140997281943793e-01 3.887712188216622677e-01 1.000000000000000000e+00 3.007729997381210496e-01 1.128878521584674721e-01 2.102577555410878596e-01
1.200800000000000000e+04 6.037366140024990058e-01 5.335003706314710437e-01 6.293423210790718425e-01 6.658522623404978802e-01 4.829451074197028682e-01 4.575249512203105606e-01 4.103352964432239181e-01 4.114250807361984896e-01 4.680114617124445653e-01 4.695726947118313288e-01 2.682697737288153861e-01 4.985255736918634550e-01 2.665538334760577666e-01 4.533012418332225124e-01 7.227006914650612179e-01 3.029182436742334783e-01 3.000535350976854532e-01 3.039461331050342663e-01 3.725641179277508486e-02 8.301359110689007781e-02
1.200900000000000000e+04 7.043601567506332373e-01 4.995994943900132212e-01 6.547268053693211520e-01 6.114456106396962687e-01 3.965722281160368179e-01 4.226921646337309935e-01 4.299994688572106871e-01 4.827022606665410942e-01 4.763484316014549580e-01 4.397198977063047631e-01 4.647137069521439789e-01 3.058423655318396328e-01 4.926526216748670639e-01 7.633761110415567819e-01 3.614518393590390732e-01 2.100622254966031111e-01 3.176462252364224970e-01 1.506140867082955692e-01 7.342889762183781033e-02 1.024232154526174693e-01
1.201700000000000000e+04 6.177154021193898004e-01 4.258975003169371831e-01 6.376818544215085982e-01 6.341062557130504596e-01 4.246831969918975491e-01 4.702377251778888656e-01 5.421564242385761290e-01 4.536216395835347415e-01 4.716693010142856135e-01 4.771700068771750347e-01 6.236990546474489860e-02 1.143184394067018189e-01 3.445269395385865407e-01 1.917121545759218337e-01 4.574039334447039251e-01 3.556224718008980656e-01 8.429652051437174221e-01 8.534230706259999799e-01 1.262709603698769778e-01 1.325578824305980175e-01
1.201800000000000000e+04 5.735613826516062774e-01 5.008757731904328603e-01 6.189701752194873841e-01 5.423218186446587818e-01 4.016256482790726556e-01 5.595063929896297861e-01 4.731746687756737124e-01 4.812448797146257062e-01 4.799995351600759297e-01 4.898218486634404178e-01 6.513644976928162356e-02 3.476726223090501611e-01 1.986944975916443701e-01 4.061621298030459459e-01 3.790529165887316365e-01 6.136522920729765573e-01 8.069619885890624289e-01 2.435094397141772948e-01 1.059514138102052722e-01 1.832206432249576245e-01
1.202900000000000000e+04 6.232295089296493451e-01 5.114108478861340013e-01 6.833929823794944181e-01 6.850944171864521426e-01 4.650291322394467519e-01 4.757793906601563982e-01 3.945373589481040444e-01 4.050108609126250592e-01 4.364387593990476377e-01 4.707996343910703652e-01 2.780938812231620871e-01 5.526724558639106721e-01 2.646229398229507646e-01 1.289952577222673591e-01 2.505384470731876201e-01 2.483992317621405155e-01 6.780170608316901104e-01 7.763981777199525647e-01 7.458859851815127784e-02 1.526342180698242457e-01
1.203000000000000000e+04 6.716074971205409083e-01 5.332353995882428421e-01 6.641365902481042305e-01 5.834167007434243324e-01 4.050780659072985013e-01 3.963479152330378619e-01 4.141178387044408549e-01 4.395692397586161149e-01 4.715654719692368713e-01 5.039295108004145929e-01 5.129434788700104608e-01 3.003076726300664689e-01 1.578337990541826275e-01 2.054152285022037006e-01 3.030490400575445165e-01 5.265133278814223550e-01 7.926702023839100608e-01 1.978718834789140735e-01 1.437627022143893873e-01 1.513106673226745358e-01
1.208200000000000000e+04 5.571464338466008970e-01 5.516928974202430780e-01 6.019783660361808231e-01 6.571660580389659945e-01 4.693562342064628856e-01 4.640508084606222994e-01 5.643626391511237239e-01 4.175512691286379918e-01 3.689171161818310951e-01 4.994889249388926866e-01 2.901777895178920263e-01 4.631979682840409729e-01 5.764492564953139775e-01 9.314433194171069241e-02 2.035284801654806131e-01 3.307031594598568991e-01 4.165148245859306431e-01 4.930475520213337681e-01 2.570803884888694935e-01 1.852726883300402361e-01
1.208300000000000000e+04 7.057166163403764125e-01 4.625093593454779883e-01 6.236012035458426972e-01 5.718247835167771242e-01 3.789910067459131282e-01 5.655232021703948675e-01 4.139381497205555926e-01 3.497285021054604148e-01 4.928457523151982822e-01 5.413363084342143194e-01 4.180947776732508725e-01 5.957514216927908279e-01 1.188535374216496965e-01 1.475065277003437536e-01 3.803449596663598942e-01 3.008974272806080319e-01 4.991269487269165417e-01 4.336413562148945799e-01 1.742337123094295226e-01 2.074924884928292246e-01
1.217200000000000000e+04 6.487221282874491290e-01 5.253598173457849629e-01 6.081782453722945903e-01 5.220258935554767943e-01 5.466116156000878634e-01 4.343848164012917845e-01 4.550572383039365731e-01 4.389635545617643908e-01 4.925762395250922188e-01 4.438515548328567650e-01 1.022465070487985073e-01 3.549851168423066583e-01 3.320724454760610733e-01 2.389400489174945685e-01 2.955959740813438041e-01 3.938718885353434951e-01 5.355023093748553231e-01 5.549334349048150594e-01 2.377795106988262464e-01 3.133254236167262730e-01
