1.141000000000000000e+03 5.468590824775994008e-01 5.644159534499254560e-01 7.484286332411507203e-01 7.437995186211850962e-01 6.141158690309184154e-01 4.438323957812882470e-01 1.750184199251485773e-01 1.598975757893543459e-01 3.559820540799734645e-01 2.752291300168426269e-01 3.686020682290935269e-01 3.056955074924468385e-01 3.274506176675379132e-01 4.977823988550839074e-01 4.394697040852216796e-01 4.481503613689474808e-01 3.534105816743892681e-01 2.704398083908740036e-01 2.819689942386542358e-01 2.291589919133842912e-01
2.819000000000000000e+03 5.280372771262250575e-01 6.171499139635191478e-01 7.630325848191151783e-01 5.718606192380237818e-01 4.494487772132394476e-01 4.489336325322378918e-01 3.822269541430445838e-01 3.742398524461973963e-01 2.255364331584791548e-01 2.318620377220081408e-01 2.456650745456861185e-01 2.536788410772657931e-01 4.816325868892732398e-01 4.594439546343681569e-01 3.138748115355525226e-01 3.013531933474533631e-01 4.834817766895144198e-01 3.508758238782585526e-01 3.268382355289047303e-01 2.927951797313481097e-01
3.819000000000000000e+03 5.258786787853081401e-01 6.268792334545976175e-01 7.394645044555796520e-01 5.444189762454060277e-01 5.353396769976215275e-01 4.210012590017839784e-01 3.836346309450659464e-01 3.143625986767605296e-01 2.338477220393824496e-01 2.686247164913335705e-01 2.275171592789804187e-01 4.820328989618912763e-01 3.332567671795189090e-01 3.942783908478795230e-01 4.357419949587492680e-01 2.477902262762101127e-01 1.709964466679701478e-01 5.134863494965015152e-01 4.236234923823113396e-01 3.099425069300081326e-01
4.122000000000000000e+03 5.285435752095636319e-01 5.757826555143297220e-01 6.378369387041530336e-01 6.700600812529805550e-01 6.380331572102327931e-01 3.796856793865602264e-01 2.186898990028636192e-01 3.970289638533441856e-01 2.852980347661579485e-01 2.684030461832210279e-01 3.216126519103146286e-01 2.152510860045222518e-01 2.875287597896794556e-01 6.160941191367406145e-01 3.054489182224772725e-01 4.062069351513842297e-01 3.804938147583670771e-01 2.805184798848349703e-01 2.386772654614552347e-01 4.476916167426329696e-01
4.936000000000000000e+03 5.102058922411558672e-01 5.967505058207701607e-01 7.093578898824179912e-01 6.626629302692428336e-01 5.628567889220905673e-01 4.445989857715493820e-01 3.751499028096619281e-01 3.241833220816207062e-01 2.285706950211854049e-01 2.047373489540850466e-01 4.163371048844010658e-01 4.508038902894552225e-01 5.814085315738029003e-01 3.614920196898173677e-01 2.534468980867780052e-01 2.914306877180670718e-01 3.010169841397368762e-01 3.122229589896875490e-01 3.068571368600775395e-01 2.673658881888518191e-01
4.937000000000000000e+03 5.924180720737378669e-01 5.645815373581136720e-01 7.169501461905554152e-01 6.182076141956371895e-01 5.024327263286080258e-01 4.415479116297771900e-01 3.207757686904206262e-01 3.356232387470490797e-01 2.480781551148935060e-01 2.441958192824021379e-01 4.375805048153615373e-01 5.434512221030867174e-01 3.662039540455908071e-01 2.603877494597318099e-01 3.056749960315309211e-01 3.179205568664930093e-01 3.261544982833974315e-01 3.466907050906410381e-01 2.696839737591710251e-01 3.515684148381715279e-01
6.308000000000000000e+03 5.130167525710265242e-01 6.566852977990311757e-01 7.302460112044055762e-01 5.602872783398709089e-01 4.899519822310436368e-01 4.432820014204885140e-01 3.730143258559914243e-01 3.023032814598869411e-01 2.339390742325856698e-01 2.860201861126994149e-01 3.298148974506128206e-01 3.507966614631145008e-01 4.665699161192311539e-01 4.299483641088627794e-01 3.859373861145189988e-01 3.543824258091834989e-01 2.924101774455740155e-01 3.055580596629092205e-01 2.766985507882798179e-01 3.391133768811911420e-01
6.318000000000000000e+03 5.348501052226590780e-01 6.577375724862875028e-01 8.729782525258413806e-01 6.587983555434520078e-01 5.963638692142380071e-01 3.686470729549672365e-01 2.758000231082878284e-01 2.424807947662662444e-01 2.391224617854698364e-01 1.635279902827431464e-01 2.843937177338168865e-01 4.124881718390976948e-01 4.100158145220393902e-01 3.536140087867453152e-01 3.405119336051304901e-01 3.362146671974423073e-01 3.113388901259619423e-01 3.611983644931386350e-01 4.975648856196507874e-01 2.295989837777540343e-01
6.319000000000000000e+03 6.612882034688291055e-01 6.978332109267860739e-01 7.324078203545103527e-01 6.710730575369929785e-01 4.445234355538911220e-01 3.581833716462596851e-01 2.482363068966327302e-01 3.619691356380146385e-01 2.226009105471693506e-01 1.249671091963815150e-01 4.032980892331712863e-01 3.534798563980459107e-01 3.553727007858137887e-01 3.470486697647365282e-01 3.498619512373948859e-01 3.261977879762581467e-01 3.742998710941676244e-01 5.095690384490335623e-01 2.265559920228339408e-01 2.426789935419917388e-01
6.612000000000000000e+03 5.652530056080524723e-01 5.880980213777160515e-01 6.987613202605580387e-01 5.825651613107586391e-01 5.999323803512768283e-01 4.140967856051269158e-01 3.518680333639444546e-01 3.450386481215500512e-01 2.349268720740923244e-01 2.114359470439397815e-01 2.967305488822770676e-01 1.725101122550794785e-01 3.059897490661397379e-01 4.729593487150936526e-01 4.463664678662916940e-01 5.153021019446808459e-01 3.871131444138156130e-01 1.907291361608335345e-01 2.477560881611219346e-01 4.651717297867190570e-01
7.187000000000000000e+03 6.176408641037348657e-01 6.165483423644647631e-01 8.190125570857551551e-01 4.909585905881728718e-01 4.735195524224339869e-01 3.862256102841510330e-01 3.129443003338320817e-01 3.042626432358197519e-01 2.608859366079182562e-01 2.741466963005052548e-01 1.806582431905577601e-01 2.494709089927280021e-01 5.208292931537407133e-01 5.864290904023096163e-01 5.105101051213569718e-01 4.438804567244484245e-01 1.980950229572745191e-01 3.106680347479290338e-01 3.047121170409779478e-01 2.470359926413630558e-01
8.852000000000000000e+03 5.556907362273681983e-01 6.005206776732798790e-01 6.958039160294416936e-01 6.593840191402975393e-01 5.161280051723171614e-01 4.257838520015297390e-01 3.595957825893164594e-01 3.058722971928617973e-01 2.378224701706303512e-01 2.378515020530832802e-01 2.687488185137675845e-01 4.987287516557165068e-01 4.082746950493004179e-01 3.810397175617040166e-01 4.398596816914316920e-01 3.552651950776929413e-01 2.316307784076124254e-01 4.304216744113443238e-01 2.820114003968207661e-01 2.489441364246292587e-01
8.853000000000000000e+03 6.026017876149553087e-01 5.620411464027478265e-01 7.237096262432548555e-01 5.811603152222417634e-01 4.932693990609104961e-01 4.353276989951972431e-01 3.099236077943888779e-01 3.528595018198574240e-01 2.917272203133120523e-01 2.248276940473407093e-01 4.793551482793563245e-01 3.578745893993073302e-01 3.883860345592871077e-01 4.546880517501533103e-01 3.749621393578779216e-01 2.461994587664770584e-01 4.523659097377599192e-01 3.269464781438726209e-01 2.519803503149411483e-01 1.799063154290902189e-01
9.731000000000000000e+03 6.309124443096437718e-01 6.267778425207872761e-01 7.301213591985155071e-01 6.734988693183348030e-01 5.492547499579144565e-01 3.164844086090795594e-01 3.072754371189959643e-01 2.893737260531516475e-01 2.104788667264666235e-01 2.256675786159854924e-01 4.017748799793295356e-01 3.657641007260504784e-01 3.461956109894289702e-01 4.948976025234141929e-01 4.690755515605501413e-01 6.461157962138948108e-01 2.274665559007418569e-01 2.480285943346450805e-01 1.797453033022895497e-01 1.595965027089363830e-01
1.035400000000000000e+04 5.703848236593422882e-01 5.821798537171715138e-01 6.691237246076009448e-01 6.119667942212670964e-01 4.932259500632303340e-01 4.727070295665620203e-01 3.375757565481602995e-01 3.441962283685686130e-01 2.656037640194001681e-01 2.382813746045749637e-01 3.636594212744618249e-01 3.185940897316403841e-01 4.337012472759655957e-01 3.633197479550899778e-01 3.788275108176330508e-01 3.419492141729961188e-01 3.836992987810123323e-01 3.230243269925540117e-01 3.614131658717242290e-01 2.485430039368702326e-01
1.086000000000000000e+04 6.041989783320076413e-01 5.802132474911596560e-01 7.325989530326699750e-01 5.972941622580902887e-01 5.463323547783076606e-01 3.854367555794251388e-01 3.380219804963640606e-01 3.478018902785998123e-01 1.776905436390361082e-01 2.654724193800748755e-01 3.412005415987843793e-01 2.753989313212420464e-01 3.475344054212786693e-01 4.210765623527427670e-01 4.466920576680042387e-01 5.204023605401693064e-01 3.724555571965682543e-01 2.423502349306976833e-01 2.225047276395949181e-01 3.226443726399723100e-01
