1.440000000000000000e+02 3.977577701582666325e-01 4.362781753528363615e-01 5.442697529972073678e-01 3.627872500130520650e-01 3.770078332412663547e-01 3.192442222334745394e-01 6.161809213027414911e-01 6.501106044404545425e-01 4.874938301797189788e-01 4.248015472066587472e-01 4.793632726005338518e-01 1.869816445771055047e-01 4.038841576167995218e-01 3.239942517515657650e-01 3.178500725876876043e-01 4.049314831363665657e-01 4.466525591984719101e-01 2.990772108294068587e-01 4.590949765689052997e-01 1.668120530042343230e-01
1.366000000000000000e+03 3.803083009726819230e-01 3.681141972931804007e-01 4.505918341077542744e-01 5.549686815193297651e-01 3.667195558981890535e-01 1.143415258619342872e-01 6.352764142489811805e-01 6.427465901756463929e-01 5.895937213416007072e-01 5.262939293617900915e-01 2.830863264905357224e-01 2.923745720199156795e-01 2.243112079272402137e-01 5.523804581461440044e-01 3.635419725385432010e-01 4.746304819694113220e-01 4.453244322863731397e-01 3.213929402700183013e-01 1.522061335427144502e-01 3.878213861949985075e-01
1.852000000000000000e+03 4.177068219148617478e-01 4.520320133454011069e-01 4.667968295293082326e-01 4.378184799048913667e-01 3.972837924418776145e-01 2.839322859532030230e-01 5.126126917340227962e-01 5.873210012586126405e-01 5.525155697521497711e-01 4.921142263034997688e-01 5.005473909462656579e-01 2.455585214002573013e-01 1.077912069466102907e-01 5.642113279009719484e-01 3.642178627349747511e-01 4.440614619707574096e-01 4.528541334770395110e-01 3.007342526172177566e-01 1.793497392150810721e-01 3.161772968048126020e-01
2.367000000000000000e+03 4.194239084266155326e-01 3.398820077148871910e-01 4.560400366189709120e-01 4.290311596895880486e-01 4.025394409638030080e-01 4.383311313937728326e-01 5.571761461551805183e-01 6.476278071894108201e-01 4.961711745618768710e-01 4.497621132318515569e-01 3.877622503882561245e-01 3.412371079011463082e-01 3.090452028505304982e-01 4.338849466930735366e-01 3.645526964150644922e-01 4.934940041265227229e-01 4.464681930659014641e-01 3.108225877177457908e-01 1.485586062038694311e-01 2.660828076715237023e-01
3.546000000000000000e+03 4.206037144671661010e-01 3.807816001934665184e-01 5.961440089482429316e-01 4.447493187512672197e-01 4.017329509518641761e-01 3.819369929858156820e-01 6.166309230845575806e-01 5.248342951528505163e-01 4.071556704508244029e-01 4.707132983029248541e-01 4.588274807811796308e-01 2.658679005527970207e-01 4.313493938709161979e-01 5.699493294387001363e-01 3.418820579674258231e-01 3.855213887445763099e-01 4.586143149140749498e-01 2.618950717044937759e-01 6.351137103195637901e-02 2.679070055607499223e-01
3.934000000000000000e+03 4.607037217993136258e-01 3.468004250058638882e-01 4.697531490241653729e-01 3.614845422185707369e-01 3.546817712299795144e-01 3.501411789785792705e-01 6.214702775459433060e-01 6.123861531456475937e-01 4.271254161014076400e-01 5.994087972121906471e-01 3.981805630085171743e-01 1.806319503511626956e-01 3.196648802532419120e-01 3.773704741846181654e-01 3.431717522699667677e-01 1.654754245893687581e-01 6.560356659497693643e-01 3.716037658786458531e-01 3.047314031074495055e-01 3.436196704217457376e-01
4.450000000000000000e+03 3.401535992912209094e-01 2.955630965759305506e-01 4.420804363851720264e-01 3.729933116424992146e-01 4.681412924872103143e-01 4.114245223835167331e-01 7.491347749915766574e-01 6.513276545543120744e-01 5.473912719815039463e-01 4.043198297568527111e-01 2.975997407362009350e-01 2.291602552333908138e-01 3.521113211692152301e-01 4.773348426347577278e-01 3.560298204553478119e-01 3.353936763575608437e-01 4.485591816171404234e-01 3.043659671432790148e-01 2.490472089425240509e-01 4.456188080404411833e-01
4.533000000000000000e+03 3.256009297279769954e-01 3.308077293703534094e-01 4.054133846224763915e-01 4.364590801302975498e-01 3.001263973972144172e-01 3.681401128772278653e-01 6.675583071822069892e-01 6.737038014612254377e-01 6.062092846553859271e-01 5.403965232579747147e-01 3.470338821463119228e-01 7.071829938723365183e-01 4.646078174851088205e-01 2.812864027173764825e-01 4.927728105740947218e-01 3.358237321684433008e-01 1.804939520094221983e-01 3.422323688845548828e-01 2.654331308745315199e-01 1.682890471303831459e-01
5.045000000000000000e+03 4.264037912893745563e-01 4.101381526265386879e-01 4.870949382564237484e-01 4.322274185525297741e-01 3.799087797737869532e-01 3.505620789674954718e-01 5.495294124232611432e-01 5.373213466295596596e-01 5.274781828828480901e-01 5.149777698159231365e-01 3.001384743697120272e-01 2.276090182778252313e-01 2.719956774675383326e-01 2.492059768058355607e-01 3.143325673573622581e-01 4.176038672987720246e-01 4.911528349601351762e-01 5.325784209938657643e-01 3.085409026751472772e-01 3.389700269063806171e-01
7.168000000000000000e+03 4.520016099738992654e-01 4.477372231652799739e-01 5.570746667470638513e-01 4.908102085857420915e-01 3.685018098905921691e-01 3.251872502860591596e-01 5.807870619367314635e-01 5.263771217136483660e-01 4.095294841506292305e-01 4.524346439053071323e-01 3.118940993861708533e-01 1.941482346268302572e-01 3.669531536820460071e-01 2.822010729250890582e-01 2.896192100896965438e-01 2.609149367003240072e-01 9.243544405982812018e-01 2.426708248806536128e-01 3.041112617661393402e-01 2.847255389389604097e-01
8.660000000000000000e+03 3.764083310335312738e-01 3.721986510262365599e-01 4.309006439214655426e-01 3.760238598653753983e-01 3.707972524279924409e-01 4.223756544798352164e-01 5.936218069964864785e-01 6.267274637559683281e-01 5.453589284688609151e-01 5.187741933071932099e-01 2.513041737021836086e-01 3.890602475467294652e-02 3.404812844310404207e-01 4.622921051682898907e-01 3.177321428327973263e-01 5.030505167229956109e-01 4.819038402076259442e-01 3.679553725252930341e-01 2.930217415789916902e-01 4.036693416671990886e-01
1.076200000000000000e+04 3.670775725650229915e-01 3.738324185242247188e-01 5.114944383125392680e-01 5.106295236707952823e-01 3.600509444178798812e-01 2.410632362188923627e-01 6.085372479176727190e-01 5.990121033827457975e-01 5.482350237761520750e-01 5.240572294392950026e-01 3.004487346278733040e-01 2.457219920162377336e-01 3.658692493534411172e-01 4.776494121190907327e-01 2.816451829106613181e-01 1.835979749812432504e-01 4.521336850689774978e-01 4.747801729219795486e-01 4.571284385608076484e-01 2.535571610484094185e-01
1.157500000000000000e+04 4.051775343988588962e-01 3.444554914252306865e-01 4.251084639323933767e-01 4.126893183391523445e-01 4.143477398046301330e-01 4.288465895908634140e-01 6.199922059091680371e-01 5.992703703174693253e-01 5.301765045738635607e-01 4.612497889111716876e-01 3.151635125788592173e-01 4.549789890802757863e-01 2.997008986218219206e-01 3.881587888873237469e-01 4.810088194067441147e-01 4.196831910785697173e-01 4.086446346060209622e-01 3.182573358240528560e-01 1.904384939999737014e-01 2.514713686649286961e-01
