1.590000000000000000e+02 4.583667188290953542e-01 4.547535998552215131e-01 5.266683146806965254e-01 5.193176519005829883e-01 5.268844176688280978e-01 4.510462374998885360e-01 3.988305962239566127e-01 3.771730985148257775e-01 4.718085480382279151e-01 4.444132215726520063e-01 2.778311949126917590e-01 3.911956200979299081e-01 6.199024586536497905e-01 4.667659077748123053e-01 2.292438480948855162e-01 3.533734740388663753e-01 1.904303270398719494e-01 3.117179579125249345e-01 3.653985007094303628e-01 3.497174084552697737e-01
1.850000000000000000e+03 3.188467080855849067e-01 3.689090995946027740e-01 6.226325457721902934e-01 6.319923888736420636e-01 4.895628167455022828e-01 4.545252254801250280e-01 4.011296349234565461e-01 3.465670392518718779e-01 5.205866446607451126e-01 5.588529506205818231e-01 3.493855524896972709e-01 4.149027754732286799e-01 5.432322046800814874e-01 2.904522340751484188e-01 9.897928841665017130e-02 5.009540670859194966e-01 3.145907272099843777e-01 3.852416619401011211e-01 3.847339415133765317e-01 2.393133644579041597e-01
2.269000000000000000e+03 4.214406461508958257e-01 4.387614389508398549e-01 5.387536754831817598e-01 4.695006819676888488e-01 5.105196865802117401e-01 4.184994740047890960e-01 3.623941137168558146e-01 4.742473516493058705e-01 4.440982854203691099e-01 5.495911078292835539e-01 4.177650744883404932e-01 2.684629232619175632e-01 4.518474968071131692e-01 4.047908508376470982e-01 3.144271646334230175e-01 1.759124539271583187e-01 3.487267470789680579e-01 3.997315268225877238e-01 3.935729330677106286e-01 3.261232479338312396e-01
3.035000000000000000e+03 3.481321446092142669e-01 3.866124840449594036e-01 5.213077541955513095e-01 4.703768636754032118e-01 3.906957973064213996e-01 5.457750584439268193e-01 4.797720703694973166e-01 5.342700542081431081e-01 4.405860228003972701e-01 5.482714649884955493e-01 1.421777346974521516e-01 2.994130849560691643e-01 3.346562643797018621e-01 2.191726040742460746e-01 2.972641374544289783e-01 2.822917176883444901e-01 6.186986221971817468e-01 5.482346389418257804e-01 2.423426915652598379e-01 4.739345834319338424e-01
3.511000000000000000e+03 3.291121874744892817e-01 3.269532788382891741e-01 5.984715745622080085e-01 6.365625996558852417e-01 4.345526219477326979e-01 5.200095416955489158e-01 4.173558838472326005e-01 4.767272408093507496e-01 4.413061688497436630e-01 5.308849302700427986e-01 3.324276863275779093e-01 1.616758019891408049e-01 6.067054244696149512e-01 4.304998980210376081e-01 3.898606288042412160e-01 4.514369640240110670e-01 2.796515523081125609e-01 2.141297114771020804e-01 2.410725871705643453e-01 4.123848065345972480e-01
3.514000000000000000e+03 4.078635766501311211e-01 2.879279151675009918e-01 4.745129263253637375e-01 3.870778767917482655e-01 4.081144840375535709e-01 4.177467218578844732e-01 5.038639260661594843e-01 5.480523470768973171e-01 4.897886524896412630e-01 7.181910557031427889e-01 3.839682350019048562e-01 3.516886823940642004e-01 4.920861807189523263e-01 3.177888628002512039e-01 2.474590250182842899e-01 3.184602681013595782e-01 4.699260118717877299e-01 2.649650197617017811e-01 3.425550574521313840e-01 3.254740338586183390e-01
4.538000000000000000e+03 2.049987399695637758e-01 4.499988131033605399e-01 5.949434382380132114e-01 5.606637528682305582e-01 4.968938290326646023e-01 5.494223232364253695e-01 5.221818857832605243e-01 5.052724265742556398e-01 3.697785075402406640e-01 4.770347932140319158e-01 3.842214083546201531e-01 1.803528807885399765e-01 4.897649204175186233e-01 4.386132377486254286e-01 3.040197011061419596e-01 5.198725739047208583e-01 3.792345496706897023e-01 2.714904596452201169e-01 2.195153986538813939e-01 3.115712264028671630e-01
5.046000000000000000e+03 3.819374749770315658e-01 3.598088337123446778e-01 4.252170328067809146e-01 3.757017842170914945e-01 3.490093325734682228e-01 5.625519644104927108e-01 5.008075153722337802e-01 5.650829266003477569e-01 5.169541475569569000e-01 6.009794166965045648e-01 2.492932445910701345e-01 1.983581697553073175e-01 2.451781690910075362e-01 3.136235694553389797e-01 4.254669430077078762e-01 5.036961481150560305e-01 5.402901645990204615e-01 3.381338051776937026e-01 3.340941669268923109e-01 3.271704846574235437e-01
6.077000000000000000e+03 4.397431920906835212e-01 2.195528134792644470e-01 5.437815498080553755e-01 5.152587314780658900e-01 5.240749182048352051e-01 5.791508231617475966e-01 4.605640656431468916e-01 4.430851944414606614e-01 4.828298512362864670e-01 4.919811305398637535e-01 2.032449079881194220e-01 3.714241293667705501e-01 4.540184094108866142e-01 4.446995241388554954e-01 4.421542429690422660e-01 3.352168795135024304e-01 3.114367047006210143e-01 3.895220966366128579e-01 3.268486012128116180e-01 2.598350214151869952e-01
6.080000000000000000e+03 3.571509909179969577e-01 3.867796158912029658e-01 5.806229464493478654e-01 4.772028919323336171e-01 4.146053008539100637e-01 5.066198837994699833e-01 5.055619961441253363e-01 4.890193686958512753e-01 4.295933635413049512e-01 5.255693912054095751e-01 3.932809886970499713e-01 4.065666788380071228e-01 3.622946328374643254e-01 3.509095142701911252e-01 4.462191397685553174e-01 3.977204428017613869e-01 3.175512248567333717e-01 2.754337720495298458e-01 2.060751439124550999e-01 3.674126671246644160e-01
6.398000000000000000e+03 5.165664000943016587e-01 4.348260543314375615e-01 4.746761408435334895e-01 5.345814144883412888e-01 5.184265960524927497e-01 5.001481505171079256e-01 3.431208971028169019e-01 3.567191741009265726e-01 4.266172212453511192e-01 5.031457461394356345e-01 4.493662573861420539e-01 4.381234991398684775e-01 4.874686445603014784e-01 3.922868570226424323e-01 2.464749430951782838e-01 3.952173062539257598e-01 2.173215188882373361e-01 2.792411078920671863e-01 3.319996726154726407e-01 3.034533090003071476e-01
6.774000000000000000e+03 4.584176840934549024e-01 4.425791151564766324e-01 5.171741946584558214e-01 4.636211349004468185e-01 3.285802938721264499e-01 4.825736235529224372e-01 3.873680027426437134e-01 4.390892366390595769e-01 5.248851848995264024e-01 5.597565363341890921e-01 1.124926227342255142e-01 1.864708079556628151e-01 3.427601522503647136e-01 2.652536731024934258e-01 3.088989469354908035e-01 8.352974870820337738e-01 2.226569619685369872e-01 3.661280761397908701e-01 4.436717250305361460e-01 4.122009731230568130e-01
6.997000000000000000e+03 4.730910495103696212e-01 3.055964819009258093e-01 6.243322028229958409e-01 5.569064163964714265e-01 4.160323555390313954e-01 4.978971551905069792e-01 3.985018270917413674e-01 3.942213606451057117e-01 5.556898439006494606e-01 4.441138611210368459e-01 3.270312215679141987e-01 3.522188768545218007e-01 5.915540365420959290e-01 3.820368521115751204e-01 2.347276965896898104e-01 2.944727789561092379e-01 3.446152375978631111e-01 2.769511682542210584e-01 4.356778638436295537e-01 2.996917059268559558e-01
7.169000000000000000e+03 4.233415911812060672e-01 4.182876652944615414e-01 4.947492773631804730e-01 3.746427236836415431e-01 3.337208834974013105e-01 6.049329302251071905e-01 4.987284198755224107e-01 4.636253982803506535e-01 4.615493669426697920e-01 5.515723870185896827e-01 2.193492035398480200e-01 2.924347602039560345e-01 2.731542093918344905e-01 2.842928800987653548e-01 2.614545560662739909e-01 9.326222823746518342e-01 2.422176712491211359e-01 3.289750943085648638e-01 2.715488994448682636e-01 3.901146826615576324e-01
8.024000000000000000e+03 4.066132396085694323e-01 3.730871709721654272e-01 4.195138511482038868e-01 5.245686439322695405e-01 4.404233989198145793e-01 5.086208743086866324e-01 5.592901805764791678e-01 4.661640497325230115e-01 4.390875987578200523e-01 5.162523269324479358e-01 3.571051486191422208e-01 3.681852612860960772e-01 3.383155358665941859e-01 3.306689397045019518e-01 2.939682962173264524e-01 4.273912974417699573e-01 3.702759929566326047e-01 3.905119881534456772e-01 3.081066007234143922e-01 3.165470112657560176e-01
8.274000000000000000e+03 5.300559068706643950e-01 4.892821313018433926e-01 5.483284510280019841e-01 4.334653371879966799e-01 4.645664821993366611e-01 4.242406666125692616e-01 3.443965123671819395e-01 4.455462636546269617e-01 4.205079040189911854e-01 4.746980522094164101e-01 2.753343123807699966e-01 3.816220510520756393e-01 4.157328289756755946e-01 3.552022164400179816e-01 3.649832378418688128e-01 3.850112356449528206e-01 2.811988319106603074e-01 4.733061654611785962e-01 3.105745186488850229e-01 2.731611149473002209e-01
9.141000000000000000e+03 4.398882023363033245e-01 3.943605179107819714e-01 4.568777705329497563e-01 4.789650908927647333e-01 5.500783214429699752e-01 5.102796762440624523e-01 4.421640036369469118e-01 3.825090117333584394e-01 5.021680235078992416e-01 4.891236429138515751e-01 3.140043912330900966e-01 2.738976865800687444e-01 3.040417018308086972e-01 4.290713717980997877e-01 6.264874553115930000e-01 5.575257806968035856e-01 3.890911551886913622e-01 2.187530956618684574e-01 1.638567582622422469e-01 2.431121027355978848e-01
9.720000000000000000e+03 4.096178561351545566e-01 4.058309862506891963e-01 5.097653989167065802e-01 4.782754063666692645e-01 4.334265184495866841e-01 5.036551623721087223e-01 4.412698715222756474e-01 4.327611198978406071e-01 4.963019794181903754e-01 5.336857399374153044e-01 3.508764613780990804e-01 2.046277543616817352e-01 2.398302752106263591e-01 3.060375546866159202e-01 3.232054837934479341e-01 6.847097156114321237e-01 3.831573975499668605e-01 2.745911618256566267e-01 2.454755269244665306e-01 4.602110193176799369e-01
