1.420000000000000000e+02 5.190971558736446889e-01 4.956970286986709384e-01 5.149878224921027314e-01 5.333924541549275311e-01 4.895681973660454545e-01 3.050376375652998351e-01 3.079543554878740874e-01 3.114001779544768311e-01 5.488671789726503603e-01 5.545136875531490039e-01 3.983000572425052233e-01 5.590220691748114534e-01 5.081646350145453406e-01 2.339732805885996469e-01 3.627094541110365555e-01 2.809923483558067758e-01 2.681322489972809975e-01 3.431035102202115161e-01 3.673933109178455503e-01 2.305525652483030041e-01
1.430000000000000000e+02 4.825527391197100280e-01 4.043743983603380610e-01 5.606202747610948833e-01 5.189224596515369381e-01 3.358819846545223475e-01 3.474230216787789760e-01 2.821620708087376750e-01 6.140282945374196943e-01 5.889555370636735399e-01 4.586578185549987641e-01 5.142309977924093278e-01 4.521430964860639889e-01 2.320276400704763542e-01 3.647772023262915719e-01 2.884935979279630858e-01 2.772301973448074164e-01 3.508450717688271769e-01 3.912637421445470109e-01 2.233724911222342568e-01 4.002693397981701429e-01
1.707000000000000000e+03 4.263507868222233821e-01 4.247990911400417735e-01 5.406916552779508223e-01 4.813339656318743609e-01 4.297943534684934841e-01 4.880019092053759500e-01 3.468637543773996912e-01 4.873997493320836871e-01 4.977356030578026225e-01 5.063934548839832406e-01 4.481415284536341415e-01 3.507282419199991841e-01 1.093828327000133660e-01 0.000000000000000000e+00 6.106067657163148921e-01 4.780078790404627131e-01 4.778871088906376796e-01 4.767495208539015428e-01 2.910031683581157380e-01 2.131872859346761184e-01
1.851000000000000000e+03 3.367037559625070675e-01 4.499836465432058841e-01 6.150940531995930938e-01 4.745034356987368751e-01 4.428091639426673942e-01 3.993565453420638844e-01 2.787203539669670382e-01 5.488498346888279755e-01 5.521497425499293232e-01 5.500555166138412222e-01 4.214549132117063612e-01 5.206799618639568195e-01 3.036252871252409502e-01 1.049849089526585511e-01 5.422235731144832149e-01 3.428131890607508114e-01 4.151959582524041292e-01 4.280479115957614988e-01 2.499990554125803566e-01 1.801366952015586997e-01
2.270000000000000000e+03 4.156417145334376229e-01 4.055363587737130238e-01 4.740413095768938878e-01 5.179719629444295981e-01 4.287401220931146839e-01 3.817006290702885107e-01 4.416821375446977616e-01 4.966850031973236157e-01 5.633805158593037099e-01 5.056968966898847118e-01 3.021889286025132848e-01 4.234945331188548212e-01 4.275620167590105658e-01 3.368479502259749125e-01 1.923823549654738452e-01 3.839955984614853990e-01 4.353553010635056175e-01 4.406343463460864474e-01 3.508493505272004542e-01 2.178806902084369501e-01
3.512000000000000000e+03 3.009468093885589446e-01 4.353045369368965800e-01 6.236405484000321353e-01 4.232101436959627705e-01 5.127922777947395705e-01 4.198191053472520307e-01 4.266173619867089650e-01 4.779854685379675838e-01 5.266820487783283600e-01 5.325152898731235762e-01 2.061543466610301911e-01 5.802940389483405292e-01 4.422718958858648519e-01 4.062066550975889645e-01 4.802813480158075188e-01 2.995582619577202843e-01 2.268929585728497456e-01 2.931997964069187335e-01 4.328295172730007301e-01 2.195460441680515407e-01
3.513000000000000000e+03 3.991603117810678114e-01 4.526337352532994185e-01 4.074620624283998294e-01 5.004148927466963714e-01 4.103702262894556863e-01 4.280454174022659819e-01 4.267756717029607128e-01 5.568284839637707151e-01 5.271830258100385080e-01 5.060436133062891084e-01 5.132077814864731691e-01 3.660721134064778837e-01 3.892094108445889322e-01 4.667309218792495273e-01 2.971592024878163540e-01 2.266650865267504089e-01 2.896785259351860597e-01 4.322534770293922635e-01 2.016002408956603098e-01 3.194051266390254828e-01
3.661000000000000000e+03 3.895576582121946241e-01 4.485682180838003741e-01 4.899064966517803210e-01 4.797326185771784157e-01 4.286497020211292863e-01 4.793333146734521932e-01 4.302862395920659666e-01 4.824911336544230878e-01 4.978368327444057662e-01 5.085817842555344637e-01 1.958120404461329289e-01 5.033169195055614553e-01 3.843340635259926419e-01 3.248023284639305341e-01 4.251322083684501152e-01 3.148460022892041743e-01 1.944506606354090006e-01 4.733779550917559531e-01 3.141619716467421997e-01 4.074046160411496920e-01
3.662000000000000000e+03 4.149039851497881570e-01 3.594736381493757182e-01 4.698052346559351555e-01 4.213718340437169196e-01 4.758056208559357514e-01 4.371035254936538328e-01 4.369357700793020105e-01 5.344899939411604795e-01 5.072838937138038906e-01 5.787542803924005108e-01 4.326011940974419101e-01 2.876152960536413894e-01 2.963608721564857107e-01 3.934620911318572611e-01 2.974477534294517889e-01 1.849742411110320006e-01 4.454810384573757998e-01 3.180526922440518600e-01 3.697234262129421301e-01 4.621302843720805908e-01
4.540000000000000000e+03 4.110953268699215069e-01 4.127190981748856125e-01 4.918609050379210146e-01 5.514942548376547959e-01 5.400355225441633156e-01 4.814084195481025952e-01 3.729414272632571303e-01 5.228305212783712630e-01 3.990618109372570665e-01 4.644365010694296303e-01 3.862695309385998921e-01 3.432523103548872911e-01 2.829052715298587262e-01 5.011579072163433457e-01 3.756880691130413119e-01 2.678370211224879172e-01 2.523842890922726734e-01 3.181094010859527033e-01 3.086539146553644586e-01 4.793621089884992359e-01
4.939000000000000000e+03 5.506417235942357991e-01 5.185374259725893387e-01 5.848051437824901555e-01 5.286696982659142563e-01 4.173410666741429464e-01 3.735465943403376565e-01 3.292753001343441954e-01 3.704254674274725101e-01 4.795551297802378987e-01 4.184725775787034863e-01 3.315514115568545250e-01 2.056435833353542630e-01 3.266205460590669296e-01 3.517237035028262793e-01 3.709285907672347227e-01 3.926115487290984807e-01 3.368970536476891819e-01 4.038328867062273009e-01 4.591928672144241497e-01 3.098193039460216403e-01
5.043000000000000000e+03 4.712621306602882698e-01 4.247937232729333545e-01 5.975218576311559504e-01 5.368741098452896043e-01 4.720374808643992837e-01 4.118394705145208556e-01 3.481605814796451814e-01 3.726347651118627202e-01 5.210831660585504288e-01 4.738720528892239048e-01 3.407619736257692100e-01 3.695478496704328597e-01 3.478955947905297275e-01 2.936846201341122287e-01 2.671578336875615745e-01 2.364530019864169441e-01 2.900637444614121985e-01 3.870132975636325079e-01 4.598955447137993424e-01 5.120857063269781406e-01
5.044000000000000000e+03 4.072984072867770755e-01 4.530899498304153394e-01 5.486133246060831414e-01 4.859437870606230225e-01 4.285783147302768548e-01 3.735916550125264468e-01 3.353762024494855165e-01 5.745867130941684220e-01 4.906966211231491570e-01 5.182146197426795720e-01 3.678727058775737024e-01 2.855275843655258328e-01 2.944303642161798518e-01 2.716162447855295925e-01 2.453995880959420617e-01 3.031762598998800629e-01 4.000662431957374698e-01 4.756876011002386662e-01 5.262616854542427891e-01 3.078314877253506832e-01
5.216000000000000000e+03 4.982900337218235109e-01 5.084970708188226718e-01 5.712189321871059544e-01 5.188805892687753385e-01 4.725934640805063980e-01 3.889492976190736528e-01 3.467907105625267494e-01 4.193172236485264159e-01 4.590626547484287778e-01 4.102162115809478982e-01 3.017161076275761133e-01 3.794871286135138022e-01 3.427523583578278021e-01 2.812509854994592051e-01 1.978530046762686512e-01 3.692431534220682599e-01 3.552434783040093746e-01 4.435337097956943420e-01 3.465425629971352617e-01 4.734611259712239728e-01
6.082000000000000000e+03 4.074119843125409424e-01 3.579913072577575739e-01 4.173778058541000036e-01 5.168016327096383034e-01 5.314872688110415799e-01 4.715012001082761195e-01 4.433821300993787684e-01 5.777042111429679938e-01 4.258017286549695690e-01 5.000741796233091341e-01 3.135252673867748308e-01 2.904605742030700322e-01 4.556921538861746224e-01 4.205998296004000436e-01 3.451855964016620204e-01 2.981978024425455120e-01 2.649344976493295256e-01 4.006347411099295819e-01 3.183806495984915497e-01 4.041624079446451412e-01
7.999000000000000000e+03 5.274154668065946794e-01 4.446988306216576037e-01 5.187595702165251899e-01 5.885769953075034033e-01 4.132655120890567635e-01 3.120620105713596826e-01 3.298495162861486141e-01 4.577129364025522840e-01 5.057659777254632782e-01 4.858201390495832661e-01 5.365451872304376479e-01 3.382013583248989486e-01 3.620543982709925612e-01 3.182034590649933659e-01 2.947415674628674487e-01 2.387463414053349886e-01 2.849831211082692883e-01 5.055144956455325245e-01 3.341168939481872768e-01 2.710938258169021675e-01
8.275000000000000000e+03 4.752805938499888305e-01 4.270955095016197300e-01 4.577420197185835815e-01 4.917308501946979771e-01 4.543319973446304227e-01 3.827908764297330846e-01 4.289768624407773179e-01 4.918350529285073214e-01 5.038908870669553952e-01 4.893980467115197075e-01 3.623517479940289721e-01 3.405192371356571268e-01 3.417323504704001258e-01 3.561159592937805374e-01 3.835747806851067532e-01 2.820550637630080959e-01 4.695647393454759344e-01 3.323481818826003464e-01 2.575444904230768106e-01 3.735691384158237871e-01
8.658000000000000000e+03 4.293268872411103443e-01 4.395593402128897820e-01 5.306200133463359059e-01 4.932869191035556544e-01 4.246713342380253331e-01 3.644952920050794076e-01 3.472370886156101455e-01 4.429148188544352882e-01 5.711703693637759649e-01 5.728666261081839517e-01 4.544164197782125103e-01 2.883556132167260921e-01 2.914833168657620099e-01 1.186945622904849729e-01 3.346749375561232642e-01 4.388005155865413176e-01 2.934153491984622941e-01 4.665871119719275928e-01 4.499481926465622172e-01 3.335490490012278375e-01
8.659000000000000000e+03 4.147831014285307538e-01 3.978938985211598056e-01 4.956322003844001456e-01 4.294317472946561631e-01 3.718404519897591243e-01 3.638336916054829007e-01 4.046841628486951281e-01 6.137168976168381196e-01 5.854056379420762291e-01 5.347254522839486324e-01 3.141060101032568386e-01 2.365893947963455535e-01 1.235456370542247495e-01 3.530344163530538260e-01 4.726086252653863284e-01 3.181841339027771109e-01 5.003646563402771585e-01 4.845548130202322334e-01 3.523024740019440326e-01 3.069887295371434011e-01
9.142000000000000000e+03 3.784767636640893884e-01 3.498239346994803101e-01 4.887810880125466051e-01 5.628592139144694695e-01 5.266054037039099578e-01 4.686033653800234511e-01 3.449413646598786798e-01 5.555993477934640934e-01 5.052350654208351832e-01 4.887761257378227531e-01 2.795123706404353814e-01 2.252163588818915929e-01 4.129599088700803278e-01 6.115682366199769460e-01 5.557588746592296847e-01 3.903824032994469562e-01 2.170878135161900535e-01 2.103960594844234422e-01 2.269756698709963494e-01 4.100874003639380372e-01
9.481000000000000000e+03 4.855125196141734101e-01 4.581986839036251147e-01 6.136243177979422425e-01 5.651665578433171522e-01 4.000148971979370915e-01 3.261216610739254285e-01 3.261711533663532170e-01 4.690373583313674488e-01 5.309848300276773791e-01 4.290905640085840855e-01 3.291522606914727977e-01 2.821667541937978307e-01 2.470075388981768649e-01 2.390675882444464051e-01 5.027578857932073486e-01 4.440501882961362390e-01 3.322481166079239157e-01 3.289872295333856611e-01 4.351304141002301784e-01 3.571224515982178160e-01
9.721000000000000000e+03 3.794450648845389407e-01 3.778535327990491521e-01 4.737806915789005702e-01 4.315583297159503173e-01 5.057511339513214299e-01 4.536889230510831039e-01 3.870273072827865035e-01 5.377513609237083436e-01 5.384232026369597524e-01 5.620038842904880871e-01 2.174200898872344079e-01 1.492458034305036985e-01 2.831530521913213638e-01 3.032731421588085174e-01 6.563528667973691499e-01 3.696190851403771127e-01 2.619813282907051954e-01 2.675563185269341226e-01 4.280239725916757387e-01 5.644498768884773643e-01
1.157300000000000000e+04 4.737699645021475892e-01 5.018087661119430276e-01 5.446245328924632645e-01 4.264616998945323090e-01 3.901560735640360877e-01 3.721665418018847427e-01 3.614914192167875129e-01 4.235158865690074603e-01 5.695752420101201086e-01 5.188263626236195858e-01 4.128981753884095607e-01 3.416998529084872560e-01 3.352190283285501060e-01 4.631324333312993313e-01 2.700824248225973667e-01 3.378826844920704287e-01 4.073664258858433751e-01 3.569253644305804274e-01 3.300581379825998640e-01 2.507768965281813034e-01
1.157400000000000000e+04 4.792526985088580993e-01 4.162446098141309725e-01 4.394956532459887710e-01 4.058944261489278449e-01 3.906520042235029910e-01 3.894065967705832576e-01 3.938745150753020785e-01 6.219431968618177597e-01 5.395204513485973852e-01 5.042166759003738896e-01 3.665891609064678702e-01 2.938995921994598803e-01 4.925568814635702952e-01 2.913728615662953270e-01 3.721310033068307432e-01 4.516283910740302443e-01 3.914554944371319567e-01 3.853288901228592578e-01 2.689060905676515789e-01 1.897097778065253149e-01
