5.950000000000000000e+02 4.022663422598872773e-01 4.126840524673537902e-01 5.797400239033884128e-01 3.204551938485798446e-01 6.970235259538412054e-01 5.995884803332626189e-01 5.122389313344577477e-01 4.575235670922921383e-01 3.585733854432777701e-01 3.354081722899484030e-01 2.474957058898667739e-01 1.441440939044498493e-01 2.735767473528595284e-01 5.086910108864173274e-01 5.313061618240302320e-01 2.599464145748595634e-01 5.474553853873153075e-01 3.147890407091779030e-01 2.627799351706096576e-01 3.943975798854322812e-01
5.990000000000000000e+02 5.321441880464005125e-01 5.032368351267128004e-01 6.074905504444306770e-01 5.090858665600531685e-01 4.545113350428032772e-01 4.246697507068563637e-01 4.561624846676162193e-01 4.454550102079000151e-01 3.516383258980959048e-01 3.090783369429523364e-01 4.825988638045656809e-01 2.165542729714423076e-01 6.246739154579772357e-01 3.704386003903988867e-01 3.529115459894558993e-01 4.734578749518364993e-01 4.037998508350549853e-01 2.158182238956187771e-01 2.497963875588493365e-01 1.276491400122531372e-01
6.000000000000000000e+02 4.990084065246584988e-01 4.820500549543506597e-01 5.503892095112872251e-01 4.978521471173866786e-01 4.709143295313436561e-01 5.135188036293775182e-01 4.444651448416508943e-01 4.412878026494335693e-01 3.463472906302068610e-01 3.633508470893014874e-01 2.661798925332005683e-01 6.408805829275247001e-01 4.031557168335405672e-01 3.895291052583799152e-01 5.335439514109988624e-01 4.580523888564759782e-01 2.422902197650382838e-01 3.188123907174767457e-01 1.351148455362524980e-01 1.891518117057744697e-01
1.137000000000000000e+03 4.402744779354915150e-01 4.943216846467381465e-01 6.898445796686770715e-01 3.724331988101514113e-01 5.547406708230097072e-01 5.195067376687817484e-01 4.882377153152504534e-01 5.180151806170217865e-01 3.549522189309878284e-01 2.077822082893573674e-01 3.710565786526643373e-01 2.413809608190611578e-01 3.710752829496419825e-01 4.838186903280939366e-01 3.821979720125018298e-01 3.162681855361550443e-01 2.702352168542270228e-01 3.985055977518467962e-01 3.236930774626537999e-01 3.444352865777778883e-01
1.160000000000000000e+03 4.034970859413397615e-01 4.132512212689489761e-01 5.223626997797528038e-01 7.816963511780306018e-01 6.761553773659434441e-01 5.782697016009293867e-01 4.136663814336128397e-01 4.559273364552841601e-01 2.483822552010323537e-01 2.129536431680139064e-01 2.741730067595601894e-01 4.222908287909515890e-01 4.011272276849902063e-01 4.319335598581247604e-01 4.224086006316631337e-01 3.000239560833350971e-01 3.007299607184593659e-01 3.597978656741009362e-01 2.852937167477456737e-01 3.383474158259415776e-01
1.379000000000000000e+03 5.088156493910201972e-01 5.094224038319768999e-01 5.911332855948485676e-01 5.529500477808912962e-01 6.092603936188097924e-01 5.340761923369521380e-01 4.426520817471131797e-01 3.597793061941246817e-01 2.944475890994665557e-01 2.277607873553105788e-01 3.481412619735471670e-01 1.748246980728336564e-01 5.181296332161190454e-01 3.439329815046504590e-01 3.564454739717335952e-01 4.210503132965651152e-01 3.446438063822487852e-01 1.860992758026142890e-01 5.473268803693505102e-01 2.817333171530405078e-01
1.506000000000000000e+03 4.632822609315943585e-01 3.595500886099434745e-01 4.976954175062613950e-01 4.484038395505195451e-01 6.091354206657277892e-01 5.851849515568887661e-01 4.443594392057760856e-01 5.037403518367032929e-01 4.705940045849631992e-01 2.767097332005275523e-01 1.939951156332750670e-01 5.665990995484836423e-01 4.629615588353789279e-01 4.056351652237311645e-01 3.945363206138680634e-01 2.992631646650369959e-01 1.922202534614329272e-01 4.115528283971885970e-01 2.846383427668650046e-01 3.525737220706320341e-01
1.711000000000000000e+03 3.639082814372624486e-01 4.331795460122461749e-01 4.515800824887143405e-01 5.612631326876978966e-01 6.221953061192998513e-01 6.320908234965666450e-01 4.788775403092812577e-01 4.949355166574487819e-01 3.555330637651751280e-01 2.932798997240812500e-01 4.513401053592693835e-01 3.681901744879120808e-01 4.436909131686063712e-01 4.564247930707755474e-01 3.100349370517911374e-01 2.336960063318134218e-01 4.369178955722272661e-01 2.361352672807656150e-01 2.814552106668092302e-01 3.066111722862608358e-01
1.848000000000000000e+03 3.890871020952924586e-01 3.948115895755839322e-01 4.614490000418807747e-01 5.061164848070991429e-01 6.315450719606620078e-01 6.341198592978132265e-01 4.785512650790452183e-01 4.862203171147765901e-01 4.018434080206585990e-01 3.009331430549900821e-01 1.807434176490930466e-01 5.275203195462647709e-01 4.055443522732919415e-01 4.680833655239610147e-01 5.343075441344210530e-01 2.759300864114048180e-01 9.145123197780820334e-02 4.649270506558367266e-01 2.629796914430177490e-01 3.525980546177405750e-01
1.877000000000000000e+03 4.146923367786033432e-01 4.827259345427468706e-01 6.340847527040106568e-01 5.541677244086522514e-01 5.324557699013987566e-01 4.250103366121052439e-01 4.845135233065736569e-01 4.480281868678495649e-01 3.715832632771474131e-01 3.070515554845201223e-01 3.696266869891571827e-01 1.711631519387044886e-01 4.992415614825012060e-01 3.668063888318627286e-01 4.858337165724190831e-01 4.361514028012525857e-01 3.264379403105792110e-01 2.180310733149845026e-01 3.608459253443213055e-01 2.825555723742950165e-01
2.296000000000000000e+03 4.538025777724261078e-01 5.006956778529180196e-01 6.135490811385451160e-01 5.558240913938984340e-01 4.895773993845961014e-01 5.011350843329132054e-01 5.172481553016831102e-01 4.265907782019616734e-01 3.261042458789589205e-01 2.561055713373269760e-01 3.974018791392907590e-01 1.559842358061313272e-01 5.524149814803485103e-01 4.746222651837404549e-01 4.504250748150258610e-01 4.257623089482373557e-01 3.135194800840019336e-01 1.767089811340884220e-01 2.788067642953320213e-01 2.981488322149178916e-01
2.467000000000000000e+03 4.283136240080373525e-01 4.120587017200730839e-01 5.163984163753536638e-01 6.699085345104242029e-01 5.718921415063633606e-01 5.430256633994117177e-01 4.550889718357112868e-01 4.663219887719485812e-01 3.135718396415976827e-01 2.980366203089818700e-01 3.455628119596782510e-01 4.436886449964120294e-01 4.727502526755408274e-01 3.925700524247553447e-01 1.928104050185395768e-01 3.248478712551651215e-01 2.732186937336096855e-01 4.407294727370467680e-01 3.925409075642778411e-01 2.500954315193890665e-01
3.040000000000000000e+03 4.416413244574693420e-01 4.346706637974396270e-01 6.087218738824563546e-01 5.559168291044317423e-01 6.792491240107317862e-01 5.206026831333329108e-01 4.461639962189886122e-01 4.324867983747332500e-01 3.472512592444240154e-01 2.089978144206884880e-01 2.517839129725257252e-01 6.298828094421778934e-01 6.116595716428330221e-01 3.196373782874674108e-01 5.451636943022635240e-01 2.968992670583804894e-01 1.850190011459425243e-01 2.908395344520644521e-01 1.524220643625904259e-01 3.076690666841003230e-01
3.178000000000000000e+03 5.179970043217595466e-01 4.974544312571884674e-01 5.200900612862444650e-01 4.971222891181948378e-01 5.717540516661092642e-01 4.997539390790726177e-01 4.200940570146605157e-01 4.518076371481686282e-01 3.711793282240755110e-01 2.581460144226102038e-01 4.682573139562109521e-01 2.562828428581692131e-01 4.230908785748225820e-01 3.986748572255979783e-01 2.869386835145847359e-01 1.789374779385898007e-01 3.756386352242133686e-01 2.887157027420300115e-01 3.949874452924877488e-01 4.281401295930475914e-01
3.354000000000000000e+03 4.801649212398096389e-01 4.230713561337778872e-01 5.067709469090847518e-01 5.550731778127794280e-01 5.165674953192688212e-01 5.161236998153898581e-01 4.681081090898202013e-01 4.734115832482006514e-01 3.844397640322209098e-01 3.123933091524514483e-01 3.751831432487402473e-01 1.596456388274408722e-01 8.090897954580483775e-02 9.704930639316244889e-01 4.681691647036453907e-01 4.240999655341352592e-01 4.456853114584243269e-01 1.751835385174623783e-01 7.811863162234894409e-02 3.297675233071586942e-01
3.667000000000000000e+03 3.091641833407940410e-01 3.380058861906483081e-01 5.206873224079421325e-01 5.404386678481066797e-01 6.258299321780030899e-01 5.942870742329192657e-01 4.964820943034231049e-01 5.917802833214966807e-01 4.529610301479120582e-01 2.588393039964904108e-01 1.838962953647574339e-01 4.876196100685825097e-01 3.953946750792710074e-01 4.929284595603847241e-01 5.940084562959202508e-01 3.408704281660269730e-01 1.470096733156467939e-01 4.180054628316084986e-01 1.892129730923793329e-01 3.122472725201212995e-01
3.815000000000000000e+03 4.952429375769623610e-01 4.302733364055557619e-01 5.985474055608974719e-01 4.648682182077517044e-01 5.668925955794223981e-01 6.457989753693492707e-01 5.213418774699004610e-01 3.836465416614420754e-01 3.220785446656260209e-01 2.254128180778359192e-01 3.594997837493815740e-01 3.509573124344083639e-01 5.410273074598710430e-01 3.416014525722907424e-01 2.566571835992833006e-01 4.979089446565673205e-01 2.993376190049822916e-01 3.434538781313891120e-01 3.562972144740442215e-01 1.806510669130655944e-01
3.816000000000000000e+03 4.377723745438067415e-01 4.816840685836660807e-01 5.141786208691052629e-01 6.191955726441500385e-01 7.029612473749706769e-01 5.887145624974278180e-01 3.838666847175533636e-01 4.207648735288722630e-01 2.668236965361081570e-01 2.489442282121317740e-01 3.754658507485523211e-01 5.305199227972740017e-01 3.643280571681025148e-01 2.776391754203747508e-01 5.498586812280906733e-01 3.328358795869785225e-01 3.776968508764358412e-01 4.105360944762974640e-01 1.905440181221270124e-01 1.232316683389827333e-01
3.939000000000000000e+03 2.805652009860548635e-01 5.119827600611008833e-01 6.572891974205706811e-01 4.995345946806546977e-01 6.946909618688867916e-01 5.383537835918821290e-01 5.341306931366793798e-01 4.262038547535997868e-01 3.362648196276887824e-01 2.405295721683332610e-01 1.543208848691954571e-01 7.078077320534262862e-01 4.334469529669177645e-01 3.970602938422483907e-01 4.324967245607200805e-01 2.438383414701400520e-01 1.791842951383308957e-01 3.797002670252143663e-01 2.313696337745678178e-01 4.263466189023534803e-01
4.130000000000000000e+03 4.452551097888317599e-01 4.594631551557041838e-01 6.249709418776109304e-01 4.814228265907380400e-01 3.778659431869410557e-01 6.150932357565304098e-01 5.078304905509305467e-01 4.592964655412459241e-01 3.605276648150754215e-01 3.111364385050732762e-01 2.958681227846860495e-01 5.260447679713151636e-01 4.012960732526830721e-01 3.562021147747962968e-01 3.166193068702917723e-01 3.548627682053865362e-01 2.219682304249559479e-01 4.718958027700546620e-01 3.037515808846724674e-01 2.876736301938298546e-01
4.131000000000000000e+03 4.564173138766869364e-01 4.920494360636070152e-01 5.187506513793146423e-01 4.171292573575134388e-01 6.598288435767046822e-01 5.629287572859865696e-01 4.562787021458660219e-01 4.464339096693855646e-01 3.450882380249585824e-01 2.792917794086891559e-01 4.912323289281803063e-01 3.411168810908564719e-01 3.555300114433805336e-01 3.204921401902491307e-01 3.667561199670487104e-01 2.310234887000452708e-01 4.856606078243473346e-01 3.389056776321446862e-01 2.859026420969483229e-01 2.766020512034524370e-01
4.452000000000000000e+03 3.270388089030096812e-01 2.944659752303994682e-01 4.891561520595062995e-01 4.377534771326395679e-01 8.013970421485839823e-01 6.733364006746813679e-01 5.826183530159754209e-01 4.746332588286087395e-01 4.000112373012554290e-01 2.705298342643390752e-01 2.890131643091248814e-01 4.005853946177182490e-01 3.448538595793066985e-01 3.363745354529208420e-01 4.624963855475998642e-01 3.125143694498401237e-01 2.878378283993763831e-01 4.485262080890460856e-01 4.178083501000454669e-01 2.237269408481183663e-01
4.476000000000000000e+03 5.283056879485559243e-01 4.957856908796386408e-01 5.747356179534487408e-01 3.918785514079481946e-01 4.541164152103503993e-01 6.033017875685864340e-01 4.639038939098054648e-01 4.492584364859655288e-01 4.212128371585084907e-01 2.173335224451597436e-01 2.010370168959093040e-01 5.311629263880894847e-01 4.199467563881094656e-01 4.163810366769835070e-01 4.220567151439411635e-01 3.538336353377091181e-01 2.474489046892009159e-01 3.771882314990919749e-01 3.200660711319027740e-01 2.719126716158095647e-01
4.563000000000000000e+03 5.452091159408378740e-01 4.687899646030345147e-01 5.596475831911333909e-01 5.889629996582426141e-01 5.563686516654136049e-01 4.643534508027285512e-01 4.142718231974230059e-01 4.134039205574678855e-01 3.238797429625216440e-01 2.769340749026307780e-01 2.341951073342301848e-01 2.499723917273941054e-01 3.956569830179910707e-01 8.242886147299058885e-01 5.036495554257716112e-01 2.751282006403501512e-01 1.678801692923176103e-01 2.445691441095180496e-01 2.194767486035148485e-01 4.401148705244047332e-01
4.942000000000000000e+03 4.511226061413708965e-01 4.009248565134043152e-01 4.978668917934006566e-01 4.668659491614828849e-01 4.568342762718015093e-01 6.282910253444574655e-01 5.479309605814892681e-01 4.886464383125983524e-01 3.712601229168160377e-01 3.382253090124180406e-01 2.974426932686098923e-01 3.085106604806088781e-01 4.057306961160841441e-01 3.629309708772078258e-01 4.423283782969901212e-01 5.012096579875153779e-01 3.501133117655980120e-01 3.299817909472754218e-01 2.518227324738930850e-01 2.652354216079769178e-01
4.943000000000000000e+03 3.966905978012520984e-01 3.929340235035695961e-01 4.949052413737571876e-01 4.874117188904379949e-01 6.640671120297885199e-01 5.951052014052693462e-01 4.801033541871946309e-01 4.486341162619906231e-01 3.649278927257732508e-01 3.590863098941576292e-01 3.003332648344466116e-01 3.223405626508326072e-01 3.426311819871035169e-01 4.235346539847712477e-01 4.900849801487841551e-01 3.445880668089999488e-01 3.212362732758761719e-01 2.781703950820030302e-01 2.431080516686639215e-01 4.535298807579258296e-01
4.944000000000000000e+03 3.887607734846616481e-01 3.901122344167101130e-01 5.147102706008721551e-01 6.947050598795999621e-01 6.296019904346744633e-01 5.245807810290398221e-01 4.348400318761672656e-01 4.419049798507275750e-01 3.858165388056163381e-01 2.953409807921454910e-01 3.271031431971863079e-01 2.766086181725393445e-01 4.208529925904840319e-01 4.938947114407324923e-01 3.545494510195040250e-01 3.327804259097540407e-01 2.850334601443064164e-01 2.853165852556144300e-01 4.591114039433066285e-01 2.954847627808601107e-01
4.953000000000000000e+03 4.698645826104713152e-01 3.520925478264922970e-01 4.724159371695929033e-01 5.454414527290919468e-01 5.469198787191634770e-01 5.209025101661493018e-01 5.667043602677516168e-01 4.704310993599591928e-01 3.832716455453436533e-01 3.315239657642969906e-01 2.916850753105052485e-01 2.741586681091373046e-01 2.937801822818203457e-01 5.791185003770119577e-01 3.319731107071598464e-01 4.748110377874046883e-01 3.798669348449648653e-01 3.084154475727406974e-01 2.254201206284357217e-01 3.493423380223127928e-01
4.955000000000000000e+03 3.738308692736456718e-01 4.499567105964038527e-01 6.090510350870297351e-01 5.886414623301844395e-01 6.521001034325096812e-01 5.068101817211667637e-01 4.502311679614579010e-01 4.379623923839699451e-01 3.015212440187899912e-01 3.210419014956815698e-01 2.617461065624956951e-01 5.555682925023568419e-01 3.490096951164898265e-01 5.169122719860719251e-01 4.250604104375551584e-01 3.436981780755505311e-01 2.906090297777592646e-01 3.952376032645381621e-01 1.592645247628723115e-01 2.557265897955476874e-01
5.051000000000000000e+03 3.967498769791067970e-01 3.892659168091209265e-01 5.598752965409612425e-01 5.545310302693582383e-01 6.543533727419701407e-01 6.199739850078581638e-01 4.428871816002204476e-01 4.413066504517163535e-01 3.708399660532382680e-01 2.701508312844830284e-01 4.437733953946615406e-01 5.310488527046787199e-01 3.726176302453455547e-01 4.030753130207141433e-01 3.922113751409992410e-01 3.496941320772900541e-01 2.965596928652274311e-01 3.639798663110599408e-01 1.284555710031883569e-01 2.526458942363515869e-01
5.206000000000000000e+03 4.768628934283324905e-01 4.427114855309752794e-01 5.436767185645093869e-01 5.327850698835816523e-01 4.644318104124623425e-01 5.642306933859009277e-01 4.736627862441073478e-01 4.450173914425951116e-01 3.608372531213176471e-01 3.302351087487483405e-01 3.120032340271406412e-01 4.155669213569670450e-01 4.304448170521044115e-01 3.533417936676590543e-01 4.694510377483903096e-01 4.293297853939112563e-01 3.289158889787757722e-01 3.041730238438035139e-01 2.248380735108401474e-01 2.675594136175574733e-01
5.208000000000000000e+03 4.273712988539917768e-01 4.473185811777857235e-01 5.345729272047187175e-01 6.417505169887407490e-01 5.645681863054993199e-01 4.867912184045388169e-01 4.355749782428705030e-01 4.445349445006656630e-01 3.542977775984675337e-01 3.239703565545816732e-01 3.689825506747094752e-01 2.894976474725243776e-01 4.749156676017338707e-01 4.497786130372001812e-01 3.541767643551941291e-01 3.261905632671605049e-01 2.791170150659398330e-01 3.055289371811266141e-01 2.923339075017990507e-01 3.802880285144574768e-01
5.210000000000000000e+03 4.285982799678275112e-01 5.352773184615725599e-01 6.470835275148506538e-01 5.739282686193598604e-01 5.358438702785560670e-01 4.969411189528646910e-01 4.391859574547410383e-01 4.478010789761344146e-01 2.924185219733657082e-01 2.477651262127287535e-01 4.216386395805327703e-01 4.100081520372433896e-01 3.711268649474179226e-01 3.539140145444976127e-01 3.113254464682004841e-01 3.393697385195044713e-01 3.512482470570780224e-01 4.232594461784003892e-01 2.956631618743504886e-01 2.311664751156146946e-01
5.211000000000000000e+03 5.270618920916613215e-01 5.094345106699116332e-01 6.138769274682867039e-01 5.776746533330611166e-01 5.420946050901147562e-01 4.941844146206481048e-01 4.452179020915989494e-01 3.840509307781768689e-01 2.806755466407753752e-01 2.435487052723411538e-01 4.294327147484314766e-01 3.396301819781852305e-01 3.806507632424396825e-01 3.396034121889546786e-01 3.779453862144929177e-01 3.938047380366333505e-01 4.693474591416811337e-01 3.576745702431135543e-01 2.505408440137187887e-01 1.620365388186073008e-01
5.220000000000000000e+03 4.200061078114715740e-01 3.891445670295575754e-01 4.923373751831363609e-01 5.231579595892360546e-01 6.210382930172444471e-01 5.652781335782457450e-01 4.851826555024291721e-01 4.704156495941868577e-01 3.853845464292018907e-01 3.222059524791470730e-01 1.617754510536501822e-01 3.016665613765417975e-01 3.648738808812053147e-01 4.697823035938749614e-01 3.932280357768105361e-01 4.993078498612566474e-01 2.671076356394777029e-01 4.320860832593451106e-01 3.727391970947486755e-01 2.601021613658645593e-01
5.221000000000000000e+03 3.853746691676496194e-01 3.883368572352338677e-01 5.508929830461719579e-01 6.516004338138925434e-01 5.995720447196735137e-01 5.299182401378402796e-01 4.591228773564598464e-01 4.612012022346632656e-01 3.475148303624245316e-01 3.247513728781665221e-01 3.064196838901349085e-01 2.950189291310520989e-01 4.604316674268654763e-01 3.908607624930694469e-01 5.068129255018911650e-01 2.729452150575599756e-01 4.366774688351734990e-01 3.912314685211727983e-01 2.504536764456163356e-01 2.021838706369183947e-01
5.459000000000000000e+03 4.789902183219030274e-01 4.627395998915070363e-01 5.082538360323015647e-01 4.759939422610773296e-01 5.829991275577015575e-01 5.203337212846663729e-01 4.096444802321797529e-01 5.448629888599622051e-01 4.140041423283356559e-01 2.246285704908710101e-01 1.608959242488871566e-01 1.386898309455243672e-01 4.009620752070164884e-01 4.564246133629717983e-01 4.367236090158969630e-01 4.339400191284141228e-01 1.922888040121567554e-01 4.712468151584965348e-01 4.644548641544233303e-01 3.479334138255711362e-01
5.461000000000000000e+03 4.219076309617502130e-01 4.254454977977770169e-01 6.821484820899764712e-01 6.242415286904060556e-01 5.250096264474134466e-01 6.272773129715965013e-01 5.169149934101231469e-01 3.645843669280287025e-01 3.025740300718292031e-01 2.098085609317879019e-01 3.138198412907159396e-01 3.573994240959134094e-01 4.033897829973144833e-01 4.150823168060788770e-01 1.889440244120274004e-01 4.613518827761031171e-01 4.493518489351318035e-01 3.460797241143798719e-01 2.448858252629120824e-01 3.247378980376073310e-01
6.086000000000000000e+03 4.024995148282992652e-01 3.882007677280156499e-01 5.080024049374450845e-01 6.207855531279474759e-01 5.001185994433521298e-01 5.808942230835898446e-01 5.276378457093919838e-01 4.953598534127813258e-01 3.178250646686733849e-01 3.399206862403695850e-01 3.188660139110734426e-01 2.674046164347365084e-01 3.074423051464271195e-01 4.793094496425521212e-01 4.154894942897232601e-01 4.915700284093029726e-01 4.888556219613010012e-01 2.860515143140133776e-01 2.689882902218384553e-01 1.830440160512337155e-01
6.403000000000000000e+03 4.333782197797634850e-01 3.551871834104954329e-01 4.361131942986591348e-01 5.747842240941547498e-01 6.625750721747278860e-01 5.540222427842430575e-01 4.992193432676687581e-01 4.665220498646967529e-01 3.653985685749193135e-01 3.325221836815476784e-01 4.029031642736735086e-01 1.997671132091975166e-01 3.561908657704936365e-01 4.641432573165688580e-01 4.265538505673943104e-01 2.182651588273081533e-01 3.878217616634261899e-01 3.616287096620255381e-01 3.173146445156701523e-01 3.564371695314701438e-01
6.407000000000000000e+03 5.159600104601155257e-01 4.769942200953807832e-01 6.043397079115389037e-01 5.298901251747695218e-01 4.722233875300717587e-01 4.317020517626778964e-01 4.740134761831368282e-01 4.808488438797128284e-01 3.332664102240812110e-01 2.891431671837860762e-01 4.014765393419897910e-01 1.768579244564980335e-01 4.585410798562364887e-01 4.409068770081500110e-01 4.223000912851531119e-01 4.501671020500939147e-01 3.613588131874475584e-01 2.487019602266621332e-01 3.143470092434297314e-01 2.348735075030190522e-01
6.409000000000000000e+03 4.763299153330740054e-01 4.545103961801935655e-01 5.552716915009324739e-01 5.197578528391193498e-01 5.775983854937869477e-01 5.401359406407134633e-01 4.190437958482842729e-01 4.153287650312385559e-01 3.926827469814070937e-01 2.896608596582669337e-01 3.803689980823538597e-01 3.680275996691445006e-01 4.134132068576358288e-01 4.563873041049741341e-01 3.765327809751700672e-01 2.581073117048894305e-01 3.470829450656215398e-01 2.667020922105858283e-01 2.811717079720869039e-01 3.806096963818202950e-01
6.412000000000000000e+03 4.333439853373654560e-01 5.062578958488088698e-01 6.510131524209399334e-01 5.430296975302228990e-01 4.911378799637144965e-01 5.180904052254088343e-01 3.913354723971432803e-01 4.842026594944877638e-01 3.721542021213085638e-01 2.510263726267336071e-01 4.316769976506178441e-01 3.624150582145548305e-01 2.984019783148462168e-01 4.182970821946785378e-01 3.268767570162632308e-01 3.787296670314598823e-01 4.653078544941969263e-01 3.512672074059077776e-01 1.488505804029123802e-01 3.112741236382228771e-01
6.413000000000000000e+03 5.020208119358351428e-01 5.139797249527913170e-01 5.850102399337797632e-01 5.350312344174983359e-01 5.657711474649691485e-01 4.473014403120493254e-01 4.878177412349011255e-01 4.608542140710968349e-01 2.861796363877795457e-01 2.315665556462780383e-01 3.684826629314520985e-01 2.378790432038714875e-01 4.266742753026402379e-01 3.381565659206358654e-01 4.000368339837562237e-01 4.947250089268934725e-01 3.694726281121696876e-01 2.098119926041004391e-01 3.196900375010220952e-01 3.454414105696909099e-01
6.414000000000000000e+03 5.131080668630423336e-01 4.703310875323458151e-01 5.829422314899675994e-01 6.160176163431450025e-01 5.000862805993416815e-01 5.522580485478961743e-01 4.676173502118116110e-01 3.853029387681715101e-01 2.713613272476719240e-01 2.740031179297683361e-01 2.671080391498762974e-01 3.787939208065824737e-01 3.452644367026593275e-01 4.142186331650040687e-01 5.230798789602558729e-01 3.932395697940581636e-01 2.209333100933880134e-01 3.607396503730923576e-01 3.570776988189813261e-01 2.772661614930263529e-01
6.587000000000000000e+03 4.884202455251331343e-01 4.691208016106772072e-01 5.542263682109822565e-01 4.753985123520765854e-01 4.736404243263696578e-01 6.176647544619789931e-01 4.548783215793699153e-01 4.214748319478971439e-01 3.402552502376356980e-01 3.299103878262066303e-01 4.329785919469126276e-01 3.994288495290670982e-01 1.723152883287220605e-01 3.011308466753599977e-01 4.362174690102665342e-01 5.124787851827903307e-01 4.841183400196283348e-01 3.461820570783698536e-01 1.199842302275858225e-01 2.800135485271610380e-01
6.617000000000000000e+03 4.446851198857728060e-01 4.382076929494913009e-01 5.273566544671982603e-01 4.708723366331494797e-01 4.381242505807122489e-01 6.179632724375466735e-01 5.184690602407299176e-01 4.937005998214799019e-01 3.621611037898538887e-01 3.292607407566114364e-01 4.386718249061299923e-01 3.402328318959877418e-01 2.030446167608113972e-01 3.099750178456333605e-01 5.118288703652051908e-01 5.424231532544517842e-01 4.178680619060782253e-01 3.009541017903122895e-01 1.009410441683323001e-01 3.220690341973894699e-01
6.618000000000000000e+03 4.346837503686535875e-01 4.185774145056803675e-01 5.047156859818705543e-01 4.743322606407190944e-01 6.593616478465222919e-01 5.705259235647296423e-01 4.912200955554298365e-01 4.450551650888802668e-01 3.608715643801831963e-01 3.052456546476717270e-01 3.477282411781121296e-01 1.317498442348271626e-01 3.138052182062201489e-01 5.254712437449478024e-01 5.686614439293704582e-01 4.409461495009636134e-01 3.141660436025906500e-01 1.663012199086880694e-01 3.281860561727303338e-01 3.766452363285043292e-01
6.761000000000000000e+03 5.032734384267942840e-01 5.013455462924909511e-01 5.940542836739095556e-01 4.851089618822519989e-01 4.333443748989951327e-01 5.897481968443968325e-01 4.720435757374480956e-01 4.372580233735347544e-01 3.563619776645440829e-01 2.420034852199189068e-01 2.500862196107483948e-01 2.880182098824073944e-01 3.584408521620558452e-01 5.478715955744229982e-01 4.735775565174707991e-01 4.677201505402878157e-01 3.241318365033708515e-01 1.392621064256774344e-01 2.844516395941025788e-01 4.086913886842989951e-01
7.173000000000000000e+03 2.661156898319443354e-01 4.837597872433863078e-01 5.611222056593545560e-01 4.842834841017288894e-01 5.337409965835104853e-01 6.331936687646469997e-01 5.065628936066708388e-01 5.148903313501567158e-01 3.885560771727861185e-01 3.324379212578896237e-01 2.359767659252799410e-01 1.000000000000000000e+00 2.745763993571367356e-01 3.845067487665194683e-01 3.592538852156164642e-01 4.658932794341742456e-01 4.144404626392197422e-01 2.669311459407202602e-01 8.756881676154652794e-02 1.207684704724527602e-01
7.174000000000000000e+03 4.564522813525734857e-01 4.213922204043631381e-01 4.883963909312478147e-01 5.407426843470952704e-01 6.450815731540495701e-01 5.290297584969030353e-01 4.862116091372074012e-01 4.441627832915361340e-01 3.368616499501297379e-01 3.075887784114919588e-01 8.849914768898429207e-01 2.105039904675823914e-01 3.905470221657898477e-01 3.700682441789297505e-01 4.900445541389873427e-01 4.387952120023980718e-01 2.795952223177827212e-01 1.551249325380679167e-01 1.126605307760465274e-01 1.579323877850369040e-01
8.015000000000000000e+03 3.691758479549636651e-01 3.525460747191270228e-01 4.667462721192338626e-01 5.288466548060934969e-01 6.080327614944069925e-01 6.264817372922047989e-01 4.981035903831987355e-01 5.470857780141227256e-01 3.951972624377599885e-01 3.067557763329957221e-01 3.523998911769332110e-01 5.429826901650267601e-01 3.482473791878869518e-01 3.699390688826056373e-01 3.776321262347651087e-01 4.587760344918211386e-01 3.867175692277514676e-01 2.843423384857863279e-01 1.107849553761694888e-01 3.046217105305104034e-01
8.017000000000000000e+03 3.691918354638241140e-01 4.368379884075902497e-01 6.696861141843203358e-01 6.946015566340683067e-01 5.796133968176656603e-01 5.928295273007792021e-01 4.614031482841267073e-01 4.126456941578201532e-01 2.842855301454748074e-01 2.160135547317630356e-01 3.227662161661584705e-01 3.394271745489443881e-01 4.130211131247117362e-01 5.195860607387707830e-01 4.501796767436602731e-01 3.296949334195040660e-01 1.922471870699115348e-01 3.669746488853437016e-01 3.459039787930943133e-01 2.593393669103138399e-01
8.266000000000000000e+03 4.616892786680338867e-01 5.312703160006512215e-01 6.831949111414299391e-01 5.543281415966573311e-01 4.745551206318884274e-01 4.839938982124937228e-01 4.469995038943477272e-01 4.206646936999460795e-01 3.348969359033799886e-01 2.407406962463013722e-01 5.014683097257724986e-01 3.254551804781053992e-01 5.598364908483945968e-01 4.640358231102862385e-01 2.357992530004893728e-01 2.667142008601804393e-01 3.427387561082157474e-01 4.149677059468392937e-01 1.511386705774778183e-01 2.435737611305934525e-01
8.490000000000000000e+03 3.442170949729164708e-01 3.252352007471487894e-01 4.405880140645252463e-01 4.753204712256821618e-01 6.789849076450955589e-01 6.042246299749505223e-01 5.236637851071131999e-01 5.554076974798243249e-01 4.865771280283392453e-01 2.794017068102537804e-01 4.380457700096387352e-01 2.379368654508823566e-01 2.570818515132680671e-01 3.351088481257706864e-01 7.225447808266567407e-01 2.826229220689561172e-01 3.738402261617095879e-01 3.203476293120639529e-01 2.377646786460936024e-01 2.897748264440459520e-01
8.492000000000000000e+03 3.418486004885420981e-01 3.867155198593531518e-01 7.265350625686104458e-01 6.570818547022508893e-01 5.913191766961211071e-01 5.876296692899817264e-01 5.421930558927749999e-01 3.731185736920347717e-01 2.575790179226620791e-01 2.811431979707734174e-01 2.273606403943128074e-01 2.812651768685712206e-01 7.538655442585644462e-01 3.053396064521845532e-01 4.152028739855295192e-01 3.543236299100457343e-01 2.997560609676928611e-01 3.361010362963992026e-01 2.975395760052177430e-01 2.698577030512733788e-01
8.501000000000000000e+03 4.415313583800084540e-01 4.146951639388827826e-01 3.697066661233533447e-01 6.161132355312138875e-01 5.804411816357017972e-01 6.045420912569064997e-01 4.491618837503715267e-01 5.019768166390810027e-01 3.737262035123951609e-01 3.014306667801077144e-01 3.181451695430501103e-01 5.578957170665603815e-01 4.651607708057527435e-01 3.091322330821388298e-01 4.913387621358458190e-01 4.423600569511636493e-01 2.422721695886515536e-01 3.889546366519396892e-01 1.959788516703039329e-01 1.447459613986340765e-01
8.664000000000000000e+03 3.004801443905070202e-01 3.584252064491043055e-01 6.749414394184857224e-01 6.866085913774524485e-01 6.381066094672437350e-01 6.107644592265941696e-01 4.827235864737042803e-01 5.004987876651738610e-01 2.768633376686702174e-01 2.319796084739894904e-01 2.698241830494652049e-01 4.638208457856370370e-01 5.140527545503510432e-01 4.047235258685017434e-01 3.582032818677249320e-01 4.514980693258053845e-01 3.120446557408956267e-01 2.692752823927200834e-01 3.032990398238504248e-01 2.123985492794018826e-01
8.836000000000000000e+03 4.500518807565040413e-01 4.789170583751172217e-01 6.123613105376515264e-01 5.281515030910570729e-01 4.943575551715633232e-01 4.786346888784056564e-01 4.985342913967489298e-01 4.239125889492848520e-01 3.850979269558076901e-01 2.917233965006257312e-01 4.021106518412606023e-01 3.499116963780098954e-01 3.652496557640136365e-01 4.029307020465364153e-01 1.992752746360949567e-01 5.518773686298205083e-01 3.923856729578754643e-01 3.340903163351061633e-01 2.681557803177129218e-01 2.377071762331620652e-01
8.837000000000000000e+03 4.703027675793420848e-01 4.785798767936558784e-01 5.600034147090372505e-01 5.283628548928054336e-01 5.159963998456857937e-01 5.476103015419222508e-01 4.114080141120355916e-01 4.644276017024532299e-01 3.194781547796812782e-01 3.319122681160602828e-01 3.727222670983880159e-01 3.272326211770059667e-01 4.275770268063278645e-01 2.145243111193091690e-01 6.064517472750136085e-01 4.340395509070160696e-01 3.655876990386194292e-01 3.276951456757397629e-01 2.533768573706911553e-01 1.857359980155940948e-01
8.838000000000000000e+03 4.778622935635253310e-01 4.490775153580867651e-01 5.720077009919730671e-01 5.618035243676365864e-01 5.974113640075993104e-01 4.696702824753055117e-01 4.675826337545059275e-01 4.129606359311883135e-01 3.721226864193392658e-01 2.656492261834913493e-01 3.354366620543573485e-01 3.733741114275829220e-01 2.160537043606900465e-01 6.193656385179453494e-01 4.526282860161642829e-01 3.837869274970270861e-01 3.402833714495931972e-01 2.980913475236645072e-01 1.803379117139231602e-01 3.259219721620844612e-01
8.845000000000000000e+03 4.351382144012663766e-01 4.738999163821941418e-01 5.184822909511798139e-01 5.317369786920960184e-01 6.144495883660520130e-01 5.298758447405558236e-01 4.313143466889806654e-01 4.366763506469755196e-01 3.909321378126429658e-01 2.869171508836638185e-01 3.170303008180628268e-01 2.205726010561078476e-01 4.452186949082420631e-01 4.212162123954911741e-01 4.057755288528593351e-01 3.204741125863154183e-01 4.557530047204043089e-01 2.437287105354030148e-01 4.047497078439562523e-01 2.806761300869298759e-01
8.846000000000000000e+03 4.678850801013810790e-01 4.126762485945155712e-01 5.668846662157362992e-01 6.522854217955740275e-01 5.710373053860607895e-01 4.817889569973798913e-01 4.286723665494414637e-01 4.727017090381549491e-01 3.174478253452378551e-01 2.868026653384445623e-01 2.501658586466868339e-01 3.937194592437612828e-01 4.252869259810032609e-01 4.155072076397654524e-01 3.350409884516342141e-01 4.796542386031943939e-01 2.537804205732689944e-01 4.309656382026690880e-01 2.827564796937264702e-01 2.606357928477125996e-01
9.130000000000000000e+03 4.126971632775317533e-01 4.393410637362184512e-01 5.580781328828080534e-01 5.244196102670418691e-01 5.444140186747238319e-01 6.243503092839430835e-01 5.037737595453598560e-01 3.985991335730716956e-01 3.276267353714984454e-01 3.398441462458879347e-01 2.623449178468196252e-01 1.816656140782035855e-01 2.871100676122391171e-01 4.538262867682085200e-01 3.386608023634374298e-01 4.074804483359854568e-01 3.472379398045252197e-01 3.891654724582994107e-01 4.056731737464572274e-01 4.137473579948461322e-01
9.131000000000000000e+03 4.297404932604889094e-01 4.343910257296953459e-01 5.497607863265701056e-01 5.722279759879069783e-01 6.569075073902272965e-01 5.466464759946549901e-01 3.771729064506724738e-01 4.049671221103812169e-01 3.636896766200655717e-01 3.341301725753476060e-01 2.157746831372553686e-01 2.180946350906392550e-01 4.520223957866948972e-01 3.420933258301553370e-01 4.202900196630924290e-01 3.605584300658519203e-01 3.996963019863242761e-01 4.259439496584099261e-01 4.183676459463850916e-01 2.495594911842544394e-01
9.147000000000000000e+03 4.110730973033351332e-01 3.557027836550604727e-01 6.667011048068680612e-01 6.587890664423966536e-01 6.452289186464418291e-01 6.177003435812526977e-01 5.281437461707055858e-01 4.310902226674208637e-01 2.385476860233675667e-01 1.758628971383491280e-01 4.334321430710014189e-01 2.252563428383584365e-01 2.924886658751411628e-01 3.795912384683660656e-01 5.983271690445519653e-01 3.393489133439688832e-01 3.719620339916752116e-01 3.513498014463547481e-01 2.228051093705457897e-01 2.759017082555385580e-01
9.158000000000000000e+03 5.058350621186665785e-01 3.282205018426144760e-01 4.425079812321946471e-01 6.609472629934223242e-01 5.331496694917752244e-01 4.323244446890914805e-01 4.567820044074088481e-01 5.234823484740335209e-01 3.988312991448338951e-01 3.610711086409709170e-01 2.502679534711680365e-01 3.293356168992193633e-01 3.377487796014482790e-01 5.218406880107068213e-01 4.345074170223821031e-01 3.299096010324352735e-01 4.647629635474698762e-01 3.437742606792318911e-01 2.812803678088645065e-01 2.274360434328553671e-01
9.469000000000000000e+03 4.709815460624045547e-01 5.297066204523858124e-01 6.230987046476090807e-01 5.536239474998992938e-01 5.186966513521964472e-01 4.515946188686313367e-01 4.393244741229869188e-01 4.451807638916582821e-01 3.196401987238685627e-01 2.700566854077653955e-01 4.296514468038430956e-01 5.336716993086392247e-01 2.947106368195193116e-01 3.224487344973807623e-01 5.311715294519675501e-01 3.221771691565940565e-01 3.901419803897064331e-01 3.492565116737904041e-01 1.774317031027781155e-01 1.796983225869591971e-01
9.473000000000000000e+03 4.771730934451944850e-01 4.642408184543201921e-01 6.288056494262052043e-01 5.918398866671215064e-01 5.089086466007503029e-01 4.473001781628440088e-01 4.656969654778234657e-01 4.620358674004804156e-01 3.330490527397749756e-01 2.599032496883027510e-01 5.013180818667133387e-01 3.045452001011458298e-01 4.626158516282877220e-01 4.270618127169407696e-01 2.778513872284999464e-01 2.629597480630179729e-01 4.198520549553237391e-01 3.248972847940411190e-01 2.776549066371312158e-01 2.454763103280624692e-01
9.474000000000000000e+03 4.631050841015252328e-01 4.973653390845833577e-01 6.336384584262175768e-01 5.522709966989477470e-01 4.935460462779725499e-01 5.230534974299489992e-01 4.626173929945639474e-01 4.236182863204391302e-01 2.948584392190909953e-01 2.936924333551788058e-01 3.459949127230933508e-01 4.566969606042624030e-01 4.691312930239181500e-01 3.096260181665084210e-01 2.991488147653487695e-01 4.807415599956235686e-01 3.680648029844663660e-01 3.482652898815331022e-01 2.745143856253585701e-01 1.784689008200610050e-01
9.475000000000000000e+03 4.925114703016197359e-01 4.998527724625308477e-01 5.922956615308403450e-01 5.354308519595941673e-01 5.687751811653968259e-01 5.185122783773640220e-01 4.186397507765489134e-01 3.865736613041906855e-01 3.287858781242643524e-01 2.864237938759259250e-01 4.557844533721195912e-01 4.368277098630842792e-01 3.232239689703779173e-01 3.167020512613655248e-01 5.196455279341838374e-01 4.004993137061724218e-01 3.748562287996050624e-01 3.280642946282719130e-01 1.821722439276766692e-01 1.810388276580048028e-01
9.712000000000000000e+03 4.821956801994298769e-01 4.685540847285979416e-01 6.376606607135383298e-01 5.585363991234892911e-01 6.399164701681896439e-01 4.744579594648655751e-01 3.714103948033660729e-01 3.841643852736579268e-01 3.326946336465934073e-01 2.961721312288190799e-01 3.265310537208987451e-01 3.059223119383927547e-01 4.381298184402059870e-01 3.510287065294861453e-01 3.781128782521335774e-01 3.565017652499152812e-01 3.526207572626447462e-01 3.455484208994266671e-01 4.128304518153951830e-01 2.504870804919408500e-01
9.725000000000000000e+03 3.705538549403845083e-01 3.590075363743825410e-01 4.269602132359412439e-01 5.528374551041714824e-01 5.996079914391767574e-01 6.279967477250941732e-01 5.551497152128072043e-01 5.212447792120160628e-01 3.675138200433659685e-01 3.173471445145531478e-01 4.809515030314423512e-01 2.613221231543421674e-01 2.409526101868381120e-01 2.537684552104830238e-01 4.182263688926411982e-01 5.228303761705637154e-01 3.786483583917038542e-01 3.325780255851889522e-01 2.253861126915588375e-01 3.574242995202404072e-01
9.950000000000000000e+03 3.508040776965234420e-01 3.712800238485709503e-01 5.048900450154226727e-01 6.068398479150085567e-01 6.024292803774607963e-01 5.269416370492993051e-01 4.513894660918064683e-01 5.115915943575676250e-01 4.150458714552398565e-01 3.607496436644211935e-01 4.918432918938993037e-01 3.001692950341745547e-01 3.226457585080586554e-01 2.651003602906629175e-01 3.689226567865965256e-01 4.709413668599044533e-01 3.344058459004358164e-01 3.592143221572339229e-01 3.157691941368639954e-01 2.595403219491292934e-01
9.951000000000000000e+03 3.598575730977298659e-01 3.874516911658985596e-01 6.214669335242448689e-01 6.191764094196576806e-01 5.471704007334691200e-01 4.817521877431859001e-01 4.916418660702840948e-01 4.771723656782344558e-01 3.750444632557064506e-01 3.430087295094946809e-01 3.306308754013877471e-01 2.788427565478976966e-01 2.814864984895016908e-01 3.971999321680677597e-01 5.177034487972476118e-01 3.700921759812902390e-01 3.932150860643043311e-01 3.714901813221246352e-01 2.780915386237269860e-01 2.807655378334977803e-01
9.953000000000000000e+03 4.587676197220751373e-01 4.883847301664949736e-01 5.878003961826923085e-01 5.275739615272585503e-01 5.529559060418910432e-01 4.935001945188496886e-01 4.212452585824155715e-01 4.307775269785935612e-01 3.822613768907328069e-01 2.925771281132877877e-01 2.328551858068709235e-01 3.215668092914459875e-01 5.054082371049740674e-01 3.741062927556126905e-01 4.085866475482724525e-01 3.843846687905146942e-01 3.150071594464608493e-01 3.064729917335615728e-01 4.276460979486943481e-01 2.630335118928727733e-01
9.958000000000000000e+03 4.601937619173985250e-01 4.490684737486227984e-01 5.694450340008030409e-01 5.733733395384457143e-01 4.722805024783911509e-01 5.332400514999621199e-01 4.759186228721721812e-01 4.577430668121163504e-01 3.634789352385352501e-01 2.894391148200659569e-01 3.141362125868613075e-01 2.463133191564311764e-01 3.132639252078807668e-01 4.565993835496928721e-01 3.045177331951693378e-01 4.885881800832315713e-01 4.913167400049593958e-01 4.169122023468015970e-01 1.283777222250444550e-01 3.155812277562223822e-01
9.959000000000000000e+03 4.526072809016069010e-01 4.578960754006768386e-01 6.201179372790862621e-01 5.205115117244690781e-01 5.855252374471276999e-01 5.385449546181252378e-01 4.627132142537697668e-01 4.565523111560046976e-01 3.302985974132223723e-01 2.313975947120189003e-01 2.669382778427695779e-01 2.456227945608209784e-01 4.541813917742502094e-01 3.071919430336726986e-01 5.033156106349316872e-01 5.094203493841650277e-01 4.276226665813768757e-01 1.869776704996017891e-01 3.140829897532796955e-01 3.059958485423479591e-01
9.960000000000000000e+03 4.538480826052291861e-01 4.872799801039023326e-01 5.564922918905098603e-01 6.241462409352266372e-01 5.807279189139196163e-01 5.149394128995246067e-01 4.516151989154207347e-01 4.166139398566299223e-01 2.604489188398552701e-01 3.022506055123227453e-01 2.655497096517342448e-01 3.946204691558339861e-01 3.046098503150156955e-01 5.061644848503868976e-01 5.231353616628682257e-01 4.420073589893186439e-01 1.912006753258380654e-01 3.455450412618992218e-01 3.027288928531925438e-01 2.687696895759775773e-01
1.024200000000000000e+04 5.106110571824949984e-01 4.618758370434065674e-01 6.196220820711403343e-01 5.872209229524343321e-01 4.220306052432236665e-01 4.781942988014113438e-01 4.462005747259424893e-01 4.598575600175836553e-01 3.799162363550273036e-01 2.555465114009723981e-01 3.044615662981188242e-01 4.147498428501611989e-01 3.601691998720404353e-01 2.945744289585517928e-01 2.838918963461762868e-01 5.019233334327105611e-01 3.248510266990990436e-01 4.078738620682812455e-01 2.782276111011819375e-01 3.377058624648385798e-01
1.024300000000000000e+04 4.669111007124934210e-01 4.972126573046409259e-01 6.379538718145019160e-01 4.737997537956998295e-01 5.336386099126337879e-01 5.117827256794340585e-01 4.687255665075535371e-01 4.752836451937405005e-01 2.984782028792906661e-01 2.669294503566967958e-01 3.730375287610014912e-01 2.688587880346624548e-01 2.725286450671904337e-01 2.663465620551662139e-01 4.810238752299246801e-01 3.133583288435934922e-01 3.891780855189695965e-01 2.937484509852947845e-01 3.076677021134864298e-01 5.211381553450810111e-01
1.024400000000000000e+04 4.950126075282348936e-01 5.058756047658502508e-01 5.170562933735928235e-01 5.796539247115458648e-01 5.612838433854360209e-01 5.286506880819510368e-01 4.797428010994065350e-01 3.933516306559048936e-01 3.044992485290403672e-01 2.603101559517052022e-01 2.734900449958018176e-01 1.904484746791135497e-01 2.543285676015139551e-01 4.659013156253343779e-01 3.098267109631199778e-01 3.874410658434336296e-01 2.892551620105482391e-01 3.274858936981655533e-01 5.063140977712521362e-01 4.912418502504506956e-01
1.024500000000000000e+04 5.051546630948636762e-01 4.203110134551684141e-01 6.271943496183777222e-01 6.107227729450119824e-01 5.816100585731686090e-01 5.431925944368446446e-01 3.919346613198922968e-01 4.018241678861720900e-01 3.006060381994858366e-01 2.710519977672696257e-01 2.218499111371947663e-01 1.819035586374071478e-01 4.621310214383880233e-01 3.116674127614789125e-01 3.979591016855313912e-01 2.991351849112303674e-01 3.349637142222961494e-01 5.104666866376350587e-01 4.978356611791875941e-01 2.742588775075319729e-01
1.025200000000000000e+04 4.555622915002756068e-01 4.486510616962020026e-01 5.682846851762038964e-01 5.409951317380012892e-01 4.568257551932150551e-01 5.215077300990661469e-01 4.642310378915688873e-01 4.932334314223338345e-01 3.736115811645032148e-01 3.144285118553184488e-01 3.164430976846021593e-01 3.039494455962008512e-01 2.250570353521230416e-01 3.617047753264353571e-01 4.002423454562367144e-01 4.153159803147880580e-01 4.849079233417279422e-01 4.093820194448714034e-01 2.467574768993520684e-01 3.172744395823132724e-01
1.034900000000000000e+04 4.596211385653776182e-01 4.224794606586629309e-01 5.460328413699373495e-01 4.990642759337246548e-01 4.670733466168757175e-01 6.036232167999581177e-01 5.452565398179370915e-01 4.712915971319326380e-01 3.700263154245519992e-01 2.654585239329995683e-01 2.425617506207245200e-01 5.484892266621855805e-01 4.624189982887808581e-01 4.013757631773991474e-01 2.755870788104916036e-01 3.813693242444050613e-01 3.281132010239364294e-01 3.636053757109285467e-01 2.632800411558526288e-01 2.847739696178859803e-01
1.035000000000000000e+04 4.234922445492568799e-01 4.356725958153835898e-01 5.379848848897814673e-01 5.082082718445111169e-01 6.496515452438939020e-01 6.027653376298864885e-01 4.709561035820492569e-01 4.565770078136306420e-01 2.987973935461039066e-01 2.867538343804608147e-01 5.037720837760913950e-01 4.013799519669910554e-01 3.963695180607766377e-01 2.759904144922541436e-01 3.899874379478187048e-01 3.377989693003664029e-01 3.702591260559091602e-01 3.007676460012098651e-01 2.788871797166142530e-01 2.577137141729984315e-01
1.036000000000000000e+04 4.588900741904916591e-01 4.552306146406073784e-01 5.897885085114485948e-01 5.557108629381259934e-01 5.254738610756509720e-01 4.922666441784724345e-01 5.041854416968438724e-01 4.252707250805248251e-01 3.236197553371647495e-01 3.166006427055105821e-01 3.564331197397450635e-01 2.976574875693612787e-01 4.340221347234916038e-01 3.219742423324658542e-01 3.606019380311533129e-01 3.300067856905234409e-01 3.216416015990402610e-01 3.266170120077573902e-01 2.776361505671652852e-01 4.768381542113583893e-01
1.036100000000000000e+04 4.521170345917107647e-01 4.659956620270699346e-01 5.930744975841484301e-01 5.648530921529281157e-01 5.349793693592270749e-01 5.585647804437076092e-01 4.179172727296326384e-01 4.112600655288957685e-01 3.502027528282727342e-01 3.020668449091308827e-01 3.131880693965441442e-01 3.827187497983705056e-01 3.258874610835604813e-01 3.701439723693877859e-01 3.458468441507371316e-01 3.393866405710588841e-01 3.408825911769567396e-01 3.208224144270059863e-01 4.943017923183894990e-01 2.930815541913122102e-01
1.052600000000000000e+04 5.535853616684648371e-01 4.582185691428787289e-01 5.922344667425475384e-01 4.948705055007458498e-01 4.831682593751346899e-01 4.599165371678897163e-01 4.079465891741916317e-01 4.908640870547210655e-01 3.635250214962280624e-01 2.904208516739468227e-01 3.441655533822257640e-01 4.680123479184744584e-01 4.845230630352909684e-01 5.028573429850506926e-01 3.241238999704992296e-01 3.725056611709847143e-01 2.596489247331775774e-01 3.387325438660692689e-01 2.850690922868461818e-01 1.755293582865988244e-01
1.052800000000000000e+04 4.695311339413124618e-01 4.301843519896726420e-01 5.682761432052659822e-01 5.503299987885310607e-01 5.108525286311074165e-01 5.534124161713228629e-01 4.523669301076195803e-01 4.182072502768519606e-01 3.722101504277208761e-01 3.226275322912301458e-01 4.668743889378803025e-01 5.164890742547081359e-01 3.687007743339774657e-01 4.387260882854858712e-01 3.144226049019678837e-01 4.083580504609801154e-01 3.740201273008036398e-01 2.489568774671761797e-01 1.744955930777898068e-01 2.279733214845464095e-01
1.052900000000000000e+04 4.328667710574810590e-01 4.543838550073308613e-01 5.931976241890511981e-01 5.556610945720478201e-01 6.023110350926504930e-01 5.107791885514690877e-01 4.153505150035103899e-01 4.616094597083543194e-01 3.615508183328677849e-01 2.723409944854361942e-01 5.108285435459241075e-01 3.284845206527520212e-01 4.625796367926187092e-01 3.362515075387669805e-01 4.458711774742603606e-01 4.111032948425565881e-01 2.707374492523743070e-01 2.402775362118105551e-01 2.403032096675352669e-01 2.760181337159779424e-01
1.053200000000000000e+04 4.748780036131210469e-01 5.435373492298823939e-01 6.470696536157823919e-01 5.650558704384586184e-01 5.702407350107620010e-01 5.103058881091856458e-01 3.973169380533635442e-01 3.556835411516111600e-01 2.853579881071696689e-01 2.822619342587384117e-01 2.962106846703749796e-01 4.087036357197372793e-01 4.425291332139112965e-01 3.038174787940630672e-01 2.741851733338726560e-01 3.137540565906202228e-01 3.319407605989354582e-01 4.764176191328172716e-01 4.185008483354206721e-01 2.497204769360566734e-01
1.053700000000000000e+04 5.292120810655442931e-01 4.934336678000144083e-01 5.677593938099210202e-01 5.534579850529665057e-01 5.456259437149062475e-01 4.666059669867351212e-01 4.260300498515910417e-01 3.997122108996720158e-01 3.504884852096157855e-01 2.776246382148348513e-01 2.822391356528567430e-01 2.999843684277144207e-01 5.360628849710193933e-01 4.936666865907606283e-01 3.217019619797348851e-01 2.513610881490339066e-01 3.113605245453323067e-01 3.194619999531188581e-01 4.044074854427286425e-01 3.162064801840416273e-01
1.053900000000000000e+04 4.604523207817218244e-01 4.811018360022123463e-01 6.425122215178141749e-01 5.678990430854129468e-01 5.403552710450519880e-01 4.601043926525613670e-01 4.491123614648553364e-01 4.149804058223338088e-01 3.571667499544229907e-01 2.715803765661360392e-01 4.715314696596081268e-01 4.536504859985396321e-01 3.339994938083446496e-01 2.701784427495083629e-01 3.440798409562134119e-01 3.515651730747813564e-01 4.502298009814251212e-01 3.592169313884457926e-01 2.574600112317558254e-01 2.135920776259210285e-01
1.086400000000000000e+04 5.543308192078458818e-01 4.784139368444005336e-01 6.094477108091382878e-01 5.655793320506172783e-01 4.412268139604170747e-01 5.275115664255491943e-01 4.637441261383358215e-01 4.504410502931643356e-01 3.326451263292146132e-01 1.842657649689393717e-01 4.294684177805730418e-01 5.584601491032373799e-01 4.498692345039553842e-01 3.019468935578188407e-01 3.308417194895107438e-01 4.231491477596381334e-01 4.007505075024181407e-01 2.782915383670936937e-01 1.959248950843368309e-01 1.743659079708373694e-01
1.087500000000000000e+04 4.777596153255074807e-01 5.030926364303834886e-01 6.467056522274144958e-01 5.121602053191457449e-01 4.194116517769771457e-01 5.030483599274164774e-01 4.550749239296196791e-01 4.353500021835976508e-01 3.389138700170092333e-01 3.277917646103181704e-01 2.725603598895265933e-01 2.304781782179510796e-01 4.440084561467450008e-01 3.855303053259917512e-01 3.509643160585813049e-01 4.638867290756228945e-01 4.239245193252899058e-01 2.749788502486612551e-01 3.742066471147173501e-01 2.905133897434671320e-01
1.087600000000000000e+04 5.034927773419091146e-01 5.156196117444654670e-01 5.603974769593009775e-01 4.694013842768368638e-01 5.570220563854146878e-01 5.191543063362573651e-01 4.398199493201487287e-01 4.352649564334731824e-01 3.721631787805521063e-01 2.380863628785589436e-01 2.525517356903229094e-01 3.819599893550733594e-01 3.808063101512483284e-01 3.515707102645893589e-01 4.745176760681376615e-01 4.364927429372978951e-01 2.800805564700996064e-01 3.955385009374831617e-01 2.849844590092843744e-01 2.869585031496022509e-01
1.100900000000000000e+04 4.539988348343025337e-01 4.835841845909842340e-01 6.090213150168490852e-01 5.001131280614962149e-01 6.056413990266000802e-01 5.134112774032421056e-01 4.191870936083412214e-01 4.454851609518856725e-01 3.268560140191568153e-01 2.857934363539362255e-01 2.932734789784116614e-01 2.313887591997987325e-01 4.487450149726762705e-01 3.237052819402630455e-01 5.304839095204512134e-01 5.552772455965055975e-01 2.894217682909021594e-01 3.032914452938089700e-01 2.904473203912459889e-01 2.503558156680690816e-01
1.101000000000000000e+04 4.768850443112773174e-01 4.786695892574466815e-01 5.351715981155419355e-01 6.436262535472202506e-01 5.545785255999861052e-01 4.695266336525151796e-01 4.386307576518259088e-01 4.127503938376277937e-01 3.164535584444335137e-01 3.098832608809857225e-01 2.544158833162028510e-01 3.891300050201501604e-01 3.211843612021698657e-01 5.338217421368991467e-01 5.705995570963430241e-01 2.993946677257201539e-01 3.103103046224899852e-01 3.254914313566675266e-01 2.443943054572005891e-01 2.931653667792557538e-01
1.101200000000000000e+04 4.342554910296241300e-01 5.424241910375645626e-01 6.448697552046828152e-01 5.642125536285670373e-01 5.468203546515580937e-01 4.684242423158938573e-01 4.072774971362804197e-01 4.407926720688171152e-01 2.928765617537509858e-01 2.941882009284073063e-01 2.965527206392540860e-01 5.267192137472977986e-01 6.215635293038968001e-01 3.377590649533963596e-01 3.598753073807674507e-01 3.758887113612627839e-01 3.193414974574715903e-01 3.542751860072111958e-01 2.411056079724896717e-01 1.291468177880745194e-01
1.101300000000000000e+04 5.364546721965061105e-01 5.109245946446777653e-01 6.083288300034672691e-01 5.929285974992907216e-01 5.174465319699181887e-01 4.655646000391100992e-01 4.414825045439808582e-01 3.881147339001160268e-01 3.329318356971019410e-01 2.175137371579953516e-01 4.967502719628131835e-01 5.839398450294059906e-01 3.405475672585226987e-01 3.679795801040971481e-01 3.924392443823826460e-01 3.356674525206816972e-01 3.683224379235691126e-01 2.877590897498709110e-01 1.201288925464978480e-01 2.444094742696127920e-01
1.112100000000000000e+04 4.599826416922476735e-01 4.506060357959530971e-01 5.281602357289553185e-01 5.556736414710257144e-01 4.870108086346869314e-01 5.741570316396288343e-01 4.512375070975508939e-01 4.671830562836979395e-01 3.822134311939461293e-01 2.848382792380841355e-01 3.791129792791625985e-01 3.499394031646393954e-01 2.883443086175547787e-01 3.782999734465206654e-01 4.261834680665990138e-01 4.469744870326529673e-01 4.187388283138407941e-01 3.746320504923316141e-01 2.544610416106066197e-01 1.862090690247595604e-01
1.118200000000000000e+04 4.320622482170949352e-01 4.489700276200602747e-01 5.481413523852156633e-01 5.312347359165684457e-01 5.084049425675510880e-01 5.742003758260155744e-01 4.934570328741554324e-01 4.415993151701194663e-01 3.380037516351476756e-01 3.380657795670432564e-01 5.472226231123352713e-01 2.905598156192840675e-01 4.801443652761826497e-01 4.092130945414795273e-01 3.081461510538516246e-01 3.981755663426916891e-01 2.847341319779305158e-01 2.908757467841417976e-01 2.136440261956615017e-01 2.853223766046054100e-01
1.118400000000000000e+04 4.272893480239082220e-01 4.428422585088077623e-01 5.745633923627133655e-01 6.473122955343266760e-01 5.805766970146387651e-01 4.784156503894267942e-01 4.074441497199675633e-01 4.482534923396829796e-01 3.933994313200684378e-01 2.676243722538330649e-01 4.303965208532146702e-01 3.694058073129440345e-01 3.260331757529249530e-01 4.362221750024101175e-01 3.206655709065848181e-01 3.262358807289213458e-01 2.815189789906715201e-01 3.365241325740461198e-01 3.333007282661302750e-01 3.546440802033615225e-01
1.126500000000000000e+04 4.985079279521981155e-01 4.844012723109032414e-01 5.917008402967666170e-01 5.227715315741519042e-01 5.127070644326390259e-01 4.843435488997154814e-01 4.404432927178895674e-01 4.194353870435925113e-01 3.221143280742534420e-01 3.416983769460540388e-01 3.448062146909342540e-01 1.346432124466624414e-01 2.115806818801135025e-01 2.684617941707411748e-01 2.827553668140585508e-01 2.689491588960846724e-01 1.000000000000000000e+00 3.258309131097271716e-01 2.585524578285881003e-01 3.268462830567763211e-01
1.126800000000000000e+04 4.404521680480523727e-01 4.639632518229760416e-01 6.014533148658877115e-01 5.729296102162843018e-01 5.033963541362792560e-01 4.501143799509382259e-01 4.550348451864703603e-01 5.219471060211958724e-01 3.588197281224038138e-01 2.748855239211515089e-01 2.106420003968852706e-01 1.921182347351128028e-01 2.577884140961875237e-01 1.000000000000000000e+00 3.311505835899103967e-01 2.949444863739540956e-01 3.395721675224234182e-01 4.506670715908221436e-01 2.543222634020656514e-01 1.889785345078116852e-01
1.126900000000000000e+04 4.628814454647897647e-01 4.775001873180999556e-01 6.146011062619377574e-01 5.467757795533588761e-01 4.964379402470645575e-01 5.121490762169143007e-01 5.291529967907356857e-01 4.478413234736607351e-01 3.105145306325074461e-01 2.454204433032365906e-01 2.250117525485945125e-01 1.878498562579511699e-01 1.000000000000000000e+00 3.358584262912185925e-01 3.053967290810809532e-01 3.540258028070087937e-01 4.647205046598792966e-01 2.968451879846610852e-01 1.819096691687032696e-01 1.840746092253911781e-01
1.136800000000000000e+04 4.880928330419162520e-01 4.870421540249985637e-01 5.956533962609134036e-01 5.447720201747194846e-01 4.701561678165966374e-01 4.556034303137209696e-01 4.299394394084846693e-01 4.731282215011952674e-01 4.034280731441347578e-01 2.695471074462231775e-01 5.285896688263497234e-01 3.423790850566887367e-01 3.872628826285311465e-01 3.812689267184748987e-01 2.285999813800141944e-01 2.051468280592858573e-01 3.594347856710902733e-01 4.277304799445332262e-01 2.227811339474642105e-01 4.007216090230638628e-01
1.136900000000000000e+04 4.903054789296053539e-01 4.801298415839374001e-01 5.955970993852112150e-01 5.226790797448624959e-01 5.112682752598549651e-01 4.955605988484019231e-01 4.839290499095278975e-01 4.977787978045419282e-01 3.135242908587064226e-01 2.336570097822289471e-01 3.572721973824458663e-01 3.413922707314152594e-01 3.945911767182577745e-01 2.399634054261404192e-01 2.198083190081181748e-01 3.877865375367069989e-01 4.564371388912319416e-01 2.790042328802406768e-01 4.238637298866292924e-01 4.005175054791084710e-01
1.137000000000000000e+04 4.836271280725157329e-01 4.797143856083274094e-01 5.727802236172475636e-01 5.635076851324394287e-01 5.511901118353549345e-01 5.505201814369840019e-01 5.108061001390270528e-01 4.129432942951977159e-01 2.756398677267920538e-01 2.405866069121444795e-01 3.575538285393700666e-01 3.508866024568265130e-01 2.491616727430703282e-01 2.314517257613697976e-01 4.168665049647956589e-01 4.938873544120331860e-01 2.986969380030151666e-01 4.602431376877197389e-01 4.252190783761866100e-01 2.110881747018824584e-01
1.158100000000000000e+04 4.938924206869844125e-01 4.939862351924839134e-01 6.350052725337289594e-01 5.656710591271908450e-01 4.559260220017628540e-01 4.304731955527711929e-01 4.512048796555674923e-01 4.625546031351424059e-01 3.505276110161510972e-01 2.780632577178492326e-01 5.144739761217265173e-01 4.275165434540208476e-01 3.653867087604621422e-01 4.406991713422100942e-01 2.423265235842400611e-01 3.828892733356545341e-01 3.693305565200845630e-01 3.364755411641159322e-01 1.789140824652582507e-01 2.530579435480110329e-01
1.168000000000000000e+04 4.885836807171233809e-01 5.182045303631358513e-01 5.778283507312792500e-01 5.155042056069816248e-01 4.794578334946340559e-01 4.857328376193201791e-01 4.361614715565378386e-01 4.722080674778785792e-01 3.468657411510516764e-01 2.871441303701450787e-01 5.092939111640656380e-01 5.343456122978349487e-01 4.840837169875549795e-01 2.495257751571584304e-01 1.566563061199416074e-01 2.302107621295603201e-01 4.391601971125873027e-01 4.059178882597970772e-01 2.994418666642605920e-01 2.069476462687968865e-01
1.168100000000000000e+04 5.154503621144246317e-01 4.634405356553419342e-01 5.609454512140475968e-01 5.269710768552736679e-01 5.367096450575898903e-01 4.969639571737389239e-01 4.780430701320853015e-01 4.403054456015679241e-01 3.272101601990622388e-01 2.744438782427943702e-01 5.704291647238598495e-01 5.055489834023894069e-01 2.855746507737844664e-01 1.819333407960149196e-01 2.727456391892891241e-01 5.235571619551506739e-01 4.787417729764890661e-01 3.841732896553858301e-01 2.428159353232635098e-01 4.980425089557843910e-02
1.168200000000000000e+04 4.654431207211908172e-01 4.513471524851593308e-01 5.727813046316055923e-01 5.847883449890458607e-01 5.483306290754644818e-01 5.402369566862239569e-01 4.428802724530974677e-01 4.220819768817851148e-01 3.142112848750079346e-01 3.074422391963764767e-01 5.337227899943786102e-01 2.551874653566560958e-01 2.043190389462502532e-01 3.104571079289596969e-01 6.082838463350840330e-01 5.598195555063452122e-01 4.444681274055173326e-01 3.219562633497605741e-01 4.949692859595396927e-02 1.853821406321867205e-01
1.173800000000000000e+04 3.731416908803487642e-01 3.984907151001130798e-01 4.907875399907988823e-01 5.466506592914607277e-01 6.269128504984748940e-01 5.382210546239328819e-01 5.383597736582519389e-01 5.150788376657576828e-01 3.698142403626841768e-01 2.923139567550991358e-01 1.839689373271999606e-01 2.205435192225613794e-01 6.325096914761614286e-01 5.925458388891216011e-01 4.481814373546700869e-01 2.991695418002197071e-01 2.055701487690396179e-01 3.575798910786069928e-01 3.123495753695214594e-01 2.956764318563453453e-01
1.173900000000000000e+04 3.997037140117707388e-01 3.935075088241320462e-01 5.832760073263795197e-01 6.661485638894456551e-01 5.808058212351018268e-01 5.930113939317260829e-01 5.169491493024275242e-01 4.540406834394365432e-01 3.242967341213777721e-01 1.953664585380461005e-01 2.400637556002662432e-01 5.692494590605999827e-01 5.742356036276041742e-01 4.404857891633678357e-01 3.001594732703378732e-01 2.077198232811229561e-01 3.573172630151027485e-01 3.362442577674156219e-01 2.832145724275131893e-01 2.612285851691861227e-01
1.195400000000000000e+04 4.634189549017396770e-01 4.505633919818931576e-01 6.317024481359122534e-01 6.071218362056467477e-01 5.789722364440036406e-01 4.777048443898856966e-01 4.084868336910441600e-01 4.257013946730517362e-01 3.292296290775079681e-01 2.824670187058188620e-01 3.256064322252298360e-01 2.419134966460147196e-01 4.049233976845599825e-01 6.171964644724409199e-01 4.726343754899555161e-01 3.775623969928554868e-01 2.168659219852142328e-01 2.517270251714250340e-01 2.381074246585876963e-01 3.867135962210333511e-01
1.195600000000000000e+04 4.974738785396491947e-01 5.143825917364408529e-01 6.679169253141248319e-01 5.708462131984425314e-01 5.138299838764135430e-01 4.815323743737891515e-01 4.189745898238942390e-01 4.125238965989800888e-01 2.913294785200697956e-01 2.563531919699440498e-01 3.677262756334754856e-01 6.112916550891105416e-01 5.065151903211088102e-01 4.190233575003901589e-01 2.474540880337647852e-01 2.860586688547697154e-01 3.082228204863257104e-01 4.391393279533934990e-01 2.062798953792805423e-01 1.611521168390839809e-01
1.195700000000000000e+04 5.151722967658135532e-01 5.325104685989441311e-01 6.216331502204948123e-01 5.663106526123116158e-01 5.372223194393174195e-01 4.840181916690394215e-01 4.163745910429102470e-01 3.923045156821471369e-01 2.995094288352642686e-01 2.481424670594561122e-01 5.903180394538163345e-01 4.840255521700802532e-01 4.414676297057780197e-01 2.644486380278558979e-01 3.120765677928231674e-01 3.385696882397052909e-01 4.770458099263661378e-01 2.690226207307891970e-01 1.653677232259211094e-01 1.729495951924653330e-01
1.241400000000000000e+04 4.293294958694437446e-01 4.256921550736511572e-01 5.743304587080407808e-01 5.773038536912709073e-01 5.306106218634439875e-01 5.379052777213876313e-01 4.836027584562553328e-01 4.661139258810369501e-01 3.753306173638731869e-01 2.672368907939340898e-01 5.251627182819669226e-01 2.473200580545424354e-01 3.003883936500095775e-01 4.405319007825115873e-01 3.061120577311951529e-01 3.426244471846421336e-01 4.555627232133300786e-01 3.021190513519684262e-01 2.050809775995263984e-01 3.533442918991746562e-01
1.241500000000000000e+04 4.283971048746885169e-01 4.584018573220601800e-01 6.198874494288085790e-01 5.749949492767261194e-01 5.860990803081628231e-01 5.423382589275490551e-01 4.680159001913368755e-01 4.640820753301310719e-01 3.033366856416408464e-01 2.240646744173582228e-01 2.865565656292080599e-01 2.544352887983719058e-01 4.689404173054448899e-01 3.305155775243390215e-01 3.776849819844877443e-01 5.054657777882838321e-01 3.316691751199164484e-01 2.707226343162982829e-01 3.850309744007002211e-01 3.076026900028122069e-01
1.242700000000000000e+04 4.726158382983965400e-01 4.691496874962274855e-01 5.439997118665791387e-01 5.817497300082627998e-01 5.950526476114932350e-01 5.787815859760910842e-01 4.635152143342530229e-01 4.381864549809889597e-01 2.853737366164765255e-01 2.209121432499341620e-01 3.495061566697528765e-01 1.832888065240075304e-01 3.444158037115325199e-01 5.027077403877260320e-01 4.466711883384207882e-01 4.736524797124757047e-01 4.224858915275109261e-01 2.690606353117507288e-01 3.597108064472642752e-01 1.568685454551977110e-01
1.242800000000000000e+04 4.637956117036210468e-01 4.315211763991755323e-01 6.177375154100966936e-01 6.331826768862974797e-01 6.208831073926329713e-01 5.152337221944495171e-01 4.307210851678936470e-01 3.740007913563690445e-01 2.490308147316919740e-01 3.326059065955324634e-01 2.222654783570181258e-01 2.881891249229624474e-01 5.126445720121290961e-01 4.619734162230097474e-01 5.002209461560772619e-01 4.491163927906176023e-01 2.829670035583682353e-01 3.955964621471629306e-01 1.525404629436148685e-01 2.614128565095100165e-01
1.252800000000000000e+04 5.535181662029844407e-01 4.652306935061897297e-01 5.632035208567985896e-01 5.410463374404897996e-01 4.836807383074609445e-01 4.686659843847807982e-01 4.676789078013697809e-01 4.443610485989406556e-01 3.352246636952396774e-01 2.782032125555873314e-01 3.069941965070102641e-01 3.138797486249217394e-01 2.968655385138996294e-01 3.298783117118481156e-01 4.979835097569141888e-01 3.855835360799643174e-01 4.287435335940656955e-01 4.124732446997931845e-01 3.903147359824993279e-01 1.416486962383910198e-01
1.253500000000000000e+04 5.108892740915689235e-01 5.004732788590082748e-01 6.096903669199579268e-01 5.286521717601697645e-01 5.101627072617492820e-01 4.102051244577832878e-01 4.944438282459542866e-01 4.411608246687293566e-01 3.328173639401864059e-01 2.719546395712174047e-01 3.818792808880691059e-01 3.903895763977716094e-01 2.055755476867817677e-01 3.645615586559219912e-01 2.958672733861898441e-01 3.979792325468831660e-01 4.242251240080373575e-01 5.133396924132666017e-01 2.812475101851186210e-01 2.267127314106919256e-01
1.253600000000000000e+04 5.058908768864500693e-01 4.939175313887057550e-01 5.842279239895141751e-01 5.677696801572387209e-01 4.701619857225032839e-01 5.666239714641730929e-01 4.531020885522808461e-01 4.356932594880021381e-01 3.205042567558251676e-01 2.248770949331531654e-01 3.925015803496824107e-01 1.369064841044929648e-01 3.730075301200399540e-01 3.070141159881226156e-01 4.216568080346989600e-01 4.524376039427553953e-01 5.415392147050359650e-01 3.275153160278561626e-01 2.291479770094019264e-01 2.842505993106221318e-01
