1.620000000000000000e+02 4.101119906846784069e-01 4.437830130445118426e-01 5.252384915542661625e-01 4.878119053667755445e-01 4.132702360718775725e-01 5.688764084212049044e-01 5.262639005484727184e-01 5.141886633606085333e-01 3.899714905093897843e-01 3.658280261872112749e-01 4.363960077130829562e-01 1.827638204230732644e-01 4.038010075404565580e-01 2.269421029348328567e-01 3.775836248109995519e-01 4.594094792341070765e-01 4.281763954465127586e-01 2.048802704847987044e-01 4.973005566990756354e-01 2.776205186393775892e-01
1.136000000000000000e+03 4.465974488002978360e-01 4.350670904031770370e-01 6.187577240639812182e-01 6.417116852311582909e-01 3.242590871128935293e-01 5.020810611145212210e-01 4.566723721024076865e-01 4.800962159797408368e-01 4.282793506751918500e-01 3.124363213582330157e-01 3.447186794825999323e-01 3.782640742476756635e-01 3.100418627308949571e-01 3.739489672934300790e-01 4.807442348287363498e-01 3.719542461969445601e-01 3.057077889127755022e-01 2.640881801251965255e-01 3.755352858419264694e-01 3.256319666377449629e-01
1.708000000000000000e+03 4.122677830767453866e-01 4.172105085390330759e-01 5.000698801207006383e-01 4.509031974203559501e-01 5.129016086487091508e-01 3.795209916830388219e-01 4.697204714723663965e-01 5.591279151126512525e-01 5.314182101997271257e-01 4.010375414547376893e-01 3.466841963646692393e-01 2.670723901357220653e-02 0.000000000000000000e+00 6.101130170070144798e-01 4.876977176751246534e-01 4.907585449699543023e-01 4.843098992139711068e-01 3.236581674700938493e-01 2.031721129853454044e-01 4.703106259711565262e-01
1.710000000000000000e+03 3.803030239830302306e-01 3.675747636721028444e-01 5.565888435065521334e-01 4.272497129897238621e-01 5.336742920423300784e-01 5.901866296209016260e-01 5.871926604075543565e-01 4.904418941540986121e-01 4.237153299112171867e-01 3.321684269245041010e-01 0.000000000000000000e+00 5.338243020792204918e-01 4.701849585470419535e-01 4.899987868336458940e-01 4.969996169824822396e-01 3.307376214132540793e-01 2.476006587369204148e-01 4.679316356607237659e-01 2.127195791676409486e-01 3.193080347640933070e-01
1.847000000000000000e+03 3.894031098943853686e-01 3.946835525708465853e-01 5.032841079057217559e-01 4.365051928277852711e-01 4.782519989032381069e-01 5.989099194090092837e-01 5.886569307709224042e-01 4.896874523992514883e-01 4.139322163620381967e-01 3.761590251931497542e-01 2.896575844480175355e-01 1.431432185494468379e-01 5.901331511250909045e-01 4.168720992324622676e-01 4.744180050523456593e-01 5.303078245981553973e-01 2.720513589897914919e-01 9.116662378207422701e-02 4.638225583075163971e-01 2.746774789997054600e-01
2.111000000000000000e+03 3.828644171946827268e-01 4.278559030582116396e-01 4.921107867663679358e-01 3.999460045926154228e-01 4.431581146760965040e-01 5.178750536362768386e-01 5.349918930996586663e-01 5.020409843636646219e-01 4.719650070959822141e-01 4.715572245730093037e-01 3.732282271537496476e-01 2.648850576463031015e-01 4.715775720900447499e-01 3.847284083160943391e-01 4.800830102102555674e-01 4.483638593173308040e-01 3.001026670791287487e-01 1.600063222316554790e-01 3.938661906080722641e-01 2.615804391887971980e-01
2.271000000000000000e+03 3.908795106913382500e-01 3.646678762165992405e-01 5.313712304538604769e-01 4.442616912705786847e-01 3.999094537909421709e-01 4.713036215342986113e-01 4.746363909693147587e-01 6.158046627194150302e-01 5.254980213067803607e-01 4.314609798598861845e-01 4.390495103250538489e-01 4.025554748965355367e-01 3.606736478902224374e-01 2.089663304745668082e-01 4.257198398501194636e-01 4.858250234378344024e-01 4.864080405556991393e-01 4.071091001982832802e-01 2.339224813945584014e-01 4.786844901621264275e-02
2.272000000000000000e+03 3.525630215274349610e-01 4.053378108790772760e-01 4.556922331831093076e-01 4.139557763137705071e-01 4.890995857460206375e-01 5.037714489679238072e-01 6.053962790522128268e-01 5.791071834378198613e-01 4.469492404886955539e-01 4.099673503436950250e-01 4.110047330888045303e-01 3.157110997663306051e-01 2.184164575716841528e-01 4.511308725965194610e-01 5.256829778241653983e-01 5.297285473114192733e-01 4.386184207879754715e-01 2.917551485629988894e-01 3.769573667987101417e-02 2.758939165243548541e-01
2.273000000000000000e+03 3.897162321882240432e-01 3.502626181752263590e-01 4.250358740124948742e-01 5.034108196198158192e-01 5.218028585508234229e-01 6.378122171851704492e-01 5.646096929713377843e-01 5.053815527479355030e-01 4.244759906000413197e-01 3.608524597738100859e-01 3.368795568475257962e-01 1.550151099700600721e-01 4.692164418228806366e-01 5.545045671664192710e-01 5.705855567996128697e-01 4.755344779317742243e-01 3.129466312802788863e-01 1.140624845282283556e-01 2.887072098717333724e-01 2.611905176640800796e-01
2.368000000000000000e+03 3.323092590437987104e-01 3.532494151393922310e-01 4.439934537226384870e-01 4.202209307090594148e-01 4.593989317365059222e-01 5.920457840737110011e-01 6.441968831821693886e-01 5.547759223600979839e-01 4.693706571554260298e-01 4.183298227277951198e-01 3.593017406880104070e-01 2.573589894036031334e-01 4.527773139101604616e-01 3.858358411144580669e-01 5.333077567247463957e-01 4.856401385802832094e-01 3.344936670579999882e-01 2.144116910978775825e-01 2.790980472753662456e-01 2.258844847342380002e-01
2.824000000000000000e+03 4.491451264314341718e-01 4.403514918028716973e-01 5.324825703035482860e-01 4.319453398635928476e-01 4.325552185688369411e-01 5.376109773350414844e-01 5.018889708457872079e-01 5.222612653193412502e-01 4.626644404245887077e-01 3.171961074766683764e-01 2.703946151059660741e-01 4.761190067222429989e-01 3.938240972167799669e-01 4.035062014817779596e-01 3.645964911955641985e-01 2.776876790996420930e-01 2.771902973500398604e-01 4.430215740071362096e-01 3.059914745332399377e-01 3.214562692709799774e-01
3.036000000000000000e+03 3.674081759397703761e-01 3.922962947199599704e-01 4.741486020324363615e-01 3.969150545832473287e-01 5.565435066912352013e-01 5.013255239105043337e-01 5.074698057033671938e-01 4.927248207294220306e-01 5.612903928875996318e-01 4.162873700966241430e-01 3.005086616302571900e-01 2.584186151515528995e-01 2.118680876246712974e-01 2.914310795826488554e-01 2.825378267946530020e-01 6.234806406762660735e-01 5.465386787972530414e-01 2.769381929241401807e-01 4.652222581829514314e-01 2.281004118472865494e-01
3.038000000000000000e+03 3.565288587731953451e-01 3.208875830073646407e-01 5.909497173525850577e-01 5.411591051536470687e-01 5.631046261410423970e-01 5.050051294442748917e-01 6.088449334489387521e-01 4.968859801228920348e-01 3.946382531326619869e-01 3.405684363710315132e-01 1.905162394819482630e-01 2.383600040070556481e-01 2.997225019191924189e-01 6.848752441039445138e-01 6.169934280184906639e-01 3.114240222222229848e-01 5.166451314637939829e-01 2.825263169395708096e-01 1.232673534025565815e-01 2.580299064202979387e-01
3.664000000000000000e+03 3.277336912203958064e-01 3.105433222255859493e-01 4.702075753420009718e-01 4.373329525340649004e-01 4.514424133242831982e-01 5.142792777056478526e-01 5.153806707323099756e-01 6.217094923650796634e-01 5.593600428425952176e-01 4.779975669685524453e-01 2.832558593291207294e-01 3.807964697299566770e-01 3.354825146323626717e-01 2.160199419418175337e-01 5.346369827164501043e-01 3.801799603895432700e-01 4.546422094216588383e-01 5.388771710457601616e-01 2.813410187141556773e-01 9.051894877293246988e-02
3.665000000000000000e+03 2.858990060366521924e-01 3.421286630092319481e-01 4.229146751697788198e-01 4.400908280679950435e-01 5.069441075628183802e-01 5.202258026137540625e-01 5.871491489898496008e-01 5.884979294238937841e-01 4.716125934014125387e-01 5.312243775483743713e-01 3.622090274381020714e-01 2.580660093546067735e-01 2.080910437871418550e-01 5.224119164743241672e-01 3.792749096841263601e-01 4.565938427538977495e-01 5.353486730309001684e-01 3.084546265655844222e-01 7.127337231284770758e-02 3.769998233433462520e-01
3.666000000000000000e+03 3.186473629001190799e-01 3.120118651676717092e-01 4.315069049874218354e-01 5.015554872362986139e-01 5.187145322536942382e-01 5.995121503703775279e-01 5.559427994927543804e-01 5.113365391776849567e-01 5.323491870675274296e-01 4.308523478038404075e-01 2.897997556058298785e-01 1.441963426825199623e-01 5.449847302769653679e-01 4.013071397680558761e-01 4.932933644229731129e-01 5.821091218663521083e-01 3.318579094508649630e-01 1.446835544440344956e-01 4.017530941606042294e-01 1.998099635702996202e-01
4.537000000000000000e+03 1.771264049663127116e-01 2.350692995177451616e-01 6.368783196568792437e-01 6.260942726225647847e-01 5.895013180669480546e-01 5.219800326222134856e-01 5.611217363078077058e-01 5.786225057959308860e-01 4.870789032194224322e-01 3.959710831782486395e-01 5.138533480802902620e-01 3.643013371473060591e-01 2.367468605044458774e-01 4.624166685453386938e-01 4.083123051388889979e-01 2.771930998984598604e-01 4.709103906642271853e-01 3.472126403832933583e-01 2.074044393129318153e-01 2.081342526254826852e-01
4.539000000000000000e+03 4.119719908431218047e-01 4.311162955410949849e-01 5.449596362192198340e-01 4.835373698047376045e-01 5.402740788297589747e-01 5.250710103062656842e-01 4.561060796093236447e-01 4.090780118776561891e-01 4.686168533722011587e-01 3.884825159555711505e-01 2.166608402806639022e-01 4.395424819093602387e-01 4.407877851953286852e-01 3.098578928621531503e-01 5.410682852891388617e-01 3.972975917335184737e-01 2.813585822321293395e-01 2.680743913397592992e-01 3.139658888467081188e-01 3.440960148548390385e-01
4.541000000000000000e+03 3.996004838999586140e-01 3.799600845673720140e-01 5.683970708241697922e-01 5.592272185672799711e-01 5.038501930733322309e-01 4.039245539526996609e-01 5.067046985293673922e-01 4.645275932557302312e-01 4.855045770220764445e-01 4.001605884324136997e-01 3.428055602553161108e-01 2.120650598866725134e-01 4.966447005493265232e-01 3.775817866390092647e-01 2.747961304093866630e-01 2.607843060136270652e-01 3.250750007380026618e-01 3.406921612390466647e-01 4.848047703129764741e-01 3.902714417960602145e-01
4.542000000000000000e+03 3.747880856816748762e-01 4.412599993541367338e-01 5.839951735152921763e-01 5.306132836016483889e-01 4.332163430804107374e-01 5.488016868104419466e-01 4.494722964392507403e-01 5.522885536166050047e-01 4.257163965169331044e-01 3.239026558212432794e-01 2.526215935940810398e-01 4.700486754079348239e-01 3.958278083749547926e-01 2.921809716417921310e-01 2.830687028200752353e-01 3.552744121438696223e-01 3.682851924390335152e-01 5.199523000530955619e-01 4.188665486984557984e-01 1.633106069888330403e-01
4.543000000000000000e+03 4.261282313248166975e-01 4.473676382364578097e-01 5.479460812590268848e-01 4.525448440549675322e-01 5.725552488865599532e-01 4.830377912069049873e-01 5.399458055268460122e-01 4.900369643607128678e-01 3.397215676657858729e-01 3.480905294407531936e-01 4.472924996436359324e-01 3.359950569157418299e-01 2.921443906971299964e-01 2.870284197867230547e-01 3.678215996296579915e-01 3.838647857913921602e-01 5.360435445540456811e-01 4.389724347582264485e-01 1.546211567372363094e-01 2.272284795649897327e-01
4.951000000000000000e+03 4.878324929045433911e-01 5.177914732314694568e-01 5.976138789679377172e-01 3.933100234841414022e-01 3.934584028084812668e-01 4.598627552255512563e-01 4.473048981120260614e-01 4.665219461633960396e-01 4.777777488619610047e-01 3.480950985308086110e-01 2.480584619885066733e-01 4.258242270186156642e-01 3.357711025887368250e-01 3.345588393494423607e-01 2.865721275862554429e-01 5.454836688074132800e-01 3.042386383653457038e-01 4.370444571955828250e-01 3.325688273924219396e-01 2.662782174080974840e-01
4.952000000000000000e+03 5.090439519303608940e-01 4.712710819705444587e-01 4.286412169888244583e-01 4.316086995009960625e-01 5.016434062102206326e-01 4.996013901860390516e-01 4.631480380531315943e-01 5.554106896522230663e-01 3.824975645172651872e-01 3.443197024797575168e-01 4.114378481348203165e-01 2.710970023052846622e-01 3.341230021337142642e-01 2.902430227619542946e-01 5.641860471760763440e-01 3.167706425452532226e-01 4.500568271659684538e-01 3.639755302025021177e-01 2.634479547182350667e-01 2.264402827507238647e-01
5.049000000000000000e+03 2.636047435235985836e-01 2.580677011188036163e-01 5.634952286765432250e-01 5.188498633575073793e-01 5.544146575029222923e-01 5.427736097453749187e-01 6.231467686261448202e-01 6.187267474965110203e-01 4.281227497623871225e-01 3.847478434878288667e-01 2.500959894734867128e-01 3.409826298911585174e-01 4.909550345159844897e-01 5.489602482960362906e-01 3.492547294492840959e-01 3.648627672222619633e-01 3.453830430059671719e-01 3.092130743993449227e-01 2.271667750757530302e-01 3.108592993178255770e-01
5.050000000000000000e+03 2.449391956576779938e-01 4.176015465313816510e-01 5.156541778557698352e-01 5.539641173585002631e-01 5.462388160909844581e-01 6.411424074587289690e-01 5.940389463647844925e-01 4.747278472405997984e-01 3.843633762345298188e-01 3.639841151632298155e-01 3.535365230898808164e-01 4.526541537175239327e-01 5.639789412905941157e-01 3.639256200622773552e-01 3.881786948625115530e-01 3.699364883302248552e-01 3.276106222387885070e-01 2.808721491300006923e-01 3.222014328660132709e-01 1.338075427803937512e-01
5.219000000000000000e+03 4.297501662606658668e-01 4.255517821093137698e-01 4.915125081731201440e-01 4.631869894267520160e-01 4.912821502926654205e-01 5.846088176191950314e-01 5.177799748473173036e-01 4.922407560675996496e-01 3.934330559073329070e-01 3.568568065001687106e-01 2.306455819981882149e-01 1.165676299120086273e-01 3.700099269601307417e-01 3.711032648523115429e-01 4.711131143899853768e-01 3.862223824756783053e-01 4.871829121702088705e-01 2.634521538495237514e-01 4.193448427781772958e-01 3.762680729457065221e-01
5.458000000000000000e+03 4.690213739344892829e-01 4.761652822370973093e-01 5.737748983500824407e-01 4.602445361095967580e-01 4.257116033258399046e-01 5.284683263430952627e-01 4.559744934973998243e-01 4.079442619204668441e-01 4.554350645613092774e-01 3.676998461896830994e-01 4.551932488772355567e-01 1.066590272933274769e-01 2.063997433366345224e-01 3.903863004227689504e-01 4.381816177725038619e-01 4.106160580187392939e-01 4.053124156257540966e-01 1.815042103832722187e-01 4.417673266632782814e-01 4.415388829029607276e-01
5.722000000000000000e+03 4.151020684453645693e-01 3.977718891381997746e-01 6.372233056057963196e-01 5.485692377532692676e-01 2.695941902920036548e-01 5.194741476747437581e-01 4.690025062264461808e-01 5.253807469677159725e-01 4.470239392880201446e-01 4.212284625437701657e-01 1.381618341135149586e-01 2.287031188607247523e-01 3.144703843751943118e-01 3.348917651393121253e-01 5.119019804107313165e-01 8.443446436230785945e-01 2.082715913881693914e-01 3.133078782528028183e-01 3.450638790748210005e-01 2.789729159379980561e-01
6.078000000000000000e+03 2.212071768058430643e-01 4.159676827867712090e-01 5.294804393283707444e-01 5.408340171188196210e-01 6.002693452479208602e-01 4.915010609778341921e-01 4.160115307116288297e-01 5.410167530126426261e-01 5.119949838716761903e-01 4.562330481852672204e-01 3.635311822461702591e-01 3.920306824368369192e-01 4.387504448690209280e-01 4.424287859197456596e-01 3.424538267514224410e-01 3.203438284236817535e-01 3.962848862476302525e-01 3.547025448281567184e-01 2.524402182723580745e-01 2.214675419443149218e-01
6.081000000000000000e+03 3.678511902095363273e-01 4.357088736757101510e-01 4.814639525774173090e-01 4.213483468366813200e-01 5.174219045978555309e-01 5.282030012619699511e-01 4.577309269548929249e-01 4.827979851447261606e-01 5.380640362645192631e-01 4.246045711110262855e-01 4.026306985747729605e-01 3.060065406570849356e-01 3.562842290637454612e-01 4.594622619424472143e-01 4.181485320948091222e-01 3.361253221043398742e-01 2.883813454704913237e-01 2.590413604374485201e-01 3.782590076947424662e-01 3.207867114637822370e-01
6.083000000000000000e+03 3.428068588586893894e-01 3.185178666383602919e-01 5.233278534864801435e-01 5.406235082000764303e-01 4.838755445944597500e-01 4.663406823961735448e-01 5.578990277177423573e-01 4.809247591747874417e-01 5.133268396374208731e-01 4.747223808362708852e-01 2.928024740644423196e-01 3.828382407522493702e-01 4.055435603989787641e-01 3.375291328577541550e-01 2.976773776417476203e-01 2.663274908767800375e-01 3.983309544404932678e-01 3.395806991892866833e-01 3.923548416203169187e-01 4.039500824382460942e-01
6.084000000000000000e+03 3.045819512684145303e-01 3.931932148849417996e-01 5.441591730516579517e-01 4.896753726832800413e-01 4.755262982007648631e-01 5.806810543569149718e-01 4.475943163717805429e-01 5.602187679241221741e-01 4.840176540947072614e-01 4.155297588611575610e-01 3.829303595379461300e-01 3.526600754292881779e-01 3.423189072145823020e-01 3.061735509846588155e-01 2.796480608809526203e-01 4.211068092098617099e-01 3.551249865315199705e-01 4.220156011018138531e-01 4.170515482957922182e-01 2.213137912715822941e-01
6.085000000000000000e+03 3.783363553878804630e-01 4.142656174764466348e-01 5.009718983656805680e-01 4.893869836013918229e-01 5.991210538853369849e-01 4.755379451785903266e-01 5.432877838768171985e-01 5.397881296794098116e-01 4.299018899000272009e-01 3.014483732161061802e-01 3.649985141735836436e-01 2.906383101993367246e-01 3.162142561587525935e-01 2.929040216280855979e-01 4.503342989057864676e-01 3.823176741292564906e-01 4.493748256174953104e-01 4.517671672264934046e-01 2.262135152448726261e-01 2.551223540178720883e-01
6.312000000000000000e+03 4.727038302190352259e-01 4.743702609929508762e-01 5.813748290173581523e-01 4.484331467900647406e-01 4.382673072088648647e-01 4.869945593778201576e-01 4.002831476257219800e-01 5.407722575471771709e-01 4.794337434953779842e-01 2.873709979243085355e-01 3.483215697841513525e-01 3.248562099073097342e-01 3.315290167896495221e-01 3.572291995652050467e-01 3.644653039199268751e-01 4.139799184264845167e-01 3.102570036840060497e-01 4.246154613103522157e-01 3.422229461028950537e-01 2.841612195622536530e-01
6.313000000000000000e+03 4.736734188591342209e-01 4.642645541074206239e-01 4.908434552886307145e-01 4.831736169343769927e-01 5.356027764007453840e-01 4.577598382021338952e-01 5.518452636280160029e-01 5.626503070662809414e-01 3.252453255546717270e-01 2.726901039667567472e-01 3.356485642729368779e-01 2.718067877296956314e-01 3.620361067371729580e-01 3.745982144042083739e-01 4.344537414479663351e-01 3.278087542595087833e-01 4.437132295397864246e-01 3.778083695364954919e-01 2.878912637500953831e-01 2.805577582255225355e-01
6.401000000000000000e+03 4.157479204591891797e-01 4.325172412630392538e-01 5.685866977260447541e-01 4.229194073528180775e-01 3.829301456599532583e-01 5.138659081685239549e-01 5.832579226483030066e-01 5.176976679571416717e-01 4.365378099632837849e-01 3.666835317104658043e-01 3.920142025352769122e-01 2.233123362088081931e-01 4.826377083384168487e-01 2.768246519177778864e-01 3.615536829158789711e-01 4.549190891585988550e-01 4.067653351778698356e-01 2.089518582780593714e-01 3.588487364762429910e-01 3.395032335884924368e-01
6.402000000000000000e+03 4.233526784562820500e-01 4.418793409467866584e-01 4.471802880162056293e-01 4.097930156504701604e-01 5.450093629869775524e-01 6.280205187821189527e-01 5.090788635398202366e-01 5.069336043161976058e-01 3.914537399384276917e-01 3.397543537981244088e-01 2.527673747343290866e-01 4.350896271910614788e-01 2.799509292771916180e-01 3.707938900235400181e-01 4.763902878870480140e-01 4.287757182091472830e-01 2.179166277584014544e-01 3.915132731158066925e-01 3.464434331053833360e-01 3.323055462443582631e-01
6.999000000000000000e+03 4.590375807135873010e-01 4.409564570282131224e-01 4.525426145851472182e-01 5.415290571733499814e-01 4.539431440861614320e-01 3.967184961885293348e-01 6.067382526142622856e-01 5.273900261715580573e-01 4.568309207386689330e-01 2.879325962815267870e-01 4.659696926734622213e-01 2.869963368350239019e-01 2.181036711166786934e-01 2.833442113583072297e-01 3.409400981856567925e-01 2.728747204860422770e-01 4.286933986945072328e-01 3.077137411144684753e-01 9.190790433402097614e-02 7.599188124231334163e-01
7.172000000000000000e+03 2.889611099035457875e-01 2.752897314622392844e-01 6.463358683350357570e-01 5.558226977071892838e-01 4.768821914307586618e-01 5.223623214226673639e-01 6.075276251774730518e-01 5.327130256593940461e-01 4.634494784544669344e-01 3.815551369629764378e-01 2.456203657225730919e-01 1.972346094083639034e-01 9.847226026840530944e-01 2.665511385140709177e-01 3.680966264641548080e-01 3.368488163909139632e-01 4.339549277014555506e-01 3.902313782876066228e-01 2.107204760363030338e-01 9.519288791363081370e-02
8.000000000000000000e+03 4.460694036808043328e-01 4.182542612865615128e-01 6.316522079080998386e-01 4.574214751492757802e-01 3.580331106777851491e-01 3.848143434600112545e-01 4.590603574136383203e-01 5.868224933243738617e-01 5.315023211029771266e-01 3.490011307054500245e-01 3.654510338904510269e-01 3.266290913153157005e-01 3.401933975317864567e-01 3.195748651188378697e-01 2.642705726719034587e-01 3.176434173629494873e-01 5.571328678803615375e-01 3.910255615319132017e-01 2.937542156568939133e-01 3.064916427796545717e-01
8.001000000000000000e+03 4.103158398342866553e-01 4.877585535188199706e-01 4.820134307767465764e-01 3.848160244930066143e-01 4.145837099833853401e-01 5.005839827132830822e-01 5.857860636860481307e-01 5.960293811710536405e-01 3.730681608869379495e-01 3.790168815257687895e-01 3.362796755241216906e-01 2.803483907259873842e-01 3.231064183103825038e-01 2.709684154955923074e-01 3.325214313391288146e-01 5.870832616950075744e-01 4.076427136584486188e-01 3.345555263946613511e-01 3.109417962201863617e-01 3.058158932998542578e-01
8.022000000000000000e+03 5.213198763134242464e-01 4.725172117458038556e-01 5.382852011658130209e-01 4.571203816044253632e-01 3.762782172885812404e-01 4.740930754329774066e-01 3.785660769814763738e-01 4.863267230623334325e-01 5.033778792739802554e-01 3.750198741268351288e-01 3.161397555093571343e-01 1.512269300981876341e-01 4.401463001726952373e-01 4.509477454959738285e-01 3.533604427164735440e-01 3.335588267018005371e-01 2.884774810035800052e-01 4.211483744856860389e-01 3.509603007749854120e-01 3.846008270781100524e-01
8.023000000000000000e+03 4.644231609389841142e-01 4.246882183408596800e-01 4.883187635191243992e-01 4.096851997972674186e-01 5.113773980087245041e-01 4.244246571346131924e-01 4.806287337260102821e-01 5.753632153103107605e-01 4.062341179325847373e-01 4.250788053249670573e-01 1.901971608009008774e-01 3.785472760465761755e-01 4.460736193593443089e-01 3.544906533491792300e-01 3.416477471255262577e-01 2.975126362194855378e-01 4.295733605613296091e-01 3.762424379223783255e-01 3.842928288740380949e-01 3.258190455568761301e-01
8.025000000000000000e+03 3.569660737478430601e-01 3.204464772549912022e-01 5.316766668016942310e-01 4.497156070166131170e-01 5.218899878693756822e-01 5.857357158207798786e-01 4.347549769852163681e-01 4.938245652763629256e-01 5.306456862358299720e-01 4.695898648308431955e-01 3.750021166939455086e-01 2.833933258440414216e-01 3.389488205785743946e-01 3.055947468563175451e-01 4.536432966659014188e-01 3.956410126831660379e-01 4.127330872268943907e-01 3.518965630176613124e-01 3.274095491820752657e-01 2.527449892789850328e-01
8.276000000000000000e+03 4.117560503742311862e-01 3.540668670969662757e-01 5.066317706163517842e-01 4.716613157903602471e-01 4.027014330528048691e-01 4.599462379735464457e-01 4.708964329005185800e-01 5.615145264553259574e-01 5.101084579537529251e-01 4.956927355014499326e-01 3.471954372143807865e-01 2.816780638625193123e-01 3.597133531775384419e-01 3.929340688652253055e-01 2.949780023436468501e-01 4.943854041400684851e-01 3.461661762474340098e-01 3.026390921469011008e-01 3.824605642739702938e-01 3.056000301577966871e-01
8.277000000000000000e+03 3.417100043317309321e-01 3.860995321786079848e-01 4.815831229103964550e-01 4.150455745249870820e-01 4.759122676632988047e-01 4.982386443714149071e-01 5.435474334054757328e-01 5.631847649680018497e-01 5.122253753329808479e-01 4.508153570779326880e-01 3.004593853506394296e-01 3.022380661310695160e-01 3.979731958577069073e-01 3.029964651975571854e-01 5.185493378659112862e-01 3.655040237289149396e-01 3.160846976792270890e-01 4.127992885865098271e-01 3.107002372445503702e-01 2.813669109927636747e-01
8.278000000000000000e+03 3.668083379308064718e-01 3.632923549138930008e-01 4.181883643002377582e-01 4.822654890372229386e-01 5.083298768743998997e-01 5.665404658257066073e-01 5.393305540250765695e-01 5.596947456889999062e-01 4.596769142576322964e-01 4.094643835698129619e-01 3.108176882661357610e-01 3.352475297433612500e-01 3.007899282736239410e-01 5.220740982914777728e-01 3.757147482076619305e-01 3.271270544401754798e-01 4.225503015800848861e-01 3.430330873990023455e-01 2.772286763672411336e-01 2.987518967138733106e-01
8.489000000000000000e+03 3.297268778052824811e-01 3.508642713929248091e-01 4.147129805819271819e-01 4.228896461730293210e-01 4.546477504749342202e-01 6.528685375603152652e-01 5.663709026303528349e-01 5.365167544533722133e-01 4.942742327576913897e-01 4.638191693435970708e-01 2.015515796376187996e-01 4.778257977645023469e-01 3.152837710221186307e-01 2.662339929799363847e-01 3.421832735917919033e-01 7.223400329961783273e-01 2.807167751455971194e-01 3.754251007210295810e-01 2.947142024474464495e-01 2.525985257034215614e-01
8.499000000000000000e+03 4.318944098078805749e-01 4.128934837590243490e-01 5.778656522814549223e-01 5.011263225255000453e-01 3.144897976293360986e-01 5.516561308976684064e-01 5.012765218800925293e-01 5.595170459594718260e-01 3.857118947891479133e-01 4.003671806873659866e-01 3.199420032032209704e-01 3.085026130438959791e-01 3.416104163187653753e-01 5.560249821953888727e-01 4.232894675973135623e-01 2.716502704991375361e-01 4.200680110933074918e-01 3.798045948852883935e-01 1.616533405521660138e-01 3.249714388025987666e-01
8.500000000000000000e+03 4.065758245292754314e-01 4.499299795847644390e-01 5.278486176578847111e-01 3.428025971750855994e-01 5.849859924798344046e-01 5.456327329709472762e-01 5.571778039435792973e-01 4.608025774810875497e-01 4.281801522760399492e-01 3.467203880924938919e-01 3.284992367834008165e-01 2.898277442802673076e-01 5.741272607707386122e-01 4.432970162985467866e-01 2.904498896574871925e-01 4.521581187624628129e-01 4.044139255840218938e-01 2.238400705088254561e-01 3.397472262979537305e-01 1.895729713622146262e-01
8.661000000000000000e+03 3.565131626587239033e-01 3.291130219966376114e-01 3.824926729014523907e-01 3.803491801671548544e-01 4.352936924922098383e-01 6.214825256351000915e-01 6.132586977114836690e-01 5.938991214947464403e-01 5.337702418045223718e-01 4.259620675073355067e-01 1.010801624670208676e-01 2.719078912727284636e-01 4.563257291168641983e-01 3.180660566937548173e-01 5.142572624782173474e-01 4.958447726356577934e-01 3.745245323203893473e-01 3.260114526857232908e-01 4.032623438620284717e-01 2.678670143279679450e-01
9.143000000000000000e+03 3.323305084804584197e-01 3.671148727850670479e-01 5.652164707268092503e-01 5.312287834459796798e-01 4.764793695206058777e-01 3.609652954553337900e-01 5.290696626081927700e-01 5.514715503715527101e-01 4.974028233588849157e-01 4.726250502416821098e-01 2.543728866243084030e-01 3.595492320570465306e-01 6.185562378769708936e-01 5.701063387487113054e-01 4.088913074630022848e-01 2.289865322760007149e-01 2.194785647101870907e-01 2.763370566982175092e-01 4.223032302716790420e-01 2.164217754043637754e-01
9.144000000000000000e+03 3.482848911537003711e-01 4.227913784557716936e-01 5.335434964725097595e-01 4.811141277582607345e-01 3.679548232370459804e-01 5.499902172810117174e-01 5.246885143338622104e-01 5.443065481366220482e-01 4.807802271284500883e-01 4.109060940516574001e-01 3.561380077138842637e-01 5.700232629822948871e-01 5.656212584709101598e-01 4.114307523426741220e-01 2.351806840412779265e-01 2.270660654501506504e-01 2.827196548367222340e-01 4.385437851393965136e-01 2.086504707385980206e-01 2.543176691086996843e-01
9.145000000000000000e+03 4.104130598731846602e-01 4.119960981725243609e-01 4.998231321256477733e-01 3.887675981166123229e-01 5.755282467968795279e-01 5.619686845680720300e-01 5.328042755738194858e-01 5.432075561684300835e-01 4.319585414400742285e-01 2.994608603251863732e-01 5.401895370952102260e-01 5.331832458301620781e-01 4.214683521215826234e-01 2.443490294101259286e-01 2.408203813994857501e-01 3.019686857512013378e-01 4.632192051140715527e-01 2.636521327045343033e-01 2.595410954166270101e-01 2.536093502122772070e-01
9.156000000000000000e+03 4.477493759297108133e-01 5.069189316579537641e-01 6.673551956044813105e-01 3.762729906474349129e-01 3.793998687631836009e-01 5.888818045150661096e-01 4.489937756387324397e-01 4.022340420575966635e-01 3.865849418340197019e-01 4.161710866320116331e-01 1.943849371242911128e-01 4.262554081412794349e-01 2.865161172971154580e-01 3.833227748991592243e-01 3.276878887135564744e-01 4.889013153575839654e-01 3.960691222887056107e-01 3.019551549434387194e-01 4.240513719827952999e-01 3.024244587321532340e-01
9.159000000000000000e+03 3.407901230863397690e-01 3.643559243809185721e-01 7.068759913955633412e-01 5.800927494715922839e-01 4.818289636555940780e-01 5.173002043201692102e-01 5.341347244323206844e-01 4.883377008446633805e-01 4.034777249144917421e-01 3.037345579464612588e-01 3.172607337354176327e-01 2.546909074318079447e-01 4.945519461252506632e-01 4.176116621233557091e-01 3.237038938948259559e-01 4.591358565809440795e-01 3.359286377057290052e-01 3.033562060090492229e-01 2.063425155142180889e-01 3.967454147183024360e-01
9.482000000000000000e+03 4.492525144737187781e-01 4.772309932924828080e-01 5.942289797913469229e-01 4.304893083712884039e-01 3.587268873429629856e-01 3.676360776041665002e-01 4.585096147553225365e-01 5.985995837769763073e-01 4.597365692441963136e-01 4.026197330449595713e-01 2.782797506187125181e-01 1.594506553260611192e-01 2.239270955042735600e-01 4.777380573208815373e-01 4.308402389004052924e-01 3.245036817060454326e-01 3.178150607100272973e-01 4.245249817111972912e-01 3.319403076297879895e-01 5.070442604618768945e-01
9.483000000000000000e+03 4.644830832046598634e-01 4.607277212865164562e-01 4.550948968601545297e-01 3.857552903308147929e-01 3.974594386693541814e-01 5.002587912373416268e-01 5.990844154356413931e-01 5.289328723589524772e-01 4.291415230888933063e-01 3.812367242224322661e-01 1.896004271535382257e-01 1.402647569815755890e-01 4.555859033796757496e-01 4.166829954755098542e-01 3.203951184065739755e-01 3.159552209419224100e-01 4.174508861377224656e-01 3.470265301254266133e-01 4.911966645860398328e-01 4.041803238213365623e-01
9.484000000000000000e+03 4.515618128357865024e-01 3.619455732202529474e-01 4.132451315796743518e-01 4.279117457101510591e-01 5.347770908544099422e-01 6.477676816663064940e-01 5.249447836591800698e-01 5.030617581517267123e-01 4.098772366558813829e-01 3.752740892839384612e-01 1.689951724826722068e-01 3.617367450043575960e-01 3.838783632045174032e-01 2.993071489735220081e-01 3.013531988076704748e-01 4.009278646248645717e-01 3.296595474814143500e-01 4.621245262348237515e-01 3.709500351926913742e-01 4.271422168710714562e-01
9.723000000000000000e+03 3.342387752151141367e-01 3.222148680945002841e-01 5.063077272725965416e-01 4.599089603426506079e-01 4.055008405803686711e-01 5.236881434428507509e-01 5.532804308946960292e-01 6.104143341258460032e-01 5.198466070380686199e-01 4.510223378971542907e-01 2.179156974358554821e-01 2.026365839820491177e-01 5.963505545874540070e-01 3.476467130426436625e-01 2.532262599715775497e-01 2.576082468254379809e-01 4.128337780234511700e-01 5.183149338457585520e-01 3.636195196702560195e-01 3.200232008830954378e-01
9.724000000000000000e+03 3.120113135618463596e-01 3.852633379440623118e-01 4.689105843153074660e-01 4.170386604625892502e-01 5.394977316542758361e-01 5.819378242160714310e-01 5.969663037075139123e-01 5.715994027496550389e-01 4.649620110415911833e-01 3.562976979270427447e-01 2.296998863559272241e-01 5.412369539425121445e-01 3.421264281735230117e-01 2.527149199119959055e-01 2.624541274181927952e-01 4.235189755744654949e-01 5.259699158291979426e-01 3.850820864320496639e-01 3.144281242304839963e-01 2.444261060715232359e-01
9.949000000000000000e+03 3.823149341337972462e-01 3.592382770041679940e-01 4.796788644166936622e-01 4.882702046850907474e-01 5.872058374945712256e-01 5.787163424296587477e-01 4.926059601976213176e-01 4.727395430509058194e-01 4.490371731831350743e-01 3.965585338431283358e-01 4.218366424686780802e-01 4.996086710044171930e-01 3.470132840719557521e-01 3.089259834287178541e-01 2.502762310440891924e-01 3.411620961179548384e-01 4.326427545163055166e-01 3.105218576325340374e-01 3.088640548163327226e-01 2.989515097052450332e-01
1.052700000000000000e+04 4.621571645369327297e-01 4.757507126405300379e-01 5.426276193043013674e-01 5.331893244826061418e-01 5.130699584359710297e-01 4.704339903573998560e-01 5.011443645284785475e-01 4.580938855446322067e-01 3.329162856387429814e-01 3.395394405902549817e-01 4.671020575237178618e-01 4.562595281050718654e-01 5.269632692503896099e-01 3.445192008148370011e-01 4.042550261801935441e-01 2.837504255408479503e-01 3.660683817444100874e-01 3.389440464769182260e-01 1.800005942421962768e-01 1.656626150588105251e-01
1.118100000000000000e+04 4.135645587901525810e-01 4.421361114455814034e-01 5.784864604580053360e-01 5.231675622030185213e-01 5.039609578297813419e-01 4.778006077840575294e-01 5.309604945400870912e-01 5.037405205809211139e-01 3.670109728549860173e-01 3.154965731875938872e-01 3.187861971652632964e-01 5.931114276302645871e-01 3.525451880890067002e-01 4.789206325859181046e-01 4.024584677293827628e-01 2.968498986065252754e-01 3.809810751417375685e-01 2.754063087386569020e-01 2.465691327329182503e-01 2.181667964460166920e-01
1.157600000000000000e+04 3.380188249065528283e-01 3.324300736409795953e-01 4.298048861788137942e-01 4.343505056343854309e-01 4.520781851037760091e-01 6.587549099748758463e-01 5.927757577804848577e-01 5.886407033087278640e-01 4.834424783182180163e-01 3.816939578625292429e-01 4.581944610536761164e-01 2.498210060952138489e-01 4.086033038176330456e-01 5.134939864632124262e-01 4.574783359249547932e-01 4.483886927869334960e-01 3.454755268205370045e-01 2.543779663255930079e-01 2.659933747500102807e-01 1.199468195783176400e-01
1.241300000000000000e+04 4.269440785471605437e-01 4.309877277955324049e-01 5.352496066261802632e-01 5.379973022792997606e-01 5.387223675274576129e-01 4.887970716775821289e-01 4.848944755093351766e-01 4.852116238588314867e-01 3.828779792818812755e-01 3.414788690001097082e-01 3.542094665678992005e-01 5.722350368960267275e-01 3.155538819540689710e-01 3.026523630462304992e-01 4.376512388693618028e-01 2.978861386049406756e-01 3.311321655588471691e-01 4.451417372154346519e-01 2.630858507831501658e-01 2.129296560615747402e-01
