1.372000000000000000e+03 4.976777811761783354e-01 5.232130074720390267e-01 6.894377902432039518e-01 6.286580730950396267e-01 5.123010005100543385e-01 5.548997013506965503e-01 3.823807962481347023e-01 3.766221676036294874e-01 2.770894314481002763e-01 1.955885658705053265e-01 4.544560596597727598e-01 3.337136257604406686e-01 2.555618622161197062e-01 5.101479171196349194e-01 3.806192699885578845e-01 4.023177063964422095e-01 3.312244288831443506e-01 3.191861945298315462e-01 1.347005100353941831e-01 3.788122806543476329e-01
1.381000000000000000e+03 4.896892799762708193e-01 4.956305563039575257e-01 7.276451457623697161e-01 6.568760488365040784e-01 5.778483257783920690e-01 4.344933297870141042e-01 4.101427052541493090e-01 3.836695757527515127e-01 2.309068777383915805e-01 2.422891189143304147e-01 4.360137777967103556e-01 2.726728543730766452e-01 3.539937546069373275e-01 4.330336259556556988e-01 3.643192412189600882e-01 1.959890587521102012e-01 5.554343782067213686e-01 3.126618866261851593e-01 2.207971847255549847e-01 3.425635963367902326e-01
1.703000000000000000e+03 4.266529446459589314e-01 4.099850317151272905e-01 7.111825877403702423e-01 6.231877668120126001e-01 5.159280359107486502e-01 4.703340136909048286e-01 4.254306715429788666e-01 4.126078163446952884e-01 3.133993833152938224e-01 3.709935429288306330e-01 3.771673314921521469e-01 1.460834141610590220e-01 7.042252819468011182e-01 3.256943295609124878e-01 5.247277645322392381e-01 3.978816193228816300e-01 1.019739416859020559e-01 0.000000000000000000e+00 5.585634487847065399e-01 4.284258027312459194e-01
1.704000000000000000e+03 4.084501618030037529e-01 5.518565405233475385e-01 6.578111913118894760e-01 5.519491022548470571e-01 5.095047009822583073e-01 4.744429371424900843e-01 4.006959244134005171e-01 3.988154402995737757e-01 4.038275471673749561e-01 2.862458247668362987e-01 1.832085375175986353e-01 6.474271497447560142e-01 3.171418540567883526e-01 5.182265795543495868e-01 4.012089848234518530e-01 1.035982455369422323e-01 0.000000000000000000e+00 5.451190732832001951e-01 4.221973929668849101e-01 4.357501855240015765e-01
1.872000000000000000e+03 5.447640710288171872e-01 5.396761168683074095e-01 6.157079736134674075e-01 5.175273289664085175e-01 5.128855813466889346e-01 3.762298879801210250e-01 4.157565422578848868e-01 4.415307366806917599e-01 3.170939857887990487e-01 3.004466083050509884e-01 2.410047127969547065e-01 3.493646554697226181e-01 3.465049989839512068e-01 4.952647118286049865e-01 4.707622617896474737e-01 3.787213326488763077e-01 2.045407933278051982e-01 4.089654744319811130e-01 2.584747710434682766e-01 3.736859984974214011e-01
2.085000000000000000e+03 5.193494677840631013e-01 5.139138411032474485e-01 5.958644324503160616e-01 6.042531232223647963e-01 6.080508358010953129e-01 5.726093176694000420e-01 3.992822153704398414e-01 3.400595104328407725e-01 2.365072380110294636e-01 2.415668132239873755e-01 4.818873657165796409e-01 3.970802714312257620e-01 4.087683493526489964e-01 3.278755647615058111e-01 5.205110591342015924e-01 3.137039952052703695e-01 3.736883618413672781e-01 3.496353931490891465e-01 2.170424923338108991e-01 1.296390681013998014e-01
2.086000000000000000e+03 5.189466466124610378e-01 4.846551700893828030e-01 6.616629658887641652e-01 6.673093718732786561e-01 6.356058229877000754e-01 4.699216821430329816e-01 3.418807597225839157e-01 3.462066847145953141e-01 2.898202221636526077e-01 2.272770241941247937e-01 4.155698137394258085e-01 3.799835554103997426e-01 3.503433491768922492e-01 5.639617152664659905e-01 3.470655091477462539e-01 4.161925137737628733e-01 3.852008512388815920e-01 2.827537364945426068e-01 1.332547789347070244e-01 2.491468053398926963e-01
2.106000000000000000e+03 5.569961961605414125e-01 5.539152332595770334e-01 6.202347686066289612e-01 6.073199651413232480e-01 7.090105944830169538e-01 3.647522854098474987e-01 3.784089653908381257e-01 3.509356729353216853e-01 2.080476957669351312e-01 2.527797146309873622e-01 3.858334635851520811e-01 4.566438078123447042e-01 3.665082782444950560e-01 4.312264859661126271e-01 4.396615650638845407e-01 3.340786405825546534e-01 2.430390865793923549e-01 3.374603081410968430e-01 2.293234553039684154e-01 3.135064633587477667e-01
2.107000000000000000e+03 5.480965882676460676e-01 4.942122235157192511e-01 6.535012846256184060e-01 7.576328671581322727e-01 4.142074304426376918e-01 4.375348574692666803e-01 3.433212115130047648e-01 3.099186850937762916e-01 2.912865659963535525e-01 3.646163265294504185e-01 4.441096078629611643e-01 3.113268120270936690e-01 4.386102806557322653e-01 4.535328908049536811e-01 3.518548966959969548e-01 2.577728323191927351e-01 3.539450029117404140e-01 2.799489116418289458e-01 3.209366275822195247e-01 3.073123416042354838e-01
2.820000000000000000e+03 6.026603910275002418e-01 5.944270197262166988e-01 6.126729036967928366e-01 4.917096246299965112e-01 4.944072386897980786e-01 4.365530666820808259e-01 3.644173845647264431e-01 3.220427300433189588e-01 2.649045645918887137e-01 3.663582366493056131e-01 2.744707284607071918e-01 4.286109684655348695e-01 4.598038808448562387e-01 3.185722110429024534e-01 3.122679986758775672e-01 5.043600145808206925e-01 3.620988842499642812e-01 3.597894158047574842e-01 2.923535132415039373e-01 2.170488309217226963e-01
3.181000000000000000e+03 4.515650492607782840e-01 5.385958906025286597e-01 6.599420622640134182e-01 5.939556498839959620e-01 5.827900885074238646e-01 5.441926203800936390e-01 4.048061447716874151e-01 3.622465853251965462e-01 2.745512483103029200e-01 2.373152718893467017e-01 3.818760218138871343e-01 2.594101106675806845e-01 2.095105295170501258e-01 4.583878023478838992e-01 3.582879059119022380e-01 5.012142583824713560e-01 5.212173328224609659e-01 3.247812347671210631e-01 1.030410321477885777e-01 3.560642667685844365e-01
3.357000000000000000e+03 4.563134626037083641e-01 4.604195939385424263e-01 6.252442189117705107e-01 5.930770708512131950e-01 5.569093635837848444e-01 5.081586824345273312e-01 4.148986021473486940e-01 4.222894547894975870e-01 2.820964714179127197e-01 3.329678528503739465e-01 7.974387887085534476e-01 3.985561973427356741e-01 4.259077248206032396e-01 4.665870985856162556e-01 1.864442958071271805e-01 1.486500457390862728e-01 3.582554830981205529e-01 2.932142452784693987e-01 1.513192192790140111e-01 2.730932239988616006e-01
3.795000000000000000e+03 3.367458707674541585e-01 5.054347578096246574e-01 8.344688638238864087e-01 6.188821111040033740e-01 6.702854483091269522e-01 3.782556172110352888e-01 4.400043683014768781e-01 3.768069766844966417e-01 2.237814657169993893e-01 3.255358668025302715e-01 1.409513761422895584e-01 5.189275161621835775e-01 5.779787283308793766e-01 4.044492785036161164e-01 4.120471274303306730e-01 3.192821832828754980e-01 1.882307461113623959e-01 4.095339677103599918e-01 3.486283751766575123e-01 2.549259444845674571e-01
3.796000000000000000e+03 4.852712740358817722e-01 6.298667939845752350e-01 6.375427949883981649e-01 6.912304989906594699e-01 4.007793283544683893e-01 4.739025455449543123e-01 3.459177709384177457e-01 3.012045733260077518e-01 3.419642716554466833e-01 2.938309582413622389e-01 4.653373581654633995e-01 5.046931936866456692e-01 3.868462295922581173e-01 3.997025642392618705e-01 3.161867823179844161e-01 1.877237581752704831e-01 4.039210522732391562e-01 3.618718729643481402e-01 2.370053416437033766e-01 2.619248295723810016e-01
3.820000000000000000e+03 6.129668917606749812e-01 5.787985102671109328e-01 5.870542335013793078e-01 5.800996752882037200e-01 4.681962226806047900e-01 4.400182708739738269e-01 2.999256911877212772e-01 3.316095481526483701e-01 3.051053983809893233e-01 3.472598030329241969e-01 4.307421421422449326e-01 2.482882115617575380e-01 3.716238280164654295e-01 4.165423908887884719e-01 2.417431299519679222e-01 1.680436454152716419e-01 4.990971160626905823e-01 4.177181288501992107e-01 2.872904179913284839e-01 3.918769665419459813e-01
4.121000000000000000e+03 4.588206392620758356e-01 5.355402627493922596e-01 7.364246698789858048e-01 5.958303581141471961e-01 6.259218583832708571e-01 5.899781774811021506e-01 3.259281953958268474e-01 2.421037614076043121e-01 3.045588830185989027e-01 2.505802527149363357e-01 3.891374959559145141e-01 3.237275923038786529e-01 2.909880017537960772e-01 2.952999621994678026e-01 6.238372123201294528e-01 3.029850339508559087e-01 4.001852075277001486e-01 3.789585346999055915e-01 2.442290113067779878e-01 2.508486188752191981e-01
4.123000000000000000e+03 5.691462582627127009e-01 5.081202165379978819e-01 7.183422059346606936e-01 6.877811991617620579e-01 4.307993134205555519e-01 2.749501552372915492e-01 3.959176326404904023e-01 3.837124632349765418e-01 3.089468383363893622e-01 3.156299113474613782e-01 2.436958720423035019e-01 2.200091795160347419e-01 6.165495213001027652e-01 3.100124018129465919e-01 4.209688325551970700e-01 3.969529493095700912e-01 2.894966352511401664e-01 2.835265928385249379e-01 4.568243540903185740e-01 2.939883511953776396e-01
4.124000000000000000e+03 5.176955091403879772e-01 5.782487480753222275e-01 7.521118168912557245e-01 4.950511705388896955e-01 3.403143460211243698e-01 4.723882157796339132e-01 3.961188932890381542e-01 4.194196424474596063e-01 3.725970615721033719e-01 2.445617177433263567e-01 2.448655133047411836e-01 5.665456507586846824e-01 3.069515152739445973e-01 4.227191160230612810e-01 4.069959831858074306e-01 2.988422842059433870e-01 2.894804002655646524e-01 4.671913488589497510e-01 2.895342806458107709e-01 2.502966992264198387e-01
4.230000000000000000e+03 5.183002273518292347e-01 5.613764556077357470e-01 6.990135454556322125e-01 5.837776632195709192e-01 5.464344282491645499e-01 5.468023807830433292e-01 3.852323507793236623e-01 3.248589569733566496e-01 2.413388398002714319e-01 2.157185772606358132e-01 4.593093087032298905e-01 3.341020845354168434e-01 2.580652040591265295e-01 5.797284010325822745e-01 4.470635827400601947e-01 4.522475356213936371e-01 3.208324009115798847e-01 1.989684644516620249e-01 8.110633009255532877e-02 3.868675590022012112e-01
4.564000000000000000e+03 4.732612349246848593e-01 4.535823977948736929e-01 6.397326635876853240e-01 6.088959019922993710e-01 5.196541592646456431e-01 4.790030582033966700e-01 4.171723568946436589e-01 4.226986380665760379e-01 3.207932746972483873e-01 3.119261232147365615e-01 2.740161428000487676e-01 3.401481805152352100e-01 8.325071823031597873e-01 5.159208374331061275e-01 2.877201461476436295e-01 1.768746778632081795e-01 2.547504705406113956e-01 2.693987421867203857e-01 4.537581825095788890e-01 1.748149686177032647e-01
4.935000000000000000e+03 4.094105311729595020e-01 5.155996204458082044e-01 7.653491198384595462e-01 6.668034461947365266e-01 6.186637428421610796e-01 5.157558806518642847e-01 3.892349148530382941e-01 3.831656231746760621e-01 2.270257724542319167e-01 1.962377809009175356e-01 2.844931219603421546e-01 4.326166553457699293e-01 5.039843646822420586e-01 5.829292438920646857e-01 3.573669464021503872e-01 2.454504196518396963e-01 2.802441396040437627e-01 2.926673698461184081e-01 2.730708197779794233e-01 3.077180322436517956e-01
5.202000000000000000e+03 4.989529479296197501e-01 4.925087392098524974e-01 6.695971252417390884e-01 6.012119774258856131e-01 5.206395022841840969e-01 4.251225620645963654e-01 3.608414011215297368e-01 3.963010677499480550e-01 2.807445940226729331e-01 3.770938982379117843e-01 2.906446134890028343e-01 5.146077287711117165e-01 3.881385351625118441e-01 3.454503970570667604e-01 3.178877664428885752e-01 3.973812631913659632e-01 3.491930596101228690e-01 2.779263761124580734e-01 3.442939141353130172e-01 3.203909739511920929e-01
5.214000000000000000e+03 5.082650952294871516e-01 5.193778120966824341e-01 6.579205879556732084e-01 6.238800639765980094e-01 5.082383821506000210e-01 4.508937673257348844e-01 3.924467565849750761e-01 3.657622966671600362e-01 2.826195595053360710e-01 3.112404895043638930e-01 2.743707679790355347e-01 2.979519405882564143e-01 3.888070479548795255e-01 4.831022982577148350e-01 3.742912645256293858e-01 2.966874314237691324e-01 2.030804380061031478e-01 3.803902734445219203e-01 3.523077427171639187e-01 4.690978568362650925e-01
5.215000000000000000e+03 5.057867220956677734e-01 5.099954980161280904e-01 6.542148981330495605e-01 5.399768927174430910e-01 4.856249778643287329e-01 4.364065138792357912e-01 3.446609286545414541e-01 3.662809534783224574e-01 3.376629317703735977e-01 4.263320797291048070e-01 2.980663908641339455e-01 3.128766357193271674e-01 4.650117182195925292e-01 3.653654691736533677e-01 2.956554146189733778e-01 2.038151676094195064e-01 3.775481898718681117e-01 3.672238848322085247e-01 4.578569887858990883e-01 3.712135748853958028e-01
6.323000000000000000e+03 5.451555366746657638e-01 5.232614871871260620e-01 6.040521640721401297e-01 6.710857611011432633e-01 5.783898301864653924e-01 4.575930678493798642e-01 3.564354349554773038e-01 3.254063499555067129e-01 2.824146205067534221e-01 2.703300687731006180e-01 3.345278394463946925e-01 3.145640775430968428e-01 4.495241308422426862e-01 6.309369137371227954e-01 3.332290255960870251e-01 3.343665725226259156e-01 3.829383354136208784e-01 2.767668045604656513e-01 2.386031041226382432e-01 2.393082164510800247e-01
6.415000000000000000e+03 4.664551154835686608e-01 4.615669544936118474e-01 6.546842195930305808e-01 5.400886817253182093e-01 5.964009648916416273e-01 5.217573914717090755e-01 3.742845365612734176e-01 3.628739526876567090e-01 3.065054839785108509e-01 3.668450458742558706e-01 3.606720732455109824e-01 2.681947258493059816e-01 3.990711674293955791e-01 5.111264953975315217e-01 3.923196578282692748e-01 2.219322350859319337e-01 3.583767365056461096e-01 3.715387564317771396e-01 2.622218295494668783e-01 3.612030582081584007e-01
7.529000000000000000e+03 5.820493386336923480e-01 5.711090174276064468e-01 7.192312186158454912e-01 6.242527985428101278e-01 5.442903593729095935e-01 3.843739009186492583e-01 3.493695605947290672e-01 3.340634593038047662e-01 1.388022753195106984e-01 3.368623655221537616e-01 3.161209582853658495e-01 3.352146134656960319e-01 4.245703568582774867e-01 3.825167603555830187e-01 3.340990278164745475e-01 3.530234168357983537e-01 3.477602607501262266e-01 2.675061745978121186e-01 3.601317033205459484e-01 4.022517164114585708e-01
8.018000000000000000e+03 4.234093446520800774e-01 5.111114302437791412e-01 7.153030700433055111e-01 6.015590396374504989e-01 6.190297496620341677e-01 4.972304350310937648e-01 3.869921860928943746e-01 3.591342082307698580e-01 2.291926500896385999e-01 3.250994802807493089e-01 3.472784774737119329e-01 3.602446411207305133e-01 5.262685904548261018e-01 4.624493404667767704e-01 3.457884123753466876e-01 2.030929965114979807e-01 3.832895074284806691e-01 3.808309894391289085e-01 2.610168231056698707e-01 2.560940328628068530e-01
8.019000000000000000e+03 5.010631727349470488e-01 5.548382737188273239e-01 6.359694945836041891e-01 6.555364293936941644e-01 5.366826180084983688e-01 4.349591964697584467e-01 3.413450111924135610e-01 3.197977159192296748e-01 3.559916145414102617e-01 2.821773005192823591e-01 3.696168882767700281e-01 4.919993453618561330e-01 4.754379482440918014e-01 3.605576160129613794e-01 2.161685369504948717e-01 4.107887183430565803e-01 4.037338258075177655e-01 3.111359698980525335e-01 2.627459808431243382e-01 2.325478336273297253e-01
8.020000000000000000e+03 5.415340588015968848e-01 4.975953531773446015e-01 6.910554983214368674e-01 5.734065276222104490e-01 4.743294849425133131e-01 3.887038031196601851e-01 2.982917922284738510e-01 4.392929330931170107e-01 3.118418475698782610e-01 3.785476977779637653e-01 4.599717144014197068e-01 4.161042264600336993e-01 3.567102877268005234e-01 2.168697396597383809e-01 4.208521529972512054e-01 4.163749789935298207e-01 3.174118980277931268e-01 3.008596856051319324e-01 2.247314536397191920e-01 3.788972871601118952e-01
8.265000000000000000e+03 4.353418596626725812e-01 4.628460594034967679e-01 6.756184893632369848e-01 6.411525490300965524e-01 5.111593243273431231e-01 4.287265427989218614e-01 4.278586864165079273e-01 4.481409487613569609e-01 3.300903681678004631e-01 2.985025585395997272e-01 3.154721939478515869e-01 5.287556073865140593e-01 3.804452792510097381e-01 5.518810121011230585e-01 4.510280516586415156e-01 2.245203355326959305e-01 2.521408034462583325e-01 3.276346301745207690e-01 3.841706428715845334e-01 1.567484780414435952e-01
8.269000000000000000e+03 5.108476647455401087e-01 4.894327395988090079e-01 6.749338791783107139e-01 6.529935235875914401e-01 5.775755692774227068e-01 5.357289780145959579e-01 4.154099689465577394e-01 3.602142803575290597e-01 1.976183119036688252e-01 2.320665164735149777e-01 4.833387090342373127e-01 2.225637406483064185e-01 3.396700191820961612e-01 4.549411602254185838e-01 5.598984402138157401e-01 2.708972748090415217e-01 3.555163188749179137e-01 3.270354926643214144e-01 2.341294076369360433e-01 2.510445650602283751e-01
8.270000000000000000e+03 4.938744110730741155e-01 5.393322620392956290e-01 7.069191191958784648e-01 6.327424754121070416e-01 5.943835022249204236e-01 4.826485502302591546e-01 3.605271368670394105e-01 3.063367570765148651e-01 2.763281244667277758e-01 2.471379918505026141e-01 2.625312897324007522e-01 2.950131357824961054e-01 4.789080046574195060e-01 5.977358649640645005e-01 2.952939632236269984e-01 3.901585236867100570e-01 3.550240352570511737e-01 2.941361425434955712e-01 2.655413554391899966e-01 2.986974335658758029e-01
8.272000000000000000e+03 5.562910011848991587e-01 5.426550997678623034e-01 6.965588513527891656e-01 5.887324268638332025e-01 4.767683817245645939e-01 3.580563129963453828e-01 3.761579753929822356e-01 3.890406665969191047e-01 2.721106055081790598e-01 3.301748087406326526e-01 3.993934883675182013e-01 5.339230497307441148e-01 2.906140959716356775e-01 3.976370619153078434e-01 3.719181003021216347e-01 3.068722987132741498e-01 3.067356857643387391e-01 3.249479414748196460e-01 1.970714305151107792e-01 4.018821993769672307e-01
8.273000000000000000e+03 5.353475714374298366e-01 5.470919191403701420e-01 6.311012467256784664e-01 5.205562259753703236e-01 4.038638625893455347e-01 4.316843861699776741e-01 3.821715301321992331e-01 3.669430009291034800e-01 3.686396356566925547e-01 3.922258906052601968e-01 5.127118712433871295e-01 2.320396662468798832e-01 4.090245601961901567e-01 3.879942319394184547e-01 3.268492304996824527e-01 3.289548510432325767e-01 3.446806110584678673e-01 2.544518527476547498e-01 4.220147218062086369e-01 2.851058424276931014e-01
8.493000000000000000e+03 3.819885537841789525e-01 5.573536790831052912e-01 6.842218636187610281e-01 6.200023282074718090e-01 6.204364200553194042e-01 5.867221985690357355e-01 3.495320687779476243e-01 3.398306118992791558e-01 3.031459657558998599e-01 2.365812290678179775e-01 2.748499674114170399e-01 6.620644609461378005e-01 2.831934341044775594e-01 3.905996688495010360e-01 3.403110613289883624e-01 2.898670119776489140e-01 3.214691079846308530e-01 3.099650084096483016e-01 2.418406826857679437e-01 4.413691561721971857e-01
8.839000000000000000e+03 4.477781493313496841e-01 4.544790294516823370e-01 6.011718670338053183e-01 6.390899479485807611e-01 5.140487021209355634e-01 5.228853681047516133e-01 4.061070264624024873e-01 4.584395276755371396e-01 2.988849611879173529e-01 3.115103790144151952e-01 3.706060669125348372e-01 1.433914777669652585e-01 6.203308867903020163e-01 4.597781367026115840e-01 3.980510968264375782e-01 3.553130671771355109e-01 3.078808798897674226e-01 2.332581592351360422e-01 3.278629379347689499e-01 3.053438842128471942e-01
8.858000000000000000e+03 5.127010415359029016e-01 4.642723393657551267e-01 6.166427992011269676e-01 6.121795702121630711e-01 5.322319719461715559e-01 4.901227330819453720e-01 4.146031828245392292e-01 3.643200366725842243e-01 2.836788306731928833e-01 3.413759434396316239e-01 2.536405931920917567e-01 5.178101214108391526e-01 4.212384517101604997e-01 3.798683256213579718e-01 2.871269595991707280e-01 3.987048394174866339e-01 2.528314187151374792e-01 4.616039519182880135e-01 2.753914333040433648e-01 2.888652307101424732e-01
8.862000000000000000e+03 5.296555965691915890e-01 5.403026722678291316e-01 6.677316849520609221e-01 5.623762465183738124e-01 5.339471366331338675e-01 5.902528089930842992e-01 3.534467766397081379e-01 3.638967853199339686e-01 2.254258302545922577e-01 2.489576740337314797e-01 2.502621117026044284e-01 3.606212940501346553e-01 2.767881817528152211e-01 5.210641571858444232e-01 3.506679127315596167e-01 3.502550544449558600e-01 3.103020289495203032e-01 3.797214257556680850e-01 2.165692754524362051e-01 4.952871758608632935e-01
8.863000000000000000e+03 5.380417111959471255e-01 5.314092011607775001e-01 6.117573708414183464e-01 5.852243147660274314e-01 6.459155570473025243e-01 4.154143412132629276e-01 3.611338439579298010e-01 3.293104766733688793e-01 2.905938094630330926e-01 3.005460053300646472e-01 3.483147153584069122e-01 1.987078754540625991e-01 5.044154625580199447e-01 3.442540665844496250e-01 3.510765696171385675e-01 3.131569040938917969e-01 3.790350337377247358e-01 2.557322343799321995e-01 4.878796684738130884e-01 3.296425051742707946e-01
8.864000000000000000e+03 5.326634405835991570e-01 4.936958003126329930e-01 6.389729763447110633e-01 7.019331162836345284e-01 4.731000328655856069e-01 4.273456330872221764e-01 3.266603407498935852e-01 3.940243551440408276e-01 3.481543713015322061e-01 2.789363212217668142e-01 2.322843810676598064e-01 4.573808113499056582e-01 3.472634673392238636e-01 3.591566910212121710e-01 3.270783165131779247e-01 3.985696103067830065e-01 2.660230508093905377e-01 5.030295949624629115e-01 3.348114047307859109e-01 2.956222115733164180e-01
8.865000000000000000e+03 4.924474277596156968e-01 5.073347984438366653e-01 7.482894221353058040e-01 5.197714006222007299e-01 4.768385580872491203e-01 3.837021637037672517e-01 3.904842218138342980e-01 4.408159823905163921e-01 3.179110411858577789e-01 3.383736755232015780e-01 4.182779821394939090e-01 2.677127967698437194e-01 3.435597770251772598e-01 3.172922113680318734e-01 3.948209359094004833e-01 2.653089167788003633e-01 4.962056438932854752e-01 3.504902527261211653e-01 2.783636866799865106e-01 3.498984207261614521e-01
9.132000000000000000e+03 4.320644676346312996e-01 4.358294219337692788e-01 6.082930303867833954e-01 6.955067938863521704e-01 5.885458802483061191e-01 4.267413751332354566e-01 3.940145689316361666e-01 4.476179526978534828e-01 3.671483024051585553e-01 2.754014356884214587e-01 2.306097973219395914e-01 3.665201222226096012e-01 3.210003204835463753e-01 3.999945212171400200e-01 3.503428117194182789e-01 3.910079945786344990e-01 4.121722559632314264e-01 4.116139391020856020e-01 2.254841297139669465e-01 3.945133001216807878e-01
9.466000000000000000e+03 4.174997008845661162e-01 5.062178512890781468e-01 6.558029244726697460e-01 5.524214860172290686e-01 5.861179538640136633e-01 4.899326327812463799e-01 4.068477512306157839e-01 4.191081012075336121e-01 3.090108804240657148e-01 3.132925025960603405e-01 7.964444900085576595e-01 5.193750512557583354e-01 3.697031709297419755e-01 3.452939549117801654e-01 3.949758399958248622e-01 1.935901350636061724e-01 2.031614443946580251e-01 3.295936372194986363e-01 1.500694096327118698e-01 2.183622256544857088e-01
9.467000000000000000e+03 4.937887936579004600e-01 5.085146516391314542e-01 5.822131066530887855e-01 6.183074702343736018e-01 5.251760234333272548e-01 4.512683296866277227e-01 4.039184296092604431e-01 3.911059872163928919e-01 3.398745531444633539e-01 3.073212421464449062e-01 5.805419711187506104e-01 3.846181382969406370e-01 4.119631152750325986e-01 4.778427676759652853e-01 2.392562398323829220e-01 2.528974527743530487e-01 4.054559983281128543e-01 2.467832529251020035e-01 2.715002961237855672e-01 2.472568627064561098e-01
9.468000000000000000e+03 5.069548318001567688e-01 4.670487163875281511e-01 6.652818374566626947e-01 5.735025914473408370e-01 5.024098954996087940e-01 4.644070853717319203e-01 3.885639045472608077e-01 4.342354771204776642e-01 3.487655448832021055e-01 2.767247802832081827e-01 4.289521220762258502e-01 4.117135981147307389e-01 5.407867688286355223e-01 2.747635007995105072e-01 2.964535617195047656e-01 4.783399395416760291e-01 2.881419046331876177e-01 3.528202336873469958e-01 2.876968050147522549e-01 1.677548354310207657e-01
9.470000000000000000e+03 5.190719831209655855e-01 4.888419278492875941e-01 5.890694014125786859e-01 5.561590844971946446e-01 4.919743300551587262e-01 4.901127803089760926e-01 4.382059210614891454e-01 4.059020270621816473e-01 2.999730885254455193e-01 3.327558002994104869e-01 5.070502656885075288e-01 2.330847186887201605e-01 3.281604880648633094e-01 5.482111837149119538e-01 3.394921749917776399e-01 4.138795120000420269e-01 3.665046905340906824e-01 2.344582126015776202e-01 1.766792127737668860e-01 3.507309190930549825e-01
9.479000000000000000e+03 5.349187094924677810e-01 5.402599328062696049e-01 6.427860863315478790e-01 5.593230222408513974e-01 5.540678840370324432e-01 5.004000384491678055e-01 3.263471892781028560e-01 3.140388221566908222e-01 2.664831735118511347e-01 3.656660091148814518e-01 4.317062891729324114e-01 3.415428763127749123e-01 3.911878814984942054e-01 3.530177879580058686e-01 2.487697174851229154e-01 2.325956133936493142e-01 4.756671534238065546e-01 4.219353328283796944e-01 2.916440011362190221e-01 2.999687738616136912e-01
9.713000000000000000e+03 4.669134663912503092e-01 5.036505153570939308e-01 5.998148264470399837e-01 6.837425103023957451e-01 5.208036812116357828e-01 4.260173776527374501e-01 3.759887373701027435e-01 4.231015967869756755e-01 3.324608174918614600e-01 3.019352196003990407e-01 3.241761746721390502e-01 3.935730966076497750e-01 3.600637201910426577e-01 3.933312931800932999e-01 3.786442472086725131e-01 3.770502479166199516e-01 3.654792447511749920e-01 4.449657777932584102e-01 2.558161903436830809e-01 2.187571779662931815e-01
9.714000000000000000e+03 4.969356843430507986e-01 4.737935223693656717e-01 7.229566218144234391e-01 5.608472229704036804e-01 4.686616174313963934e-01 4.276089890413503625e-01 4.161690076077667610e-01 4.201490219815273153e-01 3.355536975738674932e-01 3.070850266128724027e-01 3.863598691505749638e-01 2.978416061991133179e-01 3.935179882541873231e-01 3.841916194679156349e-01 3.906234835536245287e-01 3.811818301064621717e-01 4.590341307063746656e-01 2.982614751060709835e-01 2.136351860508207690e-01 2.975464337893905520e-01
9.715000000000000000e+03 4.729306982974733065e-01 5.670365065882838618e-01 6.039729672846331221e-01 5.134092185179421897e-01 4.752141771491904532e-01 4.737613715171712370e-01 4.176587487180710712e-01 4.273466395171884313e-01 3.454990190187594012e-01 3.068320826693013981e-01 3.129541906659033534e-01 3.381788513974498533e-01 3.883731618600615443e-01 4.004695416913899852e-01 3.990126249689280868e-01 4.836821380989784203e-01 3.109153292122743828e-01 2.645170839354449854e-01 3.012948831717447984e-01 3.276140328597978435e-01
9.961000000000000000e+03 4.835949896592962038e-01 4.440842696255109523e-01 6.653111084449501167e-01 6.235408429220283821e-01 5.610468313535506013e-01 5.076872668871060812e-01 4.113263887226544235e-01 3.546981905819404091e-01 3.381463945759576872e-01 2.705412414888022643e-01 3.839321835750933443e-01 2.354988374860959577e-01 5.021239805135239154e-01 5.263330616384556127e-01 4.540850248689967672e-01 1.978067690400061585e-01 3.534731655695079744e-01 3.359642291129714686e-01 2.637182747530786298e-01 2.659236981713594683e-01
9.964000000000000000e+03 5.406419216516635817e-01 5.350060769812216011e-01 6.740260625235311442e-01 5.906656789133076790e-01 4.765566282658748598e-01 5.146072774895680269e-01 4.238947297703988260e-01 3.941977798505757469e-01 2.713759130709008094e-01 1.892576596554958468e-01 4.880592629397169091e-01 4.446887709094681784e-01 2.242054284807583897e-01 4.176579466037781962e-01 4.036265965890421525e-01 3.538369551752647002e-01 3.392359832397734976e-01 2.482437810106176146e-01 2.010677420225374379e-01 3.961353168087339838e-01
9.967000000000000000e+03 5.283945971295747057e-01 4.833508154478020624e-01 6.959835925279616031e-01 6.184999489402975836e-01 5.367478674642667258e-01 4.575244909495498891e-01 3.495738588697859806e-01 3.327052368740552879e-01 2.842826927123718317e-01 3.401029919088056075e-01 3.789331965091319310e-01 3.751012004572557013e-01 3.923265511405117367e-01 3.921255243260217682e-01 2.918094580443779673e-01 2.847457718392411574e-01 4.617952099558473300e-01 3.033608843655303255e-01 3.918566868053788843e-01 2.463254572851404645e-01
1.024000000000000000e+04 5.275799031123313831e-01 4.918364125459986913e-01 6.443928440174282457e-01 5.286743025954784292e-01 5.244578153335887061e-01 4.869752426057810113e-01 3.134962002011409954e-01 4.167815898355519133e-01 3.489778640361145268e-01 3.247254780727772960e-01 2.888499359618070250e-01 3.676100681348522525e-01 3.559179144653960569e-01 4.712919579860082031e-01 3.567864590771030464e-01 2.818522044774723345e-01 2.642094209883201206e-01 4.691609845087804098e-01 2.770737434134385446e-01 3.803934960482464045e-01
1.024100000000000000e+04 4.904384902625258391e-01 5.109448551145907569e-01 5.729654098903110837e-01 5.709478982849401918e-01 5.367096148056238469e-01 3.697374415020781013e-01 4.153100154218221096e-01 4.411972819930833900e-01 3.652198811052994043e-01 3.353310847875122236e-01 3.635774097654914661e-01 2.912925020539339216e-01 4.689288615150606354e-01 3.600286167209784116e-01 2.903533159227494886e-01 2.740978124035585717e-01 4.813446815629313646e-01 3.149071921556237386e-01 3.826251027577299846e-01 2.796364152683848414e-01
1.024600000000000000e+04 4.264277024993878284e-01 5.001049886302826319e-01 6.580762596280277377e-01 6.306846002793609074e-01 5.958506022068250640e-01 4.525356497567492031e-01 4.008873302177558551e-01 3.977624620510399334e-01 3.113689099066249133e-01 2.880316234052681668e-01 2.008152455889038457e-01 3.707539442538701491e-01 2.886900697884791644e-01 3.738845098338769435e-01 2.868808374416411677e-01 3.234926427274194549e-01 4.876668328258533802e-01 4.700068518535200357e-01 2.457395923967807261e-01 4.401893108007502442e-01
1.024700000000000000e+04 4.941067338388495100e-01 5.166309978019715254e-01 6.700489976763017719e-01 6.368974511344301925e-01 4.961000854334041144e-01 4.537870348996629888e-01 3.886455985127989510e-01 4.008951200549186189e-01 3.216376546728204056e-01 2.493371582887115301e-01 3.371151112277883111e-01 1.949843501475904128e-01 3.425479070742579735e-01 2.665063713337794127e-01 3.068602263727016055e-01 4.658080736278967793e-01 4.440880071969268150e-01 2.651241902917227389e-01 4.034606244373080131e-01 4.544494677634807189e-01
1.024800000000000000e+04 5.085991262868440055e-01 5.246335425201528180e-01 6.753464047217055954e-01 5.356811016964893035e-01 4.964109838810494280e-01 4.402731908512736436e-01 3.912029822110624222e-01 4.097020518618643692e-01 2.804336448720468611e-01 3.452373904257979298e-01 2.163329863297035749e-01 2.611425054465690287e-01 2.536625229980987717e-01 2.962103128541027086e-01 4.592142966159458717e-01 4.406802130144097940e-01 2.602255402046582677e-01 4.052694656919197946e-01 4.370306906360521548e-01 4.663606311488471823e-01
1.024900000000000000e+04 5.176264813666646702e-01 5.303390908411073079e-01 5.757541262418681693e-01 5.385081032214975583e-01 4.852443597026920297e-01 4.453719708465717075e-01 4.033851205256283601e-01 3.732082392454005859e-01 3.826843775183630392e-01 3.442111556573239084e-01 2.525666888267372734e-01 1.564550802166227994e-01 2.669516884953872515e-01 4.198421715851323177e-01 4.113964893926179700e-01 2.445259393860821084e-01 3.767164458130584093e-01 4.099558337442701372e-01 4.205548368327646225e-01 5.181342253414528143e-01
1.035200000000000000e+04 4.361454250018345080e-01 4.430053242369103028e-01 7.413481046257219820e-01 6.997246063050788223e-01 5.804252910930119969e-01 5.184048525131478291e-01 3.889062992603301017e-01 4.181869698049086037e-01 2.513243931637008100e-01 2.128421380545271746e-01 3.685132807501708685e-01 2.317236761497936393e-01 4.279009834682843683e-01 3.838002117226882448e-01 4.324162450369732347e-01 3.498390449836025762e-01 3.548520244600646412e-01 3.216385715632614772e-01 3.462290974423037349e-01 2.897410726470218689e-01
1.035300000000000000e+04 4.444751844392264006e-01 5.801466840765847621e-01 7.437583412562560614e-01 6.253904833491641391e-01 5.666935648075673848e-01 4.454026433169774313e-01 4.151302235625568549e-01 3.479847953561342466e-01 2.469399406127618934e-01 2.304162644619210942e-01 2.553310441934098507e-01 3.680809584433392678e-01 3.817775969569875971e-01 4.362361106757746132e-01 3.603379276589303570e-01 3.679782008506525814e-01 3.299176305079539739e-01 3.742789899825128552e-01 2.868153860886032969e-01 3.606459027540311335e-01
1.053300000000000000e+04 5.386125034217701391e-01 5.137651251404741215e-01 6.108819510006048281e-01 6.181618258118174447e-01 5.614933402416717456e-01 4.569922480614758142e-01 3.486274368583251460e-01 3.825113373045437859e-01 3.220515509985295011e-01 2.571599280482126382e-01 4.075354124254813026e-01 3.972551401447853570e-01 3.109053606976553419e-01 2.845484448753407558e-01 3.324312837631552831e-01 3.541038909435790805e-01 5.026514380649594882e-01 4.489188055718340564e-01 2.541594305230441275e-01 1.952621188675359720e-01
1.086100000000000000e+04 5.847049243320193712e-01 5.896189122314636766e-01 6.620836635769398182e-01 6.126152054962699101e-01 4.534879196453022177e-01 4.142045788353073132e-01 3.575160557196888078e-01 2.973047296145986396e-01 3.215179311639842497e-01 2.796986020022216302e-01 2.915165499538040494e-01 2.840595325650356329e-01 4.209112570746036952e-01 4.528505543549121160e-01 5.387375116943415865e-01 3.881202996817316730e-01 2.498242367237848982e-01 2.692249652920760683e-01 3.235613498654486553e-01 3.175289139198715915e-01
1.086200000000000000e+04 5.908233844076677954e-01 5.355517021664413235e-01 6.738112104860194407e-01 5.155176028740073857e-01 4.789311499407332140e-01 4.306033781783374925e-01 2.978959230012040993e-01 4.291874112691105858e-01 3.329503048779125507e-01 2.835808809788950557e-01 3.034363674528434696e-01 3.703744044478172182e-01 4.602344303543280946e-01 5.552892351165105156e-01 4.084684933751718816e-01 2.647520551954749002e-01 2.821711126303195760e-01 3.624957061173078587e-01 3.249475159346743580e-01 2.129398799693032751e-01
1.086300000000000000e+04 5.427117733433977076e-01 5.456801831316238083e-01 5.779359057445530024e-01 5.432684836841599196e-01 4.976769875055908621e-01 3.714522236142320799e-01 4.464348154325295526e-01 4.417887546005930255e-01 3.389862031340472037e-01 2.744557999102507639e-01 3.778566366846696778e-01 4.189866445971939801e-01 5.707266646607224159e-01 4.258040086892529996e-01 2.817623667170389701e-01 3.024053000982310224e-01 3.842089013681518894e-01 3.678457112307212951e-01 2.156032501307727778e-01 1.877774970622655137e-01
1.086600000000000000e+04 5.034152592808356363e-01 5.065555819369126356e-01 5.592535145451447143e-01 6.524357569877116125e-01 6.020120171405441978e-01 5.401443082383451388e-01 4.521131471618526909e-01 3.430054908336575004e-01 2.333888690388340459e-01 2.464776665331977479e-01 4.582814016090304698e-01 2.955610742611309849e-01 3.978823154410724983e-01 5.268526201150401933e-01 5.128620735069593373e-01 3.547993794502123377e-01 3.013344332672427961e-01 2.619815137728279120e-01 2.214248516748370255e-01 1.978165363764995410e-01
1.086700000000000000e+04 5.060081449746225424e-01 4.512662832317283490e-01 7.010040428670634149e-01 6.520132364676670678e-01 5.935792690707392127e-01 5.151495583199668937e-01 3.363735844498183525e-01 3.353732544799333248e-01 2.865010923562743006e-01 2.793083001592405745e-01 3.311515333634383884e-01 3.707293369892500912e-01 5.668099678481883785e-01 5.596034909487815900e-01 3.953128916475889265e-01 3.380500204380054163e-01 2.907313494516869379e-01 2.888325102000794398e-01 2.126405828155410183e-01 2.003304005642635999e-01
1.088000000000000000e+04 5.231353454535839775e-01 5.365616523475543742e-01 6.593935661294525463e-01 6.101345288666839561e-01 5.953942704036687683e-01 4.408752150032267947e-01 3.575872528576192200e-01 3.722939383433191973e-01 2.657433797793414820e-01 2.555241711802410109e-01 4.106053193515089572e-01 3.997779031580586673e-01 3.044489727076282182e-01 4.433460290067455789e-01 3.573530203453493259e-01 3.459175073093292418e-01 3.649010702885689406e-01 3.326146467448042876e-01 1.708268145760026280e-01 3.796941577684811442e-01
1.136600000000000000e+04 5.362614350080574521e-01 5.255117863721872062e-01 6.084626897518314870e-01 5.608036378221579188e-01 4.987120920355962994e-01 4.431392293833275042e-01 3.577672218876428722e-01 3.951246601642581791e-01 3.314040687506428773e-01 3.364002027888283730e-01 3.317664402622869102e-01 2.694974163532867784e-01 6.283851549943759718e-01 4.103713094491100444e-01 3.900843063678683387e-01 3.708822971870487928e-01 2.163481635894046740e-01 1.948749870528698747e-01 3.228865840911693263e-01 4.100267079616746191e-01
1.136700000000000000e+04 5.205801199685853309e-01 4.840244323247465674e-01 6.043223947981207766e-01 5.440065020761690739e-01 4.913112229751699922e-01 4.141654167393949426e-01 3.902571982715243304e-01 4.237888021486193590e-01 3.764114812649877462e-01 3.550566651435234089e-01 2.928659326081616276e-01 5.997531121921391151e-01 4.188834442219704912e-01 4.038222480459763286e-01 3.920187561558329259e-01 2.303047635908098967e-01 2.051653620123754240e-01 3.634774550048149311e-01 4.269182748292854601e-01 2.401059351188270519e-01
1.137100000000000000e+04 4.817370785343463302e-01 4.614644967406187348e-01 6.117312453935157546e-01 6.014024034425003995e-01 6.045602636907434491e-01 5.759153648500224820e-01 4.144742893563281849e-01 3.754483907470480553e-01 2.808050110070976491e-01 2.496450252663739156e-01 3.601073754240205482e-01 1.847389886456669850e-01 2.368066162856648504e-01 4.324846339755747948e-01 5.232100907688180813e-01 3.185736885442029265e-01 4.854539855934816850e-01 4.547319260702586408e-01 2.121360633668246398e-01 2.596460200031133758e-01
1.145700000000000000e+04 5.363232863222061608e-01 5.521295492037207042e-01 5.686919814543011098e-01 6.029448749288455200e-01 6.083538339373800730e-01 4.735808371065828859e-01 3.990038093035669919e-01 3.488116419886119757e-01 2.691935640660932938e-01 2.468471715515819509e-01 2.759636281127365587e-01 3.690992385648043106e-01 5.354876569872478731e-01 5.289305432592501521e-01 4.047318373999768126e-01 3.573826999095017221e-01 2.709833949757792237e-01 3.125479278134807304e-01 3.321312525623308365e-01 1.699103741054723282e-01
1.157100000000000000e+04 5.818819767208373017e-01 5.580884009852844496e-01 6.315174920082183840e-01 6.250946902531557825e-01 4.922465001874544166e-01 3.700263072210016602e-01 3.228612876684491817e-01 3.598995685377714970e-01 3.062168314756311682e-01 3.246447666151702771e-01 2.165535882935140655e-01 3.211968092989732626e-01 4.945865627407975418e-01 4.128588606246421100e-01 3.402519451782578530e-01 4.539055657611963945e-01 2.575603828149476415e-01 3.235371371089286185e-01 3.813999254982896603e-01 3.342038188714153146e-01
1.167800000000000000e+04 5.056612624320709903e-01 4.892136100965812640e-01 6.158921744304525214e-01 6.098728818959462394e-01 4.877356521993482796e-01 4.208739665624676718e-01 3.730575035394426697e-01 4.272714878458391263e-01 3.434756809435662861e-01 3.413211802875500966e-01 2.274173200829038843e-01 2.690573040776716995e-01 6.014031565396481538e-01 5.890326416344593419e-01 4.843435288613582301e-01 2.411822232862878557e-01 1.472723222617960404e-01 2.172370222777097182e-01 4.109119341806697912e-01 3.827095357868603442e-01
1.167900000000000000e+04 4.879693296755253651e-01 4.901366142363122735e-01 6.548173420134059119e-01 5.339338618537258219e-01 4.697442183316062336e-01 4.308138363111710945e-01 4.268595379579538385e-01 4.359488206550194977e-01 3.824271700464795254e-01 3.075060155557677866e-01 2.784745003154185938e-01 5.386490210587560057e-01 5.724497163095576546e-01 4.773862452771243658e-01 2.426238188200777468e-01 1.492679696811564927e-01 2.176926422038013287e-01 4.199997620200845994e-01 3.740335516878023903e-01 2.946817912543883700e-01
1.195500000000000000e+04 4.522497512184429636e-01 5.013062225357660662e-01 6.515821447373828512e-01 6.251974736415376599e-01 5.267826812970641814e-01 4.667552912692780609e-01 4.246821003368763114e-01 4.221870923894740502e-01 3.206671955219442260e-01 2.559809699066822319e-01 2.727259531603413167e-01 3.587585008551441024e-01 6.354918049697000360e-01 4.935793421620131016e-01 4.025968953292778374e-01 2.328953728234868514e-01 2.673279741717167202e-01 2.912401774282672440e-01 4.059911480750980628e-01 2.048180824444895687e-01
1.242900000000000000e+04 4.300733580272927958e-01 4.859703244183594117e-01 6.707551337586015183e-01 6.602568799343689898e-01 5.577252800640005725e-01 4.826564994156707922e-01 3.605621374036791504e-01 3.408588854879268104e-01 3.664353416884034709e-01 3.122963646761162115e-01 2.893964745630074886e-01 4.388079376144010113e-01 4.429140982379484170e-01 4.864011865925104150e-01 4.459154695226756338e-01 2.828314903530815827e-01 3.910895258122386586e-01 2.002004821346001218e-01 2.443734052201660123e-01 3.331317317294941183e-01
1.243000000000000000e+04 4.809429082767071040e-01 5.256187100967941728e-01 6.995654538946745049e-01 5.982585975130493283e-01 5.262460045422655552e-01 4.120658880329305385e-01 3.251930517981952984e-01 4.522890766091164361e-01 3.466291805885625132e-01 2.566256013101993472e-01 4.202465220466425899e-01 3.842326454091456456e-01 4.839492292644842486e-01 4.499650889467152193e-01 2.913553223829813965e-01 4.056381829050603183e-01 2.054218131099466715e-01 2.867781502477721456e-01 3.327165279682323118e-01 2.802690014854118394e-01
1.252500000000000000e+04 4.516734941404865755e-01 4.802003822106559738e-01 6.103043686530338352e-01 6.830101912072985559e-01 5.065588151747755230e-01 4.392735266408852035e-01 4.023186244056975447e-01 3.955048578784089996e-01 3.321930999838733634e-01 3.463580675752601645e-01 2.518007659407372478e-01 3.589067971895887887e-01 2.668522900435648104e-01 3.778614943420990913e-01 3.913000871917867718e-01 2.990709468290854156e-01 3.187437772114038448e-01 4.731985680767681335e-01 3.498801330871551540e-01 4.131339381129548460e-01
1.252600000000000000e+04 4.729002078232372730e-01 4.786363820857335583e-01 7.183706689483170260e-01 5.427363257300625854e-01 4.782968263188973612e-01 4.509136037576524370e-01 3.819132076676267085e-01 4.166219107270182076e-01 3.783464697914133423e-01 3.172773199580966041e-01 3.410001582812476340e-01 1.835752351124917137e-01 3.594605064050966359e-01 3.775225020739951254e-01 2.945539835557445807e-01 3.161184735038941596e-01 4.642050502634688658e-01 3.609494337991618340e-01 3.949866343353301001e-01 3.861626640863246029e-01
1.252700000000000000e+04 4.755273435448852393e-01 5.616828898709791407e-01 5.829355756045780934e-01 5.203623205511282990e-01 4.960676351292481190e-01 4.358926664066649637e-01 4.111235205138780158e-01 4.651403750120888803e-01 3.536028503219442176e-01 2.971495620800417847e-01 2.138470742286517068e-01 2.893896678308838788e-01 3.700728843014333691e-01 2.928158675525172616e-01 3.208491681637203885e-01 4.743413133888369493e-01 3.648533898171540391e-01 4.101532863153686259e-01 3.816489599606028293e-01 3.792734504823562780e-01
1.253300000000000000e+04 4.818172566936967938e-01 5.267974150041753179e-01 6.432497782072748027e-01 5.796844707748172176e-01 5.131346371695383324e-01 4.278744913761565183e-01 3.968331319628266018e-01 3.558207354809648226e-01 3.938592180344602789e-01 3.042519069364213458e-01 3.177922944177700715e-01 3.713279069467887994e-01 4.252427780178783534e-01 4.271960821238449668e-01 1.939112802781619571e-01 3.321920728287252045e-01 2.622415742487939627e-01 3.542820074277382991e-01 3.663981989551246543e-01 4.692495276434754392e-01
1.253400000000000000e+04 5.214644270476518351e-01 5.090133821576203754e-01 6.229376092465072068e-01 5.580692219571141699e-01 4.754373434048780322e-01 4.538585222525914342e-01 3.462170836229631621e-01 4.820250630415570114e-01 3.425041866031967031e-01 2.874677699637872563e-01 3.709703973453334913e-01 3.708606062460861330e-01 4.301988897531526246e-01 1.980401413785582432e-01 3.463902014430841336e-01 2.753562072556170470e-01 3.678938475379196493e-01 3.964638297926835198e-01 4.832717296742371493e-01 2.699111931646956952e-01
