1.490000000000000000e+02 3.070386634992896546e-01 5.604503981332277229e-01 7.734491416776203554e-01 6.362005518170962270e-01 5.700012015302057256e-01 4.660866284751692401e-01 5.147256034949446724e-01 3.966146645176097385e-01 2.836285116330101719e-01 2.001259307811480703e-01 3.339821816114780795e-01 3.908989878989682643e-01 3.085165439583317792e-01 4.888473893681050120e-01 2.175298664700396900e-01 2.103220972571312186e-01 4.393640551185056808e-01 4.754198869031165398e-01 1.792820389446143636e-01 4.456586917704490891e-01
1.500000000000000000e+02 5.418036565476682664e-01 5.922592819395179342e-01 6.642489144681108515e-01 5.996630281214507807e-01 4.986326214568929660e-01 5.595916255614660217e-01 3.766238701792563037e-01 3.651891399493086832e-01 2.197424732330128527e-01 1.826602827643493132e-01 4.027197207141562929e-01 2.584656780515108276e-01 5.126147530046284428e-01 2.313971695991221267e-01 2.283668066114584727e-01 4.802584767770683438e-01 5.140481795820860400e-01 2.433070965663715612e-01 4.806679419479773507e-01 1.527117860898871970e-01
3.370000000000000000e+02 5.269496319501768555e-01 5.183974760655791769e-01 6.680700793638181256e-01 6.411027205458637024e-01 5.245723997552691475e-01 4.475864291019366892e-01 4.610948783204698587e-01 4.019111521984725655e-01 2.230882384860056467e-01 2.095732368463444351e-01 3.774256416821167859e-01 2.733139297656613231e-01 3.007565698313645619e-01 7.199444904486645980e-01 3.311844384342234604e-01 1.386442049093956630e-01 2.986920330930882828e-01 2.615855030078161891e-01 2.530196716469345630e-01 5.636886221073869052e-01
1.371000000000000000e+03 1.312481509697492055e-01 5.347333050957955303e-01 7.094095592135321038e-01 6.918378297103896513e-01 6.293478991413341550e-01 5.096681533519529239e-01 5.395223258977918102e-01 4.281532256554887450e-01 3.238805801029824849e-01 2.821004602696582375e-01 4.566546453092967806e-01 4.691212905756071416e-01 3.868420679066355006e-01 2.511201637539128284e-01 4.943363675084243569e-01 3.612252407143699551e-01 3.792731564309730352e-01 3.156570605597474044e-01 2.738067161261041882e-01 1.408374086988392893e-01
1.380000000000000000e+03 5.170801206782066339e-01 4.836633254761970591e-01 6.132325459543912505e-01 6.718780033350189029e-01 5.999400840054827100e-01 5.177739250632391599e-01 3.669706115723114781e-01 4.034881401186403704e-01 2.784885130977388656e-01 1.870614915507767539e-01 2.167087094112605250e-01 4.819334827008578959e-01 3.529492317994511463e-01 3.709640819223977704e-01 4.474276950709353828e-01 3.686948590846756413e-01 1.969782796882807163e-01 5.644368424059178491e-01 2.899911101252449219e-01 2.396668891390443257e-01
2.087000000000000000e+03 4.937336685253322366e-01 5.343079671992480018e-01 7.277528102273533861e-01 6.974226007862551757e-01 5.340591434350033806e-01 4.132860711480594307e-01 3.509892673104720862e-01 3.983235576553856294e-01 2.771119427197566987e-01 2.078191218771408832e-01 3.968586276737859908e-01 3.088611631750352582e-01 5.963032811661285182e-01 3.722303004167067386e-01 4.557478100453449255e-01 4.246145728131099362e-01 3.083621743533991322e-01 2.032989500834036234e-01 2.650132865831392182e-01 2.117349442902222156e-01
2.265000000000000000e+03 2.550440018825170241e-01 5.775046777673410459e-01 8.030447912151470469e-01 6.670379190615539633e-01 4.893846861779816981e-01 4.700257604909857667e-01 4.050309942157714893e-01 3.856674572177978266e-01 3.703585483657996780e-01 2.913778246294027596e-01 5.154095842174950537e-01 5.270956255336307628e-01 3.923116645345990916e-01 2.451667319448578297e-01 4.634350995799552120e-01 3.064416742723548026e-01 3.990083892281188205e-01 3.466407591852265768e-01 2.268042939176522776e-01 1.059043995823532452e-01
2.266000000000000000e+03 5.449381088109206406e-01 6.001237858657100244e-01 6.766443852803957215e-01 5.002197261461643896e-01 4.842419125602560048e-01 4.288399181457570042e-01 3.468163737247199618e-01 4.305732937687684614e-01 2.978119837711614148e-01 2.613620040726472027e-01 5.224313616107881808e-01 3.574851884990219442e-01 2.599001610153029440e-01 4.980955915937066436e-01 3.362960595778824446e-01 4.407940970616930909e-01 3.788271067322149244e-01 2.894100841778024513e-01 1.047724030110178950e-01 3.114013307006397446e-01
2.276000000000000000e+03 4.019228053095110220e-01 4.427629161439563532e-01 7.202454179867648909e-01 6.642845615783288249e-01 5.644775117445353096e-01 5.220140212840458371e-01 4.393090401211577345e-01 4.134118401708566370e-01 2.973716505674868227e-01 2.325908861399612337e-01 5.168816741678610160e-01 5.850928519587508259e-01 5.418253889749371499e-01 3.717510242528645481e-01 1.379447707919823907e-01 3.808713278309857064e-01 3.361793584431569948e-01 4.568363360095681891e-01 1.915690842548899153e-01 1.723174258026284253e-02
2.468000000000000000e+03 4.117042369770266275e-01 4.116685858486078264e-01 7.069942706944923883e-01 6.102124568301142693e-01 5.850276771959554978e-01 5.068824852784976631e-01 4.622331403391948257e-01 4.007198916099815600e-01 3.296721981655891809e-01 2.724000966235881060e-01 4.556822735414190473e-01 4.537013987007513793e-01 4.196955297365818072e-01 2.091266211055758661e-01 3.596219962002782378e-01 3.045763609782384806e-01 4.858109953419131322e-01 4.450289838832088840e-01 2.699837793220434268e-01 9.975663808897668183e-02
2.469000000000000000e+03 4.095576543905894984e-01 5.483327552293871809e-01 6.440652866633218565e-01 6.207382478547593951e-01 5.458177368732060053e-01 5.115882756454970259e-01 3.868854396982070454e-01 4.135227122344877770e-01 3.005073630023715192e-01 2.718840158694379450e-01 4.565208265905015828e-01 3.847950368396408360e-01 2.199270622970377342e-01 3.834318777919212828e-01 3.315545567633036983e-01 5.323073718695229273e-01 4.823858197202315345e-01 3.262976433015099542e-01 9.634455920376373828e-02 2.737450817152758398e-01
2.470000000000000000e+03 5.345352917317431896e-01 5.023507307215645534e-01 6.543890258549240890e-01 5.810443553515245441e-01 5.502852422739537008e-01 4.339459353680157339e-01 4.008107448523161032e-01 3.859100413551848630e-01 2.997013040614806556e-01 2.713988977741420561e-01 4.034113696062098797e-01 1.623743531745310276e-01 4.079908578137944053e-01 3.578066471526711867e-01 5.865184990935410347e-01 5.349564456606352714e-01 3.580273946959086073e-01 1.706344026542417902e-01 2.949730661300590806e-01 2.352819644596249593e-01
2.790000000000000000e+03 4.540203307060200477e-01 5.419096355769882356e-01 6.540744730405102514e-01 6.053115868934164645e-01 5.429485468462670328e-01 4.942787346894921274e-01 4.452004420221294945e-01 4.445527372413806688e-01 2.502411422823108689e-01 2.072837200484977660e-01 2.253755500494591668e-01 4.457343729522505460e-01 4.870113047069689616e-01 3.444307714340793525e-01 1.867225021534665574e-01 4.929342268741397914e-01 3.936787853569745921e-01 4.416358538068259065e-01 3.874921663040047926e-01 1.245533126580102706e-01
2.791000000000000000e+03 5.404766493197559196e-01 5.225198299951683278e-01 6.565393550939051526e-01 5.957022704142644898e-01 5.502316125875917896e-01 5.110703579413723441e-01 4.520410542991394887e-01 3.538310219444989468e-01 2.484571054977278426e-01 1.905359893789562997e-01 4.432756413358379666e-01 4.527606895886728822e-01 3.568334703540620989e-01 1.962120815553074493e-01 5.288228233452679783e-01 4.251308059525692462e-01 4.717408908586777083e-01 4.267284161973017298e-01 1.208713726447411957e-01 7.981272687004212218e-02
2.792000000000000000e+03 5.361590101619720938e-01 5.389936535475449153e-01 6.670042439719249261e-01 6.230065074838503358e-01 5.871055743638667890e-01 5.377540102826403601e-01 3.703841871377304140e-01 3.693255039249892513e-01 2.492747324964356415e-01 1.453241334257732720e-01 4.411088715627879409e-01 3.009017772601563778e-01 1.996865915091515231e-01 5.457003424128330504e-01 4.479500083076317085e-01 5.003186521059719283e-01 4.477092178080388507e-01 1.846860778526955293e-01 6.880860530860059832e-02 3.652534727963490102e-01
2.793000000000000000e+03 5.521192453811670786e-01 5.475432771030430690e-01 6.958634829853170833e-01 6.613749888582913794e-01 6.153824509288879918e-01 4.550488944991925022e-01 3.888045573076455708e-01 3.711792008538681298e-01 2.032604148619007178e-01 1.296913809322383093e-01 3.220533701747967381e-01 1.323693500707185944e-01 5.631764529018332688e-01 4.688765301243906780e-01 5.347499326285715116e-01 4.816446086771634660e-01 1.966185338666197047e-01 1.409187905778148397e-01 3.836297401674070295e-01 3.177446039861597238e-01
2.817000000000000000e+03 4.938112471780258250e-01 4.878884298702080291e-01 6.528746227725873430e-01 7.225356819164265865e-01 6.483306791979146499e-01 4.547081055916557535e-01 3.232150705007970082e-01 3.760751463835382835e-01 2.715519080568858379e-01 2.218481408034005675e-01 1.550398482202972328e-01 3.962013938366674287e-02 3.275172522631893957e-01 3.656014345839262436e-01 5.439301903916334835e-01 5.010333218322952087e-01 3.331304225600890123e-01 3.211492144544636496e-01 5.322294056754568459e-01 3.718560146641288200e-01
2.818000000000000000e+03 4.959495116984610763e-01 5.270926045793942194e-01 7.823913977077954218e-01 7.091041690427831723e-01 5.175553572725584139e-01 3.930154025426022546e-01 3.830962811029856585e-01 3.802119011117390812e-01 2.704308099438536006e-01 1.838124922684349349e-01 9.607016621947196688e-02 2.393510110834886351e-01 3.413397966090826463e-01 5.151146905203998205e-01 4.845112684401283176e-01 3.242547086338051221e-01 3.091816077069383661e-01 5.014654691628251948e-01 3.451060841356140552e-01 3.528567883735503896e-01
3.180000000000000000e+03 4.390209287227400670e-01 4.510345631502445385e-01 6.846375588563547998e-01 6.170703526832007624e-01 5.495492152507381878e-01 5.347093241165107314e-01 4.854818007481974118e-01 4.092276224540311591e-01 2.668857875458801598e-01 2.396845638585930749e-01 4.024112721732572284e-01 3.848612957244729182e-01 3.221716887668030216e-01 2.080198543950932399e-01 4.488192813263485181e-01 3.435949485400588421e-01 4.774883722777585326e-01 5.019599369893514851e-01 2.840332982676934126e-01 1.133861012052213013e-01
3.291000000000000000e+03 5.676499262857945816e-01 5.707726919498968821e-01 5.060700173774960176e-01 7.141470314440451217e-01 4.676878987662665965e-01 4.468945501996580694e-01 4.227875507459981641e-01 4.064393528739433381e-01 2.830146488682853123e-01 1.947088134534868398e-01 5.558754584489974393e-01 4.792661469641656402e-01 6.721737015035575968e-01 6.990239280349288542e-01 4.773683493695457525e-01 2.569156320392715909e-01 2.335657869490936067e-01 1.766890076688903410e-01 4.217633469015379111e-02 0.000000000000000000e+00
3.294000000000000000e+03 6.198751230735644047e-01 4.857671589928773681e-01 6.387326035887175291e-01 6.295887602416362361e-01 5.630585657723308213e-01 4.820148362348232185e-01 3.671805870167001995e-01 3.383183460862188019e-01 2.350414555484567347e-01 2.380045580385268811e-01 1.000000000000000000e+00 7.771454773229174995e-01 4.501396463636990197e-01 4.267905636962281424e-01 3.286727169940042437e-01 2.045095486690403086e-01 1.060193840196555493e-01 9.269943930022653267e-02 4.231421205468628710e-02 1.551424001667398855e-01
3.356000000000000000e+03 4.075371023353425715e-01 4.688767435235396963e-01 5.945856383058581995e-01 5.999639848377432694e-01 5.658677698219072294e-01 5.261251682775028859e-01 4.669488990811080931e-01 4.332171281204854618e-01 3.467429183724141661e-01 2.621282389700130833e-01 7.131330459733932481e-02 9.779142851961770688e-01 4.861443840204035527e-01 4.560521354695931673e-01 4.926037432580219755e-01 1.929637466495474352e-01 1.526748995892190930e-01 3.720301684593203539e-01 2.741922766462991934e-01 1.762770571779466722e-01
3.807000000000000000e+03 1.990006182320360750e-01 5.196871253928722068e-01 1.000000000000000000e+00 6.297676982255042688e-01 5.664850084024563026e-01 4.969052924749424727e-01 4.820260513244706280e-01 4.411580353108482955e-01 2.794487624050348007e-01 1.623746900121260106e-01 4.111121232790616031e-01 8.326228756719604718e-01 4.848515193172873161e-01 4.115950457260246775e-01 3.423069543101269208e-01 2.554865701667206057e-01 2.198700525497947200e-01 2.941467658189664824e-01 1.743592583777822391e-01 1.767310972336012531e-01
3.809000000000000000e+03 7.347337268376505914e-01 5.221122368298662941e-01 6.430266163516455968e-01 5.782686049497538505e-01 5.781688401792695053e-01 4.872488898708974836e-01 3.555654433963792438e-01 2.846827953683481183e-01 2.412785535307413742e-01 1.274012722602792247e-01 5.195090661629804263e-01 4.622294907411208520e-01 4.330565774221692976e-01 3.347580811987310723e-01 2.962603484198662041e-01 3.944669285001688452e-01 2.930857109708494557e-01 2.783386970452893516e-01 3.363710188680195667e-01 1.865275956193401252e-01
3.817000000000000000e+03 4.845530825047223433e-01 4.199219214184710669e-01 6.694619800701813173e-01 7.555078150676094451e-01 6.447041174462737612e-01 4.470016114702154986e-01 4.245963856382943269e-01 3.684669180562472057e-01 2.908967046742562679e-01 1.778953130366622559e-01 4.733662747231285328e-01 2.845315405218536431e-01 2.650582687925163716e-01 5.324780536620108418e-01 3.290315942450018349e-01 3.759333179602179498e-01 4.041874657234426071e-01 2.307397632640120488e-01 1.029703545840400664e-01 4.942303837306595837e-01
3.818000000000000000e+03 4.308000752087701168e-01 5.360487473456684304e-01 8.113793278988014057e-01 7.012000026630281768e-01 5.055438670281569014e-01 4.930207178344783170e-01 3.705976269923803579e-01 3.947248407301254813e-01 2.207184348198709678e-01 2.052935056745607556e-01 3.016731774160006929e-01 1.982532580412167400e-01 5.373306296560712569e-01 3.367480830644162815e-01 3.928437500913953828e-01 4.251867903600995424e-01 2.401354432859524324e-01 1.675482903004412161e-01 5.112173915400788360e-01 4.218573073639708682e-01
4.229000000000000000e+03 3.845403730806709053e-01 5.284666412707826888e-01 7.222773328844596108e-01 6.620518011705260886e-01 5.456410866003285065e-01 5.049156533257396218e-01 4.940199011037250121e-01 3.969740558113001860e-01 2.327654972223766605e-01 2.133083320647351788e-01 5.105869865998940993e-01 4.665525845260705129e-01 3.813322990127238632e-01 2.497264267916174396e-01 5.532696999068908994e-01 4.178426884452824397e-01 4.199159709095773851e-01 3.011143027806565953e-01 1.336548931522516803e-01 8.878478725243424408e-02
4.562000000000000000e+03 5.415177589219964949e-01 5.444887149376221869e-01 5.767045784411715115e-01 5.058282337297423936e-01 5.327531734717136924e-01 4.968893764789577561e-01 3.963655095525568939e-01 4.075058030047017943e-01 3.104778640403240142e-01 2.765357781050559183e-01 4.496738222944736130e-01 2.049583844157048529e-01 3.171062011004286973e-01 3.974728114089862152e-01 8.164627219741270592e-01 4.885593664181360762e-01 2.650867375061820019e-01 1.635280678271848753e-01 1.951586314372928677e-01 2.257357092229375362e-01
4.945000000000000000e+03 3.972219027050399309e-01 4.165831619834255983e-01 7.405231960841698324e-01 6.766364404136490096e-01 5.747402784681854282e-01 4.943528702051743773e-01 4.431851996324738252e-01 4.757613802428701244e-01 3.345824368730840881e-01 1.542801359485564405e-01 2.932397162125865431e-01 3.639250692958619915e-01 4.949679986778631191e-01 3.603611898371061883e-01 3.453330688500013679e-01 2.978299335422824878e-01 2.948657889080543715e-01 4.748622572416978938e-01 2.957464155412413143e-01 2.949763729971759951e-01
4.946000000000000000e+03 4.192295198555862634e-01 5.784059311480596044e-01 7.188910773360733808e-01 6.181265468190255685e-01 5.408247039396306688e-01 4.996240424323658003e-01 4.775470341193561175e-01 4.247843990399337022e-01 1.844915180107547792e-01 1.918839378167768728e-01 3.645130342083771069e-01 4.455329453995702793e-01 3.624116028052876692e-01 3.522143918235338678e-01 3.101227142491933542e-01 3.091693836307127241e-01 4.924156570512091546e-01 3.345204735786650452e-01 2.965425019308673971e-01 2.493333696742319472e-01
4.956000000000000000e+03 4.467083643477351984e-01 4.793756864528488371e-01 6.254333341122390033e-01 6.912522112402554875e-01 5.488315036834594540e-01 5.023183558351451694e-01 4.311768914783107864e-01 3.897843648951037632e-01 3.540391467068987330e-01 1.979195511221071291e-01 5.129391257014750405e-01 2.837147507855254380e-01 5.140476003855349862e-01 4.287040471323055879e-01 3.539181302818006358e-01 3.013102750184852296e-01 4.052956942954867303e-01 2.134803726816468794e-01 2.508254434133995736e-01 2.540834813411562143e-01
4.957000000000000000e+03 4.786302799766655180e-01 4.967238445626732668e-01 7.364610666410530415e-01 5.948691405560850853e-01 5.516524738671549910e-01 4.900302660051441550e-01 3.847888458165406034e-01 4.454458618239898748e-01 2.325195247792944120e-01 2.344053694202242188e-01 3.187945133207337745e-01 5.008926698360876006e-01 4.581524948136523889e-01 3.836190466818861222e-01 3.334502950853296954e-01 4.514984540509724420e-01 2.353482764118546566e-01 3.140290372291250076e-01 2.743827004905322053e-01 2.817399603858355417e-01
5.209000000000000000e+03 4.451958861751920127e-01 4.261888405084007792e-01 6.803816482027147394e-01 6.046313285383235758e-01 5.299261072594774191e-01 4.885950512089684561e-01 4.397607490134828878e-01 4.404648908781564898e-01 3.583301409653329994e-01 2.570943547886951341e-01 3.080532127944970444e-01 4.296342386007968028e-01 4.574026699466791079e-01 3.652951543790341482e-01 3.434882223348427743e-01 2.959582187844969625e-01 3.204111357206181898e-01 3.352810301607010435e-01 3.929244702930699829e-01 2.905042341998082533e-01
5.213000000000000000e+03 5.032197119934403995e-01 5.120059611441073466e-01 6.569656602163905790e-01 6.138228766167882489e-01 5.780803429779803881e-01 4.597856511088709852e-01 3.934445964219316916e-01 3.970208754920604988e-01 2.694925337130430476e-01 2.463321931741053183e-01 3.246324168708167868e-01 2.729114644508868204e-01 3.803802301644106931e-01 4.104243994258060524e-01 5.027980861703120752e-01 3.815539290716659093e-01 3.004090964350261128e-01 2.079200389899618917e-01 3.754650789073538109e-01 3.727060183074707433e-01
5.887000000000000000e+03 0.000000000000000000e+00 6.064323765102389574e-01 7.707244105445132387e-01 7.019164335072577421e-01 6.967566261148693263e-01 5.672735429661724949e-01 4.590711051727490166e-01 3.933373841930412063e-01 3.509482136562436794e-01 2.777715434614686507e-01 2.673798005769829067e-01 3.742032929479383596e-01 5.010400382296288369e-01 6.353645838944589341e-01 4.190287640358041910e-01 3.210813476092159724e-01 3.149327032876960697e-01 2.647388814634870635e-01 2.070911840289135220e-01 2.535314640630793037e-01
5.888000000000000000e+03 5.433464369020608586e-01 5.460154590746849612e-01 6.697464230134226870e-01 6.666912909676473431e-01 5.410977332550873653e-01 4.434221254769407650e-01 3.156489446892939421e-01 3.765657492920786442e-01 2.455398644074874848e-01 2.584016207335103621e-01 3.758768286623108135e-01 4.565785920241923757e-01 6.442370067965837999e-01 4.309296425183056223e-01 3.371264690533680164e-01 3.329408970545559843e-01 2.768421850396905470e-01 2.596090037290293417e-01 2.551592508311304464e-01 1.956650529832060503e-01
6.324000000000000000e+03 5.360726584020550911e-01 4.999348441663452602e-01 7.420051733780768100e-01 6.502003099170057254e-01 5.318265962054075091e-01 4.383543469856156505e-01 3.377196472203441435e-01 4.002454488157535240e-01 3.314761301140278782e-01 1.604403632614230801e-01 3.292249647768258347e-01 4.030714357042489149e-01 6.431180645524933182e-01 3.445063949614978194e-01 3.529364301670785409e-01 4.069262066661017418e-01 2.909463688925762459e-01 2.887429584360443613e-01 2.415970494825158688e-01 2.473380185610958293e-01
6.325000000000000000e+03 5.081687429185588467e-01 5.932613974401230728e-01 7.111182780999665276e-01 5.936748254342488762e-01 5.027390750612920067e-01 4.096321818185468255e-01 4.116085045507300033e-01 4.379863305357218350e-01 2.079923918629402457e-01 2.251548311878806552e-01 3.964836370689260869e-01 6.063452713515292691e-01 3.468843855408137444e-01 3.604012153159651954e-01 4.242878827910175343e-01 3.054282746443792163e-01 2.998040951165122925e-01 2.878011468835380837e-01 2.461123330706624646e-01 2.820557016556813901e-01
6.395000000000000000e+03 2.826162483800048753e-01 5.201235014339252727e-01 7.844654556616649232e-01 6.678687575440914737e-01 5.047819682710620315e-01 3.918638046141005304e-01 4.341333931220615616e-01 4.599314144970531593e-01 3.982021483021671582e-01 2.665306932976205245e-01 2.594137600040642977e-01 6.205524763653625930e-01 6.768984858610361810e-01 4.268702655309806748e-01 3.950691617287643842e-01 3.788712375707393720e-01 2.923897238355401274e-01 1.805088353597194828e-01 2.580233756950108259e-01 1.208895869155792030e-01
6.396000000000000000e+03 4.967837473408401316e-01 5.913994036449705671e-01 6.840301106311348356e-01 5.221398810081920860e-01 4.116858903557131799e-01 4.650539766913293627e-01 4.353430680017233434e-01 4.622653123178648849e-01 2.778852020422784008e-01 2.460252071568755361e-01 5.760525393282799334e-01 6.484732099674527239e-01 4.331034253283185254e-01 4.065241407306315891e-01 3.980587427748745744e-01 3.093018650310914719e-01 1.888996945895571322e-01 3.044181185917502197e-01 1.125732343180242956e-01 1.855785440855400037e-01
6.764000000000000000e+03 4.525942258122150896e-01 4.463033515203734813e-01 7.661466102127915123e-01 6.618718674506799404e-01 5.795325341064252456e-01 5.417122359743724580e-01 4.002589462134083509e-01 3.857960764899684425e-01 2.434038251770900829e-01 2.092761664030240443e-01 4.746775058256711421e-01 4.310319330525271275e-01 4.953048785873168658e-01 3.578035688438129247e-01 1.563605938242874360e-01 3.499736801355605165e-01 4.530094479918284067e-01 3.611440741619616479e-01 2.877589415962478747e-01 1.477717197161003138e-01
6.765000000000000000e+03 4.536906208410041996e-01 6.049982552012340697e-01 7.148979070445621309e-01 6.337361411756834428e-01 5.994684432897880999e-01 4.661274529004068023e-01 3.880006617991108020e-01 3.484840945849953520e-01 2.516759581696133008e-01 1.788046265348234853e-01 4.656954418291220366e-01 5.062156515857286765e-01 4.004945358963732382e-01 1.776422153955615479e-01 4.056158714555606615e-01 5.284198083908790977e-01 4.167912002608462618e-01 3.645898556884000219e-01 1.654100998525509514e-01 8.548388268832896042e-02
6.766000000000000000e+03 6.000683014242982338e-01 5.687121588780709169e-01 6.878816709304704791e-01 6.551582863927206679e-01 5.243507589522533596e-01 4.548818421329709483e-01 3.478847027686402527e-01 3.574297644590233025e-01 2.211628603457605480e-01 1.693684383303465657e-01 5.060306141931854018e-01 3.679684092996022837e-01 1.888563022529639590e-01 4.370899183316022674e-01 5.814204625306998997e-01 4.616100989675174793e-01 3.994589356359393717e-01 2.337965220745261974e-01 8.226134777831456413e-02 2.497371168961244059e-01
7.177000000000000000e+03 4.771626070384468177e-01 5.886231586591873510e-01 6.843349385044814603e-01 6.574320033252447626e-01 5.683796468859098061e-01 5.019307695324122243e-01 4.531473933280510957e-01 3.249603344693828277e-01 2.130718369025976222e-01 1.701154359640822678e-01 4.287162155512309059e-01 6.301617607645326746e-01 6.210675841208883607e-01 4.128098862712997197e-01 2.332782338887708640e-01 2.532050629074943937e-01 2.863578774223315415e-01 2.817299405237554399e-01 2.011563747143206848e-01 2.264587904314572520e-01
7.527000000000000000e+03 5.434691107855639247e-01 5.676241492768026031e-01 7.139133190599910028e-01 6.401700722263604648e-01 5.855872463551186069e-01 4.868413146792988089e-01 3.956152215393487492e-01 3.026036030914324715e-01 2.220311094279100450e-01 1.635519991209031243e-01 4.428834899992957763e-01 4.757163652129305920e-01 3.559089481003888666e-01 3.822279763766421867e-01 4.050689425841987323e-01 3.524364109922212829e-01 2.994491672630310575e-01 3.177358766633621157e-01 2.884297394077818266e-01 2.157844751711513465e-01
7.528000000000000000e+03 5.817390248649842999e-01 5.853725287985783732e-01 7.182367560962085173e-01 6.648332673192540732e-01 5.687798677660919067e-01 4.858764408350356168e-01 3.194143215938735625e-01 3.498601252400798667e-01 2.268279428522673447e-01 9.984987101583689406e-02 4.616511434550912285e-01 3.014656631741932102e-01 3.904953924615158223e-01 4.196915201742144608e-01 3.728335005424536219e-01 3.189536825240223417e-01 3.347325211492911401e-01 3.333673465038690664e-01 2.168276771883829168e-01 3.520921256422599455e-01
7.593000000000000000e+03 5.514962621555911104e-01 5.577558696574199670e-01 6.771414672920988975e-01 5.820660032032508591e-01 4.844306244408689843e-01 4.079356145509564491e-01 4.120031882424249337e-01 4.289452954246812388e-01 2.796781992770698277e-01 2.087250998404031332e-01 3.556239647081153588e-01 1.614272133772040596e-01 3.538954415935153808e-01 5.073175956774280682e-01 3.554049615045245525e-01 3.171569244000618792e-01 1.887941899366616383e-01 3.624555030052980520e-01 4.337958668546960661e-01 4.636761388649525695e-01
7.598000000000000000e+03 5.022560244465003043e-01 5.519081070421998358e-01 7.184679655672204790e-01 6.114516365676694321e-01 5.263527049990287532e-01 4.357260616467596992e-01 3.626017862710267936e-01 3.923639693825451413e-01 2.840845234756626536e-01 2.347789797067421080e-01 3.231946855875968971e-01 1.617771686435639233e-01 4.619699246824539585e-01 5.759449193287426993e-01 6.108273158737963504e-01 3.155346879417914585e-01 1.587441461395189268e-01 2.984082840508796020e-01 1.804226683024391931e-01 4.370778452708719564e-01
8.267000000000000000e+03 5.316613602196241795e-01 5.447331822745594687e-01 6.064719116556221978e-01 5.283175095364901486e-01 5.412060320975362604e-01 5.142846597908142803e-01 4.268493074396662035e-01 4.344970927983865527e-01 2.846097989509436266e-01 1.895531137783986741e-01 3.566076038543701254e-01 5.572859646341566942e-01 4.988813565672885475e-01 2.571816716865709118e-01 2.969450870822257782e-01 3.841630849519813151e-01 4.600262251644092193e-01 2.233295472095820910e-01 2.645922417107374192e-01 2.497555745834527108e-01
8.268000000000000000e+03 5.552819169027363166e-01 5.011717678983615976e-01 5.970644039692700744e-01 6.120707594861587442e-01 5.885144158586409491e-01 5.100338529650114694e-01 4.582284840320848263e-01 4.016913042552030522e-01 2.465529269933223466e-01 1.484813175465782287e-01 5.362954698139077436e-01 4.665645441369335455e-01 2.667642370539481389e-01 3.123391018999202573e-01 4.125597094695506173e-01 4.972744413762265614e-01 2.388830026991380362e-01 3.170558644815356653e-01 2.588444245631507656e-01 2.136816648699455812e-01
8.271000000000000000e+03 5.389128475693445441e-01 5.618486254801630109e-01 6.854277913242036169e-01 6.486070612579084571e-01 5.396416998346897920e-01 4.252488512563848411e-01 2.997213941817385430e-01 3.793386818819102224e-01 2.910922008088063784e-01 2.331773328861580508e-01 3.094997645585428336e-01 4.289124380881257359e-01 6.019425732875106627e-01 3.015984952670487385e-01 4.068792958077170896e-01 3.727277532228807644e-01 3.054633363071710961e-01 3.086988335829254915e-01 3.010578963053463508e-01 2.134912477004536902e-01
8.494000000000000000e+03 5.530336077548307916e-01 5.427172049702873036e-01 6.689770034309743263e-01 6.712422374911055645e-01 6.414046571087497206e-01 4.104711394142629421e-01 3.335199074673676489e-01 4.014545339667742740e-01 2.768296494044354961e-01 1.152765961155903240e-01 5.884823589120328213e-01 2.087536137804352765e-01 3.824486441491015132e-01 3.379215799494708072e-01 2.938454086420744793e-01 3.281473508223659019e-01 3.129561893575632525e-01 2.800625000748798721e-01 4.384658768082526636e-01 3.174030405221312523e-01
8.654000000000000000e+03 5.209835102495202763e-01 4.696311976615476502e-01 6.442328096001171955e-01 5.537153923635252939e-01 5.235675168562342607e-01 4.933510045129630983e-01 4.189531516592364113e-01 4.257481443313437253e-01 3.116313293321540945e-01 2.627624676206289367e-01 4.933010102488092352e-01 5.110770293928398322e-01 3.245545674619172982e-01 4.245997071542820245e-01 5.065817209603159510e-01 3.250800849027318806e-01 2.586309860709172792e-01 1.020680343514541871e-01 2.488113307967445287e-01 3.660360984925037919e-01
8.665000000000000000e+03 3.522447079938205161e-01 5.156149168190554688e-01 7.081841715536961734e-01 6.612415296342232240e-01 6.380848595178154614e-01 5.200235407831881318e-01 4.853110806108542064e-01 3.529739755874712892e-01 2.466707100454428869e-01 2.281581039740095962e-01 4.461424596216957972e-01 4.677081540304739438e-01 4.081700635738587102e-01 3.663743418454751821e-01 4.715428451146344013e-01 3.280955088006633491e-01 2.800509050941448197e-01 3.420490107966532856e-01 2.092713877125645106e-01 2.162176669071650403e-01
8.759000000000000000e+03 5.621087012817922446e-01 5.147044919416290387e-01 6.351157506233577887e-01 6.343857622633521931e-01 5.859458044412672040e-01 4.587430845095321064e-01 3.133950036354194446e-01 3.861469902102956930e-01 2.544820879481771159e-01 2.602822271001084542e-01 1.367993017511257015e-01 1.295037220721803883e-01 6.252089439890559097e-01 4.001724719983538181e-01 4.714987190574647657e-01 3.277312294774800128e-01 2.767853212637648719e-01 2.799410162165144600e-01 5.768479921948883593e-01 3.138728184136674870e-01
8.760000000000000000e+03 5.209550525191534165e-01 5.146260747356411480e-01 6.940156359153223375e-01 6.469874369703927375e-01 5.222622984156016779e-01 3.835388168235580597e-01 3.948804043789588269e-01 3.647230339602539062e-01 3.110852320918104374e-01 2.680122012263103648e-01 1.592075394199943816e-01 5.225656039968604727e-01 3.644462451623965982e-01 4.355334764589241514e-01 3.090196727048210579e-01 2.627835842710490311e-01 2.628624838239259076e-01 5.243073186986185741e-01 2.783770044183049852e-01 4.138223687175449084e-01
8.847000000000000000e+03 4.221507168895914375e-01 4.591954859890865492e-01 7.041336235249275877e-01 6.241186074744683454e-01 5.377659311092779504e-01 4.942612707561565011e-01 4.834577912388757781e-01 4.170685128100184991e-01 3.315158131141349163e-01 2.072640866743735710e-01 3.766057520747930210e-01 3.562351861404160491e-01 4.050771735417562081e-01 3.312459507740158626e-01 4.842777681055070449e-01 2.579555362449121314e-01 4.332387266855070584e-01 3.133287902123004787e-01 2.492032038304236585e-01 3.069151366879950271e-01
8.848000000000000000e+03 4.625926366720483074e-01 5.566722926271769900e-01 6.723987612997528451e-01 5.873981637646886744e-01 5.471365448463132442e-01 5.473236714333321595e-01 4.185681314366700434e-01 4.274581019650320335e-01 2.456041965744303335e-01 1.734347110893030564e-01 3.671886415354241318e-01 3.592872302419027886e-01 3.413886585705796506e-01 5.061422048133905616e-01 2.752466623547744629e-01 4.653913670408169612e-01 3.329832351630543363e-01 3.013550704444482586e-01 3.191446645777067381e-01 2.553050607502145852e-01
8.849000000000000000e+03 5.563589788706422290e-01 5.384192062721764316e-01 6.419752703389044468e-01 6.034011073336211783e-01 6.073795225821084776e-01 4.871387745071489861e-01 4.364005576600781255e-01 3.524751609921719653e-01 2.163574090104498915e-01 1.741200632578745744e-01 3.788509865834734924e-01 2.981812753017454853e-01 5.344766480441131007e-01 2.948349240155424544e-01 5.089523145247809577e-01 3.666083486791389956e-01 3.281991653122880992e-01 3.726437119095750150e-01 2.714410774900323786e-01 1.644702316999812064e-01
8.851000000000000000e+03 5.415469211247754266e-01 5.522858084101079923e-01 7.526875982927696551e-01 6.357370338460233139e-01 5.978533501755043389e-01 4.522708108557568774e-01 3.541064835555556289e-01 3.540137297585027043e-01 1.914250256628593216e-01 1.896598468231687207e-01 4.592322356967414865e-01 2.275923183675591099e-01 5.161080782714523307e-01 3.849603494992625552e-01 3.542522571810544640e-01 4.005222973808035269e-01 3.213092276536205216e-01 2.117336860036925783e-01 3.804774492651920581e-01 2.633420078018469113e-01
8.860000000000000000e+03 5.051633315136131452e-01 5.374717227023326771e-01 6.470980284174766561e-01 6.098349092036603469e-01 5.463913737479350052e-01 4.374172140176630363e-01 3.967152293392606222e-01 4.929217945178125393e-01 2.365095654598803054e-01 2.041477714886107131e-01 3.703590855355378131e-01 3.283596816136843954e-01 2.979466577510734848e-01 4.284032030917166445e-01 2.792590325747034141e-01 5.075837525474556911e-01 3.323792627595806293e-01 3.333707484042470193e-01 2.671305940568718396e-01 3.572236534405766051e-01
9.133000000000000000e+03 4.380686271399365506e-01 4.835297766152401033e-01 7.397558786942703968e-01 6.338047346986344088e-01 4.742216311542201690e-01 4.508950872599406523e-01 4.480355954487592607e-01 4.568972320421277322e-01 3.123709382956350034e-01 2.231053548205857440e-01 3.493858950990059165e-01 2.413593425908208689e-01 3.833635034924867679e-01 3.405200551558958399e-01 3.880656874429508352e-01 4.118098430454738001e-01 4.067985627912731328e-01 2.605758371522735595e-01 3.796588100137097133e-01 3.422187766409865994e-01
9.149000000000000000e+03 5.062217448670591757e-01 5.363830436292915671e-01 7.132052494960913203e-01 6.914534244345510450e-01 6.165265898601064443e-01 4.663899965584519247e-01 3.038758617991771382e-01 2.896758428626424742e-01 2.644801424561836756e-01 2.528924725557399333e-01 2.267910270973412246e-01 2.788112400965938598e-01 5.476645845061235418e-01 3.215296789215104090e-01 3.623216368478888172e-01 3.408183852799795410e-01 2.508033580095274107e-01 2.832549464606819445e-01 6.052220435530534237e-01 3.246650317917538220e-01
9.465000000000000000e+03 1.934540293467517935e-01 4.504751078557792665e-01 6.906966847525664033e-01 6.631005321812799558e-01 5.579943928935758857e-01 5.873345429069978252e-01 4.806026529532769209e-01 4.542340317020766016e-01 3.734907599200019135e-01 3.168672144063492957e-01 1.958867520187685396e-01 9.211016208936960714e-01 5.749441649280283562e-01 3.751968464640849654e-01 3.455355166090935404e-01 3.870949334582013401e-01 1.883952140941823339e-01 1.999381190757590354e-01 2.979019442702922627e-01 1.623492866754088215e-01
9.476000000000000000e+03 5.060777029120355763e-01 4.820801240307802105e-01 5.922035945401794566e-01 6.278397299513667207e-01 5.808878732500593056e-01 4.898419544785999613e-01 3.935617023417710136e-01 4.328765574526118876e-01 3.366230795882705351e-01 1.919974662370098339e-01 4.174013807239050355e-01 2.553019999478013391e-01 3.141561279168920695e-01 5.227817065622658577e-01 4.113935789567402801e-01 3.876285592415745218e-01 3.355677749860424552e-01 2.325772945323320573e-01 1.713489087502611252e-01 4.570123550161041548e-01
9.477000000000000000e+03 4.920780988014683555e-01 4.845139426841208463e-01 6.889568543444636317e-01 6.434372044220908471e-01 5.552645884636400186e-01 4.674230569425907311e-01 4.482441432522231151e-01 4.431767845155437091e-01 2.412811215793116415e-01 1.827156434578878497e-01 2.740968512811065572e-01 2.465817042937697434e-01 5.200189844777024506e-01 4.150265279276560970e-01 3.992818892822515564e-01 3.479898998029323787e-01 2.385773748616031587e-01 2.239256081252061215e-01 4.633698969930627465e-01 4.098217261457903215e-01
9.478000000000000000e+03 4.879669395592025061e-01 5.480068008059235662e-01 6.951667744036323926e-01 6.082246971600034913e-01 5.231960450284741659e-01 5.143333685475464101e-01 4.506461424828632767e-01 3.455390459675485859e-01 2.229711155422835489e-01 2.391107564188445500e-01 2.643934117074263623e-01 4.607505450909797351e-01 4.085746114065387791e-01 3.986459948380058904e-01 3.547282064134518187e-01 2.448932511371195997e-01 2.273230526394199869e-01 4.700922215370441637e-01 4.083730687798890480e-01 2.992580535169004907e-01
9.962000000000000000e+03 4.496101076869824520e-01 5.293711025241591983e-01 6.731188545499571241e-01 6.120952354196359524e-01 5.620034348874274333e-01 4.745000226142473965e-01 3.505629115177686383e-01 4.347941185707375755e-01 3.127484785501204456e-01 2.434117826544785201e-01 2.730656165097965493e-01 4.778612777766830799e-01 5.533136412695156547e-01 4.841593241603256437e-01 2.153233295574238648e-01 3.874122055230375117e-01 3.642362471135363045e-01 3.206305344018478554e-01 2.816716982352880372e-01 1.972384458025301379e-01
9.963000000000000000e+03 5.261002768109767080e-01 5.332302502915945430e-01 6.590619868742850773e-01 6.105769181335944928e-01 5.259622064970481681e-01 4.096534659183367344e-01 4.371068118415230019e-01 4.088184433729802336e-01 2.821947344652185885e-01 2.186793194046748046e-01 4.596840587634505315e-01 5.131225414683319164e-01 4.906348592802758368e-01 2.213063760088420928e-01 4.065505607997260684e-01 3.847943026930554788e-01 3.350631788754961926e-01 3.247661636734888724e-01 1.944210583184685925e-01 2.035381753198036159e-01
1.023700000000000000e+04 4.774062748312669635e-01 5.242397887581125016e-01 6.595664127886450290e-01 6.285691719052856063e-01 5.268660443184034481e-01 5.028330285089974705e-01 3.753269549922051418e-01 4.172240135600960298e-01 3.347541596575230316e-01 1.903634715203421091e-01 2.747257586879399693e-01 3.368040163182807190e-01 3.704831282436325535e-01 3.716074674384422516e-01 4.635000040566249480e-01 3.747051778860868154e-01 4.758759947621369890e-01 3.543744942088593031e-01 2.462742526280032318e-01 2.425056597177605022e-01
1.023800000000000000e+04 5.190365917356553060e-01 5.207921556594743429e-01 6.721459275353334206e-01 5.717471703950270934e-01 5.511367153647422912e-01 4.316487436927345933e-01 4.142485694684592823e-01 4.264487397053336459e-01 2.236911222279018840e-01 2.827045226207098860e-01 3.185407596775586270e-01 2.828899824770548244e-01 3.473640541725804276e-01 4.394422186906699057e-01 3.627016956376514223e-01 4.637402039081857108e-01 3.415857986706055671e-01 2.709388611135999381e-01 2.172740309824043592e-01 4.622647162072782145e-01
1.025500000000000000e+04 4.469399571413418260e-01 4.164654244744254719e-01 6.308960282986652013e-01 5.891633256785208106e-01 5.798721488817731862e-01 4.967158943418973349e-01 4.172311571496256088e-01 4.389456595631279767e-01 3.712864526264612053e-01 2.815625026617225579e-01 2.949066646206698339e-01 3.245443197144742831e-01 4.138194205992540842e-01 5.036938168321504206e-01 4.323365222109403216e-01 2.960762232431971008e-01 3.442430126097201226e-01 3.674096780554665376e-01 2.469823974045320114e-01 2.991466346925530928e-01
1.033600000000000000e+04 5.247757333932780988e-01 4.869937020021696816e-01 6.607279922800538552e-01 6.593427353107075284e-01 5.134676738924385253e-01 4.612912878412622208e-01 4.048204697412198794e-01 3.815374686100456714e-01 2.953458450364392918e-01 2.411736789256528901e-01 4.080332215798366247e-01 6.417467829308398652e-01 3.866701655847527008e-01 4.943594755091944015e-01 3.556016763669654912e-01 3.631050299879615695e-01 3.789859686141093809e-01 2.571694664859840995e-01 1.842424676298364539e-01 1.008671790437371818e-01
1.033800000000000000e+04 5.338303462436296831e-01 5.713158590893639976e-01 6.269244739950652345e-01 5.793813391161578563e-01 5.351156679862609789e-01 4.559717352932896040e-01 4.078179016633982634e-01 3.938658765344931756e-01 2.515738958940719749e-01 2.404600435917561008e-01 3.746394391788662181e-01 5.094271755881282226e-01 4.066316066792111661e-01 4.299324525981179090e-01 4.612381326844324780e-01 3.118085463509722155e-01 2.747868747845270132e-01 1.731440309629802832e-01 1.972242021711690385e-01 4.209476685890374825e-01
1.035100000000000000e+04 4.376745323848620361e-01 4.321051004366354698e-01 5.503567510077237435e-01 6.948550314156634045e-01 6.519048487438220407e-01 5.295459501807248115e-01 4.576213719417328019e-01 3.924306749835423935e-01 3.238597788274120148e-01 2.148767583335121356e-01 4.116784578681118578e-01 3.575501482750627624e-01 2.895942008424075564e-01 4.149438429332658607e-01 3.669692416314105365e-01 4.049312163792361807e-01 3.254002014950482802e-01 3.336964150824535125e-01 2.717436802640109117e-01 3.314283526327107543e-01
1.053000000000000000e+04 4.549991634044794897e-01 4.724711393769243095e-01 5.985175061218697135e-01 6.475376456991301932e-01 5.591261405517079508e-01 4.727048070938573709e-01 4.634650373240356003e-01 4.515544148869498620e-01 3.090857904575898263e-01 2.249754480952510238e-01 3.385773876122984971e-01 4.143899418918849942e-01 3.407672244434594711e-01 4.582481174411756064e-01 4.314175009837980523e-01 2.860687417400107346e-01 2.511138553760762226e-01 2.885335716542787865e-01 2.791216298111821592e-01 4.472081669101758972e-01
1.053100000000000000e+04 4.718742595020975483e-01 4.766721016284848900e-01 6.916957097585599845e-01 6.045781860213628178e-01 5.210604162298760889e-01 5.225617389790452316e-01 4.527369416708929561e-01 4.027063172262587143e-01 2.601331564020135101e-01 2.502850349019299370e-01 3.926638430861958962e-01 2.676812167675909904e-01 4.466714835384349436e-01 4.264822195960022988e-01 2.886851807085002997e-01 2.552026072054114914e-01 2.900066247640109007e-01 3.102125742221924498e-01 4.421359511670228670e-01 3.946262922007729990e-01
1.053400000000000000e+04 5.163349685512543807e-01 4.928883951509264727e-01 6.719917249235946022e-01 6.168057282937096097e-01 5.149430571348264651e-01 4.142693575640075676e-01 3.855080182087046170e-01 4.233573252669319831e-01 3.027062998101026636e-01 2.815175515343174006e-01 4.016326596146845285e-01 2.556333624545881200e-01 2.937377660917946387e-01 3.480010454513977614e-01 3.784717080832061264e-01 5.407613861286685308e-01 4.777699483676178804e-01 3.062488880360874632e-01 1.975257919384223182e-01 2.824666268796549584e-01
1.053500000000000000e+04 4.964843207868005481e-01 5.365815065490777691e-01 6.695476854642258280e-01 5.689320724629410853e-01 4.706557845543113960e-01 4.511148648365927438e-01 4.298409789839726103e-01 4.042793740500444932e-01 3.271246270475502982e-01 2.608595453057718228e-01 2.816905298864503804e-01 2.331624824181860456e-01 3.554162206526986778e-01 3.920038658386144070e-01 5.719316624565222718e-01 5.085850412280193966e-01 3.225262013950285223e-01 2.530268032617628005e-01 2.889740415173661092e-01 3.105607994682225703e-01
1.054000000000000000e+04 4.805677466801941966e-01 5.095386074771821594e-01 6.125014758098861201e-01 5.868776870572679494e-01 5.094756803710597248e-01 5.089714654866438481e-01 4.132613368533029630e-01 4.488380979736246723e-01 3.097798606954696443e-01 2.481479972515524823e-01 4.581810303145426033e-01 2.894939707446374522e-01 2.851493050379675376e-01 3.682368940345424613e-01 3.841450943414471686e-01 4.951827087642610703e-01 3.908591216832620341e-01 3.160999137807361525e-01 2.244568505000645309e-01 2.785268446599900583e-01
1.054100000000000000e+04 5.091889366841054754e-01 4.904998301440897102e-01 6.355017134418419200e-01 5.596412350228698873e-01 5.627025757213834911e-01 4.758951410982883989e-01 4.544928625284628265e-01 4.076479515021311784e-01 2.888515880475270303e-01 2.442335626889358957e-01 3.182516729538654165e-01 2.327565260850261719e-01 3.868950889917375791e-01 4.093207434777136333e-01 5.387509396006818774e-01 4.280624848913056613e-01 3.424747885704537143e-01 2.847688766566942031e-01 2.954620396704260576e-01 2.783884211372270601e-01
1.054200000000000000e+04 4.929035099746205129e-01 5.085054438931838616e-01 6.097514603961735613e-01 6.148859068385795767e-01 5.309559671308238249e-01 5.199483819720726041e-01 4.104201727757461615e-01 3.894913857421004044e-01 2.863556976117973552e-01 2.679098629015105315e-01 2.550187179253042280e-01 3.224518836043269165e-01 4.053621776105858499e-01 5.411198553951143131e-01 4.390015907500851022e-01 3.535786241009792885e-01 2.908108985660720069e-01 3.291691608350272302e-01 2.732220688851133006e-01 3.242692794853206939e-01
1.054300000000000000e+04 5.089001218942866833e-01 4.892160330598770979e-01 6.647608883350599740e-01 5.822151998525628702e-01 5.747818329330884879e-01 4.739372927093255528e-01 3.895460291133377440e-01 3.865025576490977444e-01 3.103493236680203715e-01 2.525944393856114911e-01 3.236043311494605779e-01 3.388037079100793547e-01 5.318017568581632215e-01 4.375619093290361583e-01 3.598138428181968940e-01 2.979700278412788506e-01 3.335821817737774642e-01 3.077644072257175734e-01 3.183043422904546782e-01 2.857815045849819713e-01
1.054400000000000000e+04 4.943314954464922972e-01 5.326453399069344119e-01 6.364475876650694808e-01 6.309094676739470664e-01 5.328256319284140341e-01 4.570343654379521170e-01 3.906466629438883342e-01 4.130088087899201343e-01 2.986251287547537769e-01 2.368785391362314141e-01 3.451191035477502167e-01 4.866716619758846840e-01 4.410865088562704872e-01 3.678571851225215794e-01 3.110075299631672729e-01 3.505708546353068500e-01 3.199259209129088899e-01 3.549689825502912455e-01 2.876254455378082220e-01 2.725149498040154716e-01
1.054500000000000000e+04 5.313079644376941246e-01 5.089532012386388526e-01 6.813630247299914400e-01 5.845177311252860441e-01 5.115472004656600458e-01 4.540405395434294888e-01 4.160582860885153611e-01 3.983837200989238658e-01 2.783878301832850011e-01 2.511117695297022112e-01 4.890121300175750974e-01 4.138439892838082224e-01 3.905497385201611160e-01 3.348882391415698434e-01 3.853979975301832228e-01 3.541050167179439767e-01 3.885969620110295009e-01 3.457010144595011880e-01 2.927272020485206516e-01 1.230721761864970176e-01
1.085800000000000000e+04 5.630889171393900217e-01 5.859412234954491927e-01 7.353347203274384070e-01 6.409240557084233680e-01 5.871811685386543189e-01 4.489777321944792843e-01 3.864864635175235819e-01 2.935823629771791565e-01 2.005460900891932741e-01 1.673981591966532401e-01 4.183722396268875210e-01 4.177527614125142730e-01 3.664157074523500812e-01 3.131311563446258495e-01 3.162264545167320917e-01 3.700461678515740704e-01 3.819106689460119997e-01 4.469106389045812699e-01 2.965716468412132878e-01 1.773902293540157993e-01
1.085900000000000000e+04 5.984263560439013752e-01 6.008497726423922547e-01 7.188251585816969325e-01 6.662656531223083434e-01 5.302623355392583893e-01 4.763214989044054493e-01 3.092262503633309012e-01 3.295255474691948239e-01 2.306845852158848076e-01 1.268376613141847242e-01 4.281537735031137881e-01 3.264747698926639963e-01 3.306637094005343003e-01 3.386505015240699468e-01 4.045963752077988973e-01 4.203526612557819120e-01 4.865386739839354657e-01 3.519803292535172989e-01 1.841095994237318678e-01 2.197392398556529958e-01
1.086800000000000000e+04 4.545184499995962302e-01 5.535089790672040877e-01 6.993372554087777804e-01 6.423065798984977093e-01 5.670710369575965304e-01 3.950644789255032263e-01 3.267319579587627532e-01 3.841701026536497587e-01 3.195979185223921104e-01 2.923956235393638803e-01 3.652836162432174238e-01 5.153388264811255004e-01 5.556124952104725123e-01 3.980616712445760874e-01 3.475422280961136812e-01 3.009547792630829499e-01 2.957213549909727401e-01 2.589432839204002246e-01 1.919189010527636574e-01 3.289913806269224028e-01
1.101100000000000000e+04 4.793451331926425474e-01 4.325360549105199959e-01 6.904440018279601743e-01 6.026737070399987850e-01 5.204950771112566432e-01 4.996786664844635739e-01 4.122181890454330033e-01 4.119181755251052901e-01 3.510788629269992467e-01 2.577415139663187804e-01 3.831879666311576726e-01 2.564205472031201305e-01 5.345980096203077903e-01 5.795518838607173207e-01 3.104496084304317893e-01 3.239946439526925626e-01 3.361364642130126867e-01 2.886755291900211517e-01 2.930075174638285262e-01 2.236574343246644225e-01
1.112400000000000000e+04 4.548985386592769298e-01 4.366432595655052595e-01 6.819998613056228454e-01 5.727691329399358100e-01 5.470393896247025545e-01 5.031143449181706417e-01 3.824257671428528682e-01 4.427495671269831012e-01 3.717025862338890208e-01 2.679753011023576215e-01 3.468334153326858016e-01 4.061440339019212753e-01 5.007777874752333824e-01 4.890478156270857135e-01 4.448694365899622527e-01 3.405936568666575459e-01 2.549507494148213205e-01 2.791510372075581836e-01 2.066723851606386830e-01 2.822517149923281510e-01
1.112500000000000000e+04 4.443164267884411323e-01 5.431884240613152892e-01 6.241631143319539277e-01 6.002866000458084716e-01 5.596402870855213818e-01 4.470454543061054276e-01 4.504901976927990215e-01 4.682566178927736744e-01 3.121614537933433131e-01 1.879545515843579484e-01 4.056983797429454253e-01 4.615990853621268486e-01 5.007192306255371372e-01 4.619582283932308631e-01 3.611091045130715438e-01 2.721998749196008482e-01 2.947568962204185072e-01 2.617741602423973579e-01 2.897163069617253450e-01 2.455540100772562739e-01
1.112600000000000000e+04 5.353818148591805715e-01 4.939286020066320781e-01 6.420809105068238098e-01 6.031842922216130720e-01 4.932081383963040078e-01 5.073575358386906986e-01 4.694439250163656707e-01 4.039473906777149015e-01 2.198012985711650658e-01 2.514635136824994732e-01 4.719644239497193250e-01 4.869794109320250697e-01 4.948583729827554234e-01 3.923499575025610753e-01 3.019569114211188565e-01 3.292374689767922913e-01 2.892338588999664450e-01 3.507778182944115697e-01 2.655641876177227689e-01 1.578392076541326183e-01
1.118500000000000000e+04 4.459294146186588148e-01 4.605581711288024849e-01 6.932813986943392459e-01 6.279363451466795087e-01 5.286196554266474612e-01 4.667890469474831328e-01 4.507907399927899572e-01 4.833823705041367380e-01 3.062292358812455650e-01 1.999351799767568605e-01 3.832434486970553444e-01 2.768007994949709394e-01 4.557254517557237095e-01 3.397771369516084383e-01 3.529254655185698475e-01 3.066636932731837129e-01 3.625454584552411097e-01 3.814231699518200180e-01 3.776584396150985956e-01 2.672263739614642031e-01
1.118600000000000000e+04 4.671071795187107245e-01 5.523547118556582092e-01 6.811679872628582100e-01 5.830639357711014936e-01 5.241762444632650508e-01 5.185551187599495293e-01 4.968483326338474781e-01 4.079135035183680258e-01 2.424165693188003734e-01 1.659611627915048571e-01 3.001513335397574811e-01 4.127326285849660659e-01 3.483744070466952558e-01 3.669733101997374458e-01 3.255531652792318376e-01 3.874879172067233202e-01 4.032361153479179783e-01 4.136111847021366472e-01 2.738736325056815857e-01 2.789799556045850504e-01
1.118700000000000000e+04 5.537080956830118250e-01 5.462266580606656152e-01 6.395542544809516006e-01 5.822475953312611363e-01 5.801961533008961336e-01 5.694739368645775901e-01 4.165523556640339797e-01 3.511472650849946087e-01 2.103360093995410574e-01 1.646776380470262868e-01 3.989173538190274870e-01 2.826895592539643842e-01 3.646060779474906144e-01 3.280288813310783813e-01 3.986618099597372122e-01 4.176332274804984701e-01 4.237399995352204018e-01 3.116997222399531808e-01 2.750231604419634546e-01 2.957122969559897174e-01
1.136400000000000000e+04 5.238018156705677164e-01 5.491041678357818645e-01 6.786611936424374880e-01 6.111626966066230349e-01 5.093308519409338597e-01 4.569199713911076821e-01 3.833191058290796871e-01 3.824576475096900241e-01 2.602895568015778371e-01 2.549014546047572161e-01 3.564062085574018490e-01 3.265814092496817644e-01 3.991966001882526482e-01 3.452106746594660880e-01 6.406564285566084260e-01 4.040484970047750757e-01 3.736609758555404226e-01 3.567631577147861166e-01 1.619107546574457546e-01 1.533340948068852294e-01
1.136500000000000000e+04 5.463838467071550076e-01 5.396636092655568984e-01 6.614176361836666684e-01 5.608826019467578750e-01 5.114196768274165139e-01 4.465017296226837518e-01 3.821301951083442283e-01 3.623882490255757594e-01 2.971655092462636705e-01 2.896673619466125227e-01 3.322629317310149544e-01 3.392717809793558414e-01 3.448868080834912031e-01 6.491347169020614816e-01 4.180099672042700831e-01 3.891565302659976133e-01 3.675307299189070065e-01 2.167521516825721417e-01 1.438512580179593381e-01 3.346955276984979744e-01
1.145800000000000000e+04 5.536913643662452200e-01 4.645643270420751203e-01 6.599116799940433209e-01 6.671869229240521282e-01 5.349608161689204389e-01 4.692170819313474794e-01 3.511929148111611609e-01 3.765302845811456245e-01 2.949354625510270944e-01 2.528072783936163859e-01 3.715337394566628482e-01 4.937670473048564879e-01 5.360364380255150385e-01 4.160000806096922354e-01 3.750531213761734706e-01 2.863508591508814316e-01 3.266421550806627994e-01 3.689846751575953099e-01 1.650561972453594428e-01 2.062734312731374919e-01
1.145900000000000000e+04 4.784834996136420049e-01 5.365008758606428785e-01 7.324042812171736028e-01 6.009095063595984998e-01 5.380353069565736446e-01 4.274804505632999185e-01 3.891715975310794939e-01 4.071894544760432111e-01 3.080638051635231078e-01 2.158522064688460640e-01 4.899584499989562691e-01 5.157797343706220783e-01 4.371009533134468383e-01 3.996747424857410302e-01 3.115506251151390349e-01 3.578161991396123232e-01 3.997825532361686807e-01 2.308688795752438794e-01 2.149687090564029734e-01 1.860246074845847142e-01
1.146000000000000000e+04 5.347344483457068254e-01 5.786645880016728638e-01 6.509192575369036060e-01 5.895972071255403124e-01 4.814873960034065092e-01 4.523694739345875959e-01 4.094460548623694018e-01 4.071069870719626338e-01 2.563228886677209606e-01 2.316848007496538076e-01 5.323863512017367183e-01 4.274242027577581649e-01 4.397534822126524801e-01 3.476991927209765465e-01 4.076827343416996596e-01 4.584988807996554505e-01 2.620371392296587665e-01 2.892336847049409299e-01 2.057169770870735104e-01 1.605894691045623435e-01
1.167300000000000000e+04 4.628677164031764213e-01 4.867924169081780383e-01 6.578438399895943922e-01 6.722550585291950931e-01 5.784827676038419852e-01 4.687861205265166364e-01 3.848828374730776103e-01 3.905361115393022331e-01 3.304958092790205582e-01 2.246080373081248693e-01 1.595735548894833544e-01 3.136592251358227834e-01 5.018803513344211042e-01 3.286666871090062614e-01 3.545900982594101247e-01 2.342100083596018179e-01 2.830818849105286583e-01 4.953201292077614171e-01 4.721723556451353221e-01 3.746693574572631524e-01
1.167400000000000000e+04 4.890372561077234725e-01 5.242519933782976427e-01 7.227255763490108009e-01 6.300548172326437824e-01 5.230704509347845477e-01 4.477572144332597204e-01 3.907569810830356372e-01 4.279820272639254797e-01 2.652576880354778899e-01 2.129716076426856064e-01 3.197227128721706335e-01 4.457363423323025819e-01 3.261017190084957718e-01 3.568013781189503519e-01 2.405597622485806664e-01 2.928351218723831417e-01 5.067485533777170703e-01 4.813281622236387225e-01 3.752680087868200398e-01 1.590590767579456166e-01
1.167600000000000000e+04 5.691609112275622939e-01 5.432177975780387857e-01 6.276585836553857378e-01 5.566814899091314661e-01 5.116135579967434621e-01 5.001706513449175606e-01 3.679150430136581273e-01 3.585722689582002687e-01 2.703161199260344927e-01 2.832873205459188193e-01 3.222622464779978380e-01 3.515622199506816536e-01 2.806398403174356071e-01 3.536096839274374681e-01 6.287906016899739159e-01 5.946281524756222847e-01 4.757800184830170420e-01 2.378970613954889401e-01 8.617472533130857149e-02 1.848299300432389158e-01
1.167700000000000000e+04 5.449830266504979148e-01 5.068979307520555810e-01 6.123936814133201789e-01 5.690954165792687647e-01 5.610748293085267013e-01 4.364893209907310112e-01 3.612681156790344406e-01 3.768963526496995620e-01 3.321982953312002662e-01 3.020001100298550512e-01 3.396691913256863482e-01 2.013166726335518797e-01 3.406631485904689227e-01 6.144302581128490148e-01 5.933528816531797867e-01 4.778165845620206409e-01 2.363254482721639516e-01 1.459107146068530370e-01 1.677017626108994186e-01 4.150217550644201836e-01
1.174000000000000000e+04 4.017907049765384597e-01 4.680662910565424051e-01 7.139065175241724459e-01 6.297636039250348317e-01 6.461393700640317705e-01 5.808317398754158090e-01 4.587425923839602016e-01 4.199016285761551504e-01 2.323734798366356158e-01 1.513107969921010099e-01 5.002600456644921145e-01 4.966355886939337605e-01 4.183077664446144817e-01 2.890446485553168632e-01 2.041336285836387321e-01 3.537399214438098904e-01 3.292551333240930633e-01 3.055778480414850229e-01 2.410210194415767504e-01 3.804290638556914184e-01
1.174100000000000000e+04 4.683165862333099616e-01 5.611466891714186334e-01 6.744774574332256245e-01 6.927620986184664931e-01 6.311475867931535255e-01 5.184126065735921163e-01 4.182865823028611429e-01 3.313251710045093112e-01 1.840070945533265612e-01 1.752199319782041798e-01 5.137089228829579968e-01 4.034718022015694738e-01 3.169710732653672203e-01 2.270773936476169763e-01 4.016021010874474273e-01 3.763383097686917589e-01 3.455027181579993778e-01 3.128740025048210027e-01 4.306937016521732997e-01 1.839743363558718203e-01
1.241600000000000000e+04 4.698609179094908050e-01 5.041111037194260236e-01 6.348280139479972606e-01 6.479199129310103666e-01 6.076446165115506615e-01 5.431882645045196245e-01 4.821739623552130927e-01 4.112665954919416667e-01 2.740289072937043824e-01 8.729605490698037762e-02 2.690977797695174867e-01 4.040401340178482736e-01 3.235947954073067900e-01 3.750165342069697316e-01 5.125314535799279092e-01 3.385330228255208351e-01 2.733186349246616853e-01 4.012259256276463071e-01 2.994508164555985119e-01 3.292060273783906088e-01
1.244100000000000000e+04 5.219457284013684362e-01 5.251387485270950783e-01 6.455293036322362621e-01 6.713219085775519179e-01 5.605753908221701165e-01 4.764663765274572138e-01 3.746033462800410496e-01 3.843820606585499067e-01 2.267485271069558384e-01 2.373447535232777461e-01 3.597315472727053987e-01 4.470187601623415996e-01 3.456040764364681217e-01 5.789220750028267748e-01 4.033044663556712428e-01 1.778337299431669571e-01 3.439218350124944035e-01 1.765179996059948464e-01 2.671721557805452618e-01 4.519576345198450529e-01
1.253100000000000000e+04 4.778969334923988677e-01 4.700008514943850857e-01 6.231462317081826185e-01 6.388563603130290591e-01 5.693935526226940880e-01 5.009541886735617844e-01 4.219813092906973262e-01 3.913714809679191831e-01 3.215650577928431675e-01 2.375114784622565089e-01 2.766827627790677813e-01 4.402986930120332820e-01 3.951937767150607295e-01 4.581013800376073641e-01 4.480862444428355684e-01 4.346800940325467599e-01 1.920411277521913707e-01 3.302436757644379162e-01 2.253743915154590993e-01 3.464243228173611300e-01
