1.022000000000000000e+03 6.373439969878645917e-01 5.053319895432260012e-01 8.205580224158518510e-01 8.099236665004264646e-01 5.328077969794895452e-01 4.977744396582753916e-01 3.537618076628893382e-01 2.827604713269650794e-01 1.434767751151715676e-01 4.435404567329796766e-02 2.924136907767989624e-01 4.937557235037814407e-01 2.934399406052479176e-01 3.350746938784492923e-01 5.107761244337873929e-01 3.376649842627452158e-01 2.355218862277588532e-01 4.999557970422048858e-01 2.302471130595613036e-01 2.948136097819966106e-01
1.139000000000000000e+03 5.784977288587885846e-01 3.877460502118468821e-01 7.066361981747116827e-01 6.761062899809570093e-01 6.591714373391349691e-01 6.486232255380909306e-01 5.058265919971474123e-01 3.933492534906888327e-01 9.578103189845643683e-02 2.491621814805267815e-02 3.292836378785723439e-01 4.474362747728509726e-01 4.002377672435771250e-01 3.429351822183425713e-01 3.012374787855892633e-01 4.422795983692713317e-01 3.798817112310996502e-01 3.890588595173226083e-01 2.808820249618070863e-01 2.086861933102651667e-01
1.161000000000000000e+03 4.331025238769139474e-01 4.381773370354455355e-01 8.505873154328035257e-01 7.454526224641302434e-01 6.509162702015339752e-01 4.941372061680512351e-01 4.797483803471972452e-01 3.656100783015626132e-01 2.687782880754958637e-01 0.000000000000000000e+00 3.976880859666684920e-01 3.296683050760365608e-01 4.198177414106135652e-01 4.163817825137577366e-01 3.019124752814997259e-01 3.047297096152999929e-01 3.606008849102518288e-01 3.145109745204834883e-01 3.283340930666909241e-01 3.402389632643452178e-01
1.162000000000000000e+03 4.500099315747223550e-01 6.706072119183834612e-01 8.049756727923064181e-01 7.111544939593742454e-01 5.569160365615752895e-01 5.533213969391962417e-01 3.709515945493379596e-01 3.771361111796696641e-01 3.859108461996071243e-02 1.088966980768766302e-01 3.467726809997284665e-01 3.775945243596643963e-01 4.309484558250838426e-01 3.169220462572074903e-01 3.265760088038772158e-01 3.890696513499383724e-01 3.356780282982241848e-01 3.734238441400795083e-01 3.574900068401216102e-01 2.633278180474052377e-01
1.468000000000000000e+03 5.597694871870236843e-01 4.980580732144680445e-01 6.150881194551356401e-01 7.042990198973029248e-01 6.159919124640237387e-01 5.180551233421176738e-01 3.832279190529780388e-01 3.928444493783151970e-01 2.968255067651237034e-01 4.785942860232426932e-02 4.548383087925434443e-01 3.769254508680773830e-01 2.457073455725636568e-01 4.987716251626040931e-01 3.647980912731766390e-01 3.298851104071132689e-01 2.977307240427931601e-01 1.974169029161357558e-01 0.000000000000000000e+00 7.369405383595887260e-01
1.469000000000000000e+03 5.181324762377357285e-01 5.136159845920068578e-01 7.833512472725561171e-01 6.957470640469712864e-01 6.007032581942731708e-01 4.734458213879363941e-01 4.199922547482100588e-01 4.204061727518482172e-01 1.063873630251530727e-01 1.186736507287965842e-01 3.804830990160603665e-01 1.802819845223597728e-01 5.089579851938023092e-01 3.775425541282733666e-01 3.485745807172986321e-01 3.167661001596069337e-01 2.077822922584458276e-01 7.863468453785038559e-02 7.807052429686174300e-01 3.680049687395992031e-01
1.470000000000000000e+03 5.259234831866475002e-01 6.290754566355161170e-01 7.649559816694584402e-01 6.707117890022276097e-01 5.459532645525132510e-01 5.017861750842130819e-01 4.414071757227519543e-01 2.332383869475518900e-01 1.714989356319707170e-01 1.404663444937963024e-01 2.313728322619075239e-01 4.975407137833179338e-01 4.052214810992182947e-01 3.794411617334518261e-01 3.520519112227153413e-01 2.326216865724544947e-01 8.720292305508878239e-02 8.066948455184858036e-01 4.056163252871421987e-01 1.242305013060866076e-01
1.471000000000000000e+03 6.330618325399913759e-01 6.170498315681759438e-01 7.415467005244883447e-01 6.174834810580642763e-01 5.764930090758455528e-01 5.256242895637455170e-01 2.352499843186385553e-01 2.959877282730566384e-01 1.959268276559844313e-01 1.359536489692845795e-01 4.640223215662313550e-01 3.411934539660890220e-01 3.751197276980712814e-01 3.529689966332439366e-01 2.380624486857125521e-01 8.998411801936588572e-02 8.223163129658073167e-01 4.227236823869525151e-01 1.108742512970237043e-01 2.429525637763042534e-01
2.089000000000000000e+03 6.087816333215561038e-01 6.323129753904550565e-01 6.930177192292147348e-01 5.751778552286834767e-01 5.235535417121270907e-01 5.190967633290611838e-01 4.315802708401081378e-01 3.996963806834434307e-01 9.393180478532399402e-02 9.283593655137870049e-02 5.001403867888605248e-01 3.011398112226331691e-01 4.511343295410312204e-01 4.352640884236678165e-01 3.248873486840223590e-01 2.133777943893800932e-01 3.080419564655251796e-01 2.489688928732453621e-01 3.947211753030588910e-01 3.433314299291378990e-01
2.794000000000000000e+03 5.608139462794338170e-01 5.694920762209166876e-01 7.359055438171111518e-01 6.910975679531724536e-01 5.328926932986776110e-01 4.752280927295254864e-01 3.920722896919861533e-01 3.290371203780297349e-01 1.881053361194219564e-01 1.405283125963734669e-01 1.742099921581386213e-01 5.056392135258017673e-01 4.610150809238640068e-01 5.332572079688265854e-01 4.904410919890605514e-01 2.015962147706096552e-01 1.428865215377375375e-01 4.017400780417141881e-01 3.116855728476335963e-01 3.509437406918332059e-01
3.682000000000000000e+03 4.344689921324377813e-01 3.875262318778475157e-01 8.329762465173202735e-01 7.474915585163934839e-01 7.186288627232620962e-01 6.182913200176707313e-01 3.383326347787834476e-01 2.967565096429625737e-01 1.958296677467378233e-01 1.717000178266812893e-01 3.880668924074342496e-01 3.846854533693854772e-01 4.418117819633387566e-01 2.348480091179686313e-01 4.832672148694354686e-01 3.407465324664946671e-01 3.942205383699893262e-01 4.759903023295506408e-01 2.652070223471839627e-01 9.791789141179411959e-02
3.808000000000000000e+03 4.920644798570804612e-01 7.432818472742067639e-01 6.391319695055995842e-01 5.776838957874494973e-01 5.114532756938507951e-01 5.078714356159295118e-01 4.083828718447248818e-01 3.454082557967294576e-01 1.635741560315681631e-01 1.878916417128607685e-01 7.655351670700665245e-01 4.515316522453781678e-01 4.273204049539616189e-01 3.604353618654866920e-01 2.746412997397923439e-01 2.380681800807191439e-01 3.149299516091741968e-01 2.364525805843109008e-01 1.787979641756447802e-01 2.672928146352575585e-01
4.480000000000000000e+03 4.860538757779336860e-01 6.352421750508333576e-01 7.338639104959699955e-01 6.749606569803764389e-01 6.969728087669679883e-01 4.653071722172216207e-01 3.890511692159864254e-01 2.487915786270161744e-01 1.484137782295608665e-01 1.619633011646253729e-01 3.778308174900868455e-01 3.208788052135134738e-01 2.782984280786592879e-01 4.373821174495386432e-01 4.043634070073422460e-01 3.426467912650048575e-01 3.879835078175850605e-01 2.882717307751926361e-01 1.741249469294956498e-01 4.873764611581716255e-01
6.317000000000000000e+03 5.383184379759397009e-01 5.230437761544802777e-01 8.222895827919871614e-01 8.022696071785854199e-01 5.884469907216628437e-01 5.228270394444201052e-01 2.900698731446743062e-01 2.709707206883246733e-01 1.158474584356235237e-01 1.831343045122813540e-01 3.530859486088419041e-01 2.556757851741002785e-01 4.529956686862601223e-01 3.977106775966902097e-01 3.382008154250674137e-01 3.189812306414650522e-01 3.128091847639847822e-01 2.928472086832740739e-01 3.162543362441475603e-01 4.699157460471292680e-01
9.727000000000000000e+03 3.572258546680064373e-01 4.703886920560347851e-01 6.831474833759714205e-01 7.180007625091910928e-01 6.605554946478805478e-01 5.848721682102838715e-01 4.534456456338403219e-01 4.417717508171175589e-01 2.784355669432284630e-01 7.788760454109569520e-02 1.990391543098448679e-01 1.729147574392148612e-01 4.076899295408938917e-01 5.278561074145051712e-01 3.928800278493858600e-01 3.436409096199925517e-01 2.694006972015291490e-01 3.736171493769774865e-01 3.264080762820927850e-01 4.924147980263606228e-01
9.728000000000000000e+03 4.702699149148518720e-01 5.385764382999149724e-01 7.632669942747093428e-01 7.069930777974354763e-01 6.349753587230722029e-01 5.127166465366026493e-01 4.423120778049555724e-01 3.743308066068898321e-01 1.072434934544687357e-01 1.191291155483981956e-01 2.116584293442251297e-01 3.530099553268372103e-01 5.329140588945229240e-01 4.022810262595131747e-01 3.592525806152552237e-01 2.835941304005860086e-01 3.889616330426513002e-01 3.625861438177274687e-01 5.095508336313964159e-01 1.403468102655392180e-01
9.730000000000000000e+03 6.182962270321840093e-01 6.238459472262212202e-01 7.743516970621180384e-01 6.554850524677353629e-01 5.977303821287787144e-01 4.710452927177499194e-01 2.342440998790690232e-01 2.947199908717625383e-01 1.608919666341224741e-01 1.509911459999082883e-01 4.844334940903041731e-01 3.680266617773927385e-01 3.854743313446647446e-01 3.150729549976105659e-01 4.442079050562023901e-01 4.123371250675539335e-01 5.643799031108448494e-01 2.006858909709493821e-01 1.720160959057219219e-01 1.641207423167103385e-01
1.189500000000000000e+04 5.642364011610490060e-01 6.403937461101996131e-01 6.967743345212320527e-01 6.384478230804120358e-01 5.302115162629982281e-01 4.703670742931669313e-01 3.583502985087020365e-01 3.203910671647619557e-01 1.955031142378406417e-01 1.710820583885729051e-01 3.668534314793401863e-01 4.945562782344787300e-01 6.227061168418553949e-01 4.277648375425148752e-01 4.762729145737884529e-01 2.014985092634430930e-01 1.726630237025651993e-01 3.203723220656097270e-01 2.802307939425665584e-01 2.127514852697505454e-01
