1.520000000000000000e+02 6.240282077342411693e-01 6.675379760682543795e-01 5.768040419638675864e-01 8.277143878186581372e-01 5.693684467945335781e-01 5.616631250955866905e-01 4.007822727222535297e-01 3.175132787832942172e-01 5.375931098188755364e-01 3.798588916883507416e-01 4.920146472415766747e-01 2.551642348189075427e-01 2.056494088692343014e-01 5.902891355723608457e-01 5.108445866933370993e-01 2.296972414907223758e-01 5.912277926487979895e-01 1.520619069150537794e-01 2.386830251477347897e-01 3.488878713792006869e-01
1.540000000000000000e+02 5.625704366150285907e-01 7.650265675129603871e-01 5.976697899759703114e-01 5.939149028097342464e-01 4.934091565859790585e-01 5.079311246492644871e-01 4.513542650683426971e-01 2.913774685871953207e-01 5.783460733186308600e-01 5.112289554937027303e-01 2.011257809378752537e-01 5.974660771953410610e-01 6.823835137604842282e-01 3.039505437526471288e-01 5.461886633073065322e-01 1.949509097858773410e-01 3.235104188174763862e-01 3.860624251806366591e-01 2.757999670710308271e-01 9.859218706366446039e-02
1.550000000000000000e+02 7.170727273056493045e-01 6.258138480495901712e-01 5.753287243514288996e-01 5.048116711773125154e-01 5.002012083494462580e-01 5.155074095666010159e-01 3.713975161036561778e-01 3.611178391489928696e-01 6.859782111799819226e-01 4.890732142606969424e-01 5.213916334758240678e-01 6.634371252607068614e-01 2.851024244652701212e-01 7.132849250111548134e-01 1.813723189084777976e-01 2.986375878045411381e-01 4.809083789190662928e-01 2.721141690329926810e-01 1.027557068714625849e-01 1.979776950184228279e-01
1.472000000000000000e+03 7.801476883588779332e-01 7.735171913664371512e-01 6.981503123229928498e-01 7.530836239080871408e-01 7.174245665441655317e-01 3.131114277195899964e-01 3.234655993874142044e-01 2.733178215613974449e-01 4.412128505239303888e-01 2.871282494043416733e-01 3.973175870724588443e-01 4.406604907884917322e-01 3.903057175058822770e-01 2.521123829130618166e-01 3.517844154719934613e-02 1.000000000000000000e+00 5.328946140474927207e-01 1.337056237613936382e-01 2.650360405716115642e-01 1.968265288593161189e-01
1.473000000000000000e+03 7.746227743732563287e-01 7.337666471296685478e-01 7.865796145586784194e-01 8.372880744838360201e-01 3.871449935471469872e-01 4.847342387869015834e-01 4.327444397208550231e-01 2.952579111826345026e-01 3.974675906245076495e-01 3.058395592673958663e-01 4.039062033072354230e-01 4.490285164000033524e-01 2.657984881749557160e-01 4.943400590238453823e-02 1.000000000000000000e+00 5.401214825988531754e-01 1.859714043236087022e-01 2.904524318538942440e-01 2.254296031761379715e-01 7.753250842552196487e-02
1.934000000000000000e+03 9.616240046528239382e-01 8.959496329509177848e-01 8.480242183188820837e-01 4.476415693775077642e-01 5.663420743504786747e-01 3.821671786705543306e-01 1.047922866984812990e-01 1.673859682693636663e-01 4.490754088152367207e-01 3.234960382874267348e-01 2.861528983474638799e-01 4.951301174633198632e-01 4.539485519977222716e-01 3.977484255110730338e-01 1.891547980005970631e-01 4.852895949381444973e-01 3.273797478370836234e-01 3.714612385047008081e-01 3.254219452718439820e-01 2.519903054865442749e-01
1.935000000000000000e+03 9.218229311577242902e-01 8.398356604786800794e-01 5.203627532381827070e-01 6.759247458329175062e-01 4.615133128005223240e-01 3.281337708708026435e-01 2.917580729934500239e-01 3.143264764473636674e-01 4.679109064169908461e-01 3.877388761485680013e-01 4.358245049122747017e-01 4.827916422706548527e-01 3.876601344187685649e-01 2.522047700667178205e-01 4.625310027642056121e-01 3.148233536301117685e-01 4.808263577376599152e-01 3.342778096952787048e-01 2.680568208593626656e-01 1.585959298157942066e-01
1.936000000000000000e+03 8.558600966224849671e-01 6.241817542201575364e-01 7.252414538494337259e-01 5.495020391279047400e-01 4.092732743750902569e-01 4.696910546959311983e-01 5.066504755993165299e-01 3.279007681770124139e-01 5.653547333364477012e-01 3.759923693287824942e-01 4.245934681749938266e-01 4.252560721528756416e-01 2.488476507621207590e-01 6.279391323219574161e-01 3.034152892929573020e-01 4.612971836133470949e-01 4.340543082006176889e-01 2.764483109308367714e-01 1.715579091650191734e-01 2.697763577441130711e-01
2.284000000000000000e+03 6.888757461490807588e-01 7.122574007853296196e-01 8.249968439572554768e-01 7.502154175620651122e-01 7.663807097630080944e-01 3.785819042257649869e-01 4.347184249836424930e-01 2.003141328506647945e-01 4.196911652244268987e-01 2.880037312736322686e-01 2.427760738943016972e-01 1.000964517588371627e-01 3.918847047129631611e-01 5.167022817069514273e-01 4.934909288238409353e-01 6.645139355096394418e-01 3.454238030384367830e-01 1.391016454567490790e-01 3.980897139359829140e-01 2.919777021795411098e-01
2.292000000000000000e+03 9.508410909427766899e-01 9.166027388469187853e-01 7.441123755234742010e-01 5.675484105395683931e-01 2.796371108190303101e-01 3.985064811954356356e-01 2.777874688173295192e-01 2.189662466340821234e-01 3.992712911813803278e-01 4.059177592011491975e-01 4.146249139594282429e-01 3.842072028746030821e-01 5.176179974342707268e-01 5.752293605685159239e-01 3.123084014655587715e-01 1.255708589653829754e-01 4.515178193001346818e-01 3.002142273468805245e-01 2.884776603883532631e-01 2.738208373056115752e-01
2.293000000000000000e+03 9.247345169563038203e-01 7.542878037626099541e-01 6.024934544856647145e-01 3.120978141317404253e-01 4.502763794631157168e-01 4.340970472965628990e-01 3.319670525114461479e-01 2.441221483053666319e-01 5.707150985650464303e-01 5.342676696385484370e-01 3.286976573192983975e-01 5.486790021993440680e-01 5.694865839885246972e-01 4.296255813216270369e-01 1.278679034110934420e-01 4.409924159611197658e-01 3.966480918154129953e-01 3.027676867377129266e-01 2.970393648728110181e-01 2.061017413943286858e-01
2.346000000000000000e+03 4.892184556505937976e-01 5.786666562356023169e-01 6.622475451425687831e-01 7.059897864106461363e-01 5.311752658720836351e-01 6.187228518326416404e-01 6.120865371423468426e-01 4.405525554557941925e-01 5.919778652121998608e-01 3.710335552548007509e-01 2.892693626651615668e-01 4.168653454488652765e-01 4.868461788062318218e-01 5.306951952393162975e-01 2.904776295335910197e-01 1.729718293832232801e-01 4.008738036977757546e-01 2.381998953044545675e-01 3.851538238077850118e-01 3.823253915219362309e-01
2.348000000000000000e+03 5.906000883862848605e-01 6.622861443191228048e-01 5.102290219776389746e-01 6.019997512416618290e-01 5.966174613309594976e-01 6.020089176656472363e-01 4.622182879342887074e-01 2.365370118466649796e-01 6.570106840839144979e-01 4.948376840220932160e-01 4.511491823572448823e-01 5.352304871459058200e-01 3.790905584463042932e-01 2.234531258534312448e-01 3.659044066348841606e-01 2.948297086462878802e-01 5.098431819647548657e-01 4.127492841811913338e-01 2.747180431549330892e-01 1.266823743096929800e-01
2.349000000000000000e+03 6.140988120563048991e-01 5.799298684936265991e-01 5.995030345329477317e-01 6.431666287449976371e-01 6.002987276361207991e-01 5.415839703812795891e-01 3.118926638006794816e-01 4.478918439696573661e-01 6.767900329536097326e-01 4.183655197892782729e-01 4.835809322062343818e-01 4.213584434429648584e-01 2.239363298011206038e-01 5.008031074230336888e-01 2.877194511782963371e-01 4.938354386130134333e-01 5.418693084495596057e-01 2.864337225744250648e-01 1.400847065952672554e-01 2.538576698867104353e-01
2.350000000000000000e+03 5.272836674327915363e-01 6.428811829150375967e-01 6.447918012741107319e-01 6.558359780638223224e-01 5.533498545178012762e-01 4.325637133781716215e-01 6.387094418746176450e-01 4.728229533753845470e-01 5.638109129285893140e-01 3.953437266698066055e-01 3.603301979183523573e-01 2.790645389714401237e-01 4.871276673089329767e-01 3.873086055127399341e-01 4.710049592511266758e-01 5.178477134504774204e-01 3.707468308437960602e-01 1.443582636870254510e-01 2.702774576876439960e-01 3.149629153227576639e-01
2.354000000000000000e+03 6.223709333842182279e-01 5.971714773893124217e-01 7.717603839996568516e-01 8.123987463181602253e-01 6.272844192153487208e-01 5.854869861720621849e-01 2.478358415869584830e-01 2.251275644027188050e-01 5.440515138943968765e-01 4.142699616449176392e-01 4.924517402858347159e-01 5.727777975626138218e-01 3.801728089241463993e-01 1.933622572280648544e-01 2.808467459127060861e-01 3.617888653542968846e-01 5.230934729339605793e-01 4.080065058537087896e-01 2.558012963911243665e-01 1.165689098000898677e-01
3.182000000000000000e+03 5.854300633852818070e-01 6.299242239864036863e-01 5.791089322131863781e-01 6.808874589264686250e-01 6.763395962843665732e-01 5.639560146165443211e-01 4.045294877332558658e-01 3.415141057884664710e-01 5.681178433078739598e-01 4.217473855330197696e-01 2.975597836902891258e-01 2.394952657523820583e-01 5.169841474123140213e-01 4.154699363029432102e-01 4.931937381101726969e-01 5.863214952988096140e-01 3.756526986736109519e-01 1.205447612065878304e-01 3.740411646071162832e-01 1.992572685761240248e-01
3.183000000000000000e+03 5.862809032448981217e-01 6.322247826512926716e-01 6.832661823696815073e-01 7.486474286141903134e-01 5.771582700659073639e-01 5.088853180000925125e-01 4.847831848765403184e-01 3.774260990466312693e-01 5.730892891858477833e-01 3.480718144272753056e-01 1.585798563543748818e-01 5.073677811570275198e-01 3.758599499182790904e-01 6.231205840710881683e-01 5.211280527392785356e-01 3.347937277902072739e-01 1.405120905447187207e-01 3.578488002823385639e-01 1.968437708950195320e-01 3.591653693030291139e-01
3.185000000000000000e+03 6.279590566690655962e-01 7.072637422504968185e-01 5.892855916807016037e-01 5.207173330954341095e-01 5.363399806216899712e-01 5.602655827667490929e-01 4.772812469947003144e-01 2.307794797141308196e-01 6.288536835168949679e-01 4.961595492577818844e-01 3.194517114238332733e-01 5.690086967081309233e-01 6.246556126324129821e-01 3.918476819773266673e-01 1.207515684336404049e-01 4.031344194210206844e-01 2.342920639073400590e-01 3.549006843001353273e-01 4.152870921261286874e-01 1.779254234357299791e-01
3.348000000000000000e+03 4.353046535216759660e-01 5.927875384963765537e-01 5.392676176254225240e-01 5.927653108432850981e-01 6.226397719073059056e-01 5.830942739057802804e-01 6.597199112459652959e-01 3.689104486615444878e-01 5.695352550505037303e-01 5.483132612020013008e-01 5.319951552698195529e-01 3.226543865271296885e-01 1.051422891659702791e-01 4.812304404498632948e-01 3.321533160163631648e-01 2.185800582093841149e-01 4.575090256413600898e-01 1.618361873480276547e-01 1.376428716629625112e-02 8.842303836165921194e-01
3.349000000000000000e+03 5.024375888081948904e-01 5.687419372846024279e-01 5.447493485000105551e-01 6.226737551418628502e-01 5.397375564846353946e-01 6.465943323794048903e-01 4.476069042897125594e-01 3.264867683397901788e-01 7.150908039659678028e-01 5.463470159700367645e-01 2.535019400779267018e-01 1.708707424643213513e-01 4.594840067229147840e-01 4.394228170188244631e-01 2.076629290506105674e-01 4.299481909938731028e-01 2.040072175169924951e-01 1.335225090183931630e-02 9.112156894457047462e-01 4.030214626139486112e-01
3.653000000000000000e+03 7.127299026967994777e-01 7.794890152233736602e-01 8.306645968245536249e-01 7.349755787615961378e-01 6.233964527519491039e-01 3.274715023161122174e-01 3.167549316327390452e-01 2.447905922202804618e-01 3.453609335780397638e-01 4.046110880303184776e-01 2.401662975751069629e-01 1.852593950019319480e-01 0.000000000000000000e+00 7.036627899853498125e-01 4.050746112617671923e-01 4.447098576462519826e-01 5.147024029336367823e-01 4.277694795069291733e-01 1.557573775944079697e-01 4.626013451322809611e-01
3.654000000000000000e+03 7.662277193246487261e-01 8.064440201961149413e-01 7.493260344182358645e-01 7.052316604529302868e-01 3.806932061993951177e-01 4.578895016941808560e-01 3.622239024484923964e-01 1.893631290068564232e-01 5.624542925006085214e-01 3.642301840627649168e-01 1.073938075588726365e-01 7.604616685062387527e-02 6.421038284838203047e-01 5.142115237237239178e-01 3.992068306898620689e-01 4.625141557928187375e-01 5.210648860531912341e-01 1.485276343952151579e-01 4.589528520752673146e-01 2.921573379003307158e-01
3.655000000000000000e+03 7.933138398006813752e-01 7.507724949037040130e-01 7.177922797218935225e-01 4.181366198503363441e-01 4.935803025321859328e-01 4.887765893843264431e-01 2.733707112932780570e-01 3.833011952896815400e-01 4.944880078724685490e-01 4.348255337266679343e-01 0.000000000000000000e+00 6.099097884132599345e-01 4.634171181265785422e-01 5.001479390251507562e-01 4.099462199600852896e-01 4.623914419956989819e-01 1.738953524343335721e-01 4.382527021238084020e-01 2.867806703890582454e-01 2.254598414284530172e-01
4.560000000000000000e+03 7.366447665697959390e-01 6.848030191104289566e-01 6.071941754958910531e-01 6.340445841904223112e-01 4.274650538151819057e-01 3.899996204035277581e-01 4.829955459126502038e-01 3.995570306365364699e-01 5.573620885143307779e-01 4.474287529907044481e-01 3.209551785435021398e-01 5.517864741076462520e-01 5.129979813200853389e-01 2.377767386984427078e-01 2.258824083879290567e-01 3.240005945788162478e-01 8.254714170239687565e-01 3.809147434855939540e-01 1.876371891095230671e-01 9.013452308798153290e-02
4.561000000000000000e+03 6.488634744945910304e-01 6.513640936220743693e-01 6.418260118902467948e-01 4.606896091159214945e-01 4.225103953426196934e-01 5.714407670901392455e-01 5.735739271012915141e-01 3.688700143043266433e-01 6.149494333023293180e-01 4.707036917345290838e-01 4.955745948109440691e-01 5.365644958668103204e-01 2.348530853029020538e-01 3.034635966604273261e-01 3.119547279537310813e-01 7.874299525500645380e-01 4.946469384424001525e-01 1.936476254824835708e-01 1.000513910008038465e-01 1.779772707035739976e-01
4.657000000000000000e+03 1.000000000000000000e+00 1.000000000000000000e+00 7.939728055567348841e-01 2.707093747221624436e-01 3.770671957796333240e-01 3.455586724456920500e-01 2.085115356397855002e-01 1.493007760303169396e-01 3.309002462961057045e-01 5.127031155662709061e-01 3.998815975163668157e-01 5.405983289897480226e-01 4.602042126704550262e-01 5.528826244672707668e-01 3.428511890929863415e-01 3.266819417443116436e-01 2.584049727611678615e-01 1.780661018208281599e-01 2.373468131303557993e-01 3.386159746964221839e-01
4.948000000000000000e+03 6.228105742613935236e-01 6.253144014665730221e-01 5.545367064431890869e-01 6.015770503754208631e-01 6.539853789579677112e-01 5.882640488128882961e-01 1.769369527092441163e-01 2.463514015777995836e-01 6.700931475156289840e-01 5.628075208883757119e-01 3.108193884372854043e-01 3.732971222224298891e-01 2.960199412738383495e-01 3.270569055225493460e-01 4.649573497080664031e-01 3.291022257734032008e-01 3.531242504903359114e-01 2.367521452499782020e-01 5.353194900187751015e-01 2.761646173309864616e-01
5.030000000000000000e+03 5.999617169325093258e-01 4.810849165080330336e-01 6.719020682381998677e-01 7.321584847738463742e-01 6.434202010381517844e-01 5.990214881666146018e-01 5.164253221747715505e-01 2.953688444823239223e-01 5.852535248109751453e-01 4.356700209488472142e-01 3.853914048029400408e-01 5.010902153378294921e-01 4.151993074193905398e-01 4.177473639160786956e-01 3.588080147671489084e-01 2.034674144788011507e-01 3.826810371830013380e-01 2.799292786047641313e-01 3.352364209294960706e-01 2.999705630889323849e-01
5.031000000000000000e+03 4.148748066426389824e-01 6.885518938132213496e-01 7.240477811558171384e-01 7.037037171069856489e-01 6.028742550293862967e-01 5.896486175603389279e-01 4.074951066929938803e-01 3.875641905170963963e-01 5.890345481426799701e-01 3.949173063929704020e-01 3.866975832641779132e-01 4.003085622074288308e-01 3.534884978421897195e-01 4.214145942388298760e-01 1.690243298486730494e-01 3.191068929805753185e-01 3.133680115770992591e-01 3.001005312082757892e-01 2.766946518145411704e-01 5.838574769075144388e-01
5.032000000000000000e+03 6.297376403494560071e-01 7.064526069796557284e-01 6.734677780546926007e-01 6.296905832662317293e-01 5.713802855863052699e-01 4.791049582760127934e-01 5.124553367681802252e-01 3.689023318747245428e-01 5.005455536016216733e-01 3.739728428234453395e-01 3.436163563994319436e-01 3.987679767116354412e-01 4.168220915812809180e-01 2.288763101187238080e-01 3.111653223253861844e-01 3.064898980766407321e-01 3.942622760704354579e-01 2.888244399441372012e-01 6.221488670904461449e-01 1.982583764978022856e-01
5.212000000000000000e+03 5.495957401451535551e-01 5.911009248698734231e-01 5.715302577861882671e-01 6.246303882002880448e-01 6.112656311923617691e-01 6.654392180884974861e-01 4.941667637486454323e-01 3.714990267100074517e-01 6.017752248198638965e-01 4.260121165587819614e-01 3.659765360891582553e-01 4.188935635619728259e-01 3.428536501368867895e-01 4.235141942139219462e-01 3.564125408594865374e-01 4.977874813074874560e-01 4.037359873516344067e-01 2.527885349450620378e-01 1.627668048182698002e-01 3.681433143867159363e-01
5.554000000000000000e+03 6.184633708077875713e-01 7.001096700321187694e-01 6.068819212737973645e-01 5.132707724948770700e-01 5.443837475129000847e-01 5.624757982059591654e-01 4.704925392792253525e-01 3.138118266424741454e-01 5.588170698579627560e-01 4.875463308309268551e-01 6.980869618344125449e-01 3.243470815933028883e-01 4.788416475651641191e-01 4.282565763194927100e-01 3.581339782587242837e-01 5.061673485042882392e-01 2.920740575651684656e-01 1.402373961991675300e-01 1.642297618578197616e-01 2.669937017119954903e-01
5.555000000000000000e+03 6.584315262413494851e-01 6.443919568216049942e-01 5.210156748290837303e-01 5.852802795002899350e-01 5.673214836914367565e-01 5.507631202279137383e-01 4.311103089169850411e-01 3.608077463451096478e-01 6.678796852695777497e-01 4.276597585451555328e-01 2.864645206017559231e-01 5.444664871307897114e-01 4.567987400302856993e-01 5.288890834057690116e-01 5.253036564841369049e-01 3.098711338726966025e-01 2.017971289994220097e-01 1.876235375657831495e-01 3.111989869074690551e-01 2.572773838763508514e-01
6.309000000000000000e+03 7.993891915145491245e-01 7.154970558540374448e-01 5.271091588885086221e-01 5.077533572167084452e-01 5.117886278582974846e-01 5.101199998936648550e-01 2.480575843826753890e-01 2.776213029210400363e-01 6.734539317123070523e-01 4.789710230982913708e-01 3.804434628177129629e-01 5.168927822127474814e-01 4.617974022791315747e-01 4.381647173929459904e-01 3.164289454867674767e-01 2.825375300694148439e-01 3.346018728164356637e-01 2.798104104798363467e-01 3.433569457897462374e-01 2.468216505207917189e-01
6.329000000000000000e+03 5.937639672083454556e-01 6.114891834528815018e-01 6.983713583079584897e-01 7.976561007720301966e-01 5.052515057481766769e-01 6.356196756261094372e-01 3.585381523201554010e-01 2.391452436117907088e-01 5.836030908787749327e-01 4.446933676012330694e-01 4.488658560725248270e-01 3.892304318110406114e-01 3.713806767594197145e-01 3.893962551574531306e-01 3.021188080222045325e-01 3.674627962160640915e-01 4.228303512439711143e-01 3.010018908068823884e-01 3.293631252614589444e-01 2.593865025217004794e-01
6.330000000000000000e+03 5.663047869156456748e-01 7.103283139085631026e-01 7.909844081551120620e-01 5.507213296964564853e-01 6.423180775973188483e-01 4.740888777287693423e-01 3.327787164183952928e-01 3.924105503571814757e-01 6.102347481028411735e-01 3.497573347147581724e-01 3.322936763831875751e-01 4.150536366894034823e-01 3.859233256557906833e-01 4.133593197115162932e-01 3.574131636363981901e-01 4.114269394221920506e-01 3.957031385259191514e-01 3.437500339708618458e-01 2.803360817241352665e-01 2.472644447678759017e-01
6.331000000000000000e+03 6.657921210986375016e-01 7.602951720907846767e-01 5.496296309895214449e-01 6.930061522408681451e-01 4.828228148996545066e-01 4.376475901431833848e-01 5.412184940963742363e-01 4.025730919060429569e-01 4.451053507787203767e-01 4.144399926213587215e-01 3.408533016431387619e-01 4.099621800342762024e-01 3.880554622005416010e-01 4.649312268792051284e-01 3.794618103984569446e-01 3.657547833242076329e-01 4.289960585684001182e-01 2.774877480234952953e-01 2.533616291992653036e-01 2.922628547543072441e-01
7.585000000000000000e+03 5.180753862166483925e-01 5.347179367723817744e-01 4.790805134823142852e-01 6.155262528575337067e-01 6.217587110640054870e-01 6.210196720138518867e-01 5.152847315007239581e-01 5.354620127774768479e-01 6.033965167667889595e-01 4.654525443657537842e-01 5.235997919682352508e-01 4.848635565027362704e-01 3.775270466798175129e-01 2.595601748914839746e-01 2.718708251475132065e-01 3.489492604817707178e-01 5.705616364708080424e-01 1.562538502850993050e-01 4.102109394421663557e-01 1.960163195055490692e-01
7.596000000000000000e+03 5.940869457483519689e-01 6.039075839429207671e-01 5.265926542369763208e-01 6.789937930584687420e-01 6.843145485804229544e-01 6.116105336166357542e-01 4.986876593371210586e-01 3.205344074397550314e-01 5.180144272363541580e-01 4.422837407039490465e-01 5.233855431479551568e-01 4.239555456157746427e-01 3.637451544843447460e-01 2.018692981388914842e-01 3.808009309898192085e-01 5.330646659778235374e-01 6.272332817287502582e-01 2.355610248665969686e-01 9.277986871009831493e-02 2.359701809030510244e-01
7.597000000000000000e+03 5.458877684789533724e-01 5.881302919601487655e-01 6.661215243736193781e-01 7.410369888824902551e-01 6.053793390017002674e-01 5.660491256359375667e-01 4.326207066302962811e-01 3.179293618559773105e-01 5.902379192675534236e-01 4.425174387390257702e-01 3.852547610995605831e-01 4.237069820351759830e-01 2.146057735844096870e-01 5.459367810072357496e-01 5.372393841867021402e-01 6.330275792765780452e-01 3.247675206320132513e-01 1.042238306768657752e-01 2.679050535006470279e-01 1.884419185740470182e-01
8.495000000000000000e+03 5.899885888446357862e-01 6.378476631155188814e-01 7.128714246598729654e-01 7.915705210834302896e-01 4.449520300376748616e-01 4.207579501416136014e-01 5.088117173837426455e-01 3.421524062919840681e-01 3.201580089328214251e-01 6.109543409852544738e-01 2.649112605281971899e-01 4.664038729113544335e-01 3.873894433250870684e-01 3.511438173404806684e-01 3.238696769400139508e-01 3.470768161768302273e-01 3.384646551082180488e-01 4.840944095256495827e-01 3.605252394468126953e-01 2.107938266626085133e-01
8.741000000000000000e+03 4.989582477515177028e-01 5.704687017742421373e-01 6.397234653356959067e-01 6.516372882818892709e-01 6.164563629736048433e-01 4.528896545774604987e-01 5.859075898887887712e-01 4.681573203804020866e-01 6.025151619359471189e-01 4.443998188260678273e-01 4.484904779146955400e-01 3.626340764568097841e-01 3.074534648612059495e-01 2.785806598551001101e-01 2.777279849925692323e-01 2.723986937711153633e-01 4.971074488829365645e-01 4.485512751660549191e-01 3.212724374221801460e-01 3.063538323448714573e-01
8.742000000000000000e+03 5.039803106802621668e-01 6.576615867248989389e-01 6.350652693890674882e-01 6.555073623943329375e-01 4.574568134220511340e-01 6.275897011448084983e-01 6.454606634558877065e-01 3.894294168461251981e-01 5.875841866563171756e-01 3.946997915266500789e-01 2.637176942835852689e-01 3.189281682332913981e-01 2.381599867727259845e-01 3.277448108857033415e-01 2.306160092635572978e-01 4.218506997277799431e-01 5.165804101207909227e-01 2.917751737514832078e-01 2.870241963845368560e-01 5.936715025351397834e-01
1.023900000000000000e+04 5.540550845856030415e-01 6.438935963853120725e-01 5.396148037826886679e-01 6.189270163098945510e-01 4.845437327962133223e-01 5.824218273859745887e-01 5.835123874362209140e-01 2.526093668123748914e-01 6.589931399669388679e-01 5.335394741688905818e-01 3.048722001345847143e-01 3.793086436698668296e-01 4.659148433473322415e-01 3.985281607745861376e-01 4.280372668517995471e-01 3.373766870021797648e-01 2.810766250612425354e-01 2.191338331508486392e-01 4.602355545027515538e-01 2.815486520227257206e-01
1.033700000000000000e+04 5.119850763093702906e-01 6.464766765345374422e-01 7.195816854867931323e-01 5.715128708842284189e-01 5.577248563227393818e-01 5.892995399803435674e-01 4.908021549749627122e-01 3.995939453691148002e-01 5.996937468276317684e-01 4.069475350340203690e-01 7.155832680756313291e-01 4.482570459001963825e-01 5.739619582175682355e-01 4.188967752327826810e-01 3.442117498219672833e-01 4.115286190034559977e-01 2.839726539264609273e-01 2.040110999440744866e-01 1.103787318791732003e-01 1.804961826159541538e-01
1.087900000000000000e+04 3.960082012009411567e-01 6.418165700503800641e-01 6.565108525514542492e-01 6.572309280914376828e-01 6.291055545231249990e-01 7.248382814442595468e-01 4.823149083309162255e-01 3.342922035940151249e-01 5.764097628814427443e-01 4.374427083691945217e-01 3.191925648090328527e-01 5.372288556248302482e-01 5.028868284500487285e-01 3.248648232249772283e-01 3.968614131753663843e-01 3.364784136698785177e-01 3.638090683669900627e-01 3.270821215617640276e-01 3.054903618371933582e-01 1.787439669303847178e-01
1.100400000000000000e+04 7.822864848235003832e-01 7.528990352005541231e-01 6.510474687119799375e-01 4.555900005338988090e-01 3.307373577433397882e-01 4.228234817041765514e-01 4.518653166769245333e-01 3.597471774267672617e-01 4.756532178060279836e-01 5.560485260655546602e-01 4.004484520886738008e-01 3.251558910389001356e-01 5.047118314898971780e-01 5.209234522219010621e-01 5.332384449257662196e-01 2.410863255370262470e-01 2.149431548526472557e-01 2.953895826406606195e-01 1.958962736076058919e-01 3.618240102709835981e-01
1.119500000000000000e+04 5.614728250592490033e-01 6.191623456876702569e-01 5.181962418532213288e-01 5.475229941420935997e-01 5.238230787111436415e-01 6.073791453032907350e-01 4.423416450531366673e-01 5.421289431616093113e-01 5.294894534615661730e-01 5.105088708583996882e-01 3.249483075349633432e-01 4.202314827535812425e-01 2.780569807789738390e-01 3.323774320067213739e-01 1.128024298301487371e-01 2.974534981658968902e-01 3.929301585281811948e-01 4.705414647229475555e-01 5.048961422573433611e-01 3.468660247553863596e-01
1.119700000000000000e+04 5.090728066674831132e-01 5.891211005028580416e-01 5.344273225500114632e-01 6.252694328335506313e-01 5.084257130796331348e-01 7.540607304189265170e-01 4.202711362283502172e-01 4.654979281393313295e-01 5.538973008913056217e-01 5.006980980629961442e-01 2.412075385255049997e-01 3.447113553373812866e-01 1.322648219869497210e-01 3.535108870359220945e-01 3.330344644548090538e-01 5.390137380296959879e-01 6.229689340888570070e-01 3.482510481257883317e-01 4.302383520376938386e-01 1.858648974962026357e-01
1.119900000000000000e+04 5.222030275769358187e-01 6.364126266198922854e-01 5.198736312144559557e-01 7.800360149116105646e-01 4.947277101973461821e-01 6.666676881674531430e-01 4.559711015777737075e-01 4.530470153843156877e-01 5.459375479873737058e-01 4.224741248744497413e-01 1.036162223210510963e-01 3.367523038412281733e-01 3.691528931705302941e-01 5.931113065440498655e-01 4.836402338597405315e-01 3.657939865669529445e-01 4.873824022552155633e-01 1.697731230985947137e-01 3.505235227362065165e-01 3.402772019802130510e-01
1.120200000000000000e+04 6.664266950253847632e-01 5.575420785756957098e-01 6.493445214948767585e-01 5.212557200829023296e-01 6.173192818244760405e-01 4.971869635243326702e-01 4.280479538345147716e-01 3.766730740831897295e-01 6.418369011482932818e-01 4.664762307636886596e-01 4.525990030032483458e-01 5.568921819458283462e-01 3.856949172113341984e-01 5.071649657322828686e-01 1.691168952900510281e-01 3.753823459081012115e-01 4.023895614242919416e-01 2.959339893270772626e-01 3.153406046403528507e-01 1.800956164527740544e-01
1.120400000000000000e+04 5.994113360106487765e-01 5.689543998079461540e-01 6.266574814279317618e-01 5.027641333988752681e-01 4.918093831029035079e-01 5.538434811062175056e-01 5.638521901354590637e-01 3.959302878052437524e-01 6.690272754892687690e-01 4.940686328733863153e-01 4.009588995988543902e-01 5.648632598575987762e-01 2.504280942594145909e-01 5.385334221532011023e-01 4.092026112605859356e-01 4.082587825088039857e-01 4.660442905147465509e-01 2.233618124614636935e-01 2.282543567981691612e-01 1.560885256203020099e-01
1.126000000000000000e+04 6.387592940379341888e-01 6.466397290858622027e-01 6.510725517034354759e-01 5.802801548704075163e-01 5.827536414473527548e-01 5.498065528227518151e-01 4.588653178486401529e-01 3.350973416923555548e-01 5.187728727186721178e-01 4.535224237879576514e-01 5.116982961085274617e-01 4.999033610958218410e-01 3.845853733014353293e-01 4.793589732383918833e-01 3.605195033236903712e-01 4.690156496152161347e-01 2.200692211008779264e-01 1.814185422187872265e-01 2.503844672614253808e-01 2.649353714649376190e-01
1.126100000000000000e+04 5.923791858778102437e-01 6.676787792565206381e-01 5.739361239392819503e-01 6.207845065732379153e-01 5.481323118626965085e-01 5.329705255928637309e-01 4.517585680517841040e-01 3.168402197137777931e-01 6.059959149422520230e-01 4.922089376038536468e-01 4.512882127168608148e-01 4.299463700180728987e-01 4.774856316583721560e-01 4.984441134859082245e-01 4.578210157606638631e-01 2.195368533967329561e-01 2.406264534814349931e-01 2.640086028232950244e-01 2.886923424866837951e-01 2.761245696894809032e-01
1.126200000000000000e+04 6.075435582974884063e-01 6.100825904135440680e-01 5.993786759116781493e-01 5.678783505033655477e-01 5.221663330021611982e-01 5.152994585196377653e-01 4.088393680267438657e-01 3.858432012454863225e-01 6.555105067980132594e-01 5.175827801253872762e-01 2.698429910248540398e-01 3.910147690492364880e-01 3.558137623447625852e-01 4.586247712025803835e-01 1.496662752060937962e-01 1.627777112579879559e-01 2.445859573654671493e-01 2.149556749213952511e-01 2.125709543240702215e-01 1.000000000000000000e+00
1.126300000000000000e+04 5.466200820446680542e-01 6.298692206300449126e-01 5.560751057393273911e-01 5.431991266722302480e-01 5.110677923087820762e-01 4.871743025349257183e-01 5.189167362112483417e-01 4.354679592561692680e-01 7.004917421033239888e-01 5.022069879079468224e-01 3.118906525126633467e-01 3.791531932199156962e-01 4.236267429512154958e-01 1.856644307100392410e-01 1.498274723460216451e-01 2.233403137392968030e-01 2.620487326223038260e-01 2.064780674276579797e-01 1.000000000000000000e+00 2.843844453071909251e-01
1.189800000000000000e+04 7.104691456925783521e-01 6.956442218100967745e-01 6.990518806716268241e-01 6.343725798121481185e-01 5.285636261667965297e-01 5.019120620778271258e-01 4.755715434896216065e-01 3.616633081641336678e-01 4.813994308236138608e-01 3.453529311591522211e-01 5.099301846275482442e-01 6.584497183390767283e-01 2.442701250692453918e-01 2.203258322871492481e-01 3.919335509340460266e-01 4.221764926778354687e-01 3.480771917426751516e-01 3.636155635471572944e-01 1.747019417619581072e-01 2.186679190286517360e-01
1.189900000000000000e+04 6.710200810056722309e-01 7.199433889691297939e-01 6.558251784266082574e-01 5.932497273077149691e-01 5.357053937644652430e-01 5.800322098781494073e-01 5.352872879655062865e-01 3.119799831936738710e-01 4.674981090763793423e-01 3.707856137763282378e-01 6.039643443540309020e-01 2.969607636606045320e-01 2.173292878156233843e-01 5.295344922571525448e-01 4.033692330221586020e-01 3.345005337215201657e-01 4.708146049054057758e-01 1.797687943201423388e-01 2.334739727760188899e-01 3.377540967821948126e-01
1.194800000000000000e+04 5.429552014399237070e-01 6.168723589394808915e-01 5.537095129742406474e-01 7.676709667216535804e-01 5.266203126866743078e-01 5.095659123154270276e-01 4.233345392829179210e-01 3.113584813008110075e-01 6.587066849626613818e-01 5.243192623516941264e-01 2.630295059461549290e-01 2.518741499661903971e-01 4.013193084364736762e-01 4.725296349212012581e-01 4.125637250019982272e-01 8.424336607733775573e-01 2.418829416817419031e-01 1.455721950339956827e-01 2.148049790958347083e-01 3.546308748188449211e-01
1.194900000000000000e+04 5.415743966584605218e-01 5.889349032268338391e-01 7.211800446758444005e-01 5.293630987717725667e-01 4.895820540944905708e-01 4.802154422557573521e-01 3.839875290042809586e-01 4.226823427092834540e-01 6.938528155246360685e-01 5.448112857538670584e-01 1.765282138023736291e-01 4.207252676375950462e-01 4.400868076974637222e-01 5.343399229755066981e-01 7.676766797804696063e-01 2.229885734026469113e-01 1.775298659185471917e-01 2.106013739117997829e-01 3.592968889576108604e-01 2.570481131074393022e-01
1.252400000000000000e+04 3.984627280026912799e-01 5.321549349682445085e-01 5.399851571618884405e-01 5.844240387927800429e-01 7.702030511352387920e-01 5.787886775775439308e-01 5.054459348167672506e-01 4.274596814368924469e-01 6.437799811451061505e-01 5.310804828391065824e-01 2.452027801284974995e-01 3.390350895722014646e-01 4.691293195500444435e-01 2.833079671082961437e-01 3.397192624878685452e-01 3.892884973535201132e-01 3.137648373609364660e-01 2.871824867103318080e-01 4.782122044498565150e-01 3.620150764278449174e-01
1.253200000000000000e+04 4.477846941516533397e-01 5.728920100680596761e-01 6.359178586127350874e-01 6.294259999099589553e-01 5.809510754392053222e-01 5.733133576172814161e-01 4.546484463965200784e-01 4.029241544068425940e-01 5.457216232500237130e-01 5.955697393842520615e-01 4.441443355737882959e-01 4.148139000280388622e-01 4.670716792453699084e-01 4.920178141246142611e-01 3.788885327843833362e-01 1.456826524925432242e-01 3.447870216884679762e-01 2.152763443730983106e-01 3.288254082685643787e-01 3.645669934646404986e-01
1.254700000000000000e+04 5.986554130394895479e-01 6.400379802754042613e-01 6.498785920107539305e-01 6.445176618339361063e-01 6.315834430973538138e-01 5.717565680622620494e-01 5.213230911446544713e-01 3.316124618013642222e-01 5.278496699871374487e-01 3.802837464483631580e-01 5.086341704099668348e-01 6.296717317173199380e-01 3.195741053152045263e-01 3.087090884990365547e-01 2.584948442004462166e-01 3.745818317572766620e-01 3.592907798516890572e-01 2.473913986404732701e-01 2.279623618945652574e-01 3.410678299826951920e-01
