1.560000000000000000e+02 5.746745981924541447e-01 6.235349587231571178e-01 5.127238090466944564e-01 5.332877786988616808e-01 5.246967360769104749e-01 4.730157754819484528e-01 5.011885150857318116e-01 4.761221940979951106e-01 6.697302129036502016e-01 5.158671020313142508e-01 6.637684369068405088e-01 3.599828167863696193e-01 7.536228474324577764e-01 2.692023235477921106e-01 3.158109224829829809e-01 5.032441093594357540e-01 3.874293543159906261e-01 1.200264288235181748e-01 2.343645410145222541e-01 9.727539322645763209e-02
1.570000000000000000e+02 5.593446560384964794e-01 5.715042302487679526e-01 5.212301819734291852e-01 5.425938575821244170e-01 4.701334774460251831e-01 5.556519634187161438e-01 6.496726783420034845e-01 4.454870135383213747e-01 6.945694415881673578e-01 4.922046316554409273e-01 3.241930297949000561e-01 8.035659316296885901e-01 2.903936371817985584e-01 4.640263692148736130e-01 5.197295019734874399e-01 4.047821229755199091e-01 1.723181771871262202e-01 2.636935129510686870e-01 1.199498482539708560e-01 2.417979423053861210e-01
3.340000000000000000e+02 4.421498678788688963e-01 4.604429796011554887e-01 3.790069750404626570e-01 6.785693682267087690e-01 6.241419270983982193e-01 6.840893535452272634e-01 7.283092497368685025e-01 4.283865539123762889e-01 6.152256355815530764e-01 5.580726012219128229e-01 5.749935144365755368e-01 2.870378401890013031e-01 1.878422598241912822e-01 5.435272205926588995e-01 3.034366907127939439e-01 2.830256848373964851e-01 8.545134681382758890e-01 2.808314525384754679e-01 8.478772226513772714e-02 2.666388581976252281e-01
3.350000000000000000e+02 3.631003998128375376e-01 4.727809630712755395e-01 6.355142610312423113e-01 6.380086378412845871e-01 6.418676432945538135e-01 7.130178696157088991e-01 5.533331654199185046e-01 3.792470183432216646e-01 7.427826419927245905e-01 4.821214105775472603e-01 2.348791448269074711e-01 2.577274466150338839e-01 5.548282769041132934e-01 4.307331818070977425e-01 2.874405938668483929e-01 8.516619971072334483e-01 3.830199435019829846e-01 9.436212330407833804e-02 2.986957781720216976e-01 2.563990395596975058e-01
1.873000000000000000e+03 6.010013426205441656e-01 5.914819553013168640e-01 4.618511198489868574e-01 5.645262573695246644e-01 4.076703393631740946e-01 6.050624408114835262e-01 6.508882884341319341e-01 4.328093764667783061e-01 7.131024436284449930e-01 4.703121323139161647e-01 3.567725810464851821e-01 3.650158510820256108e-01 5.145077565641186235e-01 5.242473517360873858e-01 3.226888374794797398e-01 1.612335200527121315e-01 4.504644336273866401e-01 2.462467749803928241e-01 3.564885069409349239e-01 3.190068210654549152e-01
2.101000000000000000e+03 5.959783857333725843e-01 6.552810437518821196e-01 4.894736177123509835e-01 4.207433219078079434e-01 2.518868993566079628e-01 6.762365746022017676e-01 6.399514958586395297e-01 3.496464581974083607e-01 6.339404374074359971e-01 6.527275072852384286e-01 4.817369401489661751e-01 3.917905841114573962e-01 4.095168002036622679e-01 4.099441352496052682e-01 3.098487550101943766e-01 3.489941404798933000e-01 4.378986978675444286e-01 2.332994847344632139e-01 2.886770338851988305e-01 2.934025808025989002e-01
2.267000000000000000e+03 6.898346993173712915e-01 6.454251589636826880e-01 4.068309496408214487e-01 4.818777804436962797e-01 4.745300892151410044e-01 4.448155027181622811e-01 5.874941756972511531e-01 3.771766302444993224e-01 6.107592646949983051e-01 6.079073924199679402e-01 3.959822383228884246e-01 2.933374211118157104e-01 5.613067073927223705e-01 3.777587632763254599e-01 4.192796898187441945e-01 3.983491736288308771e-01 3.197110872279143035e-01 1.198358030555656678e-01 3.225031530527961432e-01 3.848103418232157735e-01
2.268000000000000000e+03 5.725128922704304513e-01 4.926531989558714519e-01 4.586776276400364449e-01 4.672204743925396642e-01 4.302033969330154028e-01 6.064052507344299681e-01 4.804936031274236186e-01 3.777117945820282485e-01 8.240827569789549445e-01 6.797038243953684722e-01 2.143507325390251461e-01 5.512906082646755745e-01 3.472162278204834474e-01 5.359038714000878834e-01 3.600552570271802200e-01 2.896555169408002728e-01 1.425788581390697862e-01 3.128152587960757458e-01 3.844282164359836829e-01 3.954815172807372159e-01
3.350000000000000000e+03 4.769630684407456522e-01 5.736141936029818256e-01 5.740863673212427409e-01 5.285815171148597891e-01 5.985069256368763524e-01 4.837264494993811503e-01 3.868776685058196163e-01 4.607648702329675272e-01 7.140078355341518135e-01 5.927181250883657437e-01 9.050723022437860699e-02 4.549449711171142940e-01 3.928761518157369292e-01 2.520699505190480694e-01 3.783649051107297323e-01 1.795819035229457572e-01 8.341918513513978117e-03 8.679469471386741519e-01 3.922184808119095756e-01 3.556504507736101828e-01
3.351000000000000000e+03 4.793598099404982604e-01 5.899139873707976989e-01 4.839624130012234460e-01 5.922437881471873666e-01 4.487096065151704449e-01 4.320668508997958512e-01 5.820587240421248865e-01 4.559714290358427569e-01 7.828537336117395995e-01 5.945940416710736587e-01 3.459460305913172329e-01 3.841225317633840675e-01 2.125017332359219191e-01 4.474216956504936116e-01 1.498255355447414283e-01 3.672073510912082263e-03 1.000000000000000000e+00 3.539530304558661244e-01 3.300056059192932323e-01 3.597129211971310525e-01
3.352000000000000000e+03 4.979234831999584943e-01 5.317066253048464697e-01 5.424951556238166717e-01 4.186720612063961067e-01 4.028386283424752468e-01 5.843142558801658337e-01 5.754397078989814673e-01 5.189827620131267638e-01 7.862137741115580170e-01 5.943531197872552463e-01 3.329284149833625639e-01 2.763648149161568313e-01 4.503239113066326849e-01 2.069808943910773913e-01 1.219199343533666942e-02 9.791257001037827479e-01 4.736616109335051727e-01 3.505489652987940907e-01 3.928651084570952134e-01 1.143404244733090130e-01
3.510000000000000000e+03 1.687878042956002522e-01 3.709938521767145447e-01 2.444838852712457322e-01 6.453316943100454450e-01 7.646034325609254445e-01 5.235304206232892499e-01 8.065995404015220416e-01 5.218523194622404215e-01 8.862273532607460869e-01 7.125931649167512871e-01 5.284175959621946195e-01 4.168629774135230170e-01 2.011694732144234665e-01 7.114613599012505896e-01 3.646369265974140905e-01 3.554809762392641126e-01 4.777882088642340652e-01 2.221860752446485343e-01 1.629309776344724514e-01 2.327308366707998566e-01
3.647000000000000000e+03 4.717149096070742398e-01 6.131870578714200271e-01 5.078949146500633116e-01 4.525661648941328719e-01 4.844794466572610592e-01 6.400883555734269148e-01 6.523574260603316466e-01 5.044860424722619197e-01 7.321388239882640203e-01 4.612442810896977274e-01 5.194313705080993993e-01 7.096656771273764930e-01 3.433962653497064643e-01 2.632966712861648517e-01 5.185819483624093396e-01 4.145169029244628045e-01 2.483014218159958486e-01 9.025435110508828185e-02 0.000000000000000000e+00 4.783712434580968953e-01
3.948000000000000000e+03 7.088975072103577135e-01 6.782049531552893917e-01 4.210998279258942878e-01 3.856527209407812906e-01 4.372102021384376425e-01 3.425587867511584172e-01 3.669835066910941412e-01 3.706623176639509132e-01 8.311201903548771641e-01 6.593986174086458041e-01 5.403582261183702551e-01 5.995001879050826377e-01 3.754466312789961902e-01 1.491869367180868600e-01 4.915921282778469847e-01 3.619375571299660588e-01 3.890724984861284597e-01 2.870393536058004624e-01 2.608848152316227686e-01 1.170538097032157721e-01
5.205000000000000000e+03 5.231729877089279501e-01 5.607246660047178199e-01 4.265445316612947457e-01 4.310737981846820555e-01 4.970242720589838625e-01 4.757627837074378530e-01 7.804689136681948192e-01 5.267713424081442719e-01 7.226775749057922082e-01 5.517445288080331522e-01 3.461867360935971805e-01 3.914819488619707966e-01 4.970190138230756172e-01 4.760776878286834823e-01 2.872377315267132247e-01 4.446427709940866668e-01 4.502957319979133954e-01 2.735395019874750089e-01 2.597268318409260979e-01 2.180430254520924205e-01
5.556000000000000000e+03 5.988688282802663299e-01 5.912448757741048944e-01 5.908678763880493845e-01 6.163749004325922431e-01 5.606245073173115046e-01 5.243370094287063132e-01 5.069305161467366760e-01 4.637917067911770941e-01 5.774628026713792828e-01 4.393018262497074278e-01 4.992921771372044182e-01 4.963711361617282880e-01 5.273836921317262005e-01 7.300553432447575153e-01 3.060205440591526882e-01 2.025492371178134188e-01 2.495961931324431893e-01 3.285245143708917515e-01 2.813204741441792112e-01 8.372056496581417595e-02
6.585000000000000000e+03 3.673157322534285063e-01 5.438778603729276240e-01 5.780920857433389237e-01 5.559241535846088933e-01 4.946160128475972639e-01 4.495823069034368680e-01 4.901843243775189096e-01 6.974875152337320916e-01 7.754821067682339253e-01 5.355236122915864039e-01 3.187247355633245904e-01 3.686583932723118129e-01 5.184370515523016865e-01 4.883384078876630841e-01 9.912937809587653304e-02 2.408266770186702765e-01 4.223379830201345886e-01 4.254909752751874219e-01 4.203254008040424039e-01 2.850853696857530983e-01
7.515000000000000000e+03 4.972031473643256372e-01 4.942985403963343072e-01 5.374745505919560351e-01 6.595106277321863830e-01 3.965728251418778605e-01 6.090971234220005082e-01 5.908199757905723271e-01 5.102036525603665940e-01 7.575477423392457110e-01 5.026255418012069986e-01 4.654665264470785324e-01 6.083147010903470209e-01 4.807869735682373524e-01 4.007091568266186732e-01 3.563517130113990627e-01 4.102617700433997538e-01 3.254115617876900401e-01 1.564308483519039616e-01 2.003649384281542545e-01 2.443817074949697354e-01
7.516000000000000000e+03 3.832015693405667056e-01 5.596588876168336890e-01 5.934688538345002096e-01 3.467307894997512796e-01 5.515196722070985214e-01 5.801588652101271615e-01 6.424467824251660630e-01 4.865223760959009325e-01 6.310254801971737493e-01 6.686918403133914612e-01 5.466181870410402599e-01 5.020658526417305367e-01 3.862041970461966844e-01 4.755171427695720210e-01 3.879077635935961887e-01 3.094534765398605503e-01 1.988646039078895977e-01 2.035549998668233496e-01 2.572132717588062611e-01 3.311480922423639117e-01
7.517000000000000000e+03 4.657730068356322750e-01 6.043232828670832557e-01 3.207403063340321658e-01 5.407495024467270373e-01 5.377101472189245168e-01 6.338299398042701593e-01 6.244087000123269560e-01 3.830145024922430586e-01 9.053217303233153102e-01 4.978507628221908732e-01 4.375401351591777788e-01 4.182819634879298976e-01 4.565629827944430175e-01 5.172870476179127763e-01 2.934386117599852017e-01 1.905935934567286605e-01 2.589870444406535133e-01 2.608252814589152591e-01 3.460606123994748873e-01 4.007252384852940108e-01
7.532000000000000000e+03 5.929137431320939955e-01 6.237365270967073494e-01 4.074483393980157242e-01 4.675616125778904730e-01 4.275763379708940048e-01 2.441233950495746430e-01 7.449990602767447845e-01 6.158478466386557715e-01 7.314133170955287033e-01 5.554405935201884859e-01 3.770086158678259136e-01 3.988797480967760101e-01 4.155331225747833090e-01 4.562264199314898239e-01 2.634624955531275070e-01 4.472311910656289746e-01 5.446585098191688568e-01 3.646965989019654852e-01 1.858036000465833892e-01 1.888325073932932419e-01
7.583000000000000000e+03 6.509844872370810220e-01 5.956120417382037013e-01 5.189811296154260845e-01 4.431604265201023463e-01 4.608257092705703162e-01 5.858419849748017771e-01 5.891752669775938145e-01 4.174901614205546729e-01 5.877203380990069226e-01 5.519554192018998329e-01 1.862259405211782459e-01 6.105501838450332341e-01 5.962210016310244276e-01 4.971108311348360065e-01 3.054372906806551158e-01 2.139060877872950572e-01 3.119016695870927003e-01 2.983124788942340122e-01 4.533219119390227148e-01 1.506933244591109333e-01
7.584000000000000000e+03 5.408702655697352757e-01 5.870084937657353841e-01 4.564831074819011847e-01 4.876148166121122007e-01 5.878347781831740892e-01 6.426939362691319602e-01 5.857417420247469364e-01 3.867226138427641291e-01 7.689699341640312547e-01 4.582803349233898760e-01 5.004120324300594946e-01 5.564825495086469509e-01 4.336416436176677158e-01 3.670035771905589828e-01 1.836053116188342826e-01 2.673953388185918989e-01 3.447111238910107178e-01 4.194948210427856816e-01 1.427526351949386929e-01 3.696127944628701534e-01
1.100500000000000000e+04 7.223587339158580312e-01 6.772602205331952341e-01 4.747175163615887095e-01 3.438447811830727119e-01 4.481956411127935302e-01 5.430145541165843914e-01 5.085755211346540960e-01 2.908483604967096459e-01 7.822696033836070706e-01 5.325772231861585215e-01 2.464542360254355913e-01 5.048184610985279042e-01 4.800032311916161420e-01 6.866708968085772913e-01 2.198598951631697274e-01 1.960460243774533873e-01 3.614117791302319804e-01 1.896484581724016960e-01 3.628008894021712005e-01 3.903722080359756097e-01
1.100600000000000000e+04 6.333500672454445146e-01 5.590470031388911076e-01 3.669205483493347408e-01 4.742514798485055749e-01 5.505906567654027528e-01 5.812105948754034968e-01 3.977440337759191591e-01 5.650187500992033263e-01 7.396235068595228279e-01 5.129785525589721784e-01 4.370367821257176710e-01 4.973675931796950334e-01 6.524743538075723492e-01 2.875051150131763267e-01 1.863142689958460219e-01 3.397608753998317410e-01 2.389705588443351847e-01 3.651881601978446135e-01 4.040069561987801872e-01 1.827936600355890007e-01
1.100700000000000000e+04 4.856958067995640893e-01 4.756626357251625414e-01 4.654672217726923966e-01 5.706922298726138099e-01 5.653479358785856723e-01 4.732168224585101002e-01 7.802576752852546926e-01 5.074699027580095168e-01 6.882017864325852274e-01 5.531254221971623197e-01 4.483488216430602802e-01 6.719832840389233786e-01 2.892246121925833857e-01 2.553129025759327542e-01 3.336511672044576438e-01 2.375790870399489552e-01 4.839295132285104661e-01 4.245300445182539906e-01 2.013146932150341462e-01 2.165206025433022985e-01
1.100800000000000000e+04 3.804074826403308629e-01 5.291114910364814738e-01 5.373299816093226600e-01 5.700594328845671743e-01 4.533241671853440735e-01 7.537943005008865827e-01 6.721237162668202147e-01 4.459728379352678740e-01 7.353254861322657820e-01 5.177300503885431393e-01 6.256765086379777463e-01 3.406486886811276871e-01 2.548171091091474549e-01 4.560685168541243617e-01 2.332068437469326794e-01 4.689437304371465998e-01 5.571963989699689757e-01 2.101896668330032192e-01 2.346117772489377251e-01 2.523584559030755403e-01
1.120500000000000000e+04 4.969456669718661512e-01 6.444081818723036426e-01 4.917081293550745191e-01 5.025743863016108870e-01 5.410101650978058618e-01 6.027045709827433262e-01 5.274266498007844639e-01 4.433683866724013045e-01 6.585922308225847788e-01 5.227836205217570864e-01 5.014699110600142617e-01 2.991614508931580430e-01 5.165025523727950763e-01 5.461268365371947375e-01 3.853553860473880044e-01 4.402813487267657200e-01 2.844731815130495112e-01 2.314519309329488295e-01 1.657863940727798135e-01 2.844780192390380380e-01
1.126400000000000000e+04 5.620137056284560950e-01 5.956982914337307644e-01 5.242035736489664144e-01 5.200960083255371513e-01 4.770974649348555530e-01 5.630548697500433741e-01 5.805936765580913539e-01 4.679952004434225210e-01 6.670042908450259933e-01 5.024314711205145612e-01 3.072085958491501678e-01 4.449590190401279677e-01 1.773114190747981933e-01 1.912580761197892332e-01 2.094955246274899374e-01 2.451273355494357487e-01 2.579129831792439376e-01 1.000000000000000000e+00 2.929177598191303189e-01 2.580024885911052501e-01
1.195000000000000000e+04 5.168894654855701321e-01 7.035686127007179103e-01 5.126284124735593917e-01 4.962871717048947806e-01 4.718647091296322982e-01 4.591627420431324547e-01 5.628972315570880403e-01 4.629137794953289142e-01 7.351969645499666361e-01 4.920594457367198360e-01 3.430488416375416794e-01 4.528115752463180987e-01 4.959753842858535267e-01 1.000000000000000000e+00 2.052953544202388014e-01 1.637694941423908923e-01 2.582083177249637762e-01 3.525957347419886312e-01 2.605190529346938511e-01 1.976478594093974139e-01
1.195100000000000000e+04 6.437105964851304041e-01 5.666588043588989265e-01 4.800611536024712578e-01 4.731208136739660230e-01 4.507917747432935718e-01 5.959267099857193939e-01 6.199267567718170779e-01 4.984239514013876216e-01 6.497351775138971997e-01 4.840984628115802546e-01 4.072612807065038587e-01 5.367423107669011539e-01 1.000000000000000000e+00 2.863109596563143122e-01 1.677487594108373892e-01 2.600983450318988255e-01 4.738574328094274368e-01 2.785005550122692797e-01 2.204580185322834729e-01 9.998174528700402852e-02
1.195200000000000000e+04 5.001362376373302832e-01 5.543758374004632561e-01 4.725380133548857664e-01 4.635521837296552317e-01 5.861815106790693175e-01 6.546924007807785051e-01 6.915688117179429328e-01 4.329604439833787399e-01 6.507396913748095812e-01 5.161604867688192044e-01 4.974914600449473756e-01 1.000000000000000000e+00 2.933526817765954586e-01 2.340540505139792060e-01 2.618523393727741899e-01 4.713656604660403371e-01 3.754931092341490806e-01 2.367315505006784560e-01 1.159503549104814735e-01 1.464793610668527479e-01
1.195300000000000000e+04 4.710532609525256431e-01 5.358455452148666032e-01 4.427828728084252097e-01 5.978942764351018457e-01 6.189805554707638047e-01 6.882762024548270130e-01 5.651087843810370659e-01 4.148648073705178962e-01 6.803766963647686072e-01 5.114539015151294832e-01 1.000000000000000000e+00 3.553884711280492770e-01 2.445824580240108237e-01 3.714410835181954917e-01 4.721973781035001538e-01 3.796062445127126317e-01 3.232466156865425044e-01 1.277296563732558399e-01 1.681905469391191399e-01 1.911295198169715992e-01
1.253000000000000000e+04 4.459069811987534937e-01 5.566253271064516284e-01 4.836117709749317428e-01 5.745214825171658379e-01 6.662474315533277736e-01 6.636589154800336399e-01 6.134823233316363256e-01 4.318512503293840399e-01 6.039112846988682337e-01 4.981645835869762950e-01 2.541852665178806481e-01 3.639054468123813502e-01 5.555056684349946039e-01 4.544041656171676768e-01 4.149120269175264886e-01 4.448945952138402271e-01 4.834074754119855877e-01 1.410370537916846023e-01 3.048139819085245450e-01 2.324597402917008837e-01
