3.330000000000000000e+02 3.570341490547621066e-01 5.480679296213917251e-01 3.863009858380581640e-01 4.265219755267969926e-01 6.839717636888476004e-01 6.921065106598126571e-01 7.268835117185939998e-01 5.692345839347708880e-01 6.954161151768636362e-01 4.937164440699092771e-01 2.923723764808580095e-01 6.508121259485242227e-01 2.436774965946825744e-01 1.991372569249303948e-01 4.175129661997754038e-01 3.287917111983467144e-01 3.061265618192837712e-01 6.825347869410941515e-01 2.843073691796354496e-01 8.064232338419581592e-02
3.360000000000000000e+02 3.812415536392232962e-01 6.431140611525302253e-01 6.044211835476278605e-01 6.651243174546606074e-01 6.733888857880200307e-01 5.831256337348568186e-01 4.878300013569039084e-01 5.007205472383517986e-01 6.290237247549155253e-01 3.803757459211513647e-01 1.779884125763658842e-01 5.427349784227732954e-01 3.930199409003373168e-01 3.613907520025207987e-01 7.617954877869023145e-01 3.442818836541814975e-01 1.098628028849694266e-01 2.875014713844558645e-01 2.551027514844573241e-01 2.897062785694876630e-01
5.710000000000000000e+02 5.350836110246381949e-01 6.237472526687189989e-01 5.800587807783522676e-01 8.849391395631710511e-01 6.306904204688467130e-01 5.436560632472321464e-01 5.311691337733124296e-01 4.603904164748623407e-01 6.433229176794038606e-01 2.065752349779543251e-01 6.470404386219327231e-01 2.930682800879352290e-01 3.396155866447402860e-01 5.285835088004710025e-01 3.310992189473238589e-01 3.707511363009848848e-01 2.548355494730202842e-01 1.739125232575224056e-01 2.576016843303797765e-01 4.024415565405741746e-01
1.370000000000000000e+03 1.184099923533720039e-01 0.000000000000000000e+00 7.004476767214929955e-01 8.067734052556014834e-01 8.117100197971200970e-01 8.396612118853346018e-01 7.158648221692859304e-01 6.834506278323576600e-01 7.386481827027868707e-01 5.387190641910691857e-01 3.357472845736780287e-01 5.530321933813105995e-01 5.366445011640617047e-01 3.995807645501096572e-01 1.754480154640985778e-01 4.531144840050976841e-01 3.485654311499500890e-01 3.120452157877358634e-01 2.601705397619956672e-01 2.512531891359492398e-01
1.685000000000000000e+03 4.019839523248586732e-01 5.400513609479816735e-01 5.988823919806218754e-01 6.615518642268974903e-01 6.022432926825084243e-01 8.874560582784167817e-01 6.319009028130012640e-01 4.610793788720356501e-01 5.092505657114900774e-01 3.697825538580020721e-01 3.222649761228429943e-01 3.055936331227983027e-01 5.632389596584753688e-01 3.760695319839206796e-01 3.203645122092590447e-01 4.077131557686068386e-01 2.917031536379637857e-01 2.267590315756145558e-01 4.408219351958990173e-01 3.149653058927944782e-01
2.103000000000000000e+03 5.157028483070650315e-01 5.384402610145135881e-01 2.832280765405289502e-01 7.385480521949441268e-01 6.819868016818196876e-01 5.695627182808339350e-01 6.138252973168504267e-01 7.039774980135216076e-01 4.422394443942465059e-01 4.458570692514026157e-01 3.997835307289802631e-01 4.507478780537619301e-01 4.249930047410148681e-01 4.714787159985834308e-01 4.180308496752722092e-01 3.041706695865525334e-01 4.013929735198407678e-01 3.342341032522114230e-01 2.504369953582543662e-01 1.679397062284158915e-01
2.104000000000000000e+03 4.673084739272548860e-01 4.255242347729126240e-01 7.134430007725243161e-01 7.305592423396942703e-01 5.610302694337526708e-01 6.482355616910790985e-01 9.970847415091668164e-01 2.425544914466564173e-01 5.888588193869662701e-01 4.149729741038166164e-01 3.862645544857113977e-01 4.532431363081912967e-01 4.538348978520788113e-01 5.593695672611115333e-01 2.892564580905918614e-01 3.807773914634318135e-01 4.280372254974144086e-01 2.546070750030344221e-01 1.784792420917463984e-01 2.772519526766952791e-01
3.041000000000000000e+03 4.075448241341823596e-01 5.760794949520360309e-01 5.187587505626611861e-01 8.778055336835411948e-01 6.430442176835465817e-01 6.524869409324793867e-01 6.102287017039063066e-01 4.752309459466710351e-01 5.186731717706412059e-01 3.638685652938100090e-01 6.264385833224821454e-01 6.392634648014121623e-01 2.967823889722841502e-01 6.170885367044323111e-01 2.356507642280130654e-01 1.364680924715204469e-01 2.911646855910846599e-01 1.485661480908352650e-01 2.900884405758419882e-01 3.546070093249734656e-01
3.179000000000000000e+03 5.267816021976953200e-01 4.822646861063221158e-01 4.258624425230150834e-01 6.801845717345649245e-01 6.185768789369403553e-01 6.138834216595355775e-01 6.799855733595422391e-01 5.276933101681285931e-01 6.287126032292287281e-01 4.240817079247187205e-01 2.975457393838433773e-01 4.879371523714300940e-01 4.426300379708481003e-01 3.165883138242971961e-01 1.338370591986413893e-01 4.046784906585996211e-01 3.276739351904668363e-01 4.111310188389246112e-01 4.538563637661924277e-01 2.607279938983876888e-01
3.648000000000000000e+03 5.461958863584941426e-01 5.669940299243103610e-01 4.453651914726964867e-01 4.935256694871362759e-01 6.178231171434677149e-01 6.710813590684231444e-01 6.892585255506658015e-01 5.003920836387539817e-01 6.063851117031053839e-01 4.154431695699132843e-01 6.512203212084857196e-01 3.820190997506725528e-01 2.560144941656887219e-01 6.967118837284166366e-01 3.927130847191238061e-01 2.378695867406017406e-01 1.140353440212081571e-01 0.000000000000000000e+00 4.996032947975584948e-01 3.685662279874566960e-01
3.649000000000000000e+03 5.238600654075984409e-01 5.526420225162737010e-01 5.232380117750838888e-01 6.929299922191251015e-01 6.838139397699947164e-01 7.424900440818859026e-01 7.379721973391976109e-01 4.224451814734327959e-01 5.742893384006471091e-01 2.505583656595243291e-01 3.270303936890509022e-01 3.131597693909459745e-01 6.894196341532643491e-01 5.424183531380716294e-01 2.357153269410729446e-01 1.170832281621456417e-01 0.000000000000000000e+00 5.239978555516584535e-01 3.980803559310059914e-01 3.951467204739991246e-01
4.132000000000000000e+03 5.184741424077413674e-01 4.818197849948624989e-01 2.851804795470234688e-01 8.545433945162026479e-01 7.278762509461159658e-01 6.863945687788739480e-01 6.672766591160371741e-01 4.835826765279200856e-01 6.727282994622639789e-01 3.124305299808349812e-01 3.967475070600144371e-01 4.172231032149827379e-01 3.456396825739865841e-01 4.417292655087975972e-01 1.973239482443983339e-01 5.574321509724110557e-01 4.088792776781021709e-01 3.097003577367202776e-01 3.007197864842254265e-01 2.292983038842033583e-01
6.762000000000000000e+03 5.290311772318484485e-01 5.628029289541384150e-01 3.981680999157345968e-01 4.021743762973633007e-01 7.660192074474757584e-01 7.087653796655639660e-01 6.308425960250879649e-01 4.960495419028209119e-01 5.901097767144726225e-01 4.354935772123036397e-01 2.993483915234755321e-01 3.804437923092727214e-01 5.838160505011539270e-01 5.327096148033920731e-01 4.183023803798344709e-01 3.049880358772973366e-01 9.525228860334873648e-02 2.722875644862438604e-01 3.935976055931043049e-01 3.041452422987473425e-01
6.763000000000000000e+03 4.988253862104394254e-01 5.038843812179599757e-01 4.118426657123279155e-01 8.345925475315282283e-01 6.912054047056648276e-01 6.675529959214538955e-01 6.936239497387545194e-01 3.824024149884491242e-01 5.782335976868157035e-01 3.938543829593754708e-01 3.062919924421226847e-01 5.802398751198870608e-01 4.992929391114757087e-01 5.456576405331056145e-01 2.823526727194914931e-01 9.038780964753607983e-02 3.388652532036562359e-01 3.902107747910532609e-01 3.107945124434193795e-01 2.667133948696845391e-01
7.175000000000000000e+03 3.857344688668312704e-01 4.398336455425655434e-01 4.939654537309885463e-01 8.133249851846867662e-01 6.594913211944889442e-01 7.330865792683188831e-01 6.457664224842928347e-01 4.590586784035787238e-01 7.182585439422830564e-01 3.759442559132970541e-01 3.055621511131078050e-01 5.302767935164943713e-01 4.921597492725377498e-01 7.372259235488108908e-01 5.155443800639997187e-01 3.449138832283826783e-01 1.745274586131290995e-01 1.674102635980584119e-01 2.115730167946561213e-01 2.092835289372551866e-01
7.534000000000000000e+03 4.457204723381058553e-01 5.571193391853757060e-01 4.559511553900097991e-01 2.728043233557349567e-01 7.420154662621374353e-01 8.651174167603447041e-01 7.277406593399580181e-01 5.515288339373566329e-01 4.398167645915854740e-01 4.849190838833513650e-01 3.655539315778734699e-01 4.506604517906037666e-01 3.240662641407199285e-01 5.438731010440197577e-01 4.676295475974021620e-01 4.254755413560111221e-01 2.299771612370218876e-01 1.944885133111074749e-01 3.150927284612957679e-01 2.771043477988293646e-01
7.535000000000000000e+03 5.026671305110094190e-01 5.505104297587761764e-01 3.075965349248610536e-01 8.221265760755127605e-01 8.446260292368780176e-01 7.578046057103341449e-01 7.957293620239747067e-01 2.581663629593451970e-01 6.700763019027157208e-01 2.425378236504581453e-01 3.762123229128679913e-01 3.565876855945745993e-01 5.095047318460226293e-01 6.108514594569255385e-01 3.920979819873960937e-01 2.137566612584342052e-01 2.406686700452873584e-01 3.119405464093357727e-01 2.833675544278810854e-01 3.194675666765989241e-01
8.004000000000000000e+03 2.103696952514051699e-01 4.083321816725604680e-01 5.175598168137522936e-01 8.384399136927724872e-01 8.418165189117339242e-01 6.157871136944195189e-01 7.241144749660406443e-01 5.221669010619663931e-01 6.711587640854433934e-01 4.263223127623407827e-01 2.316285272016775920e-01 3.794753692195917405e-01 7.140106569998189157e-01 5.232271556205065899e-01 3.282828377729304359e-01 3.688895271249768570e-01 3.918462976150948740e-01 2.876524912845668247e-01 2.324713985290752516e-01 2.188629015780125253e-01
1.025600000000000000e+04 3.861888517007516231e-01 6.110702106282480672e-01 5.927332574510769669e-01 6.994569183641143884e-01 6.162950696148682406e-01 6.115194904799589048e-01 6.482768239778522457e-01 5.306620489348059522e-01 6.786565523402404709e-01 2.888374701452439686e-01 3.137208536787071123e-01 4.158853503087981962e-01 4.965114123811105173e-01 4.469106902770129675e-01 2.231775909199227026e-01 3.071238923455562042e-01 3.731548903306199927e-01 2.218396863356755233e-01 2.686015987435124708e-01 5.128834911173457689e-01
1.170800000000000000e+04 5.277291666945627124e-01 5.995105827407762877e-01 5.971597926203350282e-01 6.524926502815732166e-01 6.190086814341345667e-01 6.363065934335608853e-01 5.355624456919935161e-01 4.647963872757545079e-01 5.891748554315948683e-01 3.406339013011348560e-01 1.459586184043971668e-01 2.886335455356301427e-01 7.371941821229569536e-01 3.832786600593434678e-01 3.054347041967356291e-01 2.802374566329795536e-01 1.467377048238137638e-01 1.855434141369478596e-01 4.921469366868705397e-01 5.592502746067720132e-01
