4.400000000000000000e+02 5.132190877296458620e-01 3.372215871034663359e-01 3.326791754881455732e-01 2.931481717671496900e-01 3.275830908047530632e-01 4.311787862745091182e-01 5.741607070531822288e-01 5.013131152814196412e-01 6.659061477441970966e-01 6.870195338515988626e-01 1.955244108745437526e-01 2.171352211655923903e-01 4.036029072779439564e-01 5.036957560635684228e-01 2.638851995920990512e-01 3.173380774977366259e-01 2.277849184970816843e-01 2.906118925670427844e-01 5.725035700250548087e-01 5.647262307661806702e-01
9.230000000000000000e+02 3.911719847533849381e-01 3.067667330458194175e-01 2.985510634248532691e-01 3.068765506036125745e-01 2.746290970039124146e-01 3.536269516012073844e-01 4.200848077740733655e-01 5.831690577037735856e-01 8.269499499508345952e-01 8.411047654361990533e-01 2.941051952690791893e-01 3.532665159995945214e-01 3.646377228302294937e-01 3.447372896243520723e-01 2.142509733959963858e-01 2.873612510281255972e-01 2.984332951190263317e-01 3.113604976657124435e-01 5.652000449365304213e-01 5.040840609456571642e-01
1.252000000000000000e+03 3.714722551904391379e-01 2.768797452189750707e-01 3.644230461315625669e-01 2.854734212942525717e-01 3.563097501955744262e-01 2.711967883741027152e-01 4.192716467185302331e-01 5.672557417528411028e-01 7.602890670642337145e-01 8.909186438484599790e-01 3.574221518494247185e-01 2.743492411913959761e-01 3.698930572008340967e-01 4.289473667199129037e-01 2.510079276203650567e-01 2.862451724265351882e-01 3.284682678796360111e-01 3.597711243848586427e-01 4.527530912953710018e-01 4.180518621707940419e-01
1.289000000000000000e+03 5.696222806116558735e-01 4.374554524712400139e-01 1.664080512457269678e-01 2.289042908544378363e-01 2.982075122309442161e-01 4.724401507274963441e-01 3.884606241295777140e-01 5.338805040330971696e-01 8.116674911209457166e-01 7.479528126911948460e-01 3.470941703496568387e-01 2.621280601109179931e-01 4.019248871876094364e-01 4.286121707563745331e-01 4.535919436691021600e-01 3.989193000294684599e-01 3.276949159737571060e-01 3.150238157157090879e-01 3.574214548822881587e-01 2.548339490155449583e-01
2.180000000000000000e+03 6.817830730675523698e-01 2.889089883722790741e-01 2.213776246304483830e-01 3.807269253453816060e-01 3.580855461317535848e-01 4.805550847825398875e-01 3.757414117107782392e-01 4.792262134822254382e-01 6.615793403804982598e-01 7.238163086510243094e-01 3.231302596640064917e-01 3.632701136549192911e-01 3.644092501050588129e-01 3.207382653349522550e-01 1.860913246064154480e-01 3.914124583103243959e-01 2.861678785242748324e-01 4.128127577905419399e-01 4.499488844724857661e-01 4.261513311742777255e-01
2.181000000000000000e+03 4.530475258534201743e-01 2.121343604522746562e-01 3.707284708474635204e-01 3.343975031881244453e-01 3.429505475126955472e-01 3.748299548067343667e-01 3.189836142134310770e-01 7.072733909086920123e-01 7.770233431555596537e-01 6.849051538009031104e-01 4.264466463507185501e-01 3.220276612567133934e-01 3.104437308427964171e-01 2.698062803542154442e-01 4.123889255523733866e-01 2.212609662676127409e-01 4.420496008557751044e-01 4.090244509905615611e-01 3.963823997568344248e-01 3.039848403493597417e-01
4.000000000000000000e+03 4.329654666443839561e-01 2.903971919404571000e-01 2.873297886281965807e-01 2.754443783156794168e-01 2.459776243758970693e-01 5.992918306211124646e-01 4.051303918015772276e-01 5.931681549216650806e-01 7.486870940822917264e-01 8.187614246857604083e-01 6.153968137678549333e-01 2.536509366011380218e-01 2.245129908765648996e-01 3.543097875799870455e-01 1.830468138692293023e-01 1.547924292803959656e-01 5.493747096768384353e-01 2.884748172711488756e-01 4.149699370607593529e-01 4.708908475985317255e-01
4.030000000000000000e+03 4.400400985226077810e-01 3.868136581956593822e-01 3.098326848585980509e-01 3.141532437719243287e-01 3.058410520662325216e-01 3.881177973823088379e-01 3.791669367335485652e-01 5.568353632704350353e-01 6.829175764196063758e-01 8.306511883664160489e-01 8.025834122468451515e-01 3.886233496217270655e-01 2.876742682550689767e-01 2.266571440848640651e-01 3.696231006770226563e-02 3.803931217703944156e-01 2.913181508800747332e-01 3.282085134349020938e-01 3.480118648292368499e-01 4.279707877994598508e-01
4.031000000000000000e+03 5.542180423930762601e-01 2.766791291484458348e-01 2.794131027463691019e-01 2.569657071702431961e-01 2.665412726391185871e-01 3.397993520528664324e-01 3.809733711463935690e-01 7.022298851641614048e-01 8.438812707740283026e-01 7.298776107684732395e-01 5.202669027743522800e-01 2.877903735021571374e-01 2.542466224620151261e-01 1.507102082125043041e-01 4.773957962705009939e-01 2.775547324593728438e-01 4.034441805858985930e-01 3.631569128084339848e-01 4.569603963151511739e-01 3.402416820514121421e-01
7.039000000000000000e+03 5.426381647199478575e-01 2.864379131473420159e-01 2.640114362458901853e-01 2.841717802980875951e-01 2.919846905376625723e-01 3.887015274241649165e-01 5.339925114862024147e-01 5.870210059147089598e-01 7.264617973465953282e-01 7.744667184863689435e-01 3.394968533696830493e-01 2.671229458550411495e-01 4.329416997697871361e-01 2.734810377584790397e-01 9.011939538794365434e-02 2.259716178329800040e-01 3.548875170715388161e-01 2.632251943749933099e-01 4.765394432699645577e-01 8.186163381702727948e-01
7.743000000000000000e+03 4.462846352261529703e-01 3.058191282681910206e-01 2.800844731016575162e-01 3.426078862161412442e-01 3.353464325845044169e-01 4.514365356089585779e-01 4.169919062292664624e-01 5.054070653246144351e-01 7.619970554525608009e-01 7.708086657516961537e-01 2.271692718258546684e-01 1.861610650241076748e-01 3.807825955649244976e-01 3.712263930261289757e-01 1.329757377634808169e-01 2.127463622894675832e-01 2.942422886666908322e-01 3.664352715543999217e-01 5.677191317581832264e-01 7.972162177763850721e-01
7.775000000000000000e+03 6.495801591669316810e-01 2.628341301288636411e-01 3.415281427020967486e-01 3.024969024293425179e-01 1.449954999226318875e-01 2.950500935859412532e-01 4.128981250574351169e-01 6.626955645607833789e-01 8.398615491997742932e-01 7.380729581636500392e-01 4.659423553635703708e-01 5.159760551853300736e-01 3.553176172639516683e-01 4.065208141969088307e-01 3.148555926835765462e-01 3.006617349897288127e-01 3.828856213346381043e-01 3.791471648771912450e-01 2.291661635190144208e-01 1.651610080683858783e-01
9.232000000000000000e+03 3.833419072363592472e-01 3.166355776753755902e-01 3.657965259572604766e-01 3.478829629947675084e-01 2.623266390042058860e-01 3.995837477121481074e-01 4.253233275685994186e-01 6.585699143636151165e-01 7.684168275359192224e-01 6.704013097539486266e-01 3.415922815677567281e-01 3.644746950417583897e-01 3.996636958781162874e-01 2.456481403508165573e-01 2.139440705032762124e-01 1.716797921878872590e-01 3.543476262251007425e-01 5.061962375666274605e-01 4.848160964762250336e-01 4.083190086082508219e-01
9.501000000000000000e+03 5.513900622915746119e-01 3.309321713927887987e-01 2.967429049381433703e-01 2.710453452663257878e-01 3.150275913725388843e-01 4.846281378399127093e-01 5.135775486461937600e-01 5.557905993350049645e-01 7.023272022180537810e-01 6.586731998122645759e-01 3.950057365200237980e-01 3.487295198635606552e-01 3.765807320469431452e-01 3.150470507020489697e-01 2.434884976301176229e-01 1.895316047054699249e-01 2.674650336316461430e-01 3.636349928140171217e-01 5.515371816027742069e-01 4.743808223843500871e-01
1.182200000000000000e+04 5.938185014708722287e-01 3.877142209342376300e-01 3.048408308796651811e-01 2.946924003888696797e-01 2.943018532459763525e-01 3.678062304262684767e-01 3.703255414745975083e-01 5.341808812747924629e-01 7.381512501581704022e-01 7.165555534933073512e-01 2.880344417548350022e-01 2.435270892396896036e-01 5.676701258794982774e-01 4.548711446513837853e-01 2.287654366665811123e-01 1.668284676996390770e-01 1.976886661142210067e-01 3.267075029363416538e-01 6.043089989434348164e-01 4.479797643008462948e-01
