1.710000000000000000e+02 6.298591778630419080e-01 3.897421726912840834e-01 4.331816315415567553e-01 3.969142847142929087e-01 4.015663519561756267e-01 5.173308052633348586e-01 4.729516649012076579e-01 5.179305901893463959e-01 4.050411976629862409e-01 4.601718037469875178e-01 2.774406320316364916e-01 2.305130839257959474e-01 4.371729633154313177e-01 4.926113221209822979e-01 1.683294164513118030e-01 2.968938472444949128e-01 2.948016746354319428e-01 3.508084284268000452e-01 5.175125957723062387e-01 4.588406276619114155e-01
1.810000000000000000e+02 6.440363877543604509e-01 4.308987209866709245e-01 4.050507294261810332e-01 3.379790609672596036e-01 4.326052209685540828e-01 4.756596586867691823e-01 3.904624721009812283e-01 5.371593635225915264e-01 5.285876932787043625e-01 3.986918744724602948e-01 2.538318157842821554e-01 3.372304984580167808e-01 2.671536841142858609e-01 2.965109912604897979e-01 4.747044347603115999e-01 5.261562025394755926e-01 1.780328323018418590e-01 6.078190832882689465e-01 2.822743200372693217e-01 3.146189904746780064e-01
1.820000000000000000e+02 6.614153230184841581e-01 4.060116364764178587e-01 3.380926101729940236e-01 4.222591481838244842e-01 3.503289274552348065e-01 4.072261501253530702e-01 4.109828931449975298e-01 5.669349953717868207e-01 5.063586433927390607e-01 5.302728977425920087e-01 3.783399389048446859e-01 2.018872827742640985e-01 2.707589785819642381e-01 5.116787582869550821e-01 5.176065451821763030e-01 8.386979631926087808e-02 6.156858034409242730e-01 2.427192107423856438e-01 2.768170958610238208e-01 4.406498926836825425e-01
2.200000000000000000e+02 5.998168093654568933e-01 3.897647755334645581e-01 4.443822738985959142e-01 4.219676646849213064e-01 3.713621288776555729e-01 4.059275070404907981e-01 4.424274094442441907e-01 5.706900653319417760e-01 4.949748374182749711e-01 4.338751310624249236e-01 3.457859486787047132e-01 2.425274406762520096e-01 2.184552050428862635e-01 4.849655460863941392e-01 2.694195831240747130e-01 4.212822067852709518e-01 4.375214609553209621e-01 4.611763124913195733e-01 2.473716972844527962e-01 3.930702169010531488e-01
6.350000000000000000e+02 6.429791942641295277e-01 4.261940400329494727e-01 3.794232799283910329e-01 3.865987020468141244e-01 3.856774384899209762e-01 4.949937996623246517e-01 4.852476094018942643e-01 5.348086941971404995e-01 4.915239262586718061e-01 3.944430430741540650e-01 7.969354018883730018e-02 3.413146774919956217e-01 3.583595982899445698e-01 3.401761846977200410e-01 4.023725323476812776e-01 5.355174672289999549e-01 2.314084191080225394e-01 5.241011965882117485e-01 3.090412486731494157e-01 4.248254079694846475e-01
6.360000000000000000e+02 6.630504568493457151e-01 3.863446913978907382e-01 3.934058470906971472e-01 3.794255223074676220e-01 3.672171277630718045e-01 5.127787466568939356e-01 4.174098604491942588e-01 5.313934515709953788e-01 5.090080111476694702e-01 4.635145423259964814e-01 3.586179907756516516e-01 2.716448554499747425e-01 2.913024384217861584e-01 4.196618897437188189e-01 4.886227809382226450e-01 1.275820482566838721e-01 4.993097456226768815e-01 2.499316444564468331e-01 3.515545104234356066e-01 4.912670035465753204e-01
6.470000000000000000e+02 6.618295978241589550e-01 4.218313037753212980e-01 4.229035359501741032e-01 4.390877979022053679e-01 4.168641267646408521e-01 4.805682164500873488e-01 4.173590813383034059e-01 5.124673542776160273e-01 4.787501473689885767e-01 3.223706393695499606e-01 4.546277820232415001e-01 3.634114236158604849e-01 2.690562159821414667e-01 2.903649837362938246e-01 4.076961169949654962e-01 5.420383615782174980e-01 3.329598448694005564e-01 2.921536045228086964e-01 2.443720012580369305e-01 3.698196283730769696e-01
6.480000000000000000e+02 6.489113806898271219e-01 4.237193103918851511e-01 4.407345558146934517e-01 4.058459569413017665e-01 3.531024276349138957e-01 4.342975610476574322e-01 3.789729782836330774e-01 5.091677944868521211e-01 4.399655772930236575e-01 5.475494405250216357e-01 3.776761847424826568e-01 1.865398452463461476e-01 2.482904499909756868e-01 4.237358146117496949e-01 4.941721236390433925e-01 2.326826561242801572e-01 2.780721946947730117e-01 1.974512438093085076e-01 3.057630161998241003e-01 8.629685627831750194e-01
1.542000000000000000e+03 4.739136894238795694e-01 3.190892052620202257e-01 3.498066279403063139e-01 4.473920003496142939e-01 5.429274671716213252e-01 5.212192209036647927e-01 5.565792212171127851e-01 4.700700052863204248e-01 5.453283666224842952e-01 3.637804872086327634e-01 1.847362743168582122e-01 3.733409698314041902e-01 2.932332207484039110e-01 4.148501768306799842e-01 3.449501620850775607e-01 2.547759590989459033e-01 2.282487299427648775e-01 4.301198625988053026e-01 4.708006772507924986e-01 5.517509433555233267e-01
1.548000000000000000e+03 7.469454369828235629e-01 3.488741693368666574e-01 4.414808204437298267e-01 3.761229949293958263e-01 3.268861401226063057e-01 3.276629028699313273e-01 4.434396003089423055e-01 5.763570297635742801e-01 5.251618600672340875e-01 4.885442129648749354e-01 2.182785026308469156e-01 3.914654547690066821e-01 4.272110844756736858e-01 4.829093218213549865e-01 3.819114031161757739e-01 2.427187400911227089e-01 1.800760804740795251e-01 4.539740770189943930e-01 3.556162196964243738e-01 4.042440607727666446e-01
2.526000000000000000e+03 5.498962684691800495e-01 3.962184320151642680e-01 3.600730062884962002e-01 4.061740817326311426e-01 3.854510548284655336e-01 4.637893398409538848e-01 4.346332571370760123e-01 5.672684067353136461e-01 5.575303517589466074e-01 4.705446249233308231e-01 3.951364008382549642e-01 2.425233342264545011e-01 3.959047693007209934e-01 4.593355849993671636e-01 3.172378371760615767e-01 1.613238910083800437e-01 3.048856343456202156e-01 3.121515963771895330e-01 4.798184441115089793e-01 4.671041304597658983e-01
3.367000000000000000e+03 5.997244571642901256e-01 4.182826603407223121e-01 3.932358594929708517e-01 4.171372878641751436e-01 3.958294249676387877e-01 4.474838276318366947e-01 4.305999409467233807e-01 5.346176240027883386e-01 5.180479400177178118e-01 4.228463770271562727e-01 4.681639124367262261e-01 1.781200737496777264e-01 4.030880217304063651e-01 3.187679493563754241e-01 3.142143816449951554e-01 4.444225738112310142e-01 3.598595886289029933e-01 1.939387243548736650e-01 4.959540856468159231e-01 3.759811444101069933e-01
3.368000000000000000e+03 6.511445142611047565e-01 3.993116005049584527e-01 4.236297397943363796e-01 3.891509109375950737e-01 3.387034606662525649e-01 4.561219305797082346e-01 4.158603518268199073e-01 5.610706469172418442e-01 5.328099618072541510e-01 4.332008519232273258e-01 2.477916611496279176e-01 3.704504035168519893e-01 3.136904265354629739e-01 3.970404036114016932e-01 4.773753074215551506e-01 3.139276739585206699e-01 2.109753501281124433e-01 4.580349645879572273e-01 3.552932368344344782e-01 4.052019440314626464e-01
3.553000000000000000e+03 4.980673792521594367e-01 2.916800236441566829e-01 3.981356875051377808e-01 4.247725736700647681e-01 4.697241575169217587e-01 3.499765718864222275e-01 3.259423103645130437e-01 5.717893072030950652e-01 6.251563558716687341e-01 5.552208532310584088e-01 3.328074418235200671e-01 1.004852690272650534e-01 3.910539151096517618e-01 4.827397102694768738e-01 3.657290041188356877e-01 5.223800174592836409e-01 3.802697399496574593e-01 1.755983446224654854e-01 4.647609593953130891e-01 3.494025405487684588e-01
3.683000000000000000e+03 3.531974916433196499e-01 5.079598228178636710e-01 4.833650566513126856e-01 5.045071151308893054e-01 4.808942821394363021e-01 4.054417983062763575e-01 3.233836329055096992e-01 4.804676725123140368e-01 4.724629844516136656e-01 4.243320603055572016e-01 4.059340286530769282e-01 3.547489965893262931e-01 2.102223903637970570e-01 4.804537543777783193e-01 2.786412845942873306e-01 3.535304365166213048e-01 5.104407806239477097e-01 3.157946938349330268e-01 1.768821296321041736e-01 4.525019968748454913e-01
4.637000000000000000e+03 5.184074144846287924e-01 4.497391163744417497e-01 5.142191786546289611e-01 4.808529854078792409e-01 4.826849812483345326e-01 4.067920114449567470e-01 4.804392926033611566e-01 4.149905724888258152e-01 4.210980845391908978e-01 3.376027561969148771e-01 3.616862892761039672e-01 3.183384622584753409e-01 5.796064699731632297e-01 3.112480788658319453e-01 2.730521043185927255e-01 2.496056109747779028e-01 3.536240738651147408e-01 3.976942937197265882e-01 3.276166969846640020e-01 3.349276055610720393e-01
4.731000000000000000e+03 6.000572577678641162e-01 4.445377282184975187e-01 4.604529020258195104e-01 4.545020676151743100e-01 3.761598251363509338e-01 3.450880807613095902e-01 3.528684437819457620e-01 5.128060576052789754e-01 5.432445676484550789e-01 4.159822033301625033e-01 3.743614862321142933e-01 2.456216146014265356e-01 1.775743724598385365e-01 0.000000000000000000e+00 6.315576183523888831e-01 5.833967837376212717e-01 3.530304174009749607e-01 4.042696553023844008e-01 3.925467370167369241e-01 4.064555879846274422e-01
4.814000000000000000e+03 8.406337701467887502e-01 5.395963877928435792e-01 2.952572644495836118e-01 3.486632991405129167e-01 3.771279677025008437e-01 3.075598592826997990e-01 3.350348139716284868e-01 4.923155325824643547e-01 5.392267119218648874e-01 4.829140515577674542e-01 3.148212773497670591e-01 2.117753505434352701e-01 3.195563872416026241e-01 4.165170508698024521e-01 4.053473656704599248e-01 5.822617062229734630e-01 3.588923348250306344e-01 3.107116885136260165e-01 3.236289989226048824e-01 3.153165588368321837e-01
5.115000000000000000e+03 7.044126591646456825e-01 5.211390880798765224e-01 3.574784238983155227e-01 3.343094102078752461e-01 3.522124475369076690e-01 4.834318567298255265e-01 3.899883140447979457e-01 4.586556244873154498e-01 5.581412034706804137e-01 4.386702041698724019e-01 3.718559828854496319e-01 2.885443086561668702e-01 3.054488737710871482e-01 2.798159376087905326e-01 1.765968339364376305e-01 4.353538413255054196e-01 4.261413665433020359e-01 3.066913186391035384e-01 3.660706228860990397e-01 5.845915227520344093e-01
5.317000000000000000e+03 6.028913526855844696e-01 4.220323304049983237e-01 4.266175157951250241e-01 3.987022426017202692e-01 3.610238076907433813e-01 4.569069148388024693e-01 3.775205189907299697e-01 5.378151880992743106e-01 5.119313367943164605e-01 4.802079718629936878e-01 4.051685093698209061e-01 3.285054861050759056e-01 2.019648555560784597e-01 1.526883650335763287e-01 2.715269875498445007e-01 4.741653947768558752e-01 4.727558935287419772e-01 2.988446469833008212e-01 3.591999006150971008e-01 5.860910149086233645e-01
5.478000000000000000e+03 4.662513001042349337e-01 3.789012274366488353e-01 4.392618034601155630e-01 4.184798814041116310e-01 3.487951584156187002e-01 4.598656238285569464e-01 4.464023739339059715e-01 5.629745069042144667e-01 5.945970193292232642e-01 4.579497258681954897e-01 3.417769201982120419e-01 3.610132140083622265e-01 3.920440848501707265e-01 3.797556054089873956e-01 3.701350951392526345e-01 1.400375018468453803e-01 2.910965681863554866e-01 3.657508640702700764e-01 4.366263475282389228e-01 4.556536326870821996e-01
5.756000000000000000e+03 6.684174532511194533e-01 3.949732854056560161e-01 3.996268544788000310e-01 3.600845571142950452e-01 3.570480822024275636e-01 4.348974430172872774e-01 5.665975595736461035e-01 5.560372481138812217e-01 5.068109814386736467e-01 4.000845805058731441e-01 4.838585217689426732e-01 4.975962926400287478e-01 2.059513186142687968e-01 4.429573662184954630e-01 2.451122832523305872e-01 3.958264220369579478e-01 4.096530906422559126e-01 3.861386727303857680e-01 1.878262725401516342e-01 2.701496679930791567e-01
5.762000000000000000e+03 6.926602676671835823e-01 3.721365305454288341e-01 3.595831013230977313e-01 3.598222244048664975e-01 3.862552612266790253e-01 5.036161272305398340e-01 5.127598989493107329e-01 5.844574956498848062e-01 4.917006862463583206e-01 3.964830641405150957e-01 5.642049371207007447e-01 5.083063066614403880e-01 2.302604814213912998e-01 3.232691463395995779e-01 3.012925375938414474e-01 3.167038116482157051e-01 4.039643806769491197e-01 3.225423509147974377e-01 2.140351217631403236e-01 3.512946323656571668e-01
5.780000000000000000e+03 7.325366106729753746e-01 4.203312847567868271e-01 4.014432191721507004e-01 4.102514740491709500e-01 3.990623386690274055e-01 4.115244738403616154e-01 4.642991988711464013e-01 4.873246859500265926e-01 4.738509095677846950e-01 3.930485370321259997e-01 4.793777457916205686e-01 3.447595146021128487e-01 2.569640175537762916e-01 1.945160061447162025e-01 3.541327493051827924e-01 3.891002212806299876e-01 4.675748936079089368e-01 3.361475094273002617e-01 2.562248711790276468e-01 4.611616082828749463e-01
6.014000000000000000e+03 4.257577150674790034e-01 3.403907886211067768e-01 3.401981693400536466e-01 4.141876415130500977e-01 6.088516679106849017e-01 4.830502456850520043e-01 4.295670069354918241e-01 5.622370547274502250e-01 5.514854863574677468e-01 3.770677198636098737e-01 5.606244854678009704e-01 3.644227245038064167e-01 3.069616574158881006e-01 4.509050062654642033e-01 3.960809233531072948e-01 3.554320717327908441e-01 3.965202938302044289e-01 1.807352359650170326e-01 2.194192156155254647e-01 3.316458820743432567e-01
6.093000000000000000e+03 6.955772149501849855e-01 3.838229165019230171e-01 4.486109756565234141e-01 3.567600688173979684e-01 3.865168980908851304e-01 4.415885122754729664e-01 4.750489646857176673e-01 5.256845077356703255e-01 4.508414576204238244e-01 4.544258155175668890e-01 3.415293515413304060e-01 3.171112830585136599e-01 2.704418989349690605e-01 3.768680792184578854e-01 3.581116535827827962e-01 5.504251532972048722e-01 2.398214423751038049e-01 3.470470538630198720e-01 3.360485153690132565e-01 4.297639468137655072e-01
6.152000000000000000e+03 5.496683927838459383e-01 4.672953321653152692e-01 4.595927284103694110e-01 4.861783011710651969e-01 3.348148611733929858e-01 4.651445266916039434e-01 4.134808407862568536e-01 5.266556010653316022e-01 3.950370658330708551e-01 4.673414326103062510e-01 3.181128030380729332e-01 4.657505230926444750e-01 3.697734988190046757e-01 3.854883749221403311e-01 3.294274594053579475e-01 2.899017083999178568e-01 2.873749150310432321e-01 2.580407854892101116e-01 4.065728205114652050e-01 4.465949067340230783e-01
6.428000000000000000e+03 5.085992479781304976e-01 5.541701577598333595e-01 4.248978077739961612e-01 3.717956850954461934e-01 4.169688655268178890e-01 4.703766594478675511e-01 5.171317186066264338e-01 4.865428563952975960e-01 4.162151973263888416e-01 4.081772235407372662e-01 4.698823825197162574e-01 4.537809400473802879e-01 4.629326407400294885e-01 3.397885391483824180e-01 1.353184314215805373e-01 3.241179374252874390e-01 3.074860298004739589e-01 3.378919248356901939e-01 3.731179948647034839e-01 3.098396029755819958e-01
6.464000000000000000e+03 6.319503821016398959e-01 4.779661193527846574e-01 4.990031932813611126e-01 4.497624509427439743e-01 3.653242844264153466e-01 4.091228343653056654e-01 4.417372650165819481e-01 4.385699689138957691e-01 4.685649179166730960e-01 3.603037370395021921e-01 3.423803200498299337e-01 2.103287097898115243e-01 2.798110148516840257e-01 4.022403091827735366e-01 3.419377510536601439e-01 2.481285542416858669e-01 4.549280767462510755e-01 4.152979164070033091e-01 3.912814782474924868e-01 4.325098625241340367e-01
6.650000000000000000e+03 8.435984013746058441e-01 5.432227222454037996e-01 4.070257279987662402e-01 2.989056780038844563e-01 3.002095962064683099e-01 4.235100737791471781e-01 3.891335534969102561e-01 4.935476426385319026e-01 5.214162989410704441e-01 3.894774104870420972e-01 3.644487935608426987e-01 4.199385239858762775e-01 4.025586834175360340e-01 4.521914488533071985e-01 3.002001483412823357e-01 1.643458364088644097e-01 2.478007618437451376e-01 4.145331524626741926e-01 3.811535371152123264e-01 3.757464441069821026e-01
7.201000000000000000e+03 2.967058084303508814e-01 2.284256050433013663e-01 5.118932600106776976e-01 5.299805968960598079e-01 4.548786515275747289e-01 5.554719933037907120e-01 3.763977082279031383e-01 5.638737999765022213e-01 5.575272941022866302e-01 4.533305302206864784e-01 2.308825884654174820e-01 1.845155756382147461e-01 5.749046024752954009e-01 4.862953377573725477e-01 2.760102719519519909e-01 4.245984490481951590e-01 3.846464708448763536e-01 2.579404331591141353e-01 3.579925571772948900e-01 3.611375323498110523e-01
7.202000000000000000e+03 3.565022468452003768e-01 4.913020851624301244e-01 5.118493692534958894e-01 4.244224237685307877e-01 3.767891207152974653e-01 3.586472484194258570e-01 4.114625055413829169e-01 5.740333490995127574e-01 5.310157589266645273e-01 4.505795805185095482e-01 2.465089739702664984e-01 5.385249980913663359e-01 4.638340524404976906e-01 3.496491976336939533e-01 4.397616465332867541e-01 3.302051346818946631e-01 2.725409489673100150e-01 3.211176434149684011e-01 3.314601765789201293e-01 2.545975834640076818e-01
7.203000000000000000e+03 7.275445714290122989e-01 5.005767117632344831e-01 4.139955396287200995e-01 3.526848605134311199e-01 2.707652035820009573e-01 4.091755587410997874e-01 4.394544878987632908e-01 5.549415184244782528e-01 5.386186173227142104e-01 4.013701507991211392e-01 5.742679808440968037e-01 4.072545037197201068e-01 3.238685702356983720e-01 4.873503899406562145e-01 3.290286163797894181e-01 1.923047006344552334e-01 3.297350362972830684e-01 2.889362164128109756e-01 2.270880209419701146e-01 3.815712438359930569e-01
7.289000000000000000e+03 6.535695249325288447e-01 4.066222351845817928e-01 3.971515239651614015e-01 3.170564443270942889e-01 4.657478780936564755e-01 5.342612402917021885e-01 4.770946386296225916e-01 4.921140743463487399e-01 4.367103584772590308e-01 4.521647657335311488e-01 2.991289732613981456e-01 3.723640132802603087e-01 3.867619485137644419e-01 4.882160904890179842e-01 4.454668269782592893e-01 3.547809440125371805e-01 2.057931917604551020e-01 2.794985478305688775e-01 3.242803554696509494e-01 4.180276026654081156e-01
7.300000000000000000e+03 6.942811946599246609e-01 4.221052224455154600e-01 3.479933585691176168e-01 3.623897436300977937e-01 4.456249550344720811e-01 4.781846636535816431e-01 4.148751841828238196e-01 5.211090276907495156e-01 4.609332478935799782e-01 4.599449399498796720e-01 3.596543413929138566e-01 1.777756336581679808e-01 5.580526990162590906e-01 4.487088084934022780e-01 3.417211406457674738e-01 3.729316566427353097e-01 3.009594535916153557e-01 2.112397098963983977e-01 3.386618118974207836e-01 4.496794248255422954e-01
7.574000000000000000e+03 6.962403567307243746e-01 4.038287972530950065e-01 4.012753882538094841e-01 4.013698932261284269e-01 4.204095995788046936e-01 4.927110395542804167e-01 4.024159816198499273e-01 4.937582393514358126e-01 4.731864838761667968e-01 4.103524938650010001e-01 5.672404127986611089e-01 4.540819615535472975e-01 2.262549129006598547e-01 2.277929990987150322e-01 3.635999442885845534e-01 4.373155083847659053e-01 4.632004666749337529e-01 4.019798396406158436e-01 1.656100573366413031e-01 2.148227282006714145e-01
7.720000000000000000e+03 5.727240087300831117e-01 3.455875868104908433e-01 4.937491508057246792e-01 3.842131889596193672e-01 4.013184767466488889e-01 4.888711561474700651e-01 5.522756813900235873e-01 5.242611381534476589e-01 4.754017423134747622e-01 3.814920792510259617e-01 2.912080393842532700e-01 2.996328263034135353e-01 6.436118037867364361e-01 3.192595279932739505e-01 2.300501098276867828e-01 2.922261423484982523e-01 3.864357162418416980e-01 3.585424321581232032e-01 4.203720324248102491e-01 2.592692620044508289e-01
7.722000000000000000e+03 7.771274446523250834e-01 4.072247450708240679e-01 4.119764865000111742e-01 3.657882604560334094e-01 4.261416980894290885e-01 4.454922939124686398e-01 4.039269012375802381e-01 5.502345772007793956e-01 4.758381017189527440e-01 3.321166427746392036e-01 6.388627271058684443e-01 2.423227000023499556e-01 2.825043475463576148e-01 3.611099374292728315e-01 3.284058789415353896e-01 3.086825523253241554e-01 3.848667188102522507e-01 2.061804075293368899e-01 3.340862285731056591e-01 4.678749900540871143e-01
7.724000000000000000e+03 6.821868069768228793e-01 4.005545175312079098e-01 4.502243126175553556e-01 3.513480459403864331e-01 3.497963026023951927e-01 4.990013826506574657e-01 4.238670521362383758e-01 5.155197104653151952e-01 4.864774103492074953e-01 4.633959066949404626e-01 3.025067778399947449e-01 3.098886694966784261e-01 3.947979727147183926e-01 4.053811338195560388e-01 3.593391020094640065e-01 1.475389798685695364e-01 3.284457735511078780e-01 3.995569172574848782e-01 3.969197525662010451e-01 4.840580087295550671e-01
7.800000000000000000e+03 5.423068545757344650e-01 2.090296904887836704e-01 4.576807174141266366e-01 5.374803106019239163e-01 4.303628880962766523e-01 3.485503218213164001e-01 3.804276352790683657e-01 6.135973862095857045e-01 4.868337863685059941e-01 5.300255580958725954e-01 2.054496578939737084e-01 2.864919160372570439e-01 3.834294663625402722e-01 4.094440145495126804e-01 3.672806989440625114e-01 3.527134254692514959e-01 3.376349983851050229e-01 4.073835328495417629e-01 4.002387627559881866e-01 3.838230775656575333e-01
7.878000000000000000e+03 4.378660068804560157e-01 3.020598690542551923e-01 5.035847959217821801e-01 3.783551837481499147e-01 4.706587501601289247e-01 4.008352788105505882e-01 4.162194074949314704e-01 5.066097810945334734e-01 5.945790058659200517e-01 5.153947955713068518e-01 4.180003973825796026e-01 3.550673310927160431e-01 3.226278164610672516e-01 2.622107898658583847e-01 4.210507738915557074e-01 3.156334765902184536e-01 4.503178210690840233e-01 3.594983918706502468e-01 2.653809125156223470e-01 3.630195180866176985e-01
8.414000000000000000e+03 3.323308833330316236e-01 3.333873771591394641e-01 5.044530327558515159e-01 4.809833451300462581e-01 4.969950009515367584e-01 5.055354579563411388e-01 3.655073296170942010e-01 6.256156192502226876e-01 5.049222440235574538e-01 3.520395214583516563e-01 3.184046274736152538e-01 3.204165005422500712e-01 3.306153825460375062e-01 3.173842843548144721e-01 3.149754539787888996e-01 5.010731672247248358e-01 3.983671109813246014e-01 3.855420170088503240e-01 3.444669865049060364e-01 2.993136530681622665e-01
8.415000000000000000e+03 5.150916330162381707e-01 4.953409771715322485e-01 4.735800966459129957e-01 4.793359785145520080e-01 3.584954611436457217e-01 3.661272958994605808e-01 5.093887906219098927e-01 5.274206242246495258e-01 4.553588935440061047e-01 3.556182927276530514e-01 3.626418640489080802e-01 2.660093572448790633e-01 2.898197575152941519e-01 3.692736518797206102e-01 4.926954409283466618e-01 3.270282771536400235e-01 3.905235912012092192e-01 2.962020936758009704e-01 2.633515979609829527e-01 5.081597191808709946e-01
9.171000000000000000e+03 4.810981562980333193e-01 3.541062214322546198e-01 4.771231987928692408e-01 4.414111676673044271e-01 3.951567371555486652e-01 5.095395684499252065e-01 5.500933676065627997e-01 5.316799154836912011e-01 5.012962077554877771e-01 3.596875419686332842e-01 4.235310963195932921e-01 3.391457604262316239e-01 3.950899048988443241e-01 4.374001403611748051e-01 2.705934091280656761e-01 3.289571266436688290e-01 2.953447460808142910e-01 3.341623934342630720e-01 3.531213487496418502e-01 3.570795108829057929e-01
9.173000000000000000e+03 7.282844614996191179e-01 4.460670448403792343e-01 3.863025242925935410e-01 3.594555513648889367e-01 4.066362051152730972e-01 4.241114677838392355e-01 4.118988880697117549e-01 5.045365547300519893e-01 5.339419886611730393e-01 3.822904530694691272e-01 4.191748813376147131e-01 3.858496050509511166e-01 3.390488263410126324e-01 4.223881808092955215e-01 2.458849246184841297e-01 3.059140674080328415e-01 3.445990354480080731e-01 3.026862436872324036e-01 3.356748884424027302e-01 4.383660758575709804e-01
9.200000000000000000e+03 5.971713118778484430e-01 5.154508295076376534e-01 4.294306535735538666e-01 4.073107367150123337e-01 3.295931422589382653e-01 3.678817866736342479e-01 3.706084179504531284e-01 5.782843773636826556e-01 5.238913956068342870e-01 4.152028635468986151e-01 4.326563390990229019e-01 3.611475573279506190e-01 3.417961335289023683e-01 3.677116332082658312e-01 3.551780121776163535e-01 4.080762762463204241e-01 2.896509280741152992e-01 2.659003671542513048e-01 3.075102118421007003e-01 4.337663787585432362e-01
9.201000000000000000e+03 7.823105626973096971e-01 4.343666976048262685e-01 4.125904643959990570e-01 3.194431901690985010e-01 2.912290656629568097e-01 3.936741843058837453e-01 4.705207571216905582e-01 5.665257597572606052e-01 5.250412606335497223e-01 4.425816625571143970e-01 4.288076308768484779e-01 3.017448942854574212e-01 3.595527111004778731e-01 4.336973005828006489e-01 4.354490062004692796e-01 2.287635078192519489e-01 2.876226066286626248e-01 2.823814523478614946e-01 4.075707236831939695e-01 3.869395233287128422e-01
9.328000000000000000e+03 6.799319439229004614e-01 4.644443472483245627e-01 4.130412475913597392e-01 3.796972058562745889e-01 3.883945683839437613e-01 4.126161243963058500e-01 3.477815757132252661e-01 5.173648385939055849e-01 4.846176847394036424e-01 4.709154623300568221e-01 4.029500299138243369e-01 4.209413467990386626e-01 6.192746903564958494e-01 3.184431475787810051e-01 2.128793232521663525e-01 1.619924673163951057e-01 2.658864994429741002e-01 3.188303639620974628e-01 3.405524683251813789e-01 4.613065435594128072e-01
9.329000000000000000e+03 7.213767232498637938e-01 4.243599904088501962e-01 3.908764141698260475e-01 3.866561801936560516e-01 3.233562655001640529e-01 3.808375235449103502e-01 4.020777039087062299e-01 5.289663159503529277e-01 5.802710594894168183e-01 4.472091638877869202e-01 4.892895775777641454e-01 6.023122548356238948e-01 3.120692165277317853e-01 2.987546151404685268e-01 1.749309730870871049e-01 2.012939556003520425e-01 3.454716734142028178e-01 3.132609141702660804e-01 4.341903234253292054e-01 3.472229391075383198e-01
9.335000000000000000e+03 5.267106291774226179e-01 3.311351334247091827e-01 4.085734706144427686e-01 3.782586984993736579e-01 4.746880031353775120e-01 4.091664175529310388e-01 5.338655087658664700e-01 5.856922708676596256e-01 5.179170375294311901e-01 4.234279953000371632e-01 4.043581794268825691e-01 3.286013641260279727e-01 4.706221739282341887e-01 3.579812219973620979e-01 3.531612284793350653e-01 3.704374247124287978e-01 3.422141462309222781e-01 3.512855268475639781e-01 2.969615012179350755e-01 2.524316818498653081e-01
9.337000000000000000e+03 6.362295239478811260e-01 3.829635519020899159e-01 4.709888278736173439e-01 2.995926097827625867e-01 3.979017776154190056e-01 4.961243555814490169e-01 4.381494320530931463e-01 5.697005821661015323e-01 4.032723305265575320e-01 5.367681362674296963e-01 4.888059557216991591e-01 2.960673169689235218e-01 4.058219846795736996e-01 4.540000092553110322e-01 2.950756480945581073e-01 3.186003385935098908e-01 2.840182027911996587e-01 2.097146067308298389e-01 3.232843664823265017e-01 4.864618125961903128e-01
9.497000000000000000e+03 5.810186151102592067e-01 3.746604261175419115e-01 3.766829268697286515e-01 4.220982749139576273e-01 3.877180916944151234e-01 5.081551791955756237e-01 4.370465029434851822e-01 5.241233267854943367e-01 5.236968728749853419e-01 4.716373393072855746e-01 3.747133904264209336e-01 2.433607327245437546e-01 2.894306386009767307e-01 4.418860301725919260e-01 3.852864391197150518e-01 3.856004721451475881e-01 4.134653095901549280e-01 3.153704858164130820e-01 3.562158745504179769e-01 3.371916723406069849e-01
9.515000000000000000e+03 5.930513781086741432e-01 3.895787765363359356e-01 3.782085590822338306e-01 4.392483773505337363e-01 3.955080460083027494e-01 4.650756397147211563e-01 4.034664720833420204e-01 5.105616626715591133e-01 5.508256715544324056e-01 4.495030406903154363e-01 3.505375019569832995e-01 2.683342721602755554e-01 3.366352278168815992e-01 2.748809721584573040e-01 3.114484722860529353e-01 5.900052640889640321e-01 3.681124696838296573e-01 2.912445712974077727e-01 3.352733508221922842e-01 4.314521961230162739e-01
9.516000000000000000e+03 6.108389148330229945e-01 3.834908523168193417e-01 4.452672324908817925e-01 3.879978272110612969e-01 3.481866558386700894e-01 4.272971463964750916e-01 3.834870934835413747e-01 5.979567708981580187e-01 5.550721895249071114e-01 4.364044250496557087e-01 3.227399669696211504e-01 2.815400005403115857e-01 2.580800703817057729e-01 3.763028520088753659e-01 5.996184265992225981e-01 3.044637894004057488e-01 3.028619247315000318e-01 2.959776056404069822e-01 3.897292600734600931e-01 4.450509294301673302e-01
9.605000000000000000e+03 7.329651496338590588e-01 4.543173331124279457e-01 3.792725993297775822e-01 4.207728862140580617e-01 3.698803401186660511e-01 4.248832117371110773e-01 3.930412234670476179e-01 5.364146622150111066e-01 4.849999322459505602e-01 3.858486366181722582e-01 3.712452220214089715e-01 2.700256275426617947e-01 3.102639042116063228e-01 2.680790889275945221e-01 3.951890133191327537e-01 5.520359228402359486e-01 3.494709206951481240e-01 3.252768552022223814e-01 4.002479287842259370e-01 3.091078063834839518e-01
9.749000000000000000e+03 7.252283600642965844e-01 4.810515437745828682e-01 4.389254218524873963e-01 4.590099037002700610e-01 3.307749566980500711e-01 3.740226763114242736e-01 3.965369388868280609e-01 5.054642945260843234e-01 4.629218069075754505e-01 3.809675601058499228e-01 4.096814160218026357e-01 2.747340579900411917e-01 4.114316431783418548e-01 3.379992651050114372e-01 3.676124779841662971e-01 4.122652921625981071e-01 3.631463403727921424e-01 2.986671413736106118e-01 3.747711048299678382e-01 2.889312985612230711e-01
9.750000000000000000e+03 7.573176902950462530e-01 4.598964137941037311e-01 4.812499447181785017e-01 3.364321799810304769e-01 3.099942328177478501e-01 4.459561514536203863e-01 4.022540252154138685e-01 5.158961830411449290e-01 5.125293721328938457e-01 3.803156521464496898e-01 3.456116842451675275e-01 3.807090667097757786e-01 3.334545277426591015e-01 4.493797845386290901e-01 4.445316224790330506e-01 3.189455704643785472e-01 3.257612727842972289e-01 3.470167537740085351e-01 2.737459006333329836e-01 3.295291659263861472e-01
9.751000000000000000e+03 7.128132264682149888e-01 4.906873164001674392e-01 3.451719808267773582e-01 3.036573653144784002e-01 3.411950646632406214e-01 4.332113246728573897e-01 3.974213839107528790e-01 5.591234765226862358e-01 4.996946949245878455e-01 5.368803290526154015e-01 3.824840997650447716e-01 2.392588604167840416e-01 3.745527123392184410e-01 4.425978242925054928e-01 2.756683908603926869e-01 2.165972841345448208e-01 3.218694650699911453e-01 2.155438193103507150e-01 2.654986237082484490e-01 8.429925572469254558e-01
9.984000000000000000e+03 6.227596848605464475e-01 3.686722410451837573e-01 3.771568383343039121e-01 3.825215800343909067e-01 3.953857540249844371e-01 4.945646402871635150e-01 5.497174264814896905e-01 5.757748982553105854e-01 4.986677077522634893e-01 3.811596317373716625e-01 4.754193833715689155e-01 4.985366212409051978e-01 3.341760686723870277e-01 9.848772167214774054e-02 1.815324380476153743e-01 3.362334125712249100e-01 5.509767653952651889e-01 3.425114716603663845e-01 3.239118322011090845e-01 3.622783440886802597e-01
9.990000000000000000e+03 7.349077211956867028e-01 4.293459146513059488e-01 3.934201533695388386e-01 3.855118207455391910e-01 3.756024812103420096e-01 4.850720116098143353e-01 4.075216831926996575e-01 4.936765700908931631e-01 4.922417807275895063e-01 4.116569401265535721e-01 4.948815694400432452e-01 2.603780544654548113e-01 2.616393392743562862e-01 2.817071777343169714e-01 2.900205457221995964e-01 5.536893536990064035e-01 4.079002780919612214e-01 2.794498414419573362e-01 2.506124081138014770e-01 4.773344002453307477e-01
1.007100000000000000e+04 5.769827644529360589e-01 3.889128513927663233e-01 3.792162081948362573e-01 3.813143738550894279e-01 4.252890140194625634e-01 4.864970862824927744e-01 4.516145410844436547e-01 5.102427426726414694e-01 5.287392715960420597e-01 4.700537416997203066e-01 5.681101158063861511e-01 4.623213187730844109e-01 1.487002688102946335e-01 3.671502428400425511e-01 4.771706391417149251e-02 2.735956619582733396e-01 5.892429532623080224e-01 2.371991609143744018e-01 4.112259905396176141e-01 4.053401022338160575e-01
1.012700000000000000e+04 6.398853254625993525e-01 4.277604956529877378e-01 3.816163789716921495e-01 4.001534772177276489e-01 4.095684620217616700e-01 3.986423098859668834e-01 3.950682373993553154e-01 5.156396656420567659e-01 5.114027710087774015e-01 4.835226251641707718e-01 5.861370866375823496e-01 2.239369192242187390e-01 2.777033313853719543e-01 3.335586274190508460e-01 2.357778325124444685e-01 4.242622945926211586e-01 4.043294155488868502e-01 2.089749298080559592e-01 4.201265278915365387e-01 4.328466204881780133e-01
1.037500000000000000e+04 7.129411046393006046e-01 4.668599835570491630e-01 4.602437542670113624e-01 3.033630168580471742e-01 3.103194656783019867e-01 4.199186895353391735e-01 4.238324829549072192e-01 5.562300042960559576e-01 5.138668710359712843e-01 4.407955691339948134e-01 3.525691021434527728e-01 4.253109319522956344e-01 3.092469398229334421e-01 4.701272814193631078e-01 3.235173063671555882e-01 3.539783592078153962e-01 2.550949913453811613e-01 3.560610776945801192e-01 3.239679101583770038e-01 3.787869581128526786e-01
1.039100000000000000e+04 5.747529498977886897e-01 3.939286962761009425e-01 3.696375374684020554e-01 4.420012562482874552e-01 4.955837450988013759e-01 4.295107333509829983e-01 4.297742029138972852e-01 5.594643528515409470e-01 4.708012449593881876e-01 3.875724009698766626e-01 3.519422579969633258e-01 3.152027847865789822e-01 3.062894814628077667e-01 4.805102208312672651e-01 3.372085579039517667e-01 3.811426876915853246e-01 3.930905025084969195e-01 2.815470015606155729e-01 2.703807101444566374e-01 4.368760346895873559e-01
1.039200000000000000e+04 6.157848073476395179e-01 3.742163321482117611e-01 4.473357492900395527e-01 4.910375875931824452e-01 3.267318716675198242e-01 4.527551882931251104e-01 4.454209867992314775e-01 5.044746249127211035e-01 5.004920259132750182e-01 4.278493222202038315e-01 3.812753642283499000e-01 2.619333637050386687e-01 4.674450099207448917e-01 4.147141515571582948e-01 4.046099197483579157e-01 3.486593538684941707e-01 3.032277823972522879e-01 2.472077299276353446e-01 4.087125747539724352e-01 3.136076304014363547e-01
1.093500000000000000e+04 7.352823226800413448e-01 4.506310366053016825e-01 4.078590657715274737e-01 4.494535512608414107e-01 4.167381169114824369e-01 3.387552427100699037e-01 3.874383088247896900e-01 5.100005533135157920e-01 4.980906715903876125e-01 3.368150999089410402e-01 4.572854571976062710e-01 3.457940369946632120e-01 2.885722796061644391e-01 3.691435126181216719e-01 2.506050467651996239e-01 2.552518270800910316e-01 3.468716792116310343e-01 4.618088774454715550e-01 3.154732400150228044e-01 4.230076487230225446e-01
1.161500000000000000e+04 7.362855579350406909e-01 4.305278962134682641e-01 4.451684085710721495e-01 4.132012258579079167e-01 4.215995396280157181e-01 4.674646022582928384e-01 4.092189238592227607e-01 5.022717519708643774e-01 4.248410350789144085e-01 3.310980395182043790e-01 5.459837706634704801e-01 2.809286443557546531e-01 2.174425061750500376e-01 1.700445006755124389e-01 2.469116294450837967e-01 5.994991331627578246e-01 5.177931499223032974e-01 3.658474657004157082e-01 3.649655134186925443e-01 2.048000374836627391e-01
1.174400000000000000e+04 7.055977174602968693e-01 4.595414308135367110e-01 4.145846891803106615e-01 3.872131204334027244e-01 3.257520210231890645e-01 3.763376100174902206e-01 4.103936949793028366e-01 4.870931041844850928e-01 5.119566243654515292e-01 5.020148606256776835e-01 2.106289402618941597e-01 3.341181832167653409e-01 3.745387231488374602e-01 3.804376525577243262e-01 2.865046719069126446e-01 4.528461973881337532e-01 2.556106911374613766e-01 2.463713652750144645e-01 5.794532270104695293e-01 4.421436252540363321e-01
1.203800000000000000e+04 6.205777416471738306e-01 4.303651583480038179e-01 3.888955103429701521e-01 3.410476613926090583e-01 3.280211219877742224e-01 5.109563061374944315e-01 4.446203526877074985e-01 5.612283113518707900e-01 5.442895914002345847e-01 4.626379222973716621e-01 2.322324968918963728e-01 1.591481287368784747e-01 3.742118411053655946e-01 6.308881626288361799e-01 7.694622197606071357e-01 1.413821836324740955e-01 1.759120825835527868e-01 3.757540896854853485e-01 3.397333519913537936e-01 3.784667183068886054e-01
1.204700000000000000e+04 6.341378445525613916e-01 3.990065726192221218e-01 3.887222194014896548e-01 3.840014385725445956e-01 3.916739168343615352e-01 4.743370478403468038e-01 4.556726797950699237e-01 5.569566526561600117e-01 5.299320733117558468e-01 3.924747670098390206e-01 3.887292078535367623e-01 5.290515214174621450e-01 2.423932350846144113e-01 1.776048102492090719e-01 3.034729388608283229e-01 4.172509519489626117e-01 5.342836855935195750e-01 3.599640921591057419e-01 2.987739227469195513e-01 2.672505448260385497e-01
1.205300000000000000e+04 6.563340011743884483e-01 4.152388915127873115e-01 4.236014849089206891e-01 3.955401232598660943e-01 3.659990214440383416e-01 3.566954466553114433e-01 4.996451110817315411e-01 5.626544939063669037e-01 5.195098071535813045e-01 3.899268451098403809e-01 5.797011454352648530e-01 3.511112299441627727e-01 2.919738613412898309e-01 2.482936150208462089e-01 3.706765562685901960e-01 5.114969667813107357e-01 4.496394014975048092e-01 4.734980826438454082e-01 1.093711503704170862e-01 1.234253508869136151e-01
1.212900000000000000e+04 5.772034302585457022e-01 4.324648475153469174e-01 4.830935381320543009e-01 4.523943129251508655e-01 3.678218613740780185e-01 4.306963432766220956e-01 3.146811807737069921e-01 4.654551435906941759e-01 5.219752168788880375e-01 4.731089990283324220e-01 3.951662830948012850e-01 2.562050861114287259e-01 5.193032834165653977e-01 3.521633921121715138e-01 2.007242453991134601e-01 2.239230507370430778e-01 5.257232927457499150e-01 3.080673541990617825e-01 3.822340702454161687e-01 3.348820868812010798e-01
1.213000000000000000e+04 6.637397366959713052e-01 4.839822351094544284e-01 4.544911072930135632e-01 3.552390130058581397e-01 3.242097396791104869e-01 3.307308750470521197e-01 3.186991402897648706e-01 5.594572937787016809e-01 5.711419033455777949e-01 4.679129024201411080e-01 3.212378453594373906e-01 4.882795441291654104e-01 3.412802778070074816e-01 2.840212249264857380e-01 2.370243331927943120e-01 5.016045948830730739e-01 3.303470931692368273e-01 3.479579884321877814e-01 3.119297532073816992e-01 3.782606550174032467e-01
1.226800000000000000e+04 6.679419509653985454e-01 4.450721085276869160e-01 4.386700652061115147e-01 4.304508600807403496e-01 4.190142412684937923e-01 4.154891189667092033e-01 3.253853695702565441e-01 4.705722336242403880e-01 4.805260463991002373e-01 4.366604402709859389e-01 4.191360624764274845e-01 3.046264178174787896e-01 2.690698047012127780e-01 2.568198739580128676e-01 2.581505162278964760e-01 5.035336632368597742e-01 4.812260020088355295e-01 2.767364190310099836e-01 3.347517451847494829e-01 4.391515784183454563e-01
1.226900000000000000e+04 6.895601882006948680e-01 4.459937654083834246e-01 4.385245997905241055e-01 4.145305549594829331e-01 3.213082777765428610e-01 3.517846528746544910e-01 3.353930434189000276e-01 5.193472996529334695e-01 5.462730732739479178e-01 4.801496698471460767e-01 3.602855456635752351e-01 2.136378689196853919e-01 2.430466586981149812e-01 3.300682858001079412e-01 5.161085389281820923e-01 4.366679094853803678e-01 2.899113033524566285e-01 2.977118339295098948e-01 3.996298719809619482e-01 4.915682460935665299e-01
1.233400000000000000e+04 8.031164332950451179e-01 4.356522929687989265e-01 4.670027079200474440e-01 3.294316476133018479e-01 2.712365683373386682e-01 3.903226389888593828e-01 3.875061768691127617e-01 4.625686400261077025e-01 5.398830461252780433e-01 5.211250640382704136e-01 3.644981623173794705e-01 4.116208945134102182e-01 3.785056772996713836e-01 4.088203239116315335e-01 3.051419710557541354e-01 3.634380120093230193e-01 2.524059835908855076e-01 2.796655935229020451e-01 3.618593683616098677e-01 4.314790156898348772e-01
1.245100000000000000e+04 3.422002800174779868e-01 3.803234210409286442e-01 4.738754970176756176e-01 4.633519984506893619e-01 4.698548194782256049e-01 5.490896465493763090e-01 3.820602147936345006e-01 5.450425981542146303e-01 5.230345197273547075e-01 3.936353951848586274e-01 2.883574082254003468e-01 9.461022081708283515e-01 3.773473702973872967e-01 2.100872476081429019e-01 2.273103120460769622e-01 3.826466006083797389e-01 4.690077177114345686e-01 2.072907307427091228e-01 2.649442988766134155e-01 1.603915074319119116e-01
1.245200000000000000e+04 5.670877150925578425e-01 4.560158616527265063e-01 4.468085772474265083e-01 4.424921410066351979e-01 3.755269132650153607e-01 3.685723033025068429e-01 3.913418786057399346e-01 5.373913551881529527e-01 4.819953043455011965e-01 4.630564139008959135e-01 9.280001847356720290e-01 3.054537999164410600e-01 1.877950173503801501e-01 2.850881361956913995e-01 3.654068833162325003e-01 3.948203622664848145e-01 2.058314410608680922e-01 2.233421404477701211e-01 1.383460287339811912e-01 5.493109373218132419e-01
1.245300000000000000e+04 6.934846848334558223e-01 4.460451067026684480e-01 4.426750477395797745e-01 3.615058910294354777e-01 2.862887686709669754e-01 4.055048975033946346e-01 4.087011526482876023e-01 5.110429436318398855e-01 5.605289128588574199e-01 4.781943902883534769e-01 4.166764618655745545e-01 1.600547886277622345e-01 3.118971749037036667e-01 4.949470610825775219e-01 4.817705790203083982e-01 1.572051704917157011e-01 2.686947058417524792e-01 1.412934096620183655e-01 5.740359258515387308e-01 5.775343225175255668e-01
1.246800000000000000e+04 6.209978809494723917e-01 4.471293521605562149e-01 4.333247870219433806e-01 4.222610490771705472e-01 3.704257392340842281e-01 4.145204459284734244e-01 3.771660122815138072e-01 5.399871777874788448e-01 4.947889603596877239e-01 4.324649965272214791e-01 4.117686102354328193e-01 2.720128912718001168e-01 3.923212461698367681e-01 3.869252169555051912e-01 1.792824484181567979e-01 3.078177527326070306e-01 4.360877885471046156e-01 2.762526524507932235e-01 2.278978780323114295e-01 6.521021314024775251e-01
