6.490000000000000000e+02 6.497277243322648888e-01 4.402116064326265787e-01 4.056644605125881431e-01 3.384817955412240398e-01 3.248680786144559351e-01 3.933464905264723033e-01 3.726512878487476255e-01 4.627079297625330545e-01 6.341519479516236624e-01 5.501680540874719361e-01 2.387183563081935744e-01 1.839706548279027853e-01 3.886561598606159684e-01 5.313801226584832227e-01 2.275921014303343426e-01 1.955926085271529336e-01 2.008497075786947195e-01 2.640499063705917249e-01 7.625566213327144016e-01 5.546517584370728171e-01
8.220000000000000000e+02 6.908034904446292979e-01 3.793364171630013160e-01 3.288445190715741373e-01 3.505574696249773581e-01 3.692675457334463340e-01 4.934335401147116329e-01 3.637288627890206127e-01 5.306524747455718671e-01 5.900757357450449048e-01 5.241514729756714397e-01 3.537161918287121676e-01 3.907384192726247041e-01 4.303410411899746824e-01 3.505939677427643564e-01 3.794606446419919177e-01 2.358593538054401528e-01 3.006050246814352955e-01 3.260303029294274735e-01 4.393596913079765298e-01 3.281049185068457552e-01
2.597000000000000000e+03 7.590064300657575203e-01 4.966661785865807421e-01 4.311091864179886768e-01 4.264421653771754972e-01 3.475026814007356468e-01 4.186975901178431880e-01 2.981168362925123438e-01 4.331325988100891422e-01 4.304631517970057830e-01 5.109139187611523303e-01 3.914745390934094571e-01 1.569507052332968777e-01 3.359675353203633308e-01 3.721217268631782371e-01 2.248790844665498057e-01 2.747961813188108393e-01 4.439170472345536078e-01 3.525952271016553619e-01 4.813978121479813854e-01 4.833237063190686800e-01
3.832000000000000000e+03 7.404754104711527285e-01 4.665526431772625271e-01 4.145051238067066768e-01 5.621927516465725638e-01 2.499493122009329438e-01 2.872113633672700450e-01 2.804224076645372432e-01 4.683426436799428272e-01 5.040092649720483431e-01 5.362909817177498040e-01 4.171750050173514412e-01 2.761315168125926256e-01 3.387809611790540409e-01 4.432037392387198627e-01 4.192550802950810729e-01 1.265935768036786369e-01 4.134398482309256107e-01 3.030477863330173216e-01 3.477243941536757310e-01 4.529870764380518611e-01
3.833000000000000000e+03 7.231086298551344660e-01 4.249825442718047630e-01 5.755519979504776229e-01 2.422574187611774565e-01 2.493217356832054254e-01 3.112601381385771138e-01 3.374669996312033571e-01 5.503648171559670788e-01 6.361735961859680266e-01 5.116786551361899305e-01 3.429251033645064339e-01 2.973076570032227028e-01 4.317750462528416877e-01 4.931183653957006419e-01 1.360960515163113227e-01 3.731363203835995623e-01 3.267888152411419500e-01 3.183189107413108010e-01 4.243081099812981427e-01 3.814647123397802431e-01
3.863000000000000000e+03 9.406328496582860854e-01 6.042584469814964443e-01 5.759835053130838434e-01 2.129076345058250608e-01 3.025745655711253868e-01 2.731312034896838936e-01 3.404269021168154219e-01 2.707351251461783681e-01 5.194530100343932588e-01 4.973802758320527984e-01 3.774122474745393307e-01 2.813873665305184901e-01 3.228684927459509746e-01 4.052738370260318690e-01 2.034377018342165000e-01 4.966426220222527887e-01 3.165368876882880267e-01 3.598578327295026136e-01 4.471257868117053391e-01 3.199043930347887366e-01
5.764000000000000000e+03 5.575094075399465998e-01 3.554459594283861379e-01 3.689668368083284800e-01 3.480451309309220420e-01 3.770153824811481869e-01 4.801193954892421512e-01 3.848371534335964239e-01 5.316243700504056369e-01 6.111345443545836975e-01 5.871499073646495592e-01 2.669238193208645082e-01 2.976526356096187431e-01 3.994545971799330908e-01 4.464231048779527811e-01 4.214317703525440328e-01 3.256863389324115565e-01 2.266077787560969725e-01 3.230856750804749211e-01 4.297679041285260015e-01 4.221922047995513294e-01
6.117000000000000000e+03 6.240685961174599061e-01 3.958842717923958254e-01 4.570680595311623629e-01 4.471500089626297969e-01 4.206365330689523785e-01 3.921100329540643248e-01 3.637865130519015167e-01 4.398848146468267162e-01 4.232273181493252379e-01 5.764530802446802271e-01 2.947633493854449060e-01 2.458631402807557320e-01 3.706460926968149217e-01 3.482143340786821861e-01 3.013267805718254921e-01 4.051596473744452087e-01 3.358374035017541170e-01 3.597205220893964217e-01 4.306758609373047553e-01 4.469083747011288188e-01
6.118000000000000000e+03 6.096067810951211197e-01 4.549235914789742097e-01 4.460518424844323038e-01 4.069317684359388676e-01 2.987508147461581109e-01 3.754221215025753122e-01 2.807619319978796879e-01 4.413984211934591229e-01 6.575532280951600361e-01 5.451090049017698336e-01 2.980494724009747909e-01 3.128239030579880176e-01 3.234114534516668860e-01 3.632087741866508179e-01 4.058483832884529074e-01 2.640894809532978726e-01 3.703320598634839977e-01 3.763991120849266570e-01 3.996519935435062787e-01 4.230578921733442743e-01
6.154000000000000000e+03 6.846154136634530207e-01 4.768981347099262580e-01 3.082626223688916811e-01 3.183359708309813074e-01 3.121551457714852318e-01 3.940325794346017374e-01 2.301858976878596585e-01 5.946419320439124689e-01 6.543260061974738306e-01 5.902982352281587186e-01 3.878170404848921282e-01 3.274937041872988952e-01 3.880995789385129902e-01 3.791166186820908446e-01 2.320991887359145078e-01 2.069116397695144327e-01 3.922714662326426960e-01 3.742808908966553383e-01 4.138819672565386965e-01 4.105744212416461703e-01
7.188000000000000000e+03 7.238556246296384833e-01 5.092994120055669427e-01 2.824592704127654730e-01 3.150362822791999973e-01 3.062667572699562801e-01 3.902062697164044303e-01 3.554942590786988599e-01 5.698956586118231193e-01 5.906170672185379056e-01 5.623682368469040682e-01 2.701127727161743985e-01 4.039562613336760144e-01 5.121636403711741226e-01 4.792014882864628622e-01 3.690750886999060176e-01 1.097749401483808646e-01 3.153837949859998324e-01 3.312884329617116763e-01 3.165284064384079610e-01 4.268133996701443111e-01
7.664000000000000000e+03 7.890236630421827435e-01 5.026813418312213733e-01 5.016749144761550872e-01 3.406617123663752134e-01 2.244607349595069412e-01 2.669337680737211005e-01 2.507356846890858582e-01 4.722500307693650590e-01 5.102513609914849368e-01 6.786528133871422286e-01 3.252441642018014667e-01 2.321432514288029603e-01 3.378913985991542912e-01 3.699490220360071580e-01 3.495573343149354639e-01 4.277564380121879339e-01 3.362392428728561700e-01 3.540694394204919604e-01 3.679017326546843436e-01 4.467432991717660284e-01
7.773000000000000000e+03 5.157731628507686850e-01 4.937772451321725820e-01 4.702980052828164559e-01 3.104728490664289131e-01 4.009151662406188477e-01 4.979572149400278147e-01 1.883173178788020707e-01 4.958528419576430091e-01 5.566135900952415838e-01 5.802887546572382815e-01 3.158464877740992383e-01 3.222901534543266000e-01 4.091583786198373374e-01 5.247775135760586185e-01 2.614697335366651387e-01 2.846531755558998067e-01 3.281217705201356361e-01 3.080184580058673571e-01 3.662521926849592324e-01 4.175251931225666957e-01
8.407000000000000000e+03 7.670336466044908041e-01 4.159613871526962603e-01 3.923387992813736624e-01 3.833422730615715923e-01 3.570602612848653989e-01 4.758390186036363101e-01 4.038173424941545742e-01 3.420478805961259527e-01 4.890078479584456517e-01 5.918260433711172164e-01 3.975409470151794467e-01 3.111549663465406068e-01 4.600688090568416655e-01 4.462814324904874064e-01 9.304035173083581578e-02 3.516508309333364890e-01 3.283846565441639331e-01 3.133107228097238850e-01 4.129087187719460705e-01 4.059288814111011168e-01
8.408000000000000000e+03 6.494521851540239199e-01 3.994971325089085590e-01 3.903651103196210670e-01 3.500173522833575079e-01 3.562867264813564527e-01 4.307573856619588137e-01 1.690997196348824616e-01 5.288161143637692962e-01 6.807796729347632692e-01 5.734555155362358603e-01 3.757384042674227764e-01 4.251602654852211782e-01 4.324706476287829005e-01 1.824793424567245637e-01 3.715593286897025394e-01 2.712362633037199156e-01 3.361288335254460358e-01 3.760606780633331536e-01 3.782854264041444203e-01 3.790977963344463464e-01
8.520000000000000000e+03 6.873486964777104635e-01 4.469057824694074865e-01 4.358389317221313397e-01 3.341037918793321460e-01 3.536763587141902310e-01 4.270711172893741359e-01 2.906545524435589223e-01 4.284986752880332594e-01 6.229648800618469151e-01 5.226299855237782621e-01 4.092369935451711793e-01 2.769962118495606362e-01 2.766511579675921539e-01 3.512515470746984114e-01 3.419215800961672436e-01 2.048532052355003241e-01 5.754583048960822955e-01 3.094107670180000214e-01 4.329162378007808676e-01 3.344768583608377366e-01
9.338000000000000000e+03 5.898220194590597654e-01 4.672173597212466722e-01 2.945533636738832950e-01 3.818063929270014700e-01 3.579626119922338368e-01 4.481215497305028883e-01 4.456697381041340167e-01 4.163588372026183482e-01 6.213788446498783591e-01 5.738390169107036032e-01 3.686735168111899830e-01 3.765426125694770199e-01 4.494665093541836409e-01 3.814185832004302612e-01 3.463090090317986758e-01 2.263453754018415198e-01 2.297030166940702556e-01 3.006096750657124561e-01 4.628449118248949001e-01 4.027240439119308957e-01
9.760000000000000000e+03 5.974352054771487897e-01 3.511301961973850028e-01 3.936638975401856033e-01 3.653416414111366195e-01 3.265162599252994235e-01 4.771820849496954398e-01 4.358263652592778148e-01 5.315547386916922301e-01 5.665159355228193139e-01 5.840464627344706949e-01 7.624964794519701883e-01 2.522706570179824026e-01 3.658699390188130396e-01 3.488315312090450870e-01 2.189209462190014333e-01 2.560637977026127832e-01 3.269980134422302842e-01 2.759393197255883279e-01 3.403236536643574062e-01 3.785481577473057135e-01
1.096100000000000000e+04 6.474422902816142633e-01 3.772979576549966851e-01 3.531881025643278105e-01 3.728528763775672550e-01 3.081004171749793241e-01 3.618566384386422974e-01 3.416469404595411374e-01 5.382537976810203295e-01 6.309231684754927905e-01 6.504462975922487011e-01 3.798564348955384418e-01 4.161409125983112633e-01 4.494733482099077526e-01 3.782149857103329627e-01 4.513994762235259972e-01 2.388314818174547272e-01 2.047239933379444432e-01 2.235082447557650009e-01 4.208048989916827742e-01 4.058284722643474285e-01
