4.190000000000000000e+02 3.501625335651726845e-01 2.176324215097752701e-01 2.628442798388199719e-01 3.278420912578836610e-01 3.978931781956067115e-01 5.244903962245122120e-01 6.437623622226817943e-01 7.301836554114712330e-01 6.660656044348532978e-01 5.822970313883391036e-01 5.042837887757166682e-01 1.845830044022318261e-01 3.078683791424444705e-01 3.565600179352955701e-01 2.317839114915113130e-01 3.518431997929016286e-01 4.184574392759834449e-01 3.685999493319002118e-01 4.643581357834175027e-01 3.230461841984829108e-01
9.160000000000000000e+02 2.519942989891144070e-01 1.767184868288969590e-01 3.422849929312467010e-01 3.023191920474291861e-01 4.015892006958122762e-01 6.201483389854325345e-01 5.621360527955105990e-01 6.879400242170198299e-01 7.136872369672768723e-01 6.286642030442518569e-01 4.907863655162620353e-01 2.253364562954283112e-01 3.471061250945733923e-01 4.585341143103560668e-01 3.796505445975981163e-01 2.512215490588114997e-01 3.726785557342536248e-01 2.504411678495029880e-01 3.851580400837232854e-01 3.846332274087113090e-01
1.563000000000000000e+03 7.053142283795753587e-01 3.989997793031048179e-01 3.621109180044264075e-01 3.172677408053773962e-01 3.021920884987236988e-01 5.222679875767670676e-01 5.089028070964681794e-01 4.589076159561000234e-01 5.761144228223651353e-01 5.282731039344296109e-01 4.037910764989386392e-01 2.953033526108762574e-01 2.585490276104219776e-01 2.274714179956473514e-01 6.656001055136741007e-01 3.425751105351234060e-01 4.141104488208296464e-01 3.915763432846827707e-01 3.254917894373129950e-01 2.201624459498946751e-01
1.621000000000000000e+03 5.333942493737368062e-01 3.259104967234867090e-01 3.536520488716383137e-01 4.367870529320698747e-01 3.392301956047446554e-01 4.803303259525446567e-01 4.593545878455531639e-01 5.009610346510583456e-01 6.591157780909470132e-01 5.199896716530159058e-01 3.642169684843762911e-01 2.270113668688905628e-01 3.482376049372872262e-01 3.665003483713105137e-01 2.839264723310143679e-01 1.623609410027544442e-01 5.200486324152302497e-01 3.980033447312659733e-01 4.310344645582084855e-01 3.983941851494241515e-01
2.601000000000000000e+03 5.558230526539131855e-01 3.215174479570768740e-01 2.557357306829504684e-01 2.438476598190869038e-01 2.759871825252279143e-01 6.104200078040394883e-01 5.553712553046632472e-01 7.116697161564984331e-01 5.871904476213163360e-01 6.516483973574992428e-01 3.146269459464635099e-01 3.132918888509873545e-01 4.810540914537298485e-01 4.207796227156238023e-01 4.579444857255930423e-01 3.985941569622593605e-01 3.296685040523280041e-01 1.826053887595738279e-01 3.308224004839959154e-01 3.411327173016012737e-01
3.103000000000000000e+03 5.421108893906654291e-01 3.017995175727399837e-01 3.767555599612522621e-01 3.463963180990397017e-01 3.517861622843572733e-01 4.824514520869392364e-01 5.521379024676349445e-01 4.410217156894872814e-01 6.918140437853634861e-01 5.596019051422079782e-01 4.770662197358478962e-01 4.564767621135574216e-01 2.660589976051180305e-01 1.655364332626754198e-01 3.100123634900860403e-01 2.976392611960542167e-01 4.697455558782718810e-01 4.342145081922594851e-01 3.934260320249263199e-01 2.294055471262916868e-01
3.836000000000000000e+03 4.278606394692798243e-01 2.495856719768521081e-01 2.535064589852993322e-01 2.803630138141031680e-01 3.492785476941703271e-01 6.581655547942374396e-01 5.910298667546758367e-01 6.375660230892112867e-01 6.296013632566451745e-01 6.796489528009971304e-01 5.154701041034994713e-01 1.686048566142981375e-01 4.597342266851976444e-01 3.697613910738781762e-01 3.097522164619231910e-01 3.796833398531936354e-01 3.528493903299859125e-01 1.539236286109299245e-01 3.707466033365675595e-01 4.815098179017666680e-01
3.996000000000000000e+03 1.819217988020290222e-01 7.050714273058093784e-02 4.310026549632393067e-01 4.439554390324378930e-01 4.087331809980375152e-01 6.198813986648009644e-01 5.976224176024059753e-01 6.658260495466934437e-01 5.627588042266866708e-01 6.954387298615253288e-01 3.168136000306602251e-01 3.100918714105781460e-01 4.000366078881627541e-01 3.142668192784305869e-01 6.856251176437536676e-01 2.905824629753505084e-01 2.622660726687824351e-01 3.662690827931924242e-01 3.077865420838603594e-01 3.098184466316232788e-01
3.997000000000000000e+03 1.209829309479845266e-01 3.956249962046905488e-01 4.093885626875878869e-01 3.617732430714272751e-01 4.000074629411459193e-01 5.578245354305638726e-01 5.186043172849358340e-01 5.613089527393222422e-01 7.247509958197283497e-01 5.144882129075155630e-01 3.365583844828964333e-01 3.173729935708307637e-01 2.734572538283968623e-01 6.676423442334196157e-01 2.656625396142306972e-01 1.638444236131313125e-01 3.543587017566234842e-01 2.527871619569066475e-01 2.603667812593258857e-01 6.708910666961072078e-01
4.264000000000000000e+03 4.187546509812453688e-01 2.419524436649619081e-01 2.956072012183374453e-01 4.076467749604589796e-01 3.730033392151081428e-01 5.320800144384192354e-01 4.800990387713590102e-01 6.209704932524406917e-01 7.209878859287316422e-01 5.470234558225437471e-01 4.017594612848578994e-01 3.410606785160671395e-01 3.759376088057535537e-01 3.186543894783301356e-01 1.442574930262025268e-01 6.153506290937670320e-01 3.863633001116668630e-01 2.578613108478352567e-01 3.900193758993694138e-01 3.067989402581502434e-01
4.575000000000000000e+03 2.289392596157839299e-01 2.547397555410552683e-01 3.640421888350597324e-01 3.825531641973295427e-01 4.540493220222891479e-01 6.516041180471282557e-01 4.793073796907930118e-01 5.564374736847680358e-01 6.508688437143098637e-01 5.994576000425408946e-01 1.937574946922586139e-01 1.923610734258284494e-01 3.807295753176280217e-01 3.203712735259695021e-01 2.884074507085209738e-01 3.496967647064592732e-01 3.751316781268869693e-01 3.457655302501623229e-01 4.822360292696009076e-01 6.152523164989982529e-01
4.576000000000000000e+03 3.743128040426409453e-01 3.306833518191048538e-01 3.488339506628345688e-01 4.103934989073140249e-01 4.201554225706934376e-01 4.410607728274129613e-01 3.804940588880018626e-01 6.652401687276113806e-01 6.433971768539245017e-01 5.377992261222025450e-01 2.378027001097844095e-01 3.084486587439273508e-01 2.862459616516981331e-01 3.381683886944553685e-01 3.329132967886754835e-01 2.928857485348403955e-01 3.430390713416459625e-01 4.061616138155627054e-01 5.302218041081335764e-01 4.557060340631212125e-01
4.753000000000000000e+03 4.810151498945121618e-01 2.483444606889628203e-01 3.179437629725687664e-01 3.315547132941045194e-01 3.233090071077331928e-01 5.111722414620420984e-01 4.377281736214414520e-01 6.493079390870366563e-01 7.447295318807845010e-01 6.084613048839406790e-01 4.153399917346212167e-01 2.647020347098980597e-01 2.583352383047872736e-01 2.866807328159147183e-01 2.241646605366724998e-01 4.755710751715292450e-01 5.193465686224584266e-01 3.505429924620285242e-01 3.501994622719768468e-01 3.761169142339802485e-01
5.262000000000000000e+03 4.823860785378397131e-01 3.027160229767325572e-01 3.391310148151310822e-01 3.437332552216146309e-01 3.848572833517712732e-01 5.264608748081001099e-01 4.621955135136969761e-01 5.537593093581804071e-01 6.733505692838117618e-01 5.645335789365355517e-01 3.204918395855477775e-01 4.446421701638980650e-01 4.449685096660994654e-01 3.090065217445270851e-01 2.280989358414824975e-01 3.010027224088637210e-01 3.102764473162757941e-01 3.477463381908492135e-01 3.966193421189436186e-01 4.260602310437052176e-01
5.754000000000000000e+03 2.041134976187412298e-01 3.194112413940390360e-01 4.616327371209783537e-01 4.189976729960668833e-01 4.348234898191965514e-01 5.567815974122971578e-01 5.118032195590522804e-01 5.752412145049587977e-01 6.356001913590256791e-01 4.461019579292681558e-01 2.604400862696205077e-01 2.330398879543474910e-01 4.524678410527785966e-01 5.409558027518341916e-01 1.227057117498992767e-01 3.459384008262847976e-01 2.923239016081066732e-01 4.026557852392156356e-01 4.163715806252806795e-01 4.518287526241643870e-01
7.801000000000000000e+03 3.467808036257572502e-01 4.496700152050962518e-01 5.319260881783020034e-01 4.112349415682246545e-01 2.677888547170443889e-01 3.827731432310046422e-01 4.954248153004790489e-01 5.076917315504902994e-01 6.109144834319114592e-01 5.360021089477661205e-01 3.282783239420765664e-01 3.162377022919716230e-01 3.708527590732698664e-01 4.125405084807011180e-01 3.417328037282786890e-01 2.570989782675215385e-01 4.094305604743338489e-01 3.414783010757760917e-01 3.350746947568808976e-01 4.195329370401109648e-01
9.307000000000000000e+03 5.657066969039095117e-01 2.624767071731614054e-01 2.899427794217782628e-01 3.637518749342371072e-01 3.540109866293946750e-01 4.897928096761409722e-01 4.387922751161403290e-01 6.192650378273180101e-01 6.375514703075166878e-01 6.366683380850320928e-01 3.286013837433051643e-01 4.103198748584603317e-01 3.133331632109571108e-01 3.560292299461560450e-01 3.509124298341110837e-01 2.849001999915211636e-01 3.534830590973662701e-01 3.596436373993122659e-01 3.738112857765161778e-01 4.065289861874255561e-01
9.761000000000000000e+03 5.362470576816135148e-01 3.826621367352242564e-01 3.538851086041678862e-01 3.004923636698648703e-01 3.398281401870170138e-01 4.336534680323649860e-01 3.845098945533571011e-01 5.958495272145005739e-01 6.543663855527321882e-01 6.217390511657607810e-01 3.479497435284936158e-01 3.617653067216964891e-01 3.706439800603434365e-01 3.305012734130849394e-01 3.066665991291214199e-01 3.047621998876481331e-01 3.232565522496067545e-01 3.384507619994986394e-01 3.852048641904486370e-01 4.717518548472527939e-01
1.003600000000000000e+04 3.072541024596505688e-01 2.544484609291521315e-01 2.408293384735759601e-01 3.062133656781313995e-01 3.954047555956853310e-01 5.544152582145149832e-01 6.513966354374070011e-01 6.943197764239533720e-01 6.596714785101049916e-01 6.477370456893735140e-01 7.109750594889216457e-02 3.683403191669530341e-01 5.235695035514469353e-01 4.697010585200641075e-01 1.518974642658345031e-01 3.692156482067831536e-01 5.865604126056918055e-01 3.365096313984898280e-01 4.034695666645167211e-01 2.127399499243328718e-01
1.003700000000000000e+04 3.719791189781239127e-01 2.065651429471414557e-01 2.699511704985694815e-01 3.482829295952335480e-01 3.621419193966673444e-01 6.126835831041992364e-01 5.558044012649814292e-01 6.736193826153239472e-01 6.837190208509394962e-01 6.249298609414108974e-01 4.111544696535284760e-01 4.658280650787741672e-01 4.328656507502466888e-01 2.260238594815828506e-01 3.660081615433802837e-01 5.405044303462802624e-01 3.439028740186961808e-01 3.500435307501894022e-01 1.888528593813799950e-01 2.144696608059775134e-01
1.003800000000000000e+04 3.038452905489157918e-01 2.334301417379521515e-01 3.104866250329205712e-01 3.117426300134674144e-01 3.940619270441467759e-01 5.125609456656519125e-01 5.256820824175160167e-01 6.987045351974218166e-01 6.616150442504309392e-01 7.077118950347189852e-01 5.268706836325276477e-01 3.944335848508787601e-01 2.186684153107671946e-01 4.386977015344669106e-01 5.679112007664044448e-01 2.880175336278505416e-01 3.742714194598706356e-01 1.714115581636599106e-01 1.991904380836071187e-01 4.069280699432391568e-01
1.010100000000000000e+04 4.724597650289255046e-01 2.857491575266809525e-01 3.061730912937368210e-01 3.154735906938839762e-01 3.120972494185277335e-01 5.839117803046869337e-01 5.170931084491372509e-01 6.745518828865944005e-01 6.309666845660574230e-01 6.084519971718252984e-01 3.683883782402721518e-01 2.249394599992838861e-01 2.808643761864726418e-01 3.012312031237628362e-01 1.622803017911489121e-01 5.186808623253850170e-01 5.875193964765100807e-01 3.996373104809900489e-01 3.297350244084077953e-01 3.291393649060648241e-01
1.010200000000000000e+04 4.340225866633335428e-01 2.858668752850779260e-01 2.936244730259338076e-01 2.760987610877248533e-01 3.929421099383600957e-01 5.002077386174856866e-01 5.533789326272172682e-01 6.583319001536467319e-01 6.651297827302653509e-01 6.154958578607998554e-01 2.945758594831800470e-01 2.376462024350041446e-01 2.963243106417621231e-01 2.514152471238330078e-01 5.562250690737212677e-01 5.833825431332355649e-01 4.345285478156679648e-01 3.043555896998842436e-01 3.108608765766411319e-01 2.952445754189967353e-01
1.010400000000000000e+04 4.034996628636159377e-01 2.235462943403905833e-01 3.285881515212905613e-01 2.993748259263693257e-01 3.559682790056861723e-01 4.993843953794278590e-01 5.671411796987656517e-01 6.922900415059427548e-01 6.704950040811087364e-01 6.463578982361891656e-01 3.028972283499853924e-01 1.836127107886554866e-01 5.773537434525393142e-01 6.498243537991884589e-01 3.975015165923644900e-01 2.547857200661371446e-01 2.923747708690943581e-01 2.412105204908473188e-01 2.331102805100511155e-01 4.252489204116130517e-01
1.102200000000000000e+04 5.520161136846988281e-01 3.079545543471369218e-01 2.439267379988000473e-01 3.796438650425593142e-01 3.957072741144436745e-01 4.912859877540039499e-01 4.260758750859821031e-01 5.638791721221703135e-01 6.901674461556430717e-01 5.784486177095636839e-01 3.433397632437967806e-01 3.614946667746271602e-01 3.075949213790433734e-01 4.430207849998888392e-01 3.619906254131433077e-01 2.028444895254567504e-01 2.300662682840802220e-01 3.754516028907880498e-01 4.047635923525911283e-01 5.187410756111011656e-01
1.211700000000000000e+04 4.620815108389437764e-01 3.105381119737526951e-01 2.850090999019054272e-01 3.906396055700138148e-01 4.138344782658380239e-01 5.000330985717206245e-01 4.734147306500956498e-01 5.964211338644649363e-01 6.238409959532652538e-01 5.695028444291775349e-01 2.835967580609162764e-01 2.639088365683796011e-01 1.115492619256264334e-01 1.798809860522265491e-01 4.025822197416987769e-01 3.374488502679986457e-01 3.954167566563362435e-01 4.212097534794030373e-01 6.492516413839070077e-01 4.914681512842709599e-01
