1.720000000000000000e+02 6.098144089231546383e-01 4.374099429327944488e-01 4.013253960252853858e-01 3.933767813923508827e-01 3.778291813132354515e-01 4.961656498173339092e-01 3.915286748996412713e-01 4.281650964716821606e-01 5.633545524141688743e-01 4.801182329453985154e-01 2.921932315100521649e-01 3.947362364761065057e-01 4.712510494704746367e-01 2.502717863867928716e-01 3.086751083560487219e-01 2.277585764152208203e-01 3.717464426093161634e-01 4.655561210793618954e-01 4.223527688630018817e-01 2.941968113846417654e-01
1.541000000000000000e+03 4.343933280902695926e-01 2.956408558754830551e-01 3.200694804208613631e-01 3.516512869632365534e-01 4.589275668389236063e-01 8.091389079995772171e-01 5.065661760018961290e-01 6.527370550624682632e-01 4.471802818878122254e-01 4.462592736722204023e-01 3.427223466564030541e-01 1.309495470036944054e-01 4.391070756567449496e-01 3.228126623203612655e-01 3.685186408506286870e-01 3.546562625063267027e-01 3.345669385459436040e-01 2.264790641752514044e-01 5.027056922955419616e-01 5.377718539575498946e-01
3.552000000000000000e+03 5.913842452643631731e-01 3.176823884300655210e-01 2.969287648039865557e-01 4.035135770265194655e-01 4.412541522134100780e-01 6.908534415945176699e-01 3.443683182229421713e-01 4.793437752346196290e-01 5.398147388724441331e-01 5.435925547508480005e-01 5.298651008214718683e-01 2.515916085827719639e-01 1.487845640217169696e-01 3.841269750869742983e-01 3.866787715734651965e-01 3.249558140285592756e-01 5.182000428531089442e-01 3.381079587223885241e-01 1.839189840737824599e-01 4.757285561881663405e-01
3.967000000000000000e+03 4.429709000401054197e-01 3.997039180988219975e-01 4.358441267101945127e-01 5.223828415176268170e-01 4.893973424952712259e-01 6.349412667108765840e-01 3.840526424494740687e-01 4.535469991090955721e-01 4.297293765406003940e-01 3.566694864062570636e-01 4.215433529427365933e-01 3.328512348306491009e-01 3.018477139018435063e-01 5.730560495046449487e-01 3.196954928662599227e-01 3.137651911690880757e-01 4.023828732168253097e-01 2.763916568420584641e-01 1.397266841753278255e-01 4.733543494516325723e-01
3.977000000000000000e+03 3.378335779206556588e-01 3.268172136171788589e-01 4.051798197276367808e-01 4.413224944326274990e-01 4.222506077382745526e-01 6.474860048154646996e-01 5.068723193188490184e-01 5.088593994988983571e-01 4.755305485997769477e-01 5.584650403800335283e-01 5.492159876824311837e-01 3.852193964686900229e-01 3.950182937219027801e-01 2.811064037115695857e-01 2.762826915645468298e-02 3.572966762407993602e-01 4.356157438629805756e-01 3.482764961051977859e-01 3.570405327542501284e-01 3.613400619200379804e-01
3.978000000000000000e+03 5.016430009134957846e-01 3.930756823547614243e-01 4.299815076611619991e-01 3.986291533253424890e-01 4.381837822591952425e-01 5.038057639826366563e-01 3.535390666674500526e-01 4.893383682291250203e-01 6.310072309810673685e-01 3.974851984982271658e-01 4.467412800647637683e-01 3.534233821387908203e-01 2.713366566448524031e-01 1.200502559207404923e-01 3.751019555633375302e-01 3.941043190140735009e-01 3.718317811822051677e-01 3.235997649256621700e-01 3.351006695772108523e-01 5.646601757135496502e-01
4.279000000000000000e+03 6.011044493673823874e-01 3.656884927141044739e-01 3.392207511840779066e-01 3.998121754608606193e-01 4.622731282113616835e-01 8.263982627247347112e-01 4.544234151415271761e-01 5.232402478982449701e-01 4.450058607123204002e-01 2.772578018332981786e-01 2.366021094260006563e-01 6.260418002811735105e-02 6.086200240757094759e-01 4.686544381752463795e-01 2.152429182685738906e-01 3.143078373514571755e-01 2.935569964253817443e-01 2.102839739155613896e-01 6.443879487412192963e-01 4.865775197410499575e-01
5.084000000000000000e+03 4.749161015873432090e-01 2.912147463268177083e-01 4.597045078642574834e-01 3.988408595590837713e-01 3.791931701588489023e-01 5.608482550392199784e-01 4.229235139532188104e-01 5.672414480986615049e-01 5.818276630254187731e-01 4.703226376965405353e-01 5.100277994795184844e-01 2.861463061378186623e-01 3.600369256057740497e-01 2.907560199538553047e-01 3.324974137050913936e-01 1.646841124320681249e-01 4.943536297160680548e-01 3.264834485051977819e-01 4.202239682096437501e-01 3.232355310695745332e-01
5.757000000000000000e+03 6.271766004298484631e-01 4.114358659645507843e-01 3.713991846736074409e-01 3.546004520609596367e-01 3.368061645267736992e-01 6.032065015479993741e-01 4.527287440572704269e-01 5.552208675185444919e-01 5.192180809989066503e-01 4.315909286602389039e-01 5.830024078290312328e-01 1.626258261498558511e-01 4.469510935340267332e-01 3.397134101872295586e-01 4.393678980789821886e-01 3.853283004477086604e-01 4.307918864162637584e-01 1.778833643208210247e-01 2.617972805551669890e-01 3.272200112065292710e-01
5.923000000000000000e+03 5.768201010560634057e-01 3.539891225858808887e-01 3.473296261493028503e-01 3.772659870815982530e-01 3.685424254302657743e-01 5.848318649063246610e-01 3.548390208330425843e-01 5.596683958645133350e-01 6.130351496477510764e-01 4.857194037925819941e-01 3.916129035919684309e-01 2.938645193333341843e-01 3.015427053598198626e-01 3.947579432259138987e-01 4.591492735911292256e-01 3.557504915389390066e-01 4.301389223743862789e-01 3.686509932541417456e-01 3.059145709844330319e-01 2.301795723648530634e-01
6.094000000000000000e+03 6.098310776939970257e-01 4.587490172788369902e-01 3.664595430834515222e-01 3.836260706968764311e-01 3.392358256984356335e-01 5.079477605599859169e-01 4.110538071185731446e-01 4.885169853066582135e-01 5.647590804027085021e-01 4.737096994069456835e-01 3.707370699799114599e-01 2.138337472561201713e-01 3.548768378697733650e-01 4.204205114393823606e-01 5.614461083587560797e-01 1.599922431915505594e-01 3.620628699917229909e-01 2.976220001883610466e-01 3.894604374802502211e-01 4.232895255598052575e-01
6.121000000000000000e+03 7.091420652440830752e-01 3.404931929985290928e-01 3.320274070847584191e-01 2.839322018449728646e-01 3.031232636264309943e-01 7.544482892019905851e-01 6.975107574066367055e-01 5.171040421114643237e-01 4.887303157454870317e-01 3.957585863357785394e-01 3.513337872583756072e-01 3.981223667889661755e-01 3.261889405949193188e-01 3.888927228133904901e-01 3.503742413604567507e-01 3.168661839772154987e-01 3.624542089275625267e-01 3.836361410375654368e-01 3.014849122859410979e-01 3.533226714710637761e-01
6.122000000000000000e+03 5.390187379716706584e-01 3.338821532621035204e-01 2.838718538329646490e-01 2.887230487725261363e-01 5.137534152946523491e-01 7.192132262664248099e-01 3.862313433402666529e-01 5.217015185285792667e-01 5.045628640524658648e-01 5.817265105303370820e-01 4.572672187803998312e-01 2.784578071511271680e-01 3.732838291699603905e-01 4.213185943734703565e-01 3.307106911221865397e-01 3.070676304883290797e-01 4.077038187155714866e-01 2.719902697038772410e-01 3.261605216875563262e-01 3.641249164751243494e-01
7.290000000000000000e+03 6.390599773522387395e-01 4.060224232719319981e-01 3.247153838909122014e-01 4.644202827906729336e-01 3.920420750931217224e-01 5.077655312959200584e-01 3.655092281477659855e-01 4.704468744581263850e-01 5.613020473876048078e-01 4.509188886008607677e-01 4.163495748563995624e-01 3.277036705456657373e-01 4.514446090348229190e-01 4.917550392858262565e-01 3.530778695648703613e-01 1.172896364732210900e-01 2.865711353390187899e-01 2.822589589976441937e-01 3.723093501184830401e-01 4.428773242549534084e-01
7.301000000000000000e+03 6.627470177432137621e-01 3.588467614154414731e-01 3.726684522097873375e-01 4.454027196010702516e-01 3.610700811923774900e-01 4.477949693436533152e-01 4.059274355740564166e-01 5.007976383600020176e-01 5.700779353642738689e-01 4.671119812643103053e-01 2.371979117948180560e-01 5.142303287231515529e-01 4.232419647530294426e-01 4.061425103903480993e-01 3.807814600505202707e-01 2.301123031338155323e-01 2.207747091563104502e-01 3.004870801182578655e-01 4.082561153597304426e-01 4.359676034436191783e-01
7.772000000000000000e+03 5.849736679307249165e-01 3.334246563250974904e-01 5.024173458998264508e-01 4.772927728515881096e-01 3.335880924463584529e-01 5.774715623263889652e-01 4.950369533589140669e-01 3.760587498684145880e-01 4.771212530578482491e-01 4.680914245045283417e-01 2.911430166657763552e-01 2.644606229469556591e-01 3.796872385218177381e-01 4.404038458090037134e-01 4.793621627839713129e-01 2.619720588728934318e-01 3.540119235918512408e-01 3.185794863410245648e-01 3.522800838936565038e-01 4.093756612336038603e-01
7.798000000000000000e+03 7.044494980071580592e-01 4.201396729799774521e-01 3.211247542151328682e-01 1.886096554957412963e-01 4.444691034417403430e-01 7.719779431070155074e-01 5.590734313589120763e-01 4.498407376096609234e-01 4.594428179419391411e-01 4.442442129530770334e-01 1.708546628168252368e-01 9.056152433041565752e-02 2.283084278506556097e-01 4.022856494551205753e-01 3.937771428519542538e-01 3.891410874263482311e-01 4.615607510561519633e-01 4.350158507393441232e-01 4.051099045713260627e-01 5.627065833424145236e-01
7.877000000000000000e+03 5.741627897556623727e-01 2.713937230212670193e-01 3.051774858777607236e-01 5.051718527916674306e-01 3.944042448685434188e-01 6.889142209399666816e-01 3.911487692074321898e-01 5.466485215935114050e-01 4.811233474117456721e-01 5.056874913056135235e-01 5.590861613198457869e-01 3.315458772977055157e-01 3.736343042694198480e-01 3.148627077517409667e-01 1.624049455324176050e-01 3.725185559654075051e-01 3.476093199456817273e-01 3.982519105251155489e-01 3.745154275440615299e-01 2.701916624962622526e-01
8.299000000000000000e+03 3.926293125783374971e-01 3.915861784200624363e-01 4.439002554275718881e-01 3.843022480037861510e-01 3.935876397978710362e-01 5.382522323826471888e-01 4.092081580938978225e-01 5.446415983766144109e-01 6.203133137498546557e-01 4.456367903402537745e-01 5.775727715947701624e-01 3.731983377335083008e-01 3.106272340561205825e-01 4.182275998948051243e-01 1.644881483846300230e-01 1.777817854635314887e-01 4.041086203876075311e-01 3.578400735786431142e-01 3.495918182344155967e-01 3.728092557138711349e-01
8.413000000000000000e+03 5.306645615074966349e-01 1.830428231173411857e-01 3.255105242680821909e-01 4.950368555636597279e-01 4.828340568011067480e-01 7.158852371264153858e-01 4.767664047815056705e-01 4.935604042815148751e-01 5.720706731536663314e-01 3.887173910939152877e-01 3.120082225431503042e-01 2.544761623213255830e-01 3.636435707574648402e-01 3.423389430021047675e-01 2.372678704239381819e-01 2.994477507730855526e-01 5.270469401696634693e-01 3.727537683576395700e-01 4.249527629914786053e-01 3.710658872955420184e-01
9.172000000000000000e+03 5.515929092597025019e-01 4.741709534821099137e-01 4.394689831863454188e-01 3.797839893919490728e-01 3.665854701756198764e-01 5.627865477143478845e-01 3.979679763739351617e-01 5.307574812352929827e-01 4.685006774108860239e-01 4.233620603313081321e-01 4.081948071058734140e-01 3.606410195851095790e-01 4.288993794224970069e-01 3.543284802163084724e-01 3.530052714430826910e-01 2.365713324751088364e-01 3.626060066715477426e-01 3.252896586512891708e-01 3.365733900946489832e-01 3.647843321829474239e-01
9.198000000000000000e+03 4.261564404601070888e-01 3.324701124935559027e-01 3.906908570526891888e-01 5.196850950676008551e-01 4.455296609649275208e-01 6.047517418821414248e-01 4.356275018609570004e-01 5.009159903437975236e-01 4.842558068152734707e-01 4.453546372767498984e-01 6.702281777295986398e-01 3.505654317228576455e-01 3.674194121250349832e-01 3.724024567622788995e-01 2.362156567752287661e-01 2.368390046129270621e-01 3.475358122276503425e-01 3.759234954977602183e-01 2.683968173128021273e-01 2.836462815147556271e-01
9.327000000000000000e+03 5.073669304119691192e-01 4.503078236627519604e-01 4.694996088727209638e-01 4.174912071079106557e-01 3.970887494723622235e-01 5.503552502060818918e-01 4.051310176966944065e-01 4.954027652874192778e-01 4.919929357260915403e-01 3.808681014272518595e-01 2.667962390470767775e-01 3.644410473384009919e-01 4.849099650677638484e-01 6.795199310180185526e-01 2.586809305857786234e-01 2.199916831434319819e-01 2.492992207890087630e-01 2.630067585545285969e-01 3.714917609276560118e-01 3.877975856282617761e-01
1.161000000000000000e+04 6.339036417504606558e-01 3.577777461978443041e-01 3.698470952395407907e-01 3.024530026669011717e-01 3.603251466921332802e-01 5.937804317522339392e-01 4.860427501249513504e-01 6.146239050559710870e-01 5.369383053353795621e-01 4.309484924650276993e-01 5.324473662720691225e-01 4.744388880086266580e-01 3.861722008513991944e-01 2.327746849835686249e-01 3.028729982737310422e-01 5.136492859889353335e-01 3.441443962993013250e-01 2.189197980409030575e-01 1.863250081744804165e-01 3.696895136807708537e-01
1.198800000000000000e+04 4.978032913090770784e-01 3.247748532749130668e-01 3.930592960406933956e-01 3.983619259935934354e-01 3.928286084386387045e-01 5.647351786460487189e-01 4.877714762962792605e-01 5.987101640557139781e-01 5.576062775051913167e-01 4.167560517308963042e-01 4.723978423709965235e-01 2.335904813897824450e-01 2.805321598203371902e-01 4.906104121892674863e-01 3.910948153088278367e-01 3.973786620321532737e-01 5.045628197215771271e-01 2.318350732783024948e-01 2.812712877307735893e-01 2.605114338299490129e-01
1.204200000000000000e+04 5.296848819179098555e-01 3.794686175135625339e-01 3.483387203114146624e-01 3.464764010568694430e-01 3.777133156870947084e-01 5.491915585260679356e-01 5.115510765889947908e-01 6.035429712575447470e-01 5.560808485068405860e-01 4.506907361426584213e-01 8.446091283898179425e-01 1.791108090812681963e-01 1.835971192028221510e-01 4.532492073139129940e-01 2.921054719630259422e-01 2.909537119959953455e-01 5.190450708633693733e-01 2.173339773622991744e-01 1.737925295721428343e-01 3.828683616954783875e-01
1.205400000000000000e+04 6.532610273998032957e-01 4.341996350369133340e-01 4.062840698971010855e-01 3.627446957579342768e-01 2.900366333895914028e-01 5.335127502825321999e-01 4.594127251648053578e-01 5.684774119440415552e-01 5.091484829148525959e-01 4.334895820550451750e-01 4.437122626808300274e-01 2.670314261860698979e-01 2.579429110419205196e-01 4.751964027323661299e-01 5.832839918082918240e-01 4.478432186737890675e-01 5.417048857477660961e-01 1.062161296773633939e-01 1.226593175228821442e-01 3.425439496987234267e-01
1.212800000000000000e+04 5.213457405345632845e-01 3.740542138369520320e-01 4.364785915852936182e-01 4.855146738149249130e-01 4.663355115870744805e-01 5.135715437169398045e-01 4.214814135951285290e-01 4.685683703767985486e-01 4.460922503609491274e-01 4.227214351162944528e-01 3.192180134722669149e-01 3.353818518349470645e-01 3.056961053794871042e-01 5.421836045560055606e-01 2.770563226441851712e-01 1.926046388840057799e-01 2.910981747338002856e-01 4.954552560693453733e-01 3.420054324092465237e-01 4.147127828767481761e-01
1.215200000000000000e+04 4.364129893276915695e-01 3.595749634506319459e-01 4.144433030457267408e-01 4.020035561212368380e-01 4.738103616574668164e-01 5.893067735795185502e-01 4.759844969173490647e-01 5.418812205443507279e-01 4.731932803690838130e-01 4.367677469729109863e-01 2.690800026254752120e-01 4.403133102283308120e-01 5.030359845004934716e-01 4.328059565953490950e-01 2.895499463731456835e-01 2.619609867460044872e-01 2.758113293428026136e-01 3.184700714990303383e-01 3.602451448535562983e-01 3.863861165714730928e-01
1.226200000000000000e+04 5.517780615986801473e-01 3.903580402646263936e-01 3.204471291322381066e-01 3.731758636403574858e-01 3.896122152308608144e-01 5.411741177373567968e-01 4.776895149182415201e-01 6.005476613873375058e-01 5.516980553488290973e-01 4.427251313777540997e-01 3.779970711219696189e-01 2.853058512942590053e-01 3.717636582981493354e-01 4.336037897473221103e-01 3.186414209927775354e-01 3.225707015943430900e-01 4.354339929287576738e-01 3.591094415851550092e-01 3.088923030939963454e-01 3.082749537209658608e-01
1.245000000000000000e+04 4.510294293898123863e-01 2.004019637154388633e-01 3.827952710409340820e-01 4.750673149745108792e-01 4.755836475610655256e-01 6.861143284777280194e-01 5.362206047636205453e-01 5.190838311769037094e-01 5.134203641744711222e-01 4.222221372135125383e-01 3.498623825231805817e-01 2.101679510924448768e-01 9.071201669758278685e-01 3.725326411232314783e-01 1.123846286466518019e-01 2.009979758940060868e-01 4.061768670984742813e-01 4.190818531039253170e-01 2.181934361642916265e-01 2.725449945093149084e-01
1.246700000000000000e+04 5.592762409600207096e-01 3.994243312941110347e-01 4.444194602885929712e-01 4.298703539103967963e-01 4.308429956443076692e-01 5.070707992164638078e-01 3.946987720510494180e-01 5.086460320992380879e-01 5.032998432291770907e-01 3.830804104428832679e-01 3.300675644767313011e-01 3.900818273105045031e-01 3.496922905180612773e-01 4.463099207324598416e-01 3.516792447615713080e-01 1.966917296764904843e-01 3.952205519841643921e-01 4.466362733135419982e-01 3.332942086538831505e-01 2.687159754212872786e-01
