2.320000000000000000e+02 5.235904575133143446e-01 3.899506761087401796e-01 3.904520671613672667e-01 3.893613029275902471e-01 3.724690993012766960e-01 6.814088785169470919e-01 5.787148172531894064e-01 6.628720495023874282e-01 4.076004054737970006e-01 3.032579422220064713e-01 3.282516369028748993e-01 4.016946425336753723e-01 2.305922238626340326e-01 2.627654006525965702e-01 1.483450972652248512e-01 2.990492067752335559e-01 4.720672310599383081e-01 3.651799663472409252e-01 6.066403663577272232e-01 3.913051019494511173e-01
2.330000000000000000e+02 6.093507074020150238e-01 3.942408300208619654e-01 3.930995982743801243e-01 3.626693368121379213e-01 4.731073068166806173e-01 6.023559726885847621e-01 5.776561549104273219e-01 4.304460295201421038e-01 4.264589985590270804e-01 3.895092742226952121e-01 4.786594569565822965e-01 1.869153353059820610e-01 2.625189840866316016e-01 2.417025006147472399e-01 3.283267611651401463e-01 4.545997535999570238e-01 4.027288931743350231e-01 5.679496368031845543e-01 3.748487043262349050e-01 1.942188645235236044e-01
2.580000000000000000e+02 6.083034892377922054e-01 3.227461238171734914e-01 3.238360691112280865e-01 3.871035142220576875e-01 4.240407675803927190e-01 6.188524587359415241e-01 5.599824596609792593e-01 6.291213711103845752e-01 4.542080031847360311e-01 3.697229390482820177e-01 3.945330268096774451e-01 3.280613264619909875e-01 2.140887732809204358e-01 3.210292039941831099e-01 4.951264647084120396e-01 3.940159286630988689e-01 4.019055041966755337e-01 3.013234988806526293e-01 3.931241761032391313e-01 3.115668748645596953e-01
5.080000000000000000e+02 3.112347433557194343e-01 4.565068753077007324e-01 5.327746468120302392e-01 3.118691458492996449e-01 4.128545345470586714e-01 6.067060286237033750e-01 6.123625265467028678e-01 7.125223513805966080e-01 4.382485141295578979e-01 2.286953686086893311e-01 1.836922008217342639e-01 1.986859054521948609e-01 3.319270297447105555e-01 8.924525985774117709e-01 4.038466947819073227e-01 1.354054697911121485e-01 2.794370020072869942e-01 3.331477801286151785e-01 3.327326268600666603e-01 4.638362404263254857e-01
8.290000000000000000e+02 4.353174695316811560e-01 3.510678810195545507e-01 3.733767931522295469e-01 4.191430672959774451e-01 4.415640693532716377e-01 5.950320340351562542e-01 6.563828130239836023e-01 5.332181074926667375e-01 4.726974303086173834e-01 3.853806052932978177e-01 3.751654739620516321e-01 3.999436818998530208e-01 2.994114709690104958e-01 4.185823919990063757e-01 1.212684815535961524e-01 2.011531428093467078e-01 4.248054868714585819e-01 5.745707510166579990e-01 3.029150680867423451e-01 3.576756667674062529e-01
1.176000000000000000e+03 5.536360574121663713e-01 4.263492129037715905e-01 3.666561143127592959e-01 3.848318939610542722e-01 4.027045934124787174e-01 7.172250606404104722e-01 5.420065682280729158e-01 4.842501938914404169e-01 4.334905429429009582e-01 3.754144096524394958e-01 4.355320995608412682e-01 2.925126631790092024e-01 1.366959150037914406e-01 3.799435083017660419e-01 2.611898188035442492e-01 3.313411051312609712e-01 3.940905838240320591e-01 3.881932750255139841e-01 4.243724630876060111e-01 4.891526271576295271e-01
1.259000000000000000e+03 2.065063788013815349e-01 3.097107309082999249e-01 4.681148250952489320e-01 4.517378647057941898e-01 4.341049022015495140e-01 6.669867650328328290e-01 5.748110390304552730e-01 5.320938336688487702e-01 5.751570037999849117e-01 3.876228136421060455e-01 4.260337023709748205e-01 4.269788234436091012e-01 3.953382500230272489e-01 3.374170579186148711e-01 4.759854277650281129e-01 2.281553782217810578e-01 3.494467694214103970e-01 4.027868733346377517e-01 2.883619834893159095e-01 1.919168392938246370e-01
1.540000000000000000e+03 4.053737790312993972e-01 2.763718811928566055e-01 3.062942501698148745e-01 3.319779868378654464e-01 3.758283161386518079e-01 6.811835630121210183e-01 8.068082673308730746e-01 6.261298858306518778e-01 6.156483074044895032e-01 3.452970128867220989e-01 4.660898887064978124e-01 2.859747128621011325e-01 1.896847453745486578e-01 4.638202163855735805e-01 2.498192678312821935e-01 3.592668820920816852e-01 4.088577396886849402e-01 3.189568342878972285e-01 2.543397761341788521e-01 5.517249902766979686e-01
2.390000000000000000e+03 5.678772215045772009e-01 3.408796120817008113e-01 3.844344293100228072e-01 3.761466201926215724e-01 4.275348482662272298e-01 5.698722459929733697e-01 5.942229519691174522e-01 6.260725363703579793e-01 4.470657145376513708e-01 3.403284794450617268e-01 3.865884724084875379e-01 3.240903412649213666e-01 2.952754326901885773e-01 1.987765865907252516e-01 3.917548366969409446e-01 3.133004754327228247e-01 4.842857955194505015e-01 4.414742433216876649e-01 4.140338607688462957e-01 2.561929779950626873e-01
3.126000000000000000e+03 6.037412960477914758e-01 3.575290234287850644e-01 3.979463526211807767e-01 3.781427006039504990e-01 3.952756591389398610e-01 5.524108420944640052e-01 5.114895413532286605e-01 6.135116319754188030e-01 4.882607765617233420e-01 3.520526618350865999e-01 5.989735046834890886e-01 3.356292695037891849e-01 3.022458035019612299e-01 1.542056045118802843e-01 5.232174929638815364e-01 2.589609763713420221e-01 4.093554997113773575e-01 3.521523985164771164e-01 3.661157060643926986e-01 2.269639794480094175e-01
3.966000000000000000e+03 3.707746784567184650e-01 2.774833269123577750e-01 4.054701660038833033e-01 4.408267884258885161e-01 5.356298511191638356e-01 7.248809666841966592e-01 6.262483736339714557e-01 5.246432107989336124e-01 4.377707469689491315e-01 3.187674129689093694e-01 3.784343247196644278e-01 3.712032361313860607e-01 3.859232246754915052e-01 3.214198063067869593e-01 5.261221575832264463e-01 3.153006677299270422e-01 3.761546766596821634e-01 3.867681872207622273e-01 3.129489322888790448e-01 1.546173606478313534e-01
3.976000000000000000e+03 5.899203393493359648e-01 2.006161362201671350e-01 3.325807236717323034e-01 4.108528022214756326e-01 4.576152645107383621e-01 6.101812638690516932e-01 6.389907206211377089e-01 6.201427686353883084e-01 4.858350984106581949e-01 3.717813807323649966e-01 4.201415377597543244e-01 4.801818244963969029e-01 4.178374626331933239e-01 4.028019878196998360e-01 1.939569331135742591e-01 2.317225647969073377e-02 3.974984212839101638e-01 4.014786480124492574e-01 3.781090027352212446e-01 3.788289104762512238e-01
4.269000000000000000e+03 5.383307188318097181e-01 3.197967072538893674e-01 3.428521286928195022e-01 4.756647070866902305e-01 4.085647802467531342e-01 5.166747857026198210e-01 6.031560028241172988e-01 6.454446967875466790e-01 4.146793560163390402e-01 3.960439629638961012e-01 6.044355746882883462e-01 3.051744470692303035e-01 2.450620629478146850e-01 3.537662910370038549e-01 1.699753343744866696e-01 3.740662388721280318e-02 5.966618488945117926e-01 3.469174762794319244e-01 3.830753286880529407e-01 4.461262311013503568e-01
4.270000000000000000e+03 5.247185996072130099e-01 3.549048355843982816e-01 4.890162142168921200e-01 4.081442192965931692e-01 3.846813399930494315e-01 6.404257785642847312e-01 5.683135678401799451e-01 4.487490350971242714e-01 5.158333248784868763e-01 3.118266463379475439e-01 4.021791952368460321e-01 2.185021019948610865e-01 3.731537272661238913e-01 2.779868605487537114e-01 5.430521076807824643e-02 6.436585754528906245e-01 4.035947556541539250e-01 3.783303145229892084e-01 4.508265841732425061e-01 3.075369114937084314e-01
4.278000000000000000e+03 6.747046633852237241e-01 3.615578722481775920e-01 3.394364204976356714e-01 3.143336048443993724e-01 3.870065752369790668e-01 6.263018019157411409e-01 7.637401649300590289e-01 5.395162796224702850e-01 4.637826956573426473e-01 2.969908770551301092e-01 3.921116455566754366e-01 1.782558579138087407e-01 1.254538528213757498e-01 6.482578624403831924e-01 4.118998422639665868e-01 2.127823661249384768e-01 3.764834816547075191e-01 2.820593122016909482e-01 2.380070044484501879e-01 7.127714991884782636e-01
4.635000000000000000e+03 4.076312172331033046e-01 4.004582064377327222e-01 3.062647519543151287e-01 4.285794338117236979e-01 5.006681374755205249e-01 6.828918352397072011e-01 6.518678995279121313e-01 4.977373066498620990e-01 5.293003055673923818e-01 2.500521710809730513e-01 2.674613517003954222e-01 3.429219851420983733e-01 3.467654312539129591e-01 3.787110652777646025e-01 5.454620459867253190e-01 2.225649913540922176e-01 3.228899774967675107e-01 2.941454094403651021e-01 3.685583274495743411e-01 4.771697277785206803e-01
4.739000000000000000e+03 7.150280633196456348e-01 4.498252375919511437e-01 3.639933069004469002e-01 3.557716668034278107e-01 4.139275741757025839e-01 5.823866561243327133e-01 5.545875455425779421e-01 4.701288554978136913e-01 3.991963437886669741e-01 3.711557600772528165e-01 3.212328571902585139e-01 2.441620858732269361e-01 4.394246870905769708e-01 4.229495722374942424e-01 1.839514541412591575e-01 2.074886633109104539e-01 2.602888888392666522e-01 4.735504150458445527e-01 4.855088079313781835e-01 4.678121511682719613e-01
4.968000000000000000e+03 4.490605772043751998e-01 4.185205895868014392e-01 4.227184914328650511e-01 3.932159711190847395e-01 3.908091511276738927e-01 6.077745273668341275e-01 6.293541726035000172e-01 6.530231569080693355e-01 4.942784335351526059e-01 1.939111962595471417e-01 4.287665587533820433e-01 4.733586439625953046e-01 3.669704784551531263e-01 3.318987334470709372e-01 2.625968352434241426e-01 2.174240838588746838e-01 3.430181426448377091e-01 1.936198378456786828e-01 4.372294982727761292e-01 4.970541728033787687e-01
5.229000000000000000e+03 4.856787830387159222e-01 3.264000079764006745e-01 3.638584908794451067e-01 4.031848326840770103e-01 4.868735447965323870e-01 6.288735864271576270e-01 6.002549660793230490e-01 5.575321215435048439e-01 4.541822591857014313e-01 3.575580941265990575e-01 3.619534080239423246e-01 2.459599487020633080e-01 4.847879565945358293e-01 4.334862197707011755e-01 5.583399808564534217e-01 3.731949691026384408e-01 3.551755542119149345e-01 3.187469392660770562e-01 2.254315213495210468e-01 1.900043558130345978e-01
6.462000000000000000e+03 2.553309314674190311e-01 4.189639553522532811e-01 4.091291189169134479e-01 4.756460074115830272e-01 5.048069200430169712e-01 6.633078539322097011e-01 4.846800722723794697e-01 5.236694455033797935e-01 5.242902475678503649e-01 2.974709795382039501e-01 4.075928524937222908e-01 3.375718220740417941e-01 3.300202014217151758e-01 2.739740211830178351e-01 2.129089825881885500e-01 3.181367326104365678e-01 3.819721236361506289e-01 2.945126614582146418e-01 4.766649045912590976e-01 5.009550760183180129e-01
7.270000000000000000e+03 4.815005340721467131e-01 2.839274770709075413e-01 3.176389290071597871e-01 4.466716632052319391e-01 4.907034785484386541e-01 6.474605541469170555e-01 6.019377318303116287e-01 6.243677706196655297e-01 4.367561236573483940e-01 3.497112786701168097e-01 4.115288644269911589e-01 1.190975206108716017e-01 2.924491447540904510e-01 4.797429071051606542e-01 2.557861139258741368e-01 2.921584619476100819e-01 2.753948240306684503e-01 2.379665526490280236e-01 6.104264658269499266e-01 5.830225627594806115e-01
7.288000000000000000e+03 6.238796606104846099e-01 4.197883386510158910e-01 4.002928110718797505e-01 3.908176104159222231e-01 3.260395427082020681e-01 6.646112038806717415e-01 5.073326107010978081e-01 5.817354813053886575e-01 4.581547040604427301e-01 3.118926097452050517e-01 5.423486252205166336e-01 2.234566944186517357e-01 3.969795415161210261e-01 3.855987937890786310e-01 3.995518336265014847e-01 4.046117591987800077e-01 3.869223622651418726e-01 1.856219489632512376e-01 2.969586943165422599e-01 3.367176267485147978e-01
7.299000000000000000e+03 7.988515330367778056e-01 4.360173918391078707e-01 4.021936673552909403e-01 3.290885786878998687e-01 3.568630830387001240e-01 6.079852448027851519e-01 4.301515003179219865e-01 5.166380450046259565e-01 4.686331797647838027e-01 3.230039156025029112e-01 4.333663485039133123e-01 2.980247370492544179e-01 2.309178681901749575e-01 5.810482606227348468e-01 3.790634235704860577e-01 3.269063960351850096e-01 4.188385364771030073e-01 2.828602142984225631e-01 2.338703435293343347e-01 3.664268721534323925e-01
7.721000000000000000e+03 5.590666628339104882e-01 5.048341851481511489e-01 3.954150132167514320e-01 4.000078161682073530e-01 3.678439316242054224e-01 5.878657313715153210e-01 4.108947480335851665e-01 5.182367772268174910e-01 5.025114745798112681e-01 3.501733873621441506e-01 3.536666583711290945e-01 6.016877343284602331e-01 3.004740036075274068e-01 3.025997463522835385e-01 2.970133537768100407e-01 3.263280316274142501e-01 3.737903166258708110e-01 3.720424273185248265e-01 2.347872933998866041e-01 3.717961413643710578e-01
7.816000000000000000e+03 6.039372471004922360e-01 4.586076936550366745e-01 3.735055097315953532e-01 3.588880667404000246e-01 2.801889103923326241e-01 6.359379550825041694e-01 6.293688945709325910e-01 6.674870796506935378e-01 4.891113087255016811e-01 2.217709576895690871e-01 4.551334628410179106e-01 6.320075847312058848e-01 3.752352686970757412e-01 4.467033929798799319e-01 3.547060584618527135e-01 2.942831928027330735e-01 2.765434357638392737e-01 1.597749865275625292e-01 2.829855811337206317e-01 2.898367435342202869e-01
8.516000000000000000e+03 6.335199956596658799e-01 4.149749784105298822e-01 3.880846587044428087e-01 4.020896592375962642e-01 4.041202150122389369e-01 5.629196283357196240e-01 5.278833987427554719e-01 5.014609777087580822e-01 4.788979817491917368e-01 3.257714995259885504e-01 4.074934079242592544e-01 3.120078320486338042e-01 3.375827254348443551e-01 2.717888720729288998e-01 4.111513083508758770e-01 3.094247322328743111e-01 3.127310835742194706e-01 3.555285417342943788e-01 4.608238983723958460e-01 3.599993616432803911e-01
8.671000000000000000e+03 7.445425398940352935e-01 3.775040502790630859e-01 3.772682679055601174e-01 4.008052180409759080e-01 4.164408522292676329e-01 6.312879355556031413e-01 5.436722504601081418e-01 4.495074680615349094e-01 4.394259046858042250e-01 3.030701498559751350e-01 3.158497266619660349e-01 3.485911327508724455e-01 2.988832255717947528e-01 3.192851113927077655e-01 3.050552075941072028e-01 2.562999855266490101e-01 4.361398652170038748e-01 5.057254088925507984e-01 3.718716482704197412e-01 3.419353494541598759e-01
8.872000000000000000e+03 5.326079315589832275e-01 3.171284082050798703e-01 3.800092771016455040e-01 4.061694416399366236e-01 4.479443807378231113e-01 6.363505113699514659e-01 5.693923320316230940e-01 5.990047645806331200e-01 4.584154874144362735e-01 3.253590859599338470e-01 4.934269197725653089e-01 3.959040996080511188e-01 5.381426803671532921e-01 6.317403110119886867e-01 1.575636454005202580e-01 4.861702575120616654e-01 4.006178157952914320e-01 1.691994207985001442e-01 1.698854928190452196e-01 8.878662069754868214e-02
8.873000000000000000e+03 5.172329803641978474e-01 3.891547846297946922e-01 4.155313954651847497e-01 4.461904310620382064e-01 4.518850928143683943e-01 6.016178200804325193e-01 5.038294351034489083e-01 4.958525933558070031e-01 4.513787599566496667e-01 3.381722228077588821e-01 4.606799047484494980e-01 5.101213477319413991e-01 6.133240067434462262e-01 2.440260038387077057e-01 5.145754168150381558e-01 3.567836508931352957e-01 1.819460049290167192e-01 1.550865393991784080e-01 8.293947516687004418e-02 4.764968288324089585e-01
9.197000000000000000e+03 3.726644251703881139e-01 2.729020038146700022e-01 3.458272388418011656e-01 4.040649839829587586e-01 5.404846802929111904e-01 6.624457416965664480e-01 6.089807708785546225e-01 5.743316671427769471e-01 4.871034475307641221e-01 3.912041986247518643e-01 4.356148371987694223e-01 5.844650671639424200e-01 3.760381520585755477e-01 3.650452013212920899e-01 2.796216293957769494e-01 2.111145946281551555e-01 2.883726822944290835e-01 3.124759215464397166e-01 3.981486723361706836e-01 2.778140990220304696e-01
9.325000000000000000e+03 4.787183629313001010e-01 3.069498790246728559e-01 3.158918069516302718e-01 4.466924641390986883e-01 4.751936235130381214e-01 6.072410488682495888e-01 5.357259172655497448e-01 6.297190675555792705e-01 4.979535644142684125e-01 3.519679154600273696e-01 4.047078044865420887e-01 3.394388921539552295e-01 2.516685984198196446e-01 4.178981773176992376e-01 4.320461709751428625e-01 5.900894517147895479e-01 3.066198443141705532e-01 2.663039117864644534e-01 2.561894244922005570e-01 3.111394423952477117e-01
9.326000000000000000e+03 4.921666605020449947e-01 3.169942297195725289e-01 4.484600511162125658e-01 4.663091595959601987e-01 4.270515042648730941e-01 5.541236703919599771e-01 5.302324852798909749e-01 5.313779356726068270e-01 4.656703708195908398e-01 3.809128259301998165e-01 4.023915689464588330e-01 2.012441029665638370e-01 4.036964589073113174e-01 5.009581931664000010e-01 6.200585637796215410e-01 2.446643897968457104e-01 2.847929193761213340e-01 2.325849208209431473e-01 2.890356465537134989e-01 3.989892763493940175e-01
9.336000000000000000e+03 5.414395533251490367e-01 4.213947177047849824e-01 3.909086563770008405e-01 4.776255398511729533e-01 3.227553325108026283e-01 5.717358476986776905e-01 4.926616952757737478e-01 5.693570190433813183e-01 5.406129117399353090e-01 2.910403038454184577e-01 3.961595488169244450e-01 4.404969190836057757e-01 3.498906718284217621e-01 4.315636460566156796e-01 3.952816037776697988e-01 2.905174864487921060e-01 3.798082078014833884e-01 2.725642016527491385e-01 2.370749925928678781e-01 3.571592629637078686e-01
9.401000000000000000e+03 5.953591590962313829e-01 3.677875596887733578e-01 3.688593308904232204e-01 2.417933893362956554e-01 4.180151737911388943e-01 6.608942512146206427e-01 5.415077171609383733e-01 6.374916247405332248e-01 5.430731574100053916e-01 3.321562256943003666e-01 7.214998931146978656e-01 6.580519099027667407e-01 3.010460222145336928e-01 2.786585165732727853e-01 2.755642951859149647e-01 3.196513368198576344e-01 3.069775561856940005e-01 2.105011231196151356e-01 2.037198297185924822e-01 2.732556252198362068e-01
9.599000000000000000e+03 5.237685061441040846e-01 2.980124114192346796e-01 3.401240364144523243e-01 3.435624027743302000e-01 4.637807785483481493e-01 6.216464562764044688e-01 5.574272133864176526e-01 6.145701689365252740e-01 4.901645203906004333e-01 4.330881436108970362e-01 3.932103026863411621e-01 3.294834851344036197e-01 2.597522753754520908e-01 3.093131699311589822e-01 4.134669644136688693e-01 5.839917255360150827e-01 3.545659891851489220e-01 2.994222380435772601e-01 3.239361096184394939e-01 2.939224029933314442e-01
9.600000000000000000e+03 4.874966800371319797e-01 3.466860961921325868e-01 3.492079228089867149e-01 4.599576655379696843e-01 4.407402209093067014e-01 5.851246778783770752e-01 5.195997424446172630e-01 5.292534048467664176e-01 5.420905324986435847e-01 3.600826775844765404e-01 3.818773859204085963e-01 2.021638111713044972e-01 2.907591055192944585e-01 4.703196806514774453e-01 5.944216336177726712e-01 2.896449128557438413e-01 3.117765134525788961e-01 2.863451760000444435e-01 2.658482832167465837e-01 4.860165306821335185e-01
9.746000000000000000e+03 5.854155581778375250e-01 4.103798371407053613e-01 4.002115563943319243e-01 4.274380617548629857e-01 4.408144441292994875e-01 5.635202394975845630e-01 5.803566236073679496e-01 4.887613889341980156e-01 4.159882170708477656e-01 3.245762391424991122e-01 3.032051573848330572e-01 2.035498102962815525e-01 3.064328180809526292e-01 4.294120515530109872e-01 2.766282664088710597e-01 3.644089781722550381e-01 3.278851883895380626e-01 3.952731579956261232e-01 4.946599322579447455e-01 4.292816051131133626e-01
1.160400000000000000e+04 6.753332759481390779e-01 3.221599977025569328e-01 3.275231907659368336e-01 3.185493393967484543e-01 4.309097396224665366e-01 6.606204450911590254e-01 5.259481773543803751e-01 5.602431625347378263e-01 5.369509053343425320e-01 3.499258421903456151e-01 3.214141236217392672e-01 3.734195432098001977e-01 3.134597971944880768e-01 2.271323222421426369e-01 1.983600850927518255e-01 4.333049850731660046e-01 5.005808635803056239e-01 4.706650662794373274e-01 3.976841408003047862e-01 2.560719343052249575e-01
1.169100000000000000e+04 5.999769905045029272e-01 3.039354563159877842e-01 4.087418205933353033e-01 3.815360318743359902e-01 4.158682259315520380e-01 6.558135848100083987e-01 6.312478566327698326e-01 6.914309207688146275e-01 3.665874791081296658e-01 2.688896401308255024e-01 2.113932651772428006e-01 3.867162349988298442e-01 4.882752165891891538e-01 4.404910651367984764e-01 2.266045842457123094e-01 7.814728072900160860e-02 2.214542901070238601e-01 4.656218367920849088e-01 5.091320214557580881e-01 4.818143348778545776e-01
1.207100000000000000e+04 6.040286120992343077e-01 3.930060376613431217e-01 3.847876207538550863e-01 4.047810538859938356e-01 3.739388858163516516e-01 5.213785414360758708e-01 6.305836761585337236e-01 4.799534118062716015e-01 4.918799464458893933e-01 3.788709643587757081e-01 2.997570242734320933e-01 2.802428653016915683e-01 2.442007648325242863e-01 2.150288377873799950e-01 1.256600445069373240e-01 2.518622385822897880e-01 4.514659911486685884e-01 1.000000000000000000e+00 2.615050648069507933e-01 2.811475583793464073e-01
1.215100000000000000e+04 3.719201283521204604e-01 2.797190330611015741e-01 3.723124316382687149e-01 4.267548647782425930e-01 4.262139699365747880e-01 7.097591791040073206e-01 5.925723687584514288e-01 6.047505979295100254e-01 5.217788871448126864e-01 3.775828373007553140e-01 2.882110361263185982e-01 2.129991323552856697e-01 4.907974982133558872e-01 5.373890040999995676e-01 3.742477650435032110e-01 2.867964937097211564e-01 3.313186313089233059e-01 2.658116138308048160e-01 3.615366291243014563e-01 3.996806236036256621e-01
1.226600000000000000e+04 6.670405109717071346e-01 4.339304406400844583e-01 4.049105462780426268e-01 4.129903898899690007e-01 4.184048767049434736e-01 5.815263861302756299e-01 5.263144691435504008e-01 4.905751331878927535e-01 4.135537941410407092e-01 2.916072301474506023e-01 3.511858173975256348e-01 3.052378344549536160e-01 4.094453835387150131e-01 3.719885761872759877e-01 2.047937451445150381e-01 1.717338735529752303e-01 3.160680821799409235e-01 5.092375234308663678e-01 5.104470792529777201e-01 3.379453068426839235e-01
