3.440000000000000000e+02 5.288779105568347516e-01 2.660829489097948364e-01 2.931250504302737037e-01 2.959712892149343189e-01 3.423594535598659117e-01 4.630628321035147321e-01 4.532064559363015999e-01 6.640780165352367925e-01 7.264540979619058536e-01 6.245963640662318683e-01 2.931943341101779787e-01 2.780404513091520036e-01 6.609398069087145666e-01 3.427747951660281567e-01 6.360898922517796428e-02 2.699941664510805417e-01 2.884583669941076511e-01 2.717583939369733748e-01 6.653424508640830570e-01 3.730216458939297763e-01
4.410000000000000000e+02 4.967927725414568174e-01 3.068593011905205170e-01 2.655369980146542463e-01 2.867950103734928646e-01 2.987076911481550412e-01 5.490636488671356563e-01 3.213898558203109324e-01 6.919075990095074902e-01 7.274056418062897489e-01 7.132125963821933645e-01 2.699332563206722213e-01 3.453805168167133344e-01 4.662606248861815850e-01 3.282461717842599658e-01 3.158900424839628518e-01 1.421260934888177729e-01 2.982822492191684605e-01 4.988574223637061711e-01 5.034974762393504832e-01 3.291452469080699550e-01
4.420000000000000000e+02 4.541670118938678780e-01 2.390625224171837870e-01 2.581725566880728739e-01 2.559954664459969109e-01 3.665749507879231817e-01 2.919785275643271283e-01 5.655035128819957402e-01 7.618087053524884578e-01 7.491310614440582771e-01 7.085316990010833704e-01 3.860588227833213759e-01 4.031941581469685176e-01 2.998222911169452498e-01 3.701927705078076336e-01 1.362398032447188767e-01 2.166645916862363075e-01 5.054469329942063993e-01 4.330749778061793176e-01 2.896772155067734444e-01 4.564738573546589517e-01
6.510000000000000000e+02 6.234812587384483962e-01 3.362253353860814031e-01 3.067258375822270455e-01 2.836931925601637872e-01 2.965102743124923279e-01 3.250518492472910803e-01 6.012317915150353631e-01 6.889932054502656555e-01 6.264537636059138714e-01 5.911099774660241168e-01 3.743384934971195621e-01 4.324977461240861465e-01 2.717724331917829028e-01 2.627645486697779975e-01 1.078041297366017642e-01 1.885643071833680851e-01 6.777479657078018249e-01 4.281880061758537859e-01 2.596596093452722132e-01 4.778549799416881294e-01
8.240000000000000000e+02 5.099269778220452132e-01 3.418290385211426585e-01 3.468346716382004757e-01 3.377104424309077535e-01 2.849444227789125761e-01 4.029834377864514039e-01 5.247714061817446707e-01 6.545578277278830681e-01 6.552011393314909338e-01 5.856995561648821180e-01 4.690587783940854960e-01 3.062930940006454161e-01 4.505026980624217692e-01 3.393103548209279174e-01 2.622620019851569229e-01 3.066970426751735035e-01 4.402812293442003866e-01 2.855952281375331303e-01 4.197924152848545587e-01 2.332330294783273861e-01
1.263000000000000000e+03 5.488783285828586767e-01 3.776491848533645723e-01 3.317893608867244493e-01 2.277512075037335937e-01 3.123764978741117582e-01 2.925910131641358269e-01 5.400655584543103682e-01 7.536025193978840298e-01 5.840455363958534374e-01 6.826718195611817253e-01 5.251736476693479316e-01 2.469149522285076503e-01 3.546622018615842586e-01 4.560967664403392519e-01 2.089320799742612200e-01 7.944161232747906642e-02 4.623388131607268914e-01 4.074950236246918656e-01 3.618065634281948939e-01 3.887443039027824732e-01
1.536000000000000000e+03 4.096647332420095822e-01 2.749373039733295498e-01 3.805725513851203612e-01 3.599671278400876084e-01 3.157531755824513064e-01 4.705976563631449894e-01 5.033588300304598917e-01 6.408471262419730419e-01 6.269489728804965578e-01 6.611948958709177315e-01 2.146658943203375303e-01 4.390009549084742946e-01 3.609074158789535303e-01 4.135120548506560079e-01 4.221509552303523982e-01 2.766346719503361418e-01 1.972946106222636942e-01 4.180515036243444005e-01 3.314252028191996269e-01 4.814873986872290623e-01
1.537000000000000000e+03 3.987010716351730433e-01 3.448414844971273707e-01 3.236100602218510147e-01 2.649807623197279471e-01 3.124527669617876979e-01 4.616200500894056535e-01 4.855156733566244887e-01 6.347321851925258329e-01 6.944385662265689652e-01 7.277847818293332605e-01 4.663805062372873289e-01 2.911757932493098666e-01 3.719713041879020854e-01 4.579316432953817184e-01 2.642244225274404945e-01 1.020022642731349266e-01 4.173792815780843490e-01 2.808974756801764783e-01 4.175615320048684520e-01 4.538009384333784313e-01
1.565000000000000000e+03 5.515265259139746634e-01 3.054404672679157384e-01 2.735413579369212478e-01 3.525146347291809312e-01 3.681610702867560425e-01 3.049882306900699169e-01 4.996395283894985440e-01 6.553520012688522911e-01 6.964324927164730061e-01 6.023785930244629494e-01 2.455008220761941973e-01 1.432745042717080697e-01 6.267203277331246936e-01 3.899475309906330622e-01 3.399905740001623600e-01 3.279226052860705898e-01 2.853100788485483097e-01 1.676270835229499434e-01 6.041765181812347452e-01 4.244643498572363560e-01
1.736000000000000000e+03 5.361488204308253458e-01 2.619586536790012854e-01 3.365863719749845884e-01 3.606253533041453019e-01 3.136070874851065171e-01 4.194657566813023153e-01 5.161023988068682566e-01 6.511233155870611577e-01 6.668268822394866069e-01 5.916371862933988979e-01 2.977399450174753603e-01 3.799004010746422910e-01 4.157873517735239388e-01 3.212465446570976768e-01 2.195854065832423541e-01 4.068086793058635076e-01 3.107909933732836416e-01 3.148451448089796822e-01 4.364089774449564918e-01 4.362550588892125103e-01
2.171000000000000000e+03 5.848907202361947055e-01 3.838609824933151837e-01 2.946344022699153853e-01 1.543366366870760065e-01 2.548875955257435821e-01 2.829840658633602790e-01 6.197668225522051655e-01 7.007735568663693293e-01 7.188776185168646027e-01 6.988307604192917077e-01 4.016708224420468265e-01 1.575183708232667235e-01 4.385282578156128319e-01 5.097769594695330531e-01 3.367486082483029386e-01 3.311058579899565646e-01 2.755853940750511155e-01 1.814461561389773547e-01 5.753196480054533213e-01 3.480118279748214971e-01
2.182000000000000000e+03 3.277327642165978605e-01 3.458023023552034836e-01 3.084442551706064739e-01 3.037312361472428446e-01 2.668357792243296611e-01 2.927206404314220412e-01 5.884652768500595599e-01 8.215960662652869173e-01 7.267023058558572668e-01 6.468830550628207332e-01 3.910751792295373286e-01 2.690235938365282409e-01 2.649646832498829818e-01 4.897594258299752812e-01 2.384161837103297987e-01 4.100136702528987542e-01 4.438478971105842552e-01 3.651452362017233999e-01 2.865303732228494660e-01 3.680223373854322189e-01
4.754000000000000000e+03 3.748664873907346928e-01 2.915894415282340724e-01 3.039245158953577941e-01 2.817864584242939507e-01 3.447895706838221552e-01 4.101413867591359175e-01 5.111364755608792665e-01 7.822312213125656166e-01 6.586103334370654316e-01 6.905597712984256065e-01 3.325213511482801310e-01 2.115910132320736603e-01 2.804381921898856933e-01 3.088501186808436105e-01 5.068263492312946594e-01 4.992534091593122669e-01 3.790565764551742101e-01 3.214740297860848028e-01 3.532822752357266949e-01 3.689030284494140832e-01
5.289000000000000000e+03 5.489044546211188091e-01 3.683323435659941469e-01 3.255847582050478972e-01 3.268784903239506101e-01 3.413225867609325226e-01 3.596103486055454712e-01 3.652980326858317750e-01 5.981613625139188262e-01 7.227940082344544992e-01 6.180626059534105599e-01 3.720087359728299625e-01 2.573599746848323488e-01 4.850549207073115987e-01 3.104713530825966017e-01 3.162405732396603719e-01 3.119322098192569559e-01 3.846317463396787817e-01 3.149996312981588886e-01 5.212427998978874655e-01 2.422135032319454595e-01
5.290000000000000000e+03 5.542292334485505734e-01 3.107947001000558873e-01 3.108042814507407381e-01 3.118790632187794509e-01 2.674215292606869632e-01 3.557704775625565863e-01 4.639311191173838833e-01 7.714798289329469760e-01 6.795412912562215357e-01 6.224539727646830611e-01 2.956433082196206485e-01 4.091428160036610362e-01 2.758855315236292682e-01 3.605212913379345352e-01 2.940412296887819910e-01 3.010081484287848719e-01 3.108995505426813688e-01 4.367502026241769642e-01 2.076571378176503835e-01 6.565228619025077483e-01
5.749000000000000000e+03 5.783314793434406464e-01 3.615934437274070934e-01 3.302375272810009754e-01 2.335762222340815597e-01 2.416592400311001476e-01 1.966882111172369163e-01 5.438941959730611009e-01 8.193166660100887899e-01 7.022752834305946434e-01 6.312837278677095876e-01 3.700867404020357077e-01 2.826897709335429720e-01 2.613015627944385577e-01 2.420205844607655199e-01 3.011178363923245893e-01 2.440389606706390713e-01 3.474797812868400393e-01 5.127210711541527743e-01 6.492515562194364209e-01 2.831370509610150465e-01
5.957000000000000000e+03 4.179745979343070794e-01 3.488042824225472960e-01 3.008640210632911316e-01 2.765136871393800155e-01 3.381453340709216215e-01 4.665334303461856624e-01 5.595531269554957499e-01 6.171192448105579098e-01 7.177149209550829356e-01 6.153266274545051706e-01 4.865246731289230575e-01 3.668292513133060706e-01 3.590152553439948657e-01 3.412592139616495990e-01 3.467485428642442802e-01 2.409123567324180093e-01 3.641487196382539593e-01 3.137271117370554752e-01 3.683475564116355239e-01 3.437604386136717260e-01
6.172000000000000000e+03 5.644668006039244013e-01 4.054168060816628061e-01 3.103525400815035362e-01 3.135601994570459405e-01 2.414123343304047931e-01 3.528541618921461342e-01 4.553957536919113203e-01 6.719042716777848812e-01 6.789956242543376819e-01 6.365360538568610727e-01 4.282283930840155017e-01 3.183374092418089218e-01 3.208738240896673588e-01 2.625433466104994951e-01 4.221715707813767926e-01 3.091886028925182051e-01 3.591611194739556812e-01 3.437436683817071681e-01 3.688174254706106936e-01 4.096193909841003844e-01
7.655000000000000000e+03 6.147441917523136512e-01 3.490987684584362372e-01 3.475798444631421624e-01 3.270707799540130134e-01 3.323517031771412444e-01 3.052014072216858165e-01 3.016230682952963371e-01 6.934479946835206965e-01 6.983514893820605973e-01 5.901222737670827057e-01 3.492244984449848766e-01 3.189100683066289910e-01 4.898883355504433657e-01 2.791837457650880316e-01 1.848239319941614722e-01 2.885776023291048431e-01 3.013054423574567653e-01 3.481959104639342217e-01 5.631036470879499101e-01 3.919988607967220262e-01
7.656000000000000000e+03 5.432725173560765120e-01 3.439051827944842321e-01 3.222094943175288773e-01 3.136139382595173331e-01 2.462787140722775825e-01 3.095142397040778204e-01 6.048623672710768950e-01 7.572823438043451150e-01 6.674294307808841253e-01 5.571880188718335569e-01 3.801575543312923910e-01 4.526539352848343301e-01 2.685339448901781778e-01 2.668160594841517685e-01 3.017517740389866754e-01 2.367010946628602952e-01 3.704984922999746133e-01 5.086586594062234568e-01 3.623134133456048511e-01 3.570720373736653297e-01
7.727000000000000000e+03 5.568368372556363743e-01 3.391193923433497015e-01 3.528935192528381837e-01 3.174683986611954722e-01 3.074006028143312363e-01 4.056616961528592968e-01 5.024521439975918602e-01 6.292239701803725715e-01 6.366987924258270537e-01 5.967269986168672880e-01 3.804256603053106645e-01 3.429149393775618448e-01 2.141512615033142886e-01 3.329359662783428209e-01 3.650296576407087712e-01 3.018110085714869606e-01 4.029386884474834840e-01 3.554861488419704951e-01 3.792139680519728828e-01 4.667674177347366227e-01
8.101000000000000000e+03 4.794892621882991812e-01 2.716677371048553669e-01 3.212138777479611185e-01 3.879617129932838582e-01 3.715731456409246403e-01 4.080178581006931315e-01 3.433778842582175250e-01 6.175710251828134822e-01 7.388111104156021014e-01 6.326160147272158474e-01 2.315957699155589411e-01 2.567426727043338741e-01 2.380957295998364642e-01 2.822839131880175434e-01 2.917063017335886355e-01 6.003678281589838184e-01 2.016406804206387904e-01 5.553769309387084352e-01 4.872982587404521282e-01 3.877136252675685291e-01
8.886000000000000000e+03 5.294216536134503936e-01 2.759745215256580453e-01 3.286720219049465985e-01 3.666784540885748012e-01 3.065366820665856307e-01 3.628109430787079259e-01 4.683982772133214456e-01 7.121697188313025340e-01 6.731391322229448582e-01 6.037065703241110137e-01 2.922339822217918104e-01 2.770284754895442902e-01 1.851704216950506021e-01 3.301101218908908397e-01 2.628910622972346900e-01 1.727173313047029313e-01 3.186015553705067171e-01 6.891669011216078333e-01 5.686602065145969220e-01 3.808424480877704577e-01
9.308000000000000000e+03 4.146710672240561113e-01 2.787740808188616248e-01 3.517682651822900963e-01 3.284853202297985386e-01 3.467099780633583483e-01 4.358390646118047718e-01 4.967969638498225260e-01 6.773462094666540256e-01 6.995038403173663433e-01 5.984758431768911757e-01 4.471031649971345945e-01 2.489190039494336981e-01 3.254876241253640834e-01 4.017812468106860546e-01 2.784248525884648329e-01 2.779325049801492642e-01 3.646974110822452375e-01 3.217969648367497437e-01 3.580877943144329945e-01 5.147252427290387455e-01
9.502000000000000000e+03 5.001009733746702990e-01 2.797557960426710899e-01 2.518116942479916021e-01 2.823756026322968293e-01 3.381677733180014078e-01 5.020257660682954093e-01 4.056076763977545241e-01 7.449334683864868856e-01 7.122890442299587566e-01 6.504380996955524408e-01 4.130006063743996703e-01 3.359176712762704242e-01 3.056302129684931868e-01 3.246265456674647942e-01 2.010891787732868030e-01 2.001061630908993194e-01 3.902158327240548563e-01 5.024438243049336172e-01 4.421824058277347702e-01 3.753722628226163760e-01
9.503000000000000000e+03 4.248432273346414711e-01 2.309629108712092649e-01 2.592817927672453893e-01 3.023670921639728393e-01 3.444750452579404820e-01 3.862414057158651826e-01 6.428898939169978011e-01 7.513767066429549724e-01 7.007562311769401919e-01 6.489344205795918308e-01 4.106035442262543356e-01 2.684761306356141519e-01 3.230712323529918995e-01 2.920365226063104114e-01 2.203868197157533015e-01 3.549446551876131450e-01 5.525647471462019622e-01 4.128207765795693374e-01 3.585811877246050106e-01 3.015519163610919651e-01
9.753000000000000000e+03 5.643332923030718318e-01 3.178786044878761374e-01 3.409231415011856892e-01 3.245350612195175288e-01 3.272692319692173668e-01 4.785991041182493522e-01 4.279079738116621234e-01 6.969026249218296387e-01 6.053828161823211484e-01 5.669161692769375538e-01 3.829569179761062037e-01 3.744992738454272496e-01 3.310390371904456397e-01 2.993815624530859476e-01 2.645039051767696381e-01 1.478141754369511895e-01 2.499344592045867897e-01 6.893749340268263692e-01 3.229214474536264978e-01 4.211240485626314145e-01
9.762000000000000000e+03 5.718214035055737554e-01 3.375750513068751513e-01 2.825860622453982285e-01 3.089270305427536667e-01 3.092643950141180098e-01 3.728899378577495982e-01 4.586563202986506105e-01 6.905988891444232447e-01 6.811857159168163145e-01 6.268732452682295175e-01 4.192697915531646280e-01 3.233502996339184810e-01 3.155301743837751749e-01 3.782678301553986655e-01 3.157179481789534892e-01 2.596352415200613994e-01 3.577133330186944016e-01 3.456225768607960047e-01 4.331028229143512043e-01 3.812616846244984425e-01
1.003300000000000000e+04 4.269218557897002109e-01 2.857125163393703371e-01 2.899986926492221229e-01 2.515531404305559882e-01 3.473331581518807054e-01 4.505390468142994598e-01 5.379991749402853740e-01 7.339928235762545050e-01 6.740405340096792264e-01 6.812090764111730090e-01 2.386081002218584379e-01 2.943386823494750781e-01 6.751485136678352095e-02 8.012520360745402359e-02 4.175114692735258926e-01 5.359043766229992789e-01 4.842163697482328444e-01 2.359620190227235681e-01 4.886427235798042057e-01 7.461074784614428745e-01
1.009900000000000000e+04 5.419474413480581676e-01 3.465992711330403986e-01 3.185150097418727455e-01 3.121338528613921137e-01 3.470041175036278625e-01 4.847006951343897363e-01 4.373559294325146674e-01 6.907901739962685195e-01 6.035281295354685271e-01 5.655175251981964246e-01 2.979159210631718291e-01 3.711335291981617268e-01 3.460848047132650263e-01 2.809404664202803659e-01 2.059433973744682900e-01 2.059930289391043445e-01 2.266652053531716948e-01 5.027039245954203484e-01 6.004305899612693009e-01 4.702005349794412536e-01
1.061900000000000000e+04 5.071230927705763225e-01 2.975245094375652544e-01 3.188500768323724865e-01 3.143188813591739628e-01 3.336459679654190658e-01 5.188227889448113750e-01 5.346774955816581132e-01 6.358540976116132670e-01 6.128372275378688450e-01 6.153174617570573712e-01 3.552598630183305128e-01 3.850316858401198750e-01 3.898671589316459185e-01 4.090265423243628629e-01 2.412113701913899677e-01 3.470012418362991569e-01 3.188164802450712543e-01 2.927334091096901458e-01 3.798877210289457462e-01 4.232303000146961924e-01
1.066700000000000000e+04 4.588315718137716548e-01 3.254589038704959747e-01 3.076755299419188794e-01 3.196489778099076973e-01 3.300944828123628105e-01 4.734822389717488478e-01 5.534537336095369797e-01 6.386290978148583264e-01 6.094363221161049893e-01 6.575617584454204190e-01 2.642675547436499350e-01 2.481465268193255302e-01 3.981747801465109760e-01 4.344650770235505832e-01 2.408922115114872364e-01 3.112438095725416076e-01 3.524203682569253537e-01 3.771136394870761577e-01 3.859822572951462916e-01 5.184804103329480052e-01
1.095000000000000000e+04 5.618014921493759140e-01 2.925277766974226368e-01 2.652369634477321214e-01 2.660704627019986335e-01 3.157293785619036397e-01 4.608580298180559032e-01 5.194963954419717922e-01 6.682006637510102820e-01 6.674669374030089974e-01 6.830733006006017849e-01 4.383023177085546562e-01 3.542088116089040506e-01 3.251181736140051903e-01 4.162438839089033227e-01 3.917409142251076504e-01 2.959915137344631408e-01 3.656078487135341892e-01 2.026529145800045340e-01 2.476234215411647621e-01 5.344028602914271397e-01
1.095100000000000000e+04 4.436339644217908718e-01 2.453506175122129318e-01 2.437437336214521855e-01 2.801290236872912010e-01 3.214299613358761465e-01 5.030837954053679617e-01 5.456336197901758833e-01 7.008545051652332880e-01 7.301790793131572865e-01 6.936825295337405439e-01 3.827664580438853714e-01 2.508424251881545830e-01 3.690355425573388359e-01 4.250069891165764724e-01 2.776239285474296214e-01 2.795671987975169581e-01 1.995040430742083815e-01 2.069541289817678209e-01 4.570218962603380675e-01 7.326978945252237141e-01
1.182300000000000000e+04 5.950032816080474962e-01 3.005998641033322816e-01 2.886240670808608022e-01 2.734988380390319662e-01 2.821636541040453694e-01 3.779271531765194259e-01 3.983273224053349715e-01 8.024391142535370891e-01 7.764675192113662527e-01 5.458796287384392043e-01 2.882066216098925215e-01 5.004249968626113265e-01 4.116323894186234011e-01 2.897389534648828757e-01 1.582987814881371413e-01 1.036689217201038904e-01 3.280532807520044059e-01 5.151422096399193018e-01 3.907380241705045165e-01 5.084618124877871015e-01
1.202200000000000000e+04 4.477344782233659282e-01 3.193191095248128497e-01 2.825275378952929461e-01 3.018564750595523760e-01 3.234846452145488382e-01 4.487376988332791306e-01 5.458810573753586359e-01 7.000158979349834221e-01 6.792771243631082756e-01 6.206597081540670136e-01 3.495306890751300188e-01 5.216276966457262798e-01 5.543166659764307003e-01 1.919759586681719088e-01 9.522218928733847121e-02 1.437566425247640833e-01 3.425699930872314058e-01 3.392494183321781986e-01 5.898979038168555844e-01 3.656468842741388281e-01
