4.370000000000000000e+02 4.734023568984099262e-01 3.160669538579417015e-01 3.290817615471814950e-01 3.698928842086666724e-01 3.963407660644360786e-01 5.489404920379664654e-01 4.658305558859367479e-01 6.053419538626171326e-01 5.581307502768269035e-01 5.820409833763765528e-01 5.983608324409888102e-01 2.679302009172416232e-01 3.557050985506042817e-01 2.081080429795890696e-01 2.190623596042038657e-01 3.639691628843622628e-01 4.900560596482903541e-01 3.161704907269306530e-01 4.124125592295388443e-01 2.740782106373843008e-01
4.390000000000000000e+02 4.927870221496925551e-01 3.485932171523064560e-01 3.624748172622905273e-01 3.586285063748790303e-01 3.330708544144172500e-01 4.795865909389532278e-01 4.564819501555993364e-01 6.966222491062479261e-01 5.002046343968841180e-01 6.152781925767664140e-01 3.657686530010665904e-01 1.418744821057790206e-01 2.828223845846986606e-01 4.428877710185448735e-01 4.668845560085691515e-01 2.714555187103265266e-01 3.903465585021813622e-01 2.253292337886973473e-01 3.386256487975942142e-01 6.519460193893266142e-01
4.880000000000000000e+02 4.316657221218008766e-01 3.294262124743978504e-01 2.297122178932904102e-01 2.790644046895214281e-01 3.662343032454455360e-01 5.465377631666241687e-01 5.376087761613226323e-01 6.041685375758575338e-01 6.204671180045834289e-01 7.560198460836139445e-01 2.800418644171739913e-01 2.431995551008505341e-01 4.494408026153393076e-01 4.698276117391219087e-01 2.057244125214367225e-01 3.764353339750456384e-01 1.904147563199410365e-01 2.305185266287174128e-01 3.679572146032150659e-01 7.675085329791810906e-01
6.370000000000000000e+02 5.929400558642005103e-01 3.887626789407794825e-01 3.745600765436001844e-01 3.489251383895540237e-01 3.666420816088833967e-01 4.253496303795422651e-01 3.945026871352302344e-01 5.372754702976183516e-01 5.565855954527004767e-01 6.104720340407032708e-01 3.105150124028144831e-01 2.201361966054877495e-01 3.752916948133763753e-01 5.133380591791584235e-01 1.169724013511792837e-01 4.274513254804318541e-01 2.481077320955064891e-01 2.962751125986214373e-01 4.236351584390725677e-01 6.223486421891840648e-01
8.110000000000000000e+02 6.591314826563198226e-01 2.445384710514058590e-01 2.661891990183044010e-01 2.683281146126363370e-01 2.595255508798273159e-01 3.599659050191202914e-01 6.306643177605280037e-01 7.151984726588737074e-01 6.249514036037128184e-01 7.166989229784641591e-01 5.055196722931715181e-01 4.520130169886736327e-01 2.950447199616715310e-01 2.342884110292985655e-01 7.450884791618642145e-02 1.805393541833540116e-01 3.967326644475163699e-01 2.645774390829956912e-01 1.545117794417606438e-01 1.000000000000000000e+00
9.220000000000000000e+02 4.175129884875842246e-01 2.788846354176923170e-01 3.518649581808733218e-01 3.446430521548954351e-01 3.652811757075708488e-01 4.211719841953341370e-01 4.117955131994956441e-01 6.019188575568109600e-01 5.925768599617239341e-01 8.259676884031579291e-01 4.242929743247738639e-01 2.366991534455275270e-01 4.034746590064158256e-01 3.863299321396854724e-01 2.747983851039070835e-01 2.103001197970105207e-01 3.510777488250922951e-01 2.854094355802597183e-01 3.507600262766880084e-01 6.222705356697504353e-01
1.244000000000000000e+03 5.214316225125793514e-01 4.410013696208782141e-01 3.962151168800866485e-01 2.336528114739057083e-01 6.713905232362929465e-02 4.515123095423131949e-01 5.262189131460912606e-01 7.240048813678671147e-01 6.792441064299311604e-01 6.712271472608594136e-01 1.959491767321858147e-01 5.134556254987232560e-01 3.368980056265536982e-01 3.096801743617490499e-01 3.673049100732870831e-01 3.650117403196909693e-01 3.370477303445721384e-01 4.133938802078632180e-01 3.451568510976769089e-01 3.523278514652209426e-01
1.245000000000000000e+03 6.351485675866481717e-01 3.679005871904710290e-01 2.029120146225725785e-01 1.494203963463693573e-02 3.084293872177316653e-01 4.969194478441001372e-01 6.047106050631236851e-01 7.044992283928692700e-01 7.112623038987668789e-01 7.457999587695743893e-01 5.424653304107655005e-01 2.720879343387367921e-01 2.825595676648446908e-01 4.156007213831033331e-01 3.571926336724187689e-01 2.590748221724037959e-01 4.184195247298519993e-01 2.965701031347687255e-01 3.097616752239584215e-01 3.829828612061505488e-01
1.251000000000000000e+03 4.212912571100296266e-01 2.685555862396656335e-01 3.259975190699287428e-01 4.137081247350410940e-01 3.485437211524780587e-01 5.681481268861949818e-01 3.368730955202701716e-01 6.064753163589277074e-01 5.832807572017544295e-01 7.542814682320497788e-01 4.690770517216207858e-01 2.886083720068183256e-01 3.155636304397066438e-01 3.773124635220930778e-01 3.489996431700762014e-01 2.333042797637099874e-01 3.375637284700634955e-01 3.028852559854063875e-01 3.907852306301112799e-01 4.806260044144569088e-01
1.264000000000000000e+03 5.458599102248118395e-01 3.015634623872109343e-01 1.947612259186383421e-01 2.667052470667537478e-01 2.137165278258312817e-01 5.073798926069643667e-01 6.393351571788562504e-01 5.918125859836784741e-01 7.188317095592166028e-01 7.949911394073769788e-01 3.234628919966181515e-01 3.260006138113168417e-01 4.577236849123180740e-01 3.025405565877810066e-01 9.218093112526506983e-02 4.464742384869864189e-01 4.522795914797479444e-01 3.408994612739617014e-01 3.747842862115487450e-01 3.943401642742770385e-01
1.620000000000000000e+03 4.292655643350203332e-01 3.536191075465672795e-01 3.413208555520857446e-01 3.696359553215010085e-01 4.624444610817370904e-01 4.836234817832814614e-01 4.893368692438084255e-01 5.953204236738875998e-01 4.893717399095383058e-01 5.952389265134964136e-01 1.914941525648987397e-01 3.245641548675134436e-01 2.938815893333574514e-01 3.837759515597727877e-01 3.144721081950337394e-01 2.933391291462854045e-01 2.506714852372191049e-01 5.165279538070660648e-01 4.656635514723759806e-01 4.928707477861957731e-01
2.179000000000000000e+03 6.447792902180261576e-01 4.631580824302249932e-01 3.048932944457580785e-01 2.400553414185395418e-01 4.089933785226005369e-01 5.170858544665678513e-01 4.906863750617109221e-01 5.313332044553690237e-01 4.713207747557955907e-01 5.989514531587523116e-01 5.621751480057446404e-01 2.456596466702926640e-01 3.871885925227955272e-01 3.617593806232955456e-01 2.265869360601105997e-01 1.649448314030692309e-01 4.156254445891933713e-01 2.571084454302900446e-01 4.368898576392989397e-01 4.653908695876142754e-01
3.999000000000000000e+03 5.431757163307875391e-01 2.973795539334793125e-01 3.231737039829126745e-01 3.215283027818978123e-01 3.232812666151477221e-01 3.521368758763424589e-01 6.351705694008725755e-01 5.750471607608286240e-01 5.880211451543639889e-01 7.203435593309619467e-01 2.769873679396585020e-01 5.922110644400669921e-01 3.189272509430414182e-01 2.462901921081949996e-01 2.988690798075968047e-01 1.898127795696832876e-01 2.426934399105354356e-01 5.432412953737962846e-01 3.360288567948659377e-01 4.724036653862014878e-01
4.258000000000000000e+03 3.765040633445143059e-01 2.519771492660438650e-01 3.442792958116304702e-01 4.271918974914160061e-01 4.168662887387287186e-01 5.243310101251471567e-01 4.736983889205204079e-01 5.718663736188651647e-01 5.923634978220968517e-01 6.386834323830524740e-01 3.839298018821156178e-01 3.373873054756491574e-01 4.517990473548391672e-01 3.246702641359142660e-01 1.189815632484413077e-01 2.961956613317242581e-01 4.105902691768333890e-01 3.859877691253448817e-01 4.178728768346041678e-01 3.715526288860983573e-01
4.263000000000000000e+03 4.676792215334502067e-01 2.688322468620147898e-01 2.563703797811830998e-01 3.117753246397220734e-01 4.336384035918190438e-01 5.403617376321800947e-01 5.393509585341599299e-01 6.105288212317626639e-01 5.924336403003219731e-01 6.656404315848793996e-01 3.394740840851790953e-01 3.365990841066782147e-01 3.806632490333168861e-01 3.869917427939383314e-01 2.365192675266829248e-01 1.350683782903697450e-01 6.215028476912342059e-01 3.593879447005520755e-01 2.825471545969100995e-01 4.176555433098055881e-01
4.743000000000000000e+03 6.621424110679444697e-01 4.300729823738944080e-01 4.236318324108105937e-01 2.810432557537674847e-01 2.560289185522785504e-01 4.400285835413323965e-01 4.359176808948002080e-01 5.765094796892502593e-01 5.421380768528684113e-01 5.996454312780516993e-01 2.748977757946690081e-01 2.440504840635846218e-01 2.757233154987036583e-01 5.696600542080882956e-01 4.620076908135485327e-01 3.814653329352655220e-01 2.658356460122652809e-01 2.979446019489418451e-01 3.336872095967350349e-01 4.717677491692783831e-01
4.760000000000000000e+03 3.755380956132787773e-01 3.546163106433037893e-01 3.017305376848542497e-01 3.941623710652637502e-01 4.093471847572631717e-01 4.764971746405848863e-01 4.789579993773503408e-01 6.124317700765962158e-01 5.817610571351777837e-01 6.204063111777091688e-01 4.265514892815162606e-01 3.224203814930400314e-01 3.643913985507701847e-01 3.653546552902862676e-01 1.738549154133303409e-01 4.308483346372298795e-01 3.804450776401868684e-01 2.974988691222914539e-01 3.488495799147589005e-01 4.239549722422482625e-01
4.960000000000000000e+03 5.577778817030623060e-01 3.661108044420253727e-01 3.634717641943018829e-01 3.319093519012706883e-01 4.049169915139645415e-01 4.041981615710188436e-01 4.570985746540529027e-01 5.923288715514630765e-01 5.278612936988333892e-01 6.019251713764118827e-01 3.599945907657142730e-01 2.604702308053924997e-01 4.472910066949996599e-01 2.522889158613170202e-01 2.840783397648104502e-01 2.797767974833864080e-01 3.510859917329446911e-01 2.917097564720209646e-01 4.352786084467762939e-01 5.804695622251467846e-01
5.261000000000000000e+03 5.431437335358777485e-01 3.109355304283327737e-01 3.127607239460037380e-01 3.501241915178501252e-01 3.675855049363477289e-01 5.532115544327348422e-01 5.264204349533139204e-01 5.909307797277348895e-01 5.293545296259062338e-01 6.050412004867858906e-01 4.190574611752336809e-01 2.573770637554206320e-01 4.813158766409326716e-01 4.621372290530515459e-01 2.291577897824272902e-01 2.173049214298357901e-01 3.560366263893287586e-01 2.910010335181634766e-01 3.841790480416795717e-01 4.282309441669226446e-01
5.956000000000000000e+03 7.150670095431866935e-01 2.542917502525212647e-01 3.495192416526754497e-01 3.031389096546464601e-01 2.937398779821723815e-01 4.577633654336248359e-01 4.519837720796925362e-01 6.546078530431289622e-01 5.739459681799334856e-01 6.443187575763241748e-01 4.239578292391847913e-01 4.146466354443715807e-01 3.984751980407731375e-01 3.638130316548793819e-01 2.548099593412793129e-01 3.206294891443035033e-01 2.973367606339488156e-01 3.336989423612210515e-01 3.386569375863239251e-01 3.885947464500937865e-01
6.445000000000000000e+03 6.143460439469864420e-01 3.042540707695046143e-01 2.549860057432214999e-01 4.234542535820630671e-01 3.397839618922302019e-01 4.405350699956255833e-01 5.252500577001496529e-01 6.417352837630508899e-01 4.907765983573796897e-01 6.446738260734060644e-01 2.161335001011855106e-01 4.435466498874957586e-01 4.087470179846234286e-01 3.875256954051355951e-01 3.161219610125183266e-01 3.157473796967019131e-01 2.318226277021179782e-01 4.229774337655476946e-01 3.887496374326951942e-01 4.048501956225717402e-01
7.038000000000000000e+03 5.445621374028188910e-01 3.737970811866913046e-01 3.151145512645555091e-01 2.945315287188030040e-01 3.278363992433426244e-01 4.244214102111934506e-01 4.202872356879356341e-01 6.699749335658218286e-01 5.782913950438068884e-01 6.896061157209451009e-01 3.575374801996425989e-01 3.260260944812839456e-01 3.595352707326104902e-01 5.134984987389890065e-01 2.336086898478431373e-01 1.125164026114661708e-01 3.314602672659157090e-01 3.785260300193685201e-01 3.307263890402908357e-01 5.851415798876393737e-01
7.742000000000000000e+03 5.001380941000351799e-01 3.063660827037542056e-01 3.378668853799620675e-01 3.136079323215810732e-01 3.874132582085822452e-01 5.041528395022373266e-01 4.876313074095178224e-01 5.832673689339205048e-01 5.111847014322451477e-01 7.346971257422632018e-01 3.227622113241916391e-01 1.970708921753589471e-01 2.740105963701836567e-01 4.534842191967259351e-01 3.537569329664566609e-01 1.601188150388339615e-01 3.196707020404512267e-01 3.149879963045001952e-01 4.620637814379104924e-01 6.996305544939033227e-01
7.850000000000000000e+03 6.546360596539665400e-01 3.554289534240722692e-01 1.874454360606439274e-01 2.697516679260138495e-01 3.102598455702361702e-01 4.812320379353131616e-01 6.450303864830903011e-01 5.776911174967147566e-01 6.070031285118876463e-01 6.666464584254949699e-01 3.033738028176058976e-01 2.372302757356767877e-01 3.717913587357883354e-01 3.114146188873977983e-01 4.144306775189177672e-01 3.772524221657662102e-01 3.863795592443641236e-01 2.926074326153676464e-01 3.105639142951157061e-01 5.564270973024053601e-01
8.884000000000000000e+03 5.516774346759940606e-01 4.170392265515719399e-01 3.551316383960849699e-01 2.972798067523299559e-01 3.633637052774311149e-01 5.607902227787826543e-01 4.194471087614686788e-01 5.147224266784132807e-01 5.651552877471361924e-01 5.964111214284799622e-01 3.116621416720367632e-01 2.219563853782987595e-01 3.161910507208393617e-01 3.816488641113807700e-01 1.330342342526823762e-01 2.855788167956018753e-01 3.532205130700480367e-01 2.602577338548324182e-01 3.729680772885615725e-01 9.287268723523196545e-01
9.230000000000000000e+03 5.695696583552527503e-01 3.096401020219104461e-01 2.771893979058604462e-01 3.666003377466786062e-01 4.268316677010273730e-01 5.779529352268069076e-01 3.920209732148094428e-01 5.797588023676559787e-01 5.681583243076178125e-01 5.798725921215833745e-01 3.652869325631406539e-01 2.414488958752463443e-01 3.534276154532544068e-01 4.575623857534372729e-01 3.799199872256405208e-01 1.756997611378625368e-01 2.947783768309831798e-01 2.484295556735558463e-01 3.974032830234215941e-01 6.535428986403351015e-01
9.231000000000000000e+03 4.628346964007600817e-01 2.542401469104658696e-01 3.427616163995992893e-01 3.921958349887109119e-01 3.868370028672173944e-01 3.692233504201236638e-01 4.267643859547827212e-01 5.823051552061432323e-01 6.373410991475935150e-01 7.346283084952135445e-01 2.902871620983135115e-01 2.907529115837397260e-01 4.197882648871120725e-01 4.291947487702958974e-01 1.708247591090652773e-01 2.141928382830834143e-01 2.527775007100710458e-01 3.432822584701706869e-01 5.776470363938336350e-01 5.407042737746856620e-01
9.306000000000000000e+03 5.390369021222625179e-01 3.788272230975056054e-01 2.791767930701503642e-01 3.083773220415515492e-01 3.933750855086763365e-01 5.114177422335809409e-01 5.011188118347508214e-01 5.812507950749677965e-01 5.933517360517314154e-01 5.722739846022899535e-01 3.640986013183155623e-01 2.694160572432363621e-01 4.540865515276895081e-01 3.288938538677836920e-01 2.835727234741738378e-01 3.396378914278381789e-01 3.458984469760487124e-01 3.351277987670161496e-01 4.016450511783832278e-01 4.079961604149652254e-01
9.500000000000000000e+03 6.324270786524340826e-01 3.626914615717724555e-01 3.422252812180871517e-01 3.095271545927205659e-01 2.985280848508165552e-01 4.354219387589471357e-01 4.869403276295825034e-01 6.322241294598349715e-01 5.323582854615225290e-01 6.398653187145275645e-01 3.916032146740843212e-01 3.420201343562921936e-01 3.997494162079293090e-01 3.996266178188453977e-01 2.430818420806654390e-01 2.393461670813604170e-01 2.656054126116186298e-01 2.561814626639579151e-01 4.102651770942547516e-01 6.081453099277133179e-01
1.066400000000000000e+04 5.023195993207092425e-01 3.375838875223243218e-01 3.012837473758728235e-01 3.331556046296520468e-01 3.877114203936969372e-01 5.126294654479445212e-01 5.135627050138069638e-01 6.120407297921002243e-01 5.891337427197087528e-01 5.694242118461543267e-01 3.447389576607821637e-01 1.826337444215965222e-01 3.432872404635373131e-01 3.054781987448267344e-01 2.834755618732901494e-01 3.954030280931545294e-01 4.587089096420246537e-01 3.208397866801563914e-01 4.390845944410780577e-01 4.579291647155694367e-01
1.102100000000000000e+04 6.447296971003844135e-01 3.549695218545336206e-01 3.109853193728367993e-01 2.494851486087749648e-01 3.955487226703336967e-01 5.603342427996554909e-01 4.803450309630486470e-01 5.541608206351652521e-01 5.305320623576581518e-01 6.156332193100445549e-01 2.272285773440024803e-01 3.108293509035309765e-01 4.378616887899682286e-01 3.470750640801071873e-01 4.126127050920183614e-01 3.834592032361190395e-01 2.941295493459758492e-01 2.337301399670636270e-01 4.492842500235356695e-01 4.733728304562235256e-01
1.182100000000000000e+04 6.036006301663880969e-01 4.013457778410502441e-01 4.067540706797030392e-01 3.249177526694783658e-01 3.285037538129889634e-01 4.121430790028567936e-01 3.835712402360278994e-01 5.304979572217979333e-01 5.217791296909797261e-01 6.905627938209917271e-01 3.235138771646899336e-01 2.348289540076305137e-01 3.026855665403331841e-01 6.104597932134246951e-01 4.016971039500289442e-01 2.292257114288136777e-01 2.487475994070734997e-01 1.917448609597495468e-01 3.732555984719431175e-01 6.747409675782742866e-01
1.212100000000000000e+04 5.562041227575095226e-01 3.021352059831229342e-01 2.954763008058804985e-01 3.046096544173406140e-01 3.804998733963135815e-01 5.738809536928762833e-01 4.963454558190273924e-01 5.940985974695069949e-01 6.015816022650837258e-01 5.870818435421110149e-01 3.427639343215685974e-01 2.459243303830893623e-01 3.008579546690564044e-01 3.567436036178767145e-01 4.369007008426845640e-01 2.586899534200767237e-01 4.308391922640403826e-01 3.269080133807262256e-01 4.457349253435946568e-01 3.919898463373436281e-01
