1.730000000000000000e+02 6.706524039320522768e-01 4.025548388300840275e-01 3.946428909162542631e-01 3.657322118200808103e-01 3.625457801261308677e-01 4.087251452428968257e-01 2.707857397793033694e-01 6.074717864862428929e-01 5.773604997849414167e-01 4.962414048194704330e-01 4.373964945022064676e-01 4.140074794308565287e-01 2.314607893200310573e-01 3.682202719818225556e-01 2.252933216635124303e-01 3.025854418763905263e-01 4.772498054160211889e-01 3.675478386600930514e-01 2.619635186281004668e-01 4.363509972148038596e-01
1.740000000000000000e+02 6.325527930839786039e-01 4.028193732043711117e-01 3.734915643005820018e-01 3.567135039648575701e-01 3.180659656848247030e-01 2.977031150165909690e-01 5.132526998345171565e-01 6.323171699520693245e-01 5.988421531185992297e-01 4.742872495502980512e-01 4.907623201659190859e-01 1.876489483680828241e-01 3.670415207998175555e-01 3.161206741123868125e-01 3.317824419104413725e-01 4.603562617064704265e-01 4.050078348963363495e-01 2.450485235383315641e-01 4.176567703633656814e-01 3.216414023051550886e-01
1.830000000000000000e+02 6.308488440208250836e-01 3.417106181330807901e-01 4.262246549475389168e-01 3.394144083758788288e-01 3.127312130369733212e-01 4.320337062014796836e-01 4.533839852514842672e-01 5.443117203320850805e-01 6.233263843433219931e-01 5.183809607596299163e-01 2.682985750683867243e-01 2.232448325477456585e-01 4.968404139939756603e-01 5.847076520672974675e-01 9.031318101178534286e-02 6.086324255450793475e-01 2.609652687041500441e-01 2.526649395093656936e-01 4.115463509203847181e-01 3.494302063186165430e-01
1.840000000000000000e+02 5.445066382107306424e-01 4.306438212263329901e-01 3.430627670451071864e-01 3.014456779716183088e-01 3.281899402052058101e-01 4.766345209206526712e-01 4.258445829445959285e-01 6.809061172418560126e-01 6.141062644616569477e-01 4.790894126153014132e-01 2.907726942801092673e-01 4.680784877753305095e-01 5.701306065245659305e-01 1.811804402395946756e-01 6.468481969709655166e-01 1.944231894195694310e-01 2.728305039093488205e-01 3.772644195322899519e-01 3.277583785367259028e-01 2.102855736789345786e-01
1.850000000000000000e+02 6.505423005966053385e-01 3.365048254245312509e-01 2.932775550902743111e-01 3.064461929897670522e-01 3.435835362859234743e-01 4.305273590293678398e-01 5.840046264918713481e-01 6.562299036248688822e-01 5.678806556391586824e-01 5.256830427690386554e-01 5.033593293082837539e-01 5.112765294218087897e-01 1.664447823052067621e-01 6.689198131354179289e-01 1.898017672693097790e-01 1.901525593011876292e-01 3.842508835392400846e-01 2.833916995671398875e-01 1.860419044155841028e-01 4.588542482866766470e-01
1.980000000000000000e+02 5.789054029829654446e-01 3.466260976017628281e-01 3.470999900729419552e-01 3.667817275835242308e-01 3.467728701523227763e-01 4.280191579431987248e-01 4.871437919651409043e-01 5.971230212137683679e-01 5.993096672375580747e-01 5.308026794328000175e-01 3.522966701094086273e-01 1.374500827070050946e-01 3.694847369938623616e-01 2.440763474379981091e-01 2.799507946748755471e-01 5.639250462626156368e-01 6.212167300819871896e-01 2.253015018318245133e-01 4.174988271696913333e-01 3.181968927807497516e-01
1.990000000000000000e+02 5.428844872423864709e-01 3.456146309250289206e-01 3.647482896057306356e-01 3.307177711423163746e-01 3.200436565552668422e-01 5.008575627165698929e-01 4.841473213597493053e-01 6.454826117099937699e-01 6.182865888009201338e-01 5.001025975934677570e-01 1.988794672595094737e-01 3.186435427483167437e-01 2.310558957213267872e-01 3.502360118658149335e-01 5.782718998490244955e-01 5.965793679768693902e-01 2.360657410088625729e-01 3.713735934480136280e-01 2.896124546158264645e-01 4.186043386940556665e-01
3.420000000000000000e+02 5.388080382174699201e-01 4.117433626687754811e-01 3.648895392734784471e-01 2.974772247025607719e-01 3.392117172471408870e-01 4.603333093305501666e-01 4.964318523791050319e-01 6.042036287009547868e-01 5.659003890419439520e-01 5.611278206164727056e-01 1.592822180260004827e-01 3.182978592320780398e-01 3.340489829402634725e-01 4.029812734811163422e-01 7.718084999685073111e-01 3.211002142732877207e-01 1.763704650758906589e-01 3.666820169818804653e-01 3.548161116520206493e-01 3.848211808411341472e-01
4.330000000000000000e+02 6.141852185993071922e-01 3.545666685612431923e-01 4.613290784300629888e-01 4.062809365724937560e-01 2.923908019762501698e-01 4.138422690767919465e-01 4.198220415951601225e-01 5.955747566997566800e-01 5.694972707812319124e-01 4.671709663441856453e-01 3.785374000561209651e-01 2.392043261420268019e-01 3.388568471723426012e-01 5.397646154367800042e-01 5.461626213776011873e-01 2.443179906564080239e-01 3.450439139063318228e-01 1.881405713858793904e-01 2.927546439862354632e-01 4.688748732601639158e-01
6.500000000000000000e+02 6.734718119721436747e-01 4.061480636942019218e-01 3.381278857194169873e-01 3.101097986148239616e-01 3.018243633281702532e-01 3.884233221875394437e-01 3.141743297831079973e-01 6.884458581807462174e-01 6.374097281983255314e-01 5.407587675456072551e-01 2.436002282732497581e-01 3.383331107221719258e-01 5.020043531136073600e-01 3.016849328501863825e-01 1.995638874252458894e-01 1.165007527134732795e-01 2.764407156958930134e-01 6.777615901919644692e-01 5.044091368375203110e-01 2.989464008384635774e-01
6.590000000000000000e+02 5.051247862426696544e-01 3.597197612330729211e-01 3.817385653289803171e-01 3.420268442856457813e-01 4.172553524735229113e-01 5.076130131336715756e-01 4.709781528315921673e-01 5.757888614807923355e-01 5.521708852886917374e-01 5.052979934231777159e-01 3.408552698646870049e-01 5.321235789578897535e-01 1.980574111106485347e-01 4.066459922589759080e-01 3.363646308609637980e-01 3.218795739212995666e-01 3.410251878841576989e-01 4.685510621872752690e-01 1.875379469847114344e-01 4.009473601378699126e-01
8.230000000000000000e+02 5.899764719191209483e-01 3.292149043736192215e-01 3.500753808573963677e-01 3.558163556066047395e-01 3.599472723979057487e-01 3.788677187639887256e-01 4.013085428674449950e-01 6.370618511589012378e-01 6.144651327340751035e-01 5.817405162346082070e-01 4.425592329863941021e-01 3.812657166076811044e-01 3.309354876544138846e-01 4.410410535373688878e-01 2.404398885050904044e-01 2.298438129499159321e-01 3.408941134031404085e-01 3.899925729539424624e-01 2.979980814739489614e-01 4.280834339523285625e-01
8.480000000000000000e+02 6.924983123278363184e-01 4.633645926422561012e-01 2.556098668452186362e-01 2.585835066065181320e-01 3.119542460385572036e-01 5.685022986735077666e-01 5.110421206040647313e-01 5.945598982357894746e-01 5.435628158867714665e-01 5.186519799116920959e-01 4.095833155355916300e-01 2.099073605064341597e-01 8.814296243813241061e-01 2.553563093493595448e-01 1.268235348322180600e-01 2.622822879081153080e-01 5.064237676001472899e-01 2.205097941881158374e-01 3.953891313156484011e-01 2.166403591110487858e-01
8.490000000000000000e+02 7.080732994825336135e-01 2.586887309309984784e-01 2.591371705829049188e-01 2.988867026979177832e-01 4.061731504493557021e-01 5.321073681724797222e-01 4.878089531691534031e-01 5.864071268919441859e-01 6.124145325518642879e-01 5.551192871518141336e-01 2.837018179288747222e-01 9.028874741615355859e-01 2.551608276118512153e-01 2.208188832588767470e-01 2.885790406237508932e-01 4.958960240038857714e-01 2.431830246245361982e-01 3.701781958866232070e-01 2.075373524336418529e-01 2.867081517907512644e-01
9.210000000000000000e+02 5.018068473556210884e-01 2.900374327453857370e-01 3.156286363475033219e-01 3.890965734245543928e-01 3.939566993416775409e-01 5.633455810832603827e-01 4.654246479332752040e-01 5.852277093469698821e-01 5.999353828237520281e-01 5.453454391194975104e-01 3.792774199646954947e-01 3.931095020713166188e-01 3.060979334247908579e-01 4.483585432245772995e-01 3.405166808518945154e-01 2.873003390127547019e-01 2.967552311071647297e-01 3.515289924670432775e-01 3.366346802997332022e-01 4.043234308228359497e-01
1.262000000000000000e+03 6.097947827435150625e-01 3.648408985840987939e-01 3.931005518148871780e-01 3.479717878058065650e-01 2.605205341619958870e-01 4.373725871710358315e-01 3.035407045098029166e-01 6.577593385232246570e-01 7.077979896229044110e-01 5.085779216809944714e-01 3.335120534299899631e-01 4.738620666037228757e-01 3.000623205058494669e-01 3.739524222409728593e-01 3.934444151909821108e-01 2.036559163049357080e-01 1.677965868489562362e-01 4.401227781605859257e-01 4.569497118338933239e-01 3.965138610470136937e-01
1.550000000000000000e+03 6.884503103433139426e-01 3.862351363693933837e-01 3.207205946212960956e-01 2.555971031002970406e-01 3.496164935600665769e-01 4.927807369130371429e-01 4.576994008464176922e-01 6.419167854160229281e-01 5.836698938835245265e-01 4.976221917549772389e-01 4.873036565170328904e-01 4.706326760605325510e-01 4.738930146048300207e-01 3.626480870280612279e-01 1.205287160994855666e-01 4.976134673824610388e-01 3.724503620996567621e-01 3.677625454010910455e-01 2.672465105534195251e-01 7.990319910075158183e-02
1.551000000000000000e+03 6.082163965359643765e-01 3.275653255022168420e-01 2.600380232274568382e-01 3.418176835236806932e-01 3.657153165288111740e-01 4.845243593310566976e-01 5.552666747476036058e-01 6.377297411087330392e-01 5.984092628667012637e-01 5.073710407631054631e-01 6.039000613671493545e-01 5.072391246562173439e-01 3.987164685543477805e-01 2.373122104031498980e-01 6.077802368835407698e-01 3.788126215974391697e-01 4.453658982065691330e-01 2.747433486934531821e-01 8.406363096690594450e-02 2.875506791358621757e-03
1.564000000000000000e+03 6.126654925530902185e-01 3.593620561949853465e-01 3.132190354143039035e-01 2.833084788030839074e-01 3.738966764153832112e-01 5.208907752541200864e-01 3.039021932991914920e-01 6.171299777285906840e-01 6.147683395083547442e-01 6.287876088464107172e-01 3.321600254764386917e-01 1.876971387416724035e-01 2.032916496438592902e-01 6.679699806991814537e-01 3.262544041131925088e-01 3.352916448068185562e-01 3.887289665673985817e-01 2.743045824656078491e-01 1.898467413186605002e-01 6.687036044612670871e-01
1.622000000000000000e+03 5.074837553961848435e-01 3.469088943299429850e-01 4.306019769190442270e-01 3.177358828703272797e-01 3.455946455535522932e-01 4.641905535064477784e-01 3.516935263555167057e-01 7.080827157356210932e-01 6.032271736928106476e-01 5.172862848081843934e-01 2.919047042497485700e-01 3.046990534101519654e-01 3.545645275225646764e-01 3.619619174198563383e-01 1.718427745017217234e-01 4.940301249069879441e-01 4.261297035030591207e-01 3.917738303985219273e-01 3.705114162032241976e-01 3.499510228747181317e-01
1.623000000000000000e+03 5.353826938947696679e-01 4.230805044235510515e-01 3.091274213770022761e-01 3.237952559708561218e-01 3.356585816409233258e-01 3.543527020601483501e-01 6.179260606612662077e-01 6.427785840683285512e-01 6.002918776145563795e-01 4.997920863970177763e-01 3.719068374779614383e-01 3.148880274337759744e-01 3.533597123530817785e-01 2.587084421157543335e-01 5.255944401092628171e-01 3.888058155964192464e-01 4.231136522932014143e-01 3.396952101559879700e-01 3.282940235315577882e-01 2.360361890235889992e-01
2.385000000000000000e+03 5.484588127234387711e-01 3.963933795516112468e-01 3.839647772846221385e-01 3.494963353777429949e-01 3.512817045584099573e-01 4.830215853524411629e-01 4.307928614379833987e-01 6.081163208813389343e-01 5.560603770163448090e-01 5.073263590723933181e-01 6.234737919420821894e-01 3.641368654228372970e-01 2.565588515047431684e-01 3.018636047393336574e-01 1.163198781241478186e-01 3.654266179029252437e-01 4.109536800899831199e-01 3.121339559690147758e-01 2.296359118094458140e-01 5.516996496680572903e-01
2.386000000000000000e+03 6.104786463000611008e-01 3.821561985383213345e-01 3.469659230567961328e-01 3.351746053393858671e-01 3.519413027558245810e-01 4.434591041761223873e-01 4.979739706457386728e-01 5.951878663928459323e-01 5.976609339666737464e-01 4.748511440908944614e-01 4.438468521866485994e-01 2.176900617781894476e-01 3.037294596768449484e-01 2.122959978866436337e-01 4.039398081582818989e-01 3.848338768055313830e-01 3.467792835982346777e-01 2.165781757701095989e-01 5.324152547734319896e-01 5.033227238407830262e-01
2.387000000000000000e+03 5.939944974004481848e-01 3.474119822800887381e-01 3.345702969338049670e-01 3.379796956630227722e-01 3.308922978895059708e-01 5.149710935789576505e-01 4.847623985294008397e-01 6.459917549496257960e-01 5.717817805531312247e-01 5.072373069739364304e-01 2.672455052918404350e-01 2.394425994940950764e-01 1.942503474641514016e-01 4.494548500933257529e-01 3.781609268494686704e-01 2.708093743352524285e-01 2.197732945148908601e-01 4.586785563674021238e-01 4.436765256596544860e-01 6.327596124855211501e-01
2.408000000000000000e+03 7.901231843277459754e-01 3.846454159101122539e-01 2.220737850345486930e-01 2.496555841261704212e-01 3.026889061855814744e-01 3.702265367152790532e-01 4.421010147598329887e-01 6.503667875451761837e-01 6.895182097108464303e-01 5.731096199324771101e-01 4.927117268823849594e-01 4.839677193026238333e-01 3.847613675803289168e-01 1.793879701532038462e-01 2.157124357526020719e-01 1.705919329098501969e-01 4.400918028277258087e-01 4.949243105768744710e-01 4.004918790115598037e-01 2.099935147511573508e-01
2.599000000000000000e+03 6.886937946267279731e-01 4.477710069703593199e-01 3.529549753468909645e-01 3.210379095201796873e-01 2.736354730836300098e-01 3.226723714278099120e-01 3.331536665171137002e-01 6.775237535711278181e-01 6.002004664688640467e-01 5.690351253641937612e-01 3.551771750809250006e-01 3.167439321462695023e-01 2.960856998248360128e-01 3.670899887957882468e-01 4.261252080080897842e-01 3.272044507437513183e-01 4.678813707109446551e-01 4.080374712498479051e-01 3.377222690524875892e-01 2.153610710296239572e-01
2.600000000000000000e+03 6.930891887925951789e-01 3.603730133497536348e-01 3.272035088547005643e-01 2.636763842478481168e-01 2.670004981758748452e-01 3.594681140630431315e-01 6.022669311068207243e-01 6.576710721301698426e-01 6.611571827859780148e-01 5.003016834468889673e-01 3.790857883153966323e-01 2.478417389999038878e-01 3.538401603635140114e-01 4.941738472206125832e-01 3.432878348791123524e-01 4.312675302361602125e-01 4.353440474744849631e-01 3.058833826134887413e-01 1.995878460753723327e-01 3.533730453607641930e-01
3.104000000000000000e+03 4.692894605848846323e-01 3.660388646535510659e-01 3.348753623266292889e-01 3.269014830902106650e-01 3.431222389623486135e-01 5.517184148510909658e-01 2.681455877575241731e-01 7.409958022480032103e-01 6.333958177023613079e-01 5.688323624292921377e-01 5.084295709019382992e-01 2.113362751400406914e-01 1.573330774342033278e-01 3.790245221649058416e-01 3.058134633310810035e-01 4.251096866798034224e-01 4.562111735768746845e-01 3.509051545824735663e-01 2.093616393188285074e-01 5.437949202049170427e-01
3.369000000000000000e+03 6.189943161286353135e-01 4.250367310381605868e-01 3.905864423820475384e-01 3.254066639004067341e-01 3.393931259109986831e-01 4.337428721078915306e-01 4.426258638241157284e-01 5.724358965892628603e-01 5.368650470282850806e-01 5.312127447183547790e-01 3.879460644842486206e-01 2.321268345058672689e-01 3.434720595928347220e-01 4.872406428315169125e-01 2.853626074377518806e-01 1.084331840936917091e-01 4.404679872570368415e-01 2.900429799406678000e-01 3.384684051894643053e-01 6.235427432696681871e-01
3.370000000000000000e+03 6.491924247304310391e-01 3.884941910493960315e-01 3.222256918797651859e-01 3.225914062862539344e-01 3.229246325795206984e-01 4.550058520281778374e-01 4.515233726547663307e-01 5.726572783471012285e-01 6.181185800460101687e-01 5.419995419314695972e-01 3.017692959929103580e-01 3.055354021008632182e-01 4.786239411115200681e-01 3.691931031552471154e-01 1.188263383162647124e-01 4.091684571346154708e-01 3.153502982168600588e-01 3.124069208718341373e-01 5.888927333031220845e-01 3.173232449282585299e-01
3.371000000000000000e+03 6.019069547978531665e-01 3.222020038471541392e-01 3.212460400220146783e-01 3.073718389268413897e-01 3.371217789960944122e-01 4.670717717400697522e-01 4.548316703354957080e-01 6.689810992065274853e-01 6.295197734171410486e-01 5.484834806020146836e-01 3.812093390933998238e-01 4.601755157654285888e-01 3.686154653905578393e-01 2.132254342558983495e-01 4.478402490724835427e-01 2.665946695877082773e-01 3.447914892322714864e-01 5.517567491301311744e-01 3.042123938600423405e-01 1.609926181235096510e-01
3.554000000000000000e+03 4.607994060424832061e-01 3.912604990619141243e-01 4.184004986778526169e-01 4.529648183484203394e-01 2.695228268952811757e-01 3.291795230800005911e-01 4.430404175916610732e-01 6.688186657246295574e-01 6.338198554664843387e-01 4.851152405846685389e-01 1.620604534768394778e-01 3.385151747193139160e-01 4.535184807018364239e-01 4.265391896664295635e-01 5.314717335475785953e-01 3.187774170839502985e-01 1.828219162326382152e-01 4.108087575234933286e-01 3.160091899115260450e-01 4.213246488878722440e-01
3.834000000000000000e+03 6.676123902244873731e-01 5.865800127542496467e-01 2.512314423517463813e-01 2.424994185579028849e-01 2.642285398860524381e-01 3.705105832069804372e-01 4.447875324116931650e-01 7.044402524206344607e-01 6.157715661566844911e-01 4.856995155800682418e-01 3.750954750910470148e-01 4.114683673294455835e-01 4.948637267086923308e-01 2.314365786687614113e-01 4.119158457199476042e-01 2.826435625806187346e-01 3.533684329355931131e-01 3.998694779972704061e-01 3.678383242443840073e-01 1.847374655669047350e-01
3.835000000000000000e+03 8.760485277309901786e-01 2.542126646243637600e-01 2.426831273367497932e-01 2.493022338291196738e-01 2.904738895645634922e-01 4.648506056544966514e-01 6.293957057689572032e-01 6.697994440982996123e-01 5.836730246173503778e-01 5.336929495146885971e-01 4.690427798387464819e-01 4.558149169944983314e-01 2.218051271978370986e-01 4.775565554833379189e-01 2.939426124242360827e-01 2.954496922461328223e-01 4.238160667304075591e-01 3.309647898395031151e-01 1.700781665657606356e-01 4.003423792411521243e-01
3.973000000000000000e+03 5.930034616280175364e-01 3.303166755080456096e-01 3.283770826188283087e-01 3.652453109553090993e-01 2.083588679852575176e-01 4.494311865046137777e-01 5.598909855955214177e-01 6.997963262199657919e-01 6.108639923336669497e-01 5.560685731642478480e-01 4.505128793325731129e-01 2.633079447653482452e-01 1.344477076277866834e-01 4.699879354141992538e-01 5.430895375464790398e-01 4.029818904691135906e-01 4.131156528966477559e-01 2.700343007623851599e-01 1.362927881066035019e-01 5.003514651644217492e-01
3.998000000000000000e+03 5.561086768028427052e-01 3.684027784333143707e-01 3.203071420779096679e-01 3.471224362618389181e-01 3.584144989304766105e-01 4.686741281752371258e-01 3.748312413357873241e-01 7.412445587317346707e-01 5.616791971567761665e-01 5.228008861902369020e-01 3.756910999831698517e-01 2.206340623360676378e-01 6.361965392816948395e-01 3.398229364404988795e-01 1.694319569003806814e-01 2.951056086861251204e-01 2.669433239566102456e-01 2.334106885037151302e-01 6.154079280817837949e-01 3.720380826550928055e-01
4.260000000000000000e+03 4.833352779835245472e-01 3.844531784521002526e-01 3.618852929159426801e-01 3.219515793974905282e-01 3.167057091552665238e-01 3.999380100740801969e-01 4.718966060230922466e-01 7.257283645816865469e-01 6.141601524986883831e-01 5.362360233626152217e-01 4.437562127570880977e-01 2.440732085295372056e-01 1.853249568224392130e-01 3.607741600772646495e-01 3.512250070293981841e-01 3.361286051908775052e-01 3.785259375710782748e-01 2.923499578832668977e-01 2.367041927117264632e-01 7.449334720959940315e-01
4.265000000000000000e+03 3.842953706347984610e-01 2.826661068110515873e-01 3.945797312581151850e-01 3.464267061830285654e-01 3.697085608703464255e-01 4.747667905643828679e-01 4.961609535803588322e-01 7.715943856887904628e-01 6.197798881900935530e-01 4.844763553952174950e-01 4.280681558006180221e-01 3.578152631108839077e-01 3.266088331127159350e-01 2.442387617964789925e-01 6.905623424975265712e-01 3.635368455701272206e-01 2.916673855968707207e-01 3.745086906538642180e-01 3.014381598484824898e-01 1.780096479902718853e-01
4.577000000000000000e+03 4.964907083343757521e-01 3.292663778524184126e-01 3.908834498076618202e-01 3.888929580070085157e-01 3.104724759545980373e-01 3.635013069075428982e-01 5.428193490046139269e-01 6.738159310573479388e-01 6.047879445663227882e-01 5.162565161965175786e-01 3.547487789499121358e-01 2.239093259416432002e-01 3.117028103499424607e-01 3.888707724099093044e-01 2.895342015548532655e-01 2.693724069989534842e-01 4.151093778771151044e-01 4.600381036240268062e-01 4.045597963101931760e-01 3.901835342001955254e-01
4.688000000000000000e+03 5.285682491354793955e-01 3.531794019769662896e-01 4.059363559356392592e-01 3.212501354982408852e-01 3.441266041751477878e-01 5.071778960037534034e-01 5.156509893565559555e-01 6.216738668641035304e-01 5.516981592700502812e-01 5.044447598810108957e-01 1.924773342516898078e-01 1.721580578048147181e-01 4.200926522420216358e-01 4.412112037068205983e-01 4.151804840563611543e-01 4.046066407091362671e-01 3.080843158939556847e-01 3.012174191828101422e-01 4.067661177283432017e-01 5.020908324431192504e-01
4.761000000000000000e+03 5.257544761652821474e-01 2.798735739623500196e-01 3.719307538223943221e-01 3.752633266483885732e-01 3.287983066654692754e-01 4.590770840829435651e-01 4.707831160359498002e-01 5.995060838197977526e-01 6.737982169166112367e-01 5.449382100301422005e-01 3.935406859202598140e-01 3.295140207903993201e-01 3.603362573085258647e-01 2.633577381309644694e-01 4.643834949325933992e-01 3.394842361399242336e-01 3.244740543092314855e-01 3.230012491844747036e-01 4.016554927112378492e-01 3.486770836791016070e-01
4.762000000000000000e+03 4.461688955476194041e-01 3.662185788342794401e-01 3.691965476374413635e-01 3.079949977700085495e-01 3.342233757573936370e-01 4.775256898023222396e-01 4.805293755535348099e-01 7.264218409139919785e-01 6.260644248719169358e-01 4.981945945018874111e-01 3.809254205970123985e-01 3.056712426519972992e-01 2.469723189984456280e-01 5.156633967211731173e-01 3.436229902800022051e-01 2.545930812977360569e-01 3.354957381994878585e-01 3.541685915918772465e-01 3.145907683897061213e-01 4.955154078213688251e-01
5.057000000000000000e+03 5.725207384887537332e-01 3.737728049261905272e-01 4.008085485553851690e-01 3.521305382192810307e-01 3.919167500259403414e-01 4.514544728895472647e-01 4.240856635176832867e-01 5.545444050957445414e-01 5.743498878597163015e-01 4.977948094447587901e-01 3.442982625250300965e-01 3.881266625544085302e-01 2.207674499269150215e-01 3.720507307896330773e-01 3.141635240058328060e-01 3.375023086286017548e-01 3.331548440687568391e-01 3.128032232077556096e-01 3.269152457084059105e-01 6.136007882163103666e-01
5.116000000000000000e+03 8.013802546305044405e-01 3.708256100695310198e-01 3.466429292153341279e-01 3.510095160663504466e-01 3.665274794895990729e-01 4.266804568514608875e-01 3.293562066008078881e-01 6.164251068150538027e-01 5.543053426881137113e-01 4.482253892326212297e-01 3.551757940828354498e-01 2.613724799248877129e-01 2.728811377431762941e-01 2.627378062764427202e-01 4.624379261758875259e-01 3.879393880939897565e-01 3.306391909888481417e-01 3.350344814949881012e-01 5.474493792310112239e-01 3.319287907211636579e-01
5.117000000000000000e+03 6.002208099579560141e-01 3.629678162426228094e-01 3.665841179584393150e-01 3.687726416596661672e-01 3.361862192313878617e-01 3.700653599997867360e-01 5.377606730538527779e-01 6.156757042819757109e-01 5.657982758078342611e-01 5.035054023732572492e-01 3.234447692384643247e-01 2.220765765202778741e-01 2.525396816615492201e-01 5.263697613955167220e-01 4.049943677512873319e-01 2.703922216585241678e-01 3.562003566558272216e-01 4.941113699877860421e-01 3.065404775778484137e-01 3.667377035864826662e-01
5.255000000000000000e+03 7.159001892866941885e-01 4.025989061014876857e-01 3.752462272612684391e-01 2.610893864933758746e-01 3.520912401094358213e-01 5.133783746982433227e-01 4.976712868651685384e-01 5.627737353173165591e-01 5.282681255222254624e-01 4.706463289173518083e-01 6.235172880241151017e-01 3.320137495385662718e-01 3.681105424468857357e-01 3.791250066121419904e-01 2.269187289791047279e-01 2.429616997519039034e-01 3.241487375261601911e-01 2.347456103744652856e-01 4.022329576339189749e-01 4.024437479223248459e-01
5.263000000000000000e+03 4.734132002044731391e-01 3.306442931133843910e-01 3.342866213337579717e-01 3.632511356234267019e-01 3.708126537962503355e-01 4.641508317985627019e-01 4.169071442153163831e-01 7.222984951457511738e-01 6.399646777150630461e-01 4.908860090694012190e-01 4.990175343452327161e-01 4.007679743851614296e-01 2.944501446532235001e-01 3.045555940153802377e-01 3.109895235418900783e-01 2.439948649742532949e-01 3.668250393959274214e-01 3.551737550397849330e-01 3.903952885407256934e-01 3.587178086021450274e-01
5.310000000000000000e+03 6.991647587205578329e-01 4.013493784025392030e-01 3.862988092175322907e-01 2.747515611987470519e-01 3.550226373830784321e-01 4.701510691437221778e-01 4.605079277732201937e-01 5.650444522893550703e-01 5.635928172070533426e-01 4.713915270384184675e-01 3.224405388354613100e-01 4.212196125361704624e-01 4.832065158274664873e-01 5.012449720235342410e-01 4.114733545264511183e-01 2.640659666404837069e-01 2.368265570664694897e-01 3.316231515240257721e-01 3.534484890913711652e-01 2.135956054500502133e-01
5.473000000000000000e+03 5.514026605053177210e-01 3.481887152182323031e-01 3.318787312215152885e-01 3.385250831929246251e-01 3.344657618290121648e-01 4.098599470273593948e-01 5.397701012566189505e-01 7.134682477407112700e-01 6.344100873559962439e-01 4.414228311039072872e-01 3.529052266391528025e-01 3.098409242612722991e-01 3.013961620762105609e-01 4.845596253280841648e-01 1.142263909182111570e-01 2.796518144874353129e-01 4.142232528495414789e-01 3.785704314831660477e-01 3.912080644580512856e-01 4.881299698435964118e-01
5.477000000000000000e+03 5.051451598189700132e-01 2.926799233162430403e-01 3.827216989508697154e-01 4.423325897102766691e-01 4.335764763738585437e-01 4.809125035557410555e-01 4.502406058132902844e-01 5.706470565146752882e-01 5.303784939980319413e-01 5.063048664310129121e-01 2.011521990816831085e-01 3.052511097346390923e-01 4.329241241801889406e-01 4.377324143475179175e-01 3.351011480919568464e-01 3.869295554696639550e-01 2.332480045829433690e-01 2.928124412115010178e-01 4.333675229735812207e-01 5.056086485408088915e-01
5.905000000000000000e+03 8.053768416845386025e-01 4.762386720606365809e-01 2.188458915709728114e-01 1.783138681062476083e-01 2.111191528130167416e-01 5.396366590750357739e-01 5.304205373487936859e-01 6.331835583495083464e-01 6.284507654351295658e-01 5.489720985207560133e-01 3.075889065865032856e-01 2.929867617887084719e-01 5.359942066360668944e-01 4.750864333806024686e-01 3.551498364647657779e-01 3.468643888023303368e-01 3.459316835555089620e-01 2.614138505789921907e-01 2.765343183782493219e-01 3.489326623585717879e-01
5.924000000000000000e+03 5.531530683309761054e-01 3.460075220838634280e-01 3.755649990645966718e-01 3.534436792324805454e-01 4.117364178609606018e-01 3.671992863957538322e-01 4.360973634133694654e-01 6.615621737063343000e-01 5.793109217832687063e-01 4.963715404360921624e-01 3.755776540372247618e-01 2.708988552581775289e-01 4.007063084908307760e-01 5.529368065352738837e-01 3.982928671400257636e-01 4.130500659067856684e-01 4.135012254874463333e-01 2.912904681296788478e-01 2.242680702402518045e-01 1.996538675050155143e-01
6.652000000000000000e+03 6.970934224657913125e-01 3.484757924106064997e-01 3.332161376099463945e-01 3.536179264139755474e-01 3.560749403215747177e-01 4.505907075348019042e-01 5.174481310586082072e-01 5.929555046876960889e-01 5.580704318726691371e-01 4.536095945616951397e-01 4.249832693725695276e-01 3.988490697153501685e-01 3.642517590582203257e-01 2.577717483194669201e-01 1.860563518541467898e-01 4.041195268398812268e-01 3.701965353786161872e-01 3.170024227903037173e-01 5.835946994079160843e-01 2.051318643518003082e-01
6.653000000000000000e+03 5.562858765374557590e-01 3.397376283915687911e-01 3.593702470679961403e-01 3.482253297414675264e-01 3.408005067528987464e-01 5.445481167409436107e-01 4.916160158037651273e-01 6.077460455472764034e-01 5.598564871733473503e-01 5.185135667929455794e-01 4.662375208022726536e-01 3.258354297221005003e-01 2.522591166650490213e-01 2.725807306940128405e-01 4.310659170331735957e-01 3.235392738222851450e-01 3.427866366034375556e-01 5.357343794570897932e-01 1.926796345596323290e-01 3.796597584830458394e-01
7.024000000000000000e+03 5.632329666149162861e-01 3.337620779568913343e-01 3.213979692326073279e-01 3.897475105009446938e-01 4.277178636547287471e-01 4.533110902019729660e-01 4.755785287879537027e-01 5.606537867936508546e-01 5.837751365254326696e-01 5.021701880472370094e-01 4.069013705166058537e-01 1.994794936548863196e-01 4.739796427296666947e-01 3.913120143396520145e-01 3.121950238172087055e-01 3.665405961923648426e-01 3.204901586114702883e-01 2.061268436216297795e-01 3.900614716400377380e-01 4.919740032374486649e-01
7.036000000000000000e+03 5.546153657177773644e-01 3.567780721549229095e-01 3.711991891020113288e-01 3.987590933175324537e-01 3.551551415273334067e-01 4.494597259989573934e-01 4.634299501844971747e-01 5.680704135209071470e-01 5.381835500961054120e-01 5.605005254178588858e-01 3.214652398751701168e-01 1.720013833996118513e-01 3.845891662543782785e-01 4.333462400641757695e-01 3.488743136471360584e-01 4.934226926950361358e-01 3.242117980261932653e-01 2.042356282910300913e-01 3.859113558727438886e-01 5.073485297721478382e-01
7.037000000000000000e+03 5.530157431623902164e-01 3.669191247893421881e-01 3.944998542736544156e-01 3.367182140196819384e-01 3.299686945717790754e-01 4.724123706529556599e-01 4.422862772124541708e-01 5.713859740246310936e-01 6.411253032513427597e-01 5.084745587998036331e-01 2.317193756753013201e-01 3.335271906303007294e-01 4.089136894749782480e-01 4.128710620877051873e-01 5.044847501021797465e-01 2.567179886621364648e-01 2.135274538482062334e-01 3.425310279412950298e-01 4.607721050325885859e-01 3.934560165469003223e-01
7.189000000000000000e+03 7.797561157572423518e-01 2.920044369063823919e-01 3.230679643826273040e-01 2.994429889664131372e-01 3.082998579307235643e-01 3.852799268968758462e-01 4.665396951283116711e-01 6.490370115397844364e-01 6.574915115666442045e-01 5.103774010647240678e-01 4.483400669396183646e-01 4.584549482018727695e-01 4.452323206730691152e-01 4.248457238879591036e-01 1.077823205232015663e-01 2.413462619575923451e-01 3.412506130332572662e-01 2.767880135875751546e-01 3.818959113881980061e-01 3.947405308957945280e-01
7.302000000000000000e+03 5.623645873697682429e-01 3.731709787980536652e-01 4.467000056101345096e-01 3.475670218744181250e-01 3.335435121146496096e-01 4.219952883186846582e-01 3.631985795886626955e-01 6.142454043108669381e-01 5.651964700043888845e-01 5.533959012872140537e-01 5.378039570308723594e-01 3.549901642572088623e-01 3.668509612523636609e-01 4.233193224041943425e-01 2.200155941478511290e-01 1.284997165851465006e-01 3.011909692427974794e-01 3.473979086816560979e-01 3.795907235144824199e-01 4.623086019746567299e-01
7.303000000000000000e+03 5.749254163971539988e-01 4.418675328016340442e-01 3.421626328339606449e-01 3.139946072734667304e-01 3.136246497307402237e-01 3.704282711056946509e-01 5.013086750453149554e-01 6.022113968372755366e-01 6.345978060248268493e-01 5.192237176228671203e-01 4.361569817966834961e-01 3.414964632338360895e-01 4.270133175119190660e-01 3.149290018310155204e-01 1.468164648703275954e-01 2.533407635331603736e-01 3.874042297226870657e-01 3.593529675153101510e-01 4.478198470915009666e-01 3.909632612429054799e-01
7.304000000000000000e+03 6.672511077914390354e-01 3.366294407956840762e-01 3.070481881894184806e-01 2.923592220069072267e-01 2.825712580688954367e-01 5.085667692205643187e-01 4.841638787392406607e-01 6.812053155809062455e-01 6.038342028345665691e-01 5.419243639092630183e-01 4.263203969391734516e-01 4.129612136226180619e-01 3.211308866627384240e-01 2.454785702221824462e-01 2.870306876948072183e-01 3.624414850328599447e-01 4.044457924097515922e-01 4.278699065707580185e-01 3.822164855497063307e-01 2.378681412325280575e-01
7.725000000000000000e+03 6.288766621488968145e-01 4.575734221132951030e-01 3.581770580047727304e-01 3.428107384153029069e-01 3.701264127237890444e-01 4.515972854324726282e-01 3.934797873399225043e-01 5.262992162521618056e-01 5.695580016353136710e-01 4.925245482355175564e-01 3.580647958077795012e-01 3.367850936501214365e-01 3.756831252734086357e-01 4.149127928632629914e-01 1.452534886242488887e-01 2.550612280771657470e-01 4.105230533525764391e-01 3.462015085515013912e-01 4.320072266617157597e-01 4.387744490053577251e-01
7.726000000000000000e+03 6.935608342829088224e-01 3.561628826468758446e-01 3.398946451760088694e-01 3.544324986666744781e-01 3.333338159678482238e-01 4.052372392738013973e-01 3.919901211623202930e-01 6.104511623082192751e-01 5.845057741946965146e-01 5.511428153553277198e-01 3.922407094895332125e-01 3.259537826401405769e-01 3.932510737059472516e-01 2.265030433001249677e-01 2.616980781794470134e-01 3.570087248311307193e-01 3.634947715190274264e-01 3.850637121004969465e-01 4.001732489712829244e-01 4.171989032068590397e-01
7.802000000000000000e+03 6.601787085116763709e-01 5.127980701508791928e-01 3.928297814298177260e-01 2.321553290288503046e-01 2.775055740765228207e-01 4.815207318533265002e-01 3.414961661505575563e-01 6.376364434014311078e-01 6.044045164377199741e-01 4.790620102160551008e-01 3.668212138042021841e-01 3.151117824056893779e-01 3.851951544874003819e-01 4.020030473155404294e-01 2.583391271785079324e-01 3.490448334637876737e-01 3.533952755828449477e-01 2.943792210589083469e-01 3.771397037648774875e-01 4.391954246644582116e-01
7.803000000000000000e+03 7.801225365735502404e-01 3.989022138345661994e-01 2.356191590996795926e-01 2.664636722124849588e-01 3.585743047163829078e-01 3.658904151925160275e-01 5.487839664513504134e-01 6.609750283152038275e-01 5.816422285217354160e-01 4.882829164673830324e-01 3.823874983609553135e-01 3.480098979602482268e-01 3.924594423829686485e-01 3.410325280327550779e-01 3.721968954123840434e-01 3.033440350894348048e-01 3.180149365085366275e-01 3.458723936638430363e-01 4.121339152979161535e-01 3.184500475070409231e-01
8.136000000000000000e+03 5.646065846463780291e-01 4.017791122526210845e-01 3.833287963622242223e-01 3.220737350256425713e-01 4.679893535795203729e-01 4.167518092687091946e-01 4.271349834474113538e-01 5.748928193428899380e-01 5.221569515811281814e-01 4.943531384989225397e-01 3.827713480805548518e-01 1.348953636373406983e-01 3.365904996495998613e-01 3.626802512313155313e-01 3.204833253817909733e-01 3.870166555119685659e-01 5.399041527845709343e-01 2.541944349662079716e-01 4.389177705252838013e-01 3.738576290962721260e-01
8.300000000000000000e+03 5.832413407973071617e-01 4.267321394250226940e-01 3.671351222610697018e-01 3.640732489178055697e-01 3.697622880334320850e-01 3.969853696057125125e-01 3.917652147690888209e-01 6.505553018388081643e-01 5.277563121733798157e-01 5.023739432849845254e-01 4.757140831869787201e-01 2.950387363305731481e-01 4.413014903792856769e-01 2.727149997286647531e-01 2.148343132366218877e-01 4.002228532447726916e-01 4.168030942873157674e-01 3.456765032643953628e-01 3.771921758209165754e-01 2.705866417967290882e-01
8.521000000000000000e+03 6.942940243563037184e-01 4.448041396232981226e-01 3.422285732323021579e-01 3.483881173278442489e-01 3.296192037420058174e-01 3.192572856033527584e-01 2.837088704036744291e-01 6.861902168778895028e-01 6.227254135797474222e-01 4.796084509322111056e-01 3.521643157052737338e-01 2.378183021540593300e-01 3.507550120707537133e-01 4.299285276835796976e-01 2.267189849529472334e-01 5.793351462527005502e-01 3.414747014873792952e-01 4.056016828902097582e-01 3.206477334448603611e-01 2.835512923096337734e-01
8.522000000000000000e+03 6.911933454319195702e-01 3.512438660967379667e-01 3.565783305799125058e-01 3.232744419962895743e-01 2.664955015914518555e-01 3.119483581820577944e-01 6.159904340156487912e-01 6.857008518536925612e-01 5.851627877288725355e-01 4.878271302214110539e-01 3.070839307453571698e-01 3.129535252751372565e-01 4.219218097382098631e-01 3.126737292331979168e-01 6.199734590393642941e-01 2.914139939559697301e-01 4.404645138451812048e-01 2.955986642992389224e-01 2.674712873565510129e-01 2.818852342884028972e-01
8.909000000000000000e+03 6.248412069579738493e-01 4.468550050623701919e-01 3.065757561788438057e-01 3.676999017587624374e-01 4.261228604706172596e-01 3.260050371084264875e-01 3.433726054902765390e-01 6.082547973415174392e-01 5.894008454394296104e-01 4.989582587128897906e-01 3.707761626361145701e-01 2.857105548545915696e-01 4.673118918699524227e-01 3.342957142280463256e-01 4.164354405422620586e-01 2.667491882808221138e-01 4.364808223822005395e-01 2.722948093088398136e-01 2.998619672463493369e-01 3.898146303578375327e-01
9.184000000000000000e+03 4.870287370148684847e-01 3.421650415308801763e-01 3.067274709881844252e-01 3.053443466639618187e-01 4.157299225959996680e-01 5.136483649457490586e-01 4.987050486568789798e-01 6.031609922831199233e-01 6.258005975315871217e-01 5.466632281691092832e-01 3.956877087449738872e-01 3.535850504327731070e-01 3.381866013918144453e-01 4.300295966391475266e-01 4.610986581657038896e-01 2.549677009032919051e-01 2.419638439733587665e-01 4.008628260229235574e-01 3.065550157071629256e-01 3.628176929725668298e-01
9.330000000000000000e+03 6.572563163464276714e-01 3.953610776504532520e-01 3.910492925636805950e-01 3.124375159739066765e-01 2.982742829100887838e-01 4.246469233415194333e-01 4.060059335813108738e-01 6.310665172312915905e-01 5.522542653326312223e-01 5.617663218345599896e-01 6.749540734319944280e-01 2.725978825956544283e-01 2.948617781365989732e-01 2.643961790803317502e-01 2.188864810944289030e-01 2.979338899414249453e-01 3.416729375110022504e-01 4.020292871945327917e-01 3.289665062262015494e-01 4.192457486230418140e-01
9.339000000000000000e+03 6.923027442666990217e-01 2.822316307535648883e-01 3.689585625174524042e-01 3.314538755280332372e-01 3.213108801112118940e-01 4.409391320735352449e-01 2.333474523304689408e-01 6.572209423809226569e-01 6.437256588189413931e-01 6.331720529564253130e-01 4.091657517631512864e-01 3.796639393794555284e-01 3.433132650541754205e-01 3.915421533976282675e-01 2.152014335887275920e-01 1.374130344625582867e-01 3.003084441901990309e-01 3.925378506264046163e-01 3.494758125591495013e-01 6.102843552740584432e-01
9.498000000000000000e+03 5.808648769881393781e-01 3.749203605874895651e-01 4.207554531202482018e-01 3.729657102817372505e-01 3.666366967807299093e-01 4.498307968708852300e-01 3.896712178476906541e-01 5.577896153662845746e-01 5.666944425614398595e-01 5.041963029356407722e-01 3.090734211050720770e-01 2.429368637848133283e-01 4.287410927457535048e-01 4.589994954677194539e-01 4.078911898639212552e-01 3.712517770005350215e-01 3.387373139611186135e-01 3.248074377717354855e-01 3.145996261411391215e-01 3.493179022116858490e-01
9.499000000000000000e+03 5.882547198639325181e-01 4.240356832561343881e-01 3.760066940250904044e-01 3.561989544367173410e-01 3.374886331142397666e-01 4.102550904512791141e-01 4.413854520198589038e-01 6.139544935473851828e-01 6.005412324713296224e-01 4.464448280959185666e-01 2.915680292195648726e-01 3.670264586140790097e-01 4.209427234844722587e-01 4.540695598069231509e-01 3.657603266756999649e-01 2.627851660070715245e-01 3.303759945807326903e-01 2.716493756024526141e-01 3.086339165534990880e-01 4.830405639412415075e-01
9.596000000000000000e+03 5.770568294628474204e-01 4.144652644295642174e-01 3.321399497098849740e-01 3.135827453306337942e-01 2.973250618252162303e-01 4.553391714983413552e-01 4.438345687423420061e-01 7.029902068829921857e-01 6.142287702827765594e-01 4.883145124698743955e-01 1.779360508603821112e-01 2.330335041983711553e-01 4.965707039617471286e-01 3.912837688657052615e-01 3.148591849968676581e-01 1.795306147962534016e-01 2.866370006870535003e-01 4.116427713775171471e-01 6.245661004005054195e-01 3.987554703730886163e-01
9.612000000000000000e+03 5.356544078543973297e-01 3.227674320334388836e-01 3.310729886474615968e-01 3.542052636330012549e-01 3.788995087920651317e-01 5.213749230535300594e-01 4.517921147337695120e-01 6.005462088198220139e-01 5.768655093947727686e-01 5.721344802662798879e-01 3.592697563653925452e-01 3.399992054212325754e-01 2.698145600036174208e-01 5.095370887331359677e-01 4.311292388845437418e-01 2.298071557692967504e-01 3.016654383507390014e-01 3.201095556537340570e-01 3.243674725704324691e-01 4.735372707659131764e-01
9.613000000000000000e+03 5.042635948474327723e-01 3.251803654943391519e-01 3.475017271758558679e-01 3.596168375639529069e-01 3.702938949699164928e-01 4.578127310053178856e-01 4.813834314335694309e-01 6.139550399381258350e-01 6.493510510723006224e-01 5.105859757647283059e-01 3.413862786522526283e-01 1.757986872791147126e-01 4.172096511922659401e-01 4.238682253522012555e-01 1.891697324688909332e-01 1.869384699439276820e-01 2.917401574391431107e-01 2.509608603233145496e-01 3.748887294687652805e-01 9.137894145392151390e-01
9.752000000000000000e+03 7.536970651789508535e-01 3.540929207987653649e-01 3.110232529510588151e-01 3.351920136027626840e-01 3.329608676447972093e-01 4.269628044918571397e-01 4.518690416429405610e-01 5.432349401705481862e-01 6.348286512296591466e-01 5.056655274496305585e-01 3.048489940166340673e-01 3.339231461376003796e-01 4.292030876652886406e-01 3.551776552884551852e-01 2.297154501661667070e-01 2.638713335929291359e-01 2.313890715503840456e-01 2.419616265289540047e-01 7.861059632508992090e-01 3.598871382621774417e-01
1.009700000000000000e+04 6.046729870010321140e-01 3.401678897076639285e-01 3.571608685529845117e-01 3.599656279533231529e-01 3.468977261794185529e-01 4.589050814688175328e-01 4.764468308489273607e-01 5.991944164550757623e-01 5.366043004355572910e-01 5.661714451316079977e-01 3.738680082494265644e-01 2.976025382484008830e-01 3.212587431228743351e-01 4.840511907320531049e-01 3.331328630202660679e-01 2.278761428495716113e-01 2.992916885708380437e-01 2.896807180390152947e-01 2.645138484361450604e-01 6.752975698292895679e-01
1.009800000000000000e+04 5.338159220785284598e-01 3.554580373672065474e-01 3.576332265071606176e-01 3.306606010582364141e-01 3.378927711730829175e-01 4.897211171098006521e-01 4.865144016517715109e-01 5.727237996297708245e-01 6.487977198563663617e-01 5.256682204467854058e-01 3.308195014639018772e-01 2.465047088229570527e-01 4.284797014964599748e-01 3.735709283038017858e-01 2.113178964250842784e-01 2.078987829093467410e-01 2.847187367433086091e-01 2.207046676949403208e-01 5.765578416471603962e-01 6.730263586804794418e-01
1.061700000000000000e+04 4.729459181789048561e-01 3.819975661192993033e-01 3.445048487301357598e-01 3.242446814998115601e-01 3.595144116651591837e-01 4.835798829155548151e-01 4.746397515075361784e-01 6.414993301766034328e-01 6.158503038687914710e-01 5.275570485444889268e-01 3.591168457860397512e-01 5.137595868464500670e-01 3.256919555821655154e-01 4.250358628864769339e-01 3.149716305451758513e-01 3.045357557783904268e-01 2.840786308157713380e-01 3.575777917870500144e-01 3.183447180891320616e-01 3.365025626570676831e-01
1.066500000000000000e+04 5.166415184091426305e-01 2.897491493479737446e-01 3.203645768926956516e-01 3.630749317444645352e-01 3.597204999002421855e-01 5.109542317461819305e-01 4.869501587638811468e-01 6.209591666417354494e-01 6.407723678723381555e-01 5.445074731285028946e-01 2.363489359630550346e-01 2.822544661963992119e-01 2.817418214919062969e-01 3.445892461233150961e-01 3.925444645056702653e-01 3.984420348495213982e-01 3.280763858855605952e-01 3.811634770540862083e-01 4.067490811924015515e-01 5.010675337936720819e-01
1.094900000000000000e+04 5.522196869419132570e-01 3.790456860453162435e-01 3.124149236767569393e-01 2.870749626383020114e-01 3.019938496132992256e-01 4.508080177965906876e-01 4.774744740987870717e-01 6.477094835466418177e-01 6.390268480005013574e-01 6.105919936391186464e-01 4.010310396057184534e-01 3.934426545410715792e-01 4.107589229763700667e-01 3.498924708596831135e-01 3.596452729833152229e-01 3.909634007382953858e-01 3.641193043384375883e-01 3.549757861265638303e-01 2.317824545424497784e-01 2.767825379455353674e-01
1.101800000000000000e+04 5.850880364708330728e-01 4.134524891846975136e-01 3.703095352134926910e-01 4.141497057044525310e-01 3.641503223356432617e-01 4.296009954539978248e-01 3.116730636130872201e-01 6.301619653189582948e-01 5.880260914018331508e-01 4.453828011577751211e-01 3.777726408508921274e-01 3.829969940038124854e-01 3.468408994137595069e-01 2.268744631892627150e-01 2.981486958739766324e-01 3.726978968880553245e-01 3.221427290617111527e-01 4.138074195015614687e-01 4.478382803157228698e-01 3.330698743425330455e-01
1.102300000000000000e+04 4.855555029121833011e-01 2.393887381416252014e-01 3.744458663089896278e-01 3.781205452467030215e-01 3.537791881186134746e-01 4.335756538803861027e-01 4.358628393269222134e-01 7.463502347225835498e-01 6.560248950922231703e-01 5.131831070957447727e-01 4.019813880152481311e-01 2.435216671731193494e-01 4.055336658255267457e-01 4.122032961816497476e-01 1.972238347757015731e-01 1.418965813505597695e-01 3.812045601858539134e-01 3.488793937332238526e-01 4.575009918770386319e-01 5.256035278324129312e-01
1.160100000000000000e+04 6.665331253254739297e-01 3.814087941675083915e-01 3.578336324631234966e-01 4.054338972404316066e-01 3.033147398251176963e-01 4.057646452579812824e-01 3.743038786742741153e-01 6.375368806776314790e-01 6.206479797748086780e-01 4.418172920150349459e-01 2.092816110419447317e-01 2.255943979471601857e-01 4.435902150241124442e-01 3.523837417014729079e-01 4.078358002289027562e-01 2.711102659220492872e-01 2.352059718008139289e-01 2.687147989442726925e-01 5.375539057203304605e-01 6.182567970249518430e-01
1.168900000000000000e+04 5.121023758523468583e-01 3.167777778532832045e-01 3.538087459958686454e-01 2.727027714038929851e-01 3.888710136750697655e-01 4.988215338202184879e-01 5.190402705156471619e-01 6.728336205262949177e-01 6.169498620088680330e-01 5.096508416454459400e-01 3.419951306392762236e-01 5.667997092261147646e-02 2.415735157618056350e-01 5.300578308332821731e-01 5.456599048968141519e-01 4.402106089955480361e-01 3.362188719823296923e-01 1.831304422879945770e-01 2.728545043103238754e-01 6.603805132168664160e-01
1.205500000000000000e+04 6.695067737498772154e-01 4.098681624925939460e-01 3.658863958742015754e-01 2.770475319422655014e-01 3.865999699447555393e-01 4.812986337857609875e-01 4.556025692835016239e-01 5.477160602596649053e-01 5.394091736643061852e-01 5.093708458126765537e-01 3.406988648551100285e-01 2.161038736257864246e-01 4.722393051586720736e-01 6.618431245960770815e-01 4.874119762480432216e-01 5.363181403520734802e-01 1.167736278605948363e-01 1.144831823488509231e-01 3.271548686705364473e-01 3.372032142568612834e-01
1.209800000000000000e+04 5.823991949707111315e-01 4.050120194731142154e-01 3.151756694534249559e-01 2.600847699090195198e-01 3.390100851072915811e-01 4.029832386150848378e-01 4.961277835309929607e-01 6.711899488489213583e-01 6.503069570772124219e-01 5.188169999396239351e-01 2.011035612760655178e-01 2.153337658732410176e-01 4.197999712720726362e-01 5.674448781921103135e-01 2.421648590172866822e-01 2.109197182253492453e-01 3.564893324261317331e-01 2.869979960679556741e-01 4.380107557393697060e-01 6.062425048843554931e-01
1.211300000000000000e+04 5.437539051649625810e-01 3.067548631122593572e-01 3.093706452075176139e-01 3.643442334845246044e-01 3.385856230779994425e-01 4.975847773196794832e-01 4.405978559083365553e-01 6.930767050294102116e-01 6.509679420366124569e-01 5.007418663551835847e-01 5.123352007128989527e-01 2.604707866273229810e-01 3.489995239761780610e-01 3.516143004308740494e-01 2.880437994998030216e-01 3.310794884542777039e-01 1.476104298192244813e-01 2.067620314540658810e-01 5.692371027230010982e-01 5.567885714955315146e-01
1.213100000000000000e+04 7.403839459015777447e-01 4.601079512070412325e-01 3.604125529785386362e-01 3.145912429525615228e-01 2.702386621846715187e-01 3.423167878610248183e-01 4.474198908793271534e-01 6.221149990788263917e-01 5.716306227671991147e-01 4.948981724354167833e-01 5.541186729072550277e-01 3.002073083223744110e-01 2.771984456921135487e-01 3.203432835651955912e-01 5.329876237932090755e-01 2.757290446673804629e-01 3.754275858564359303e-01 2.857076810194141836e-01 3.545087808393662665e-01 2.725102065314978228e-01
1.227000000000000000e+04 6.943725307692765192e-01 4.484531074240579174e-01 4.249520218323199483e-01 3.157746464334134084e-01 2.865680259499452376e-01 3.661333088581701922e-01 4.025026689482743003e-01 5.986565525128099141e-01 5.868600279865007208e-01 4.708226462574162663e-01 2.642843433234817740e-01 1.787954457840096323e-01 3.029366972770289324e-01 5.513381183679370023e-01 4.313771467573297991e-01 2.088936652035228159e-01 3.030185728790618649e-01 3.453093932794589760e-01 4.346121010670168094e-01 5.343583163144024484e-01
1.233600000000000000e+04 7.510365710829229879e-01 3.591905433097667411e-01 2.823597879531244970e-01 3.135129751375334561e-01 3.358311184700267238e-01 3.770856461047087382e-01 5.123715954596255173e-01 7.000796392877486340e-01 5.444245930772072528e-01 5.001204672397923101e-01 3.901367896737757968e-01 3.441454119346848417e-01 3.598916829442682652e-01 4.435069480325096736e-01 1.845594040018210535e-01 2.279482678112187688e-01 3.433386778887170254e-01 3.556175770717124873e-01 3.803793819641974605e-01 4.952616301755521366e-01
1.245400000000000000e+04 6.966005033892914700e-01 4.541754069371978786e-01 3.726315015135754916e-01 2.810077932993239047e-01 3.194376814507636220e-01 4.429397052094008469e-01 3.943154935137132000e-01 6.171201394653483829e-01 5.868631445757687137e-01 4.567856479118764801e-01 2.199204643180493191e-01 2.573004861046688241e-01 4.663870499871266007e-01 5.344998542396035557e-01 1.594464134395291721e-01 1.931042814543734165e-01 1.475343048433426230e-01 5.088955219988615664e-01 5.238758238926256583e-01 5.007036292286143331e-01
