1.690000000000000000e+02 6.012854221703072266e-01 3.619851866709477561e-01 3.856343496683391492e-01 3.669924831936208776e-01 4.214463539559418215e-01 5.402829816708869526e-01 5.107562011121807855e-01 5.792364192210076590e-01 5.216329406224756715e-01 3.493857507969176379e-01 1.875243861538603840e-01 4.321049244326891081e-01 2.945331898309941909e-01 3.240060970752417502e-01 4.384624787825818215e-01 4.621333409036538775e-01 2.604785799108100819e-01 3.667810235066505387e-01 3.388905492927176688e-01 4.642467382179615298e-01
1.700000000000000000e+02 5.932615833982549658e-01 4.056293116519144593e-01 3.865922466572676020e-01 4.294437788819941981e-01 4.061182600932897180e-01 5.599369212769391702e-01 4.957812015424377106e-01 5.825283679139729998e-01 4.839220481431902865e-01 2.794019399970797957e-01 4.431064683402407556e-01 2.140788822845773320e-01 2.804857408330284629e-01 4.548248610582521501e-01 4.257177241834080306e-01 1.606017181076165035e-01 3.530985501424925288e-01 2.769584066278685808e-01 3.882202613348195719e-01 5.597093552959705454e-01
6.330000000000000000e+02 5.689624877602678099e-01 3.855723979376403654e-01 3.986972747278031970e-01 4.063065162937558594e-01 3.737070427837802522e-01 5.288231395883296049e-01 4.893955494731521139e-01 5.664068869819481877e-01 5.335476748031521277e-01 3.704011753430159204e-01 2.241006305863108838e-01 9.844171387081628033e-02 8.544990027165717816e-02 4.478750608663968347e-01 3.451420363684414294e-01 2.929521742377020344e-01 4.779943699871971319e-01 5.850691231450521057e-01 2.681236177476515881e-01 6.990240824357689675e-01
6.450000000000000000e+02 5.244004231983024900e-01 4.542062281290022985e-01 3.992564052944522768e-01 3.889371648012383553e-01 4.023473787565173265e-01 5.938799928053751787e-01 5.208069294756180190e-01 5.388932768410055196e-01 4.738599358926375849e-01 3.318165692786650411e-01 3.733406187432747325e-01 4.531219861186418507e-01 3.989996172920129980e-01 3.868329202227598351e-01 1.730660920732107200e-01 1.752457905101626745e-01 3.985326584041494757e-01 4.877246111089502678e-01 3.183709051601699147e-01 3.215980394026766165e-01
2.216000000000000000e+03 7.568745585238525475e-01 5.264874141837957433e-01 4.200794181547414796e-01 3.949263835214242291e-01 3.458921744300661461e-01 5.304496992385591136e-01 5.199254417708593090e-01 5.462420165727079890e-01 2.813276585039544697e-01 3.341323977567462467e-01 2.981804652250024112e-01 4.077495795092155872e-01 3.837646216864242232e-01 3.606881695940429289e-01 1.603192284547505231e-01 3.027452111323003514e-01 2.661001374748106496e-01 4.010627984931820489e-01 4.603883814290682386e-01 4.836702318633051001e-01
3.127000000000000000e+03 5.803736425964534096e-01 4.129231703137113962e-01 3.929271089716521725e-01 3.973665835721441053e-01 4.084521035031122294e-01 5.525447446524631712e-01 5.319992428754672931e-01 5.376868755621346807e-01 4.808774584843686917e-01 3.373863169080842939e-01 3.989743526896837866e-01 2.554750233106539148e-01 1.496171140236608188e-01 5.872719985204025717e-01 2.731361433316701337e-01 3.647590016049175321e-01 3.769176940873019133e-01 3.326616306514217358e-01 2.110136521866515791e-01 6.105496131918534131e-01
3.128000000000000000e+03 6.590588909360189929e-01 4.101558484380310454e-01 4.147207637986199957e-01 4.132459934618930575e-01 4.106632141089778254e-01 5.769736546478902994e-01 4.377182951902288677e-01 5.319273344095775125e-01 4.705370663486260763e-01 2.910826654434984229e-01 3.139278197839885931e-01 8.939181473511466358e-02 5.570557952798766976e-01 3.451075839500186149e-01 3.752140832911552981e-01 3.190722839323680282e-01 3.496871838802098065e-01 1.882968665340009895e-01 5.574893897711172830e-01 4.571927099258880633e-01
3.129000000000000000e+03 6.665315968055418594e-01 4.401541650210785139e-01 4.391378792911881379e-01 4.236739003144267546e-01 4.327811589700975015e-01 4.948585020675894675e-01 4.435048856572233467e-01 5.301960150550959483e-01 4.391222713493690422e-01 2.707769262225366846e-01 1.448648734908632441e-01 4.873853104941751058e-01 3.109010020362917848e-01 4.173435504455495493e-01 3.064144787474129550e-01 2.683473514331694565e-01 1.882647289777288624e-01 4.732297921784085482e-01 3.970958807644993094e-01 5.506061965914386125e-01
3.560000000000000000e+03 6.081099487044149265e-01 4.776105217289141613e-01 4.928176669233781948e-01 4.422161445056852491e-01 3.476515019497459780e-01 5.391422513088309776e-01 4.946713372284700094e-01 4.766617588000637840e-01 4.228156792505238237e-01 2.975330087420096636e-01 1.979944038252604566e-01 4.331940863538566444e-01 3.232849186031124811e-01 4.180325801708763001e-01 4.090287550011023621e-01 2.555124577444911615e-01 1.491031186963771571e-01 4.613934553222043267e-01 3.117041210300355303e-01 6.013968086946689384e-01
3.942000000000000000e+03 4.838018639754111949e-01 5.107528355899844108e-01 4.295850499330582939e-01 4.846980237223703081e-01 4.111151479968898070e-01 5.982165813429884960e-01 5.067198157766720223e-01 5.434784367264722249e-01 3.819355801506928438e-01 2.378120223892903062e-01 3.966861873404876615e-01 3.888708292381023446e-01 2.512507568387772894e-01 2.014364140362458755e-01 3.970244382336858280e-01 2.548656731654134200e-01 5.263314738167781393e-01 4.933297874169010333e-01 3.744431877743124581e-01 2.078824656446982277e-01
4.273000000000000000e+03 7.019083667991472542e-01 4.244595742831534513e-01 4.888241695177912849e-01 4.540835863469232514e-01 3.025678942155399231e-01 5.292245155394783573e-01 3.839770825527289988e-01 4.901049129115722103e-01 4.349357669517082137e-01 3.926233286154902635e-01 2.501612982431979937e-01 6.423218752577676549e-02 6.231432113823200947e-01 3.954590858353957405e-01 3.210621539456817164e-01 3.391515983901932652e-01 2.456773216054730369e-01 1.313719113472585076e-01 6.625726574402576174e-01 5.346500407701676449e-01
4.280000000000000000e+03 5.975299942645222462e-01 3.587256208347204822e-01 4.193880831936135367e-01 4.712274590644513483e-01 5.727328133336473392e-01 5.019204488000524877e-01 4.225552170012956688e-01 4.931040894776360650e-01 4.206043104253854858e-01 2.856958934504214564e-01 1.243911472550797981e-01 5.583924815778719131e-01 4.360209018759345079e-01 2.857628932114466558e-01 3.149332435953632880e-01 2.172771869198017458e-01 2.168787144395572797e-01 5.642316214216204218e-01 4.359344626082061747e-01 3.541681852357329574e-01
4.608000000000000000e+03 5.491255334523551523e-01 4.222930399641150467e-01 4.169678461464834673e-01 3.785082454406104580e-01 4.121664926357225256e-01 5.236242201483853886e-01 4.998598575255027709e-01 5.568235896507979232e-01 5.409221349205972640e-01 3.019582557537824896e-01 3.867385610517057315e-01 8.165035270285969649e-01 4.761939477646710550e-01 3.307753903826039510e-01 1.531358413455587431e-01 6.380995989308788086e-02 3.381361112098139193e-02 4.660896265154430007e-01 3.477394979989050228e-01 4.458410430908559263e-01
4.636000000000000000e+03 6.240192747079955637e-01 3.105112717295551716e-01 4.331981920097657257e-01 4.958182582202101951e-01 4.742043786657561544e-01 6.768178346245546928e-01 3.649832497897353978e-01 5.715337525248397332e-01 3.805005518396760156e-01 2.812522608325633833e-01 3.951057607529304128e-01 2.928437612771001564e-01 3.561990389731553575e-01 5.917835374850777264e-01 2.256644601654339277e-01 2.540048671150925697e-01 3.065285757624658380e-01 3.260541945565697541e-01 4.319414448129169637e-01 3.477569921245148299e-01
4.737000000000000000e+03 5.724022557485560769e-01 3.822997780886020491e-01 4.385902794605527344e-01 4.168094887249860214e-01 3.467681308017886432e-01 4.568582781969750539e-01 5.163091790048437435e-01 6.171110289889588651e-01 5.660119003038230900e-01 2.900858977831139995e-01 3.247253598989122136e-01 3.377579371390621032e-01 3.329731113391865005e-01 3.308009453169859504e-01 4.286127060849962978e-01 3.721547719200979931e-01 2.685340647418137383e-01 2.802242488596695114e-01 2.924558522885439271e-01 6.124996727170244348e-01
4.738000000000000000e+03 6.201397798127707972e-01 4.578528922261695389e-01 4.366198926665562641e-01 3.513463998757648810e-01 3.567759922589565647e-01 5.645339805105389352e-01 5.436654595966806669e-01 6.331152555402778104e-01 4.316981219458034813e-01 2.601447826980695099e-01 3.764755725373136186e-01 2.662824976677842792e-01 3.001689181348450308e-01 4.676650170775166759e-01 3.617537022497734345e-01 1.819650216716873770e-01 2.821314673610142432e-01 2.499641546336717479e-01 5.356744320563026074e-01 5.367473176049420980e-01
4.845000000000000000e+03 4.109218669280190195e-01 4.897292940092629054e-01 3.607801891653427684e-01 4.379229805236503070e-01 4.578614193749493411e-01 6.712301403544839173e-01 5.233567625979635984e-01 6.002544322424998580e-01 4.382285352734177075e-01 2.235914855433347725e-01 2.984675583831697399e-01 3.581811814776408864e-01 3.342416201004139165e-01 3.196876627931061754e-01 6.813754064294743618e-01 2.972230543246296430e-01 2.951116532550119853e-01 2.944470825468314401e-01 3.105927443061973769e-01 3.903396957000767054e-01
5.113000000000000000e+03 5.288380813838439165e-01 3.884789813110108847e-01 4.593887955269773671e-01 5.152948530409064976e-01 3.676126066881433840e-01 4.676799111424448374e-01 4.577078715567897693e-01 5.768586860328673849e-01 4.864085995988457478e-01 3.137866212497807394e-01 3.236263585818893174e-01 4.656594706355321467e-01 3.678936280015411286e-01 3.605607200855246441e-01 2.506499833787321774e-01 1.996087189077146995e-01 2.504403260801740805e-01 4.585889373251785250e-01 4.577114867138161736e-01 3.792378438698875143e-01
5.230000000000000000e+03 5.441283459818037072e-01 3.834967157253874048e-01 4.229988761538823194e-01 4.969275129010742309e-01 4.574996426808656258e-01 6.499654067895868081e-01 4.671189299256454652e-01 5.039507958689973810e-01 4.905983327369818903e-01 1.785438824856334372e-01 2.900144131761083766e-01 4.166780723185457003e-01 3.916810734503474167e-01 5.801528456400801836e-01 3.607955075847017468e-01 2.753940898474388499e-01 3.195917091131951770e-01 1.918759392027261368e-01 1.654811995599491659e-01 5.903284399429765683e-01
5.231000000000000000e+03 6.237924170589893569e-01 4.437730005343670792e-01 5.195848634970896551e-01 4.676866883794373320e-01 4.710118481482313824e-01 5.171045582709630217e-01 3.999379469397389419e-01 5.476562837867605671e-01 3.363212447849750486e-01 2.178676537511224642e-01 4.559977076438430088e-01 3.307669230108774561e-01 5.338113279507185061e-01 4.132986638862429229e-01 2.714125701275128533e-01 2.427219457621117849e-01 1.957905903515771151e-01 1.433462063824010035e-01 5.232760761423410623e-01 4.509452516676036304e-01
5.315000000000000000e+03 5.950367528745853507e-01 3.871556359455363694e-01 3.776905405279237238e-01 4.105129272841588906e-01 4.264960515797876495e-01 5.625272592941740202e-01 4.612346363871338562e-01 5.477375065223463180e-01 4.704474565081250836e-01 3.838065135046508369e-01 4.039305333558284028e-01 2.277618440290667678e-01 4.212133916677872070e-01 4.214438354760705052e-01 1.438708111688484781e-01 7.399504881492220687e-02 3.476573266551321040e-01 5.150555894693223946e-01 5.325766483997236289e-01 3.875871162686373439e-01
5.777000000000000000e+03 6.055728135346768459e-01 4.233976325116073913e-01 4.341703561853400006e-01 4.247418413873207954e-01 3.754623174831284160e-01 4.895652058781168603e-01 4.879616048247012450e-01 5.680971133009588003e-01 4.321119136307548514e-01 3.667741909569368075e-01 4.641289111391098121e-01 4.080693622721895952e-01 5.127529538484019156e-01 4.134743024858024696e-01 2.727476234019251544e-01 1.390142578272473561e-01 1.613158714093066715e-01 3.181298385854525179e-01 3.914464901512065831e-01 4.575829236007976086e-01
5.778000000000000000e+03 6.753177240817382909e-01 4.527523012943240333e-01 4.439958142398747754e-01 3.804367300882641745e-01 3.752317307050421213e-01 5.346936488634042028e-01 4.792791267178309056e-01 4.772588547426990790e-01 4.976194133558961008e-01 2.980371375116475652e-01 4.834864603660261606e-01 4.953803110206221882e-01 4.109283640641431812e-01 3.612013389405068775e-01 1.543663160075141594e-01 8.058796826071443209e-02 3.496754029889757587e-01 3.652617452686751642e-01 4.368852426464774341e-01 3.615892838678306243e-01
5.781000000000000000e+03 6.785206762083801912e-01 4.255005211502206341e-01 4.346895770699465977e-01 4.102569565006217167e-01 3.347663042943799239e-01 5.195226306664678662e-01 3.836651396031073302e-01 5.322968237963331406e-01 5.262753561352022658e-01 3.533144845468609851e-01 4.006283541339634158e-01 2.020770326521118820e-01 1.849707566766394529e-01 4.202422434325733813e-01 4.005347679030797359e-01 4.231376701993246892e-01 3.535093645438530663e-01 2.287461214125484366e-01 4.212718409472752112e-01 5.428292972797443827e-01
5.782000000000000000e+03 6.916289380360006733e-01 4.631252451565973094e-01 4.391376969246387207e-01 3.478957368264077865e-01 4.020866932184676279e-01 4.449984035866538234e-01 4.488432569045529008e-01 5.985081338914398641e-01 4.964843017636825229e-01 2.546973738307055091e-01 2.576962349104391925e-01 1.230591105019506054e-01 3.920547904566685782e-01 4.551886161069982339e-01 4.264000595045017161e-01 2.856729656839890885e-01 2.365312747152514827e-01 3.698156297685541438e-01 4.875871768586575450e-01 5.194200270475101133e-01
5.784000000000000000e+03 7.702352390568326657e-01 4.196576244376703513e-01 4.622815279218230322e-01 3.877701258690801067e-01 4.118244311933723090e-01 6.229175607583032903e-01 5.146160365830696470e-01 4.838450618260364267e-01 3.292834255907667318e-01 2.658742078500531125e-01 3.563704004068282138e-01 3.367054276759735010e-01 4.124148610163049233e-01 3.246176554058147756e-01 1.333448988877561914e-01 2.863058357223349781e-01 4.098155999435453278e-01 3.792176508130821744e-01 4.271201870771052511e-01 4.410367742410448155e-01
6.000000000000000000e+03 4.277916485919038836e-01 4.384580407938771240e-01 4.519376864458580778e-01 3.938139429574654127e-01 3.453591294082690166e-01 5.988381542179117556e-01 4.807927759726211003e-01 6.156275978912614244e-01 5.477458034631661477e-01 3.079425869696422180e-01 3.800805617959212568e-01 2.798038864333741160e-01 4.027110302121554852e-01 3.341725522044843855e-01 3.114588023148339158e-01 2.792760554916748350e-01 3.524622581150276268e-01 3.461002138168460807e-01 3.425516676175029418e-01 5.083707049931760480e-01
6.001000000000000000e+03 6.728977170566770027e-01 4.536294014512878281e-01 3.956851702831444273e-01 3.326598895897658892e-01 4.230544468622634557e-01 5.000640417588902986e-01 5.135880005959840844e-01 5.901603089362641441e-01 4.284546267496383010e-01 3.239113551957599757e-01 3.438105927564403252e-01 3.626295058427665974e-01 3.231772630690456505e-01 3.876849405358807621e-01 2.943597346568296302e-01 2.983175933923746248e-01 3.703516457693787900e-01 3.111760657061668489e-01 4.725298744300927001e-01 3.695821532447706725e-01
6.017000000000000000e+03 6.637257523553603544e-01 6.260520313803857873e-01 3.577338477020316487e-01 3.353641919866742205e-01 3.569220959404921234e-01 5.277076625452598035e-01 4.140420872111762463e-01 5.956927516866878936e-01 4.817571391550584670e-01 2.368802525503055645e-01 4.536692100187181831e-01 4.079084054158702011e-01 4.255927081050254746e-01 4.347420365562046363e-01 1.164242793227505401e-01 1.325535552514928439e-01 2.954366120340153890e-01 2.853435921427828759e-01 3.408122180320680150e-01 6.427084664083784205e-01
6.092000000000000000e+03 6.985460515963282102e-01 4.446699180319426681e-01 3.715395877284897175e-01 4.356282825900638644e-01 3.587390962509223180e-01 5.193378695502146591e-01 4.063655067332181958e-01 5.728176770032212817e-01 4.808450143536177612e-01 3.208876533003899856e-01 5.402767571830198179e-01 2.662543928898155610e-01 3.483806414125065198e-01 2.702875097446987285e-01 2.869642713675877865e-01 3.259064894562715420e-01 5.509597104476269269e-01 2.171280199690470147e-01 3.701144387619050846e-01 3.502529316446770791e-01
6.151000000000000000e+03 5.859533518857923395e-01 3.480961303950805275e-01 4.655927141675691994e-01 4.566583685557428218e-01 4.934047010077161621e-01 4.476192867945248954e-01 4.462252626793262733e-01 5.379737760753406928e-01 4.927952916192396282e-01 2.694110767172445686e-01 3.731667749205249685e-01 2.613938235917465103e-01 5.109941288647336100e-01 3.915269779413613760e-01 3.188069147443335360e-01 3.223622012379184221e-01 3.530897026129451444e-01 2.746648985127422837e-01 2.905168901385129510e-01 4.473501501951380743e-01
6.178000000000000000e+03 4.446552541311899476e-01 3.521553882923230683e-01 4.063147935491354112e-01 4.360633949031730294e-01 4.053739886642673818e-01 6.142441510621882150e-01 4.864570938208357398e-01 5.686044889294733506e-01 5.412682964519714979e-01 3.629386941118178944e-01 3.800373704713799761e-01 3.261611993173536561e-01 3.588469857970666976e-01 3.836584410691700198e-01 2.902348954784159107e-01 2.561560394367866089e-01 3.142863967719963236e-01 3.063799090031782413e-01 3.472022628675837108e-01 5.877787165649558387e-01
6.427000000000000000e+03 4.340981124423392568e-01 3.250526562397540453e-01 5.598454426323064004e-01 4.295103620515637322e-01 3.897992340032301883e-01 5.998875688002779372e-01 4.627663679824836618e-01 6.271467549512688144e-01 4.657175464281373967e-01 3.025282659794023554e-01 3.865342614625331685e-01 3.991275441849028716e-01 4.794083740682308359e-01 4.704871161960028636e-01 2.540685056455961877e-01 1.235409361025338187e-01 3.681056407681008169e-01 2.823782399203756954e-01 3.655191611133097873e-01 3.944672525912288341e-01
6.463000000000000000e+03 6.253651821537643540e-01 3.955971521871906038e-01 4.634160285640827603e-01 4.827585456873854652e-01 4.460658624061183963e-01 4.790500927938352027e-01 3.703661976568630165e-01 5.439462101493369728e-01 4.029315444561133441e-01 3.382420652552211582e-01 3.979530579403730561e-01 2.825218516742210584e-01 2.631936141233627291e-01 2.927376699270421434e-01 3.320379921179577032e-01 3.296695035470216251e-01 3.129863383972965041e-01 4.300435770164910965e-01 4.624465081655645959e-01 4.258209564159041172e-01
7.719000000000000000e+03 5.774633111876606995e-01 3.580070024168953702e-01 3.365619561395988835e-01 4.833390039241549085e-01 3.883884244000457842e-01 5.501258260111066001e-01 4.584176525444655925e-01 6.368221374165888848e-01 4.832058058483991170e-01 3.532827336453794875e-01 3.118268628958529853e-01 2.237181385451690596e-01 3.404961273867755378e-01 6.602751503904633612e-01 2.356344064762729562e-01 2.150359404587146306e-01 3.441383687237332123e-01 3.579076003886575985e-01 3.911696961253949278e-01 4.482209642170011388e-01
8.123000000000000000e+03 6.630191894700924182e-01 3.895225025721752443e-01 3.901498533197839125e-01 4.038035218978369700e-01 4.911704978093481833e-01 6.595915341325652159e-01 4.057520699535495101e-01 5.106166800627032210e-01 4.653423500571561289e-01 2.392652538448136468e-01 4.463448065708167101e-01 3.186313679583689940e-01 2.082613762718598105e-01 3.884461433300309685e-01 3.874004744756850971e-01 3.537766414867127285e-01 4.588954372657023661e-01 2.777366299496196733e-01 2.322333014478852320e-01 4.850764659452483918e-01
8.124000000000000000e+03 6.367484739729249998e-01 4.144496635554884012e-01 4.283551655719230467e-01 5.060534628738184715e-01 4.799434232388429256e-01 4.605560387643050091e-01 4.141012654993718178e-01 5.227226562103171048e-01 3.928129134511607057e-01 2.874888753251969575e-01 3.864433319494065544e-01 1.576802945152887547e-01 3.798000979687043421e-01 4.644112876948021107e-01 3.778906902149967717e-01 4.282601725766223000e-01 3.004488458526476946e-01 2.132685861691393236e-01 4.558154149437627645e-01 4.019477738764313801e-01
8.416000000000000000e+03 7.531191069412207506e-01 4.771241885167502028e-01 4.845053000210104432e-01 3.481520011192081876e-01 2.889960265325036137e-01 5.321147201807795435e-01 4.028439249525339050e-01 4.856562783331636601e-01 4.719091190380924616e-01 3.821170474952952367e-01 3.243883387210470537e-01 2.366396779713438592e-01 3.507545969480441728e-01 5.486719725394219038e-01 3.366619989254732714e-01 3.349894872001446533e-01 3.115922584472615720e-01 2.351800693585394120e-01 4.643450627854039392e-01 4.149538747719490051e-01
8.417000000000000000e+03 7.710775288143459916e-01 5.194133850804484309e-01 3.824839721874732645e-01 3.067963864419985254e-01 4.156496578541419851e-01 4.750310625733150105e-01 3.990509090670248393e-01 5.436522952375139051e-01 5.285417058473192986e-01 2.499033174058960527e-01 2.946956639939565803e-01 2.990798607298537637e-01 5.187825932379523941e-01 4.025527013138071042e-01 3.430656258111342560e-01 2.431254894907232678e-01 2.464255899039307363e-01 4.130598822204453180e-01 3.776903756572816961e-01 3.882876995792882702e-01
8.669000000000000000e+03 7.025399176285693770e-01 4.125901102559535460e-01 4.422350957095270707e-01 3.278935630041251992e-01 3.423326083425490274e-01 5.019870870309963706e-01 4.917186177348402687e-01 6.321266409896117988e-01 5.393949136617273155e-01 2.474981842700262336e-01 4.656496485353971981e-01 2.774508666791705158e-01 2.939819155381974136e-01 3.968674531989737631e-01 2.228611612863216074e-01 2.214029522556695828e-01 3.398299259569536601e-01 2.913808131078442498e-01 4.421087420402629031e-01 5.901781889069077636e-01
8.670000000000000000e+03 6.718981315334567883e-01 4.691217184216705527e-01 3.538129046079101503e-01 3.542384002799422449e-01 3.903792779692389914e-01 5.520180802862358904e-01 5.753124013325077168e-01 6.117898274992229490e-01 4.028269403959242045e-01 2.937065133532814620e-01 3.475393112929411332e-01 2.521813954283107506e-01 3.904343851491566264e-01 3.096913010293625979e-01 2.396067187795864473e-01 2.903408979723263172e-01 3.171074913858839550e-01 4.084604587071325454e-01 5.579145639085263397e-01 4.009445424774379374e-01
8.874000000000000000e+03 6.094384227420889255e-01 4.201169488288274412e-01 4.517169655480674506e-01 4.458539156897262101e-01 4.273398860871488458e-01 5.279375470084003430e-01 3.635423482017848262e-01 4.821583457664125882e-01 4.577111010714575157e-01 3.741142605815654942e-01 5.084593388829611316e-01 5.157671913983797873e-01 2.094101629791500219e-01 5.153705550152050119e-01 3.229939871053421618e-01 7.682024565157738460e-02 1.481796514122509234e-01 6.726415717941015837e-02 3.955227549643450802e-01 8.558592620127372097e-01
9.170000000000000000e+03 5.396398506187461974e-01 2.920005458435763201e-01 3.462324099933564159e-01 4.681021767018788693e-01 4.446259671915835376e-01 5.414176772196077625e-01 4.806451930590115995e-01 6.365427751725389882e-01 4.908331156195133160e-01 3.844858196892419477e-01 4.483085446947972508e-01 3.504155751476779601e-01 3.716092402904369041e-01 3.989454134690590403e-01 3.531610892970845628e-01 2.481191540754943692e-01 3.700179874877163044e-01 2.696500692033940161e-01 3.593806574566258405e-01 3.711530969369530863e-01
9.601000000000000000e+03 5.565876079348862637e-01 3.577016357198125607e-01 4.694767134443288414e-01 4.380029405596008174e-01 4.212784349914167059e-01 5.500105421382616155e-01 4.126501792961195236e-01 5.917689073563232594e-01 4.807694382738409433e-01 3.052004014720791081e-01 2.489484991506127898e-01 2.219381277565551647e-01 4.239951462035912444e-01 6.105979619153398819e-01 2.777684245163411503e-01 2.272255236581465221e-01 2.864615804024029377e-01 2.257759931455458891e-01 4.223529813119285548e-01 6.188840668013259050e-01
9.745000000000000000e+03 4.900637606101948540e-01 3.693318769347006536e-01 4.035415722169237718e-01 3.933186936322335403e-01 4.320055642994989897e-01 6.210684712411341790e-01 5.353962071572586634e-01 6.611155111044195731e-01 4.547024702703836296e-01 2.874027206535532675e-01 3.132006324213106874e-01 2.501029923555953549e-01 2.632414164481903240e-01 3.286843674534851711e-01 3.726317803411089424e-01 2.757633044049101478e-01 4.237572902016056853e-01 3.173546915711645267e-01 4.506546593122934818e-01 5.511735107486009921e-01
9.811000000000000000e+03 6.092156207126205869e-01 4.005728425916758595e-01 4.167639735166813186e-01 3.933587343496138256e-01 3.745467889765033420e-01 5.697302527968080010e-01 4.964457932947497487e-01 5.899211549266236698e-01 4.707099620555462716e-01 3.202892352999941461e-01 3.043998124719579645e-01 3.069875062668171450e-01 4.426222839346409810e-01 3.657239915604197367e-01 2.244711577881523812e-01 2.707004752997794195e-01 2.970517749623537984e-01 3.634924616055962288e-01 5.542374562719775133e-01 3.898020943813859107e-01
9.812000000000000000e+03 6.396885397190497091e-01 4.321056374759455476e-01 4.088027412941395156e-01 3.762637644048592578e-01 4.189535977697833591e-01 5.379634737717928772e-01 5.021967717403595932e-01 5.178754560728584533e-01 4.537058047618610646e-01 3.378642305801596302e-01 3.710729060897964837e-01 4.057993712169528089e-01 3.540418342544139896e-01 3.061313033151609742e-01 2.858311355540817389e-01 2.341224110215807397e-01 3.894177173656263036e-01 5.040688176473364646e-01 3.627438345818272403e-01 2.814412804124386547e-01
9.985000000000000000e+03 5.938578273099044402e-01 3.909096588954336648e-01 3.961080402687282565e-01 3.962296496277579183e-01 3.734563550759891215e-01 5.892000210930007364e-01 4.812487814261119379e-01 5.481542086610838860e-01 5.048101924625953973e-01 3.688636665701426898e-01 5.606887445647398271e-01 2.902043914422285376e-01 9.604752286507139969e-02 2.658642298132614101e-01 3.550450669380763591e-01 5.310094963860589878e-01 3.672283065080274023e-01 2.948184737682000289e-01 3.373964725541218068e-01 4.676711528824133435e-01
9.986000000000000000e+03 6.224202390739635993e-01 4.085044850823639218e-01 4.087254772951182669e-01 3.721885045448793394e-01 4.274812501657710984e-01 5.177061609513818885e-01 4.434847040119722084e-01 5.536264526650438444e-01 4.927111362095591973e-01 3.572302049206202423e-01 3.345025907338103899e-01 2.902752280704294641e-02 2.428284092330749433e-01 4.050832402349178740e-01 5.225592651489106011e-01 2.927461258870751593e-01 2.986819938931143947e-01 2.901807120833349574e-01 4.115668433478731347e-01 7.608294149271617179e-01
9.987000000000000000e+03 6.528211937421903865e-01 4.257726562696538264e-01 3.889685860729674705e-01 4.328375285962509644e-01 3.901678774045278519e-01 4.870590809508736907e-01 4.580550670484473952e-01 5.454383666153385102e-01 4.876235196216870404e-01 3.310512299002519865e-01 9.083871901968988694e-02 1.779945858816331106e-01 3.709100380516128226e-01 5.558466649047409947e-01 2.868348144796604715e-01 2.178850687506208028e-01 2.946972713010359568e-01 3.548354884626782058e-01 6.711849477783200513e-01 5.153941068839678064e-01
9.988000000000000000e+03 6.817295261935755191e-01 4.099569755637229029e-01 4.545580988875881912e-01 3.979796747096974729e-01 3.759708386068098540e-01 5.081675151275001356e-01 4.537488185039944000e-01 5.444009059010161966e-01 4.690574911385327339e-01 3.151855383157441959e-01 2.246619671730562540e-01 2.987280442365400357e-01 4.968440893885375798e-01 3.367925624486645675e-01 2.046764165358381793e-01 2.059391869944795228e-01 3.520357701727216404e-01 5.653070931211016115e-01 4.441603030576130040e-01 3.503181262229220772e-01
1.058200000000000000e+04 5.652152165466807210e-01 3.316916076508597544e-01 4.268706279813231919e-01 4.288105652448768734e-01 3.765679089871189489e-01 5.173888508594007840e-01 5.465456920616510450e-01 6.271851735995823685e-01 5.231701676556278491e-01 2.898563447209142607e-01 2.632341314428043311e-01 2.761458949326974222e-01 3.546578815454971001e-01 4.448628563945558612e-01 3.266808923881474591e-01 1.971780377176441945e-01 2.712568804971910441e-01 2.966999793473070191e-01 5.462306277735170523e-01 5.759539396100860076e-01
1.093600000000000000e+04 7.230023656703815638e-01 4.341735065049356912e-01 4.768417773089226319e-01 4.308360918011306939e-01 2.943865491945312773e-01 4.453149743184452447e-01 4.165816702778713521e-01 5.631816115730562400e-01 4.798179837991327634e-01 3.305254271105746433e-01 4.030022069877159385e-01 2.362838343414577214e-01 3.517255789274703059e-01 3.255360204122725309e-01 2.637602041702599709e-01 2.861512731512101948e-01 4.872732389171119394e-01 2.825739289118423536e-01 3.876939634110017074e-01 5.067827212454044661e-01
1.095700000000000000e+04 4.572725125478336872e-01 3.285620084938760677e-01 4.067273129466267290e-01 4.349981782353836146e-01 4.388737107680625305e-01 5.565969700941728604e-01 5.009324230216325446e-01 6.322228970403008796e-01 4.978589808200833411e-01 3.572863492740668279e-01 2.011843625332659369e-01 1.591557815054693015e-01 4.398784810586740535e-01 6.859731095898270459e-01 2.649487475779929713e-01 3.422879338061586285e-01 3.873623024502517720e-01 2.965795929648453177e-01 4.435671843916361712e-01 3.096928415977153182e-01
1.161100000000000000e+04 5.824260193741612746e-01 3.861387733288285107e-01 3.172263190170108160e-01 3.623529010058021416e-01 4.338157545141750893e-01 5.288148292964413022e-01 5.354581768317693280e-01 5.955918213690765128e-01 5.507977480502326273e-01 3.508208002151729232e-01 5.081047975988780552e-01 3.234258845932631021e-01 2.132811870261798193e-01 3.596697286928721704e-01 5.071580593895320677e-01 2.683927596010415861e-01 2.224397606806315930e-01 1.607176262889842833e-01 3.263038089647953832e-01 7.210858794310865960e-01
1.161200000000000000e+04 6.173671354534834288e-01 3.308630434185952374e-01 3.753570370483910179e-01 4.358459200407844292e-01 3.932289228629771149e-01 5.743564886893613997e-01 5.064331901021437154e-01 6.081795687543771756e-01 4.781812751003307049e-01 3.348750931288313470e-01 3.774393818806731637e-01 1.547312633794397652e-01 3.392717714722608968e-01 5.582082597011510661e-01 2.735549733786741822e-01 1.406433160156930484e-01 1.679291433358524877e-01 2.894571966666036333e-01 6.545163626094462339e-01 5.969431199332136950e-01
1.161300000000000000e+04 5.473657713201434127e-01 3.928755717696381100e-01 4.541040300784554562e-01 3.977058572021285321e-01 4.236484128679356420e-01 5.514888501096933959e-01 5.291323444031098555e-01 5.291233073228560624e-01 4.686280016491399247e-01 3.219299119776420914e-01 2.157829555998783400e-01 2.874069148535035589e-01 5.282732512885003340e-01 3.446701709234623601e-01 1.436081330316888727e-01 7.928566128619495001e-02 3.035736194037710334e-01 5.827522629138550680e-01 5.438207720672242340e-01 4.423586069039508462e-01
1.184500000000000000e+04 5.479034904046621302e-01 3.310033169759333815e-01 3.409057464607456178e-01 4.432221269251517271e-01 3.776717877624861663e-01 5.383288297004609202e-01 5.067431475383975537e-01 6.411677650301570441e-01 5.657885000292848243e-01 3.451426159845614183e-01 1.790045636600322565e-01 1.291980068599787590e-01 2.908957928508431046e-01 5.313632117015534284e-01 4.274808147629358124e-01 4.163984842243061424e-01 4.950152622453889428e-01 2.563764690218623965e-01 2.008768272425772439e-01 6.495780731518820961e-01
1.226500000000000000e+04 6.328346182428459255e-01 4.145345828842947333e-01 4.125035473672208908e-01 3.835455076202657909e-01 4.041781985831230939e-01 5.588992309494211774e-01 5.296822013714631572e-01 6.010399803698899257e-01 4.406133167994991107e-01 2.666096088209869985e-01 3.824381349440350575e-01 2.839777647249768777e-01 3.456975714345493222e-01 4.196812816095232823e-01 2.911164886144984587e-01 1.911779366201221686e-01 2.417057396997717433e-01 2.927357954527223249e-01 5.555677103215653778e-01 5.442595381073084271e-01
