1.178000000000000000e+03 6.396244253882565900e-01 4.339597869282283971e-01 4.396231095358125729e-01 5.299796631420656823e-01 4.449233776070274371e-01 4.355409586022124802e-01 3.831240508005704370e-01 5.765884091610492534e-01 4.885527181425441956e-01 1.413905310395965065e-01 1.352299803794397848e-01 2.987366416739006270e-01 3.070979847178630373e-01 3.948961984163917305e-01 3.343444939305730834e-01 3.406300499522139091e-01 3.860643854215713433e-01 3.865395095462261232e-01 4.273982590948603444e-01 5.313855949405322798e-01
3.943000000000000000e+03 7.830817090041533035e-01 4.397666554227106506e-01 4.965124974454139806e-01 4.091350484950237454e-01 4.307109707644944385e-01 5.400226022984812024e-01 4.340182413101366099e-01 4.087822704635175608e-01 3.765435088296891220e-01 2.808883460137424071e-01 4.256503629860676208e-01 1.852659671043128120e-01 1.835368946339468454e-01 4.414785974730709439e-01 2.473962290918471918e-01 4.670481641042344423e-01 4.986795252002391710e-01 3.213147203164867238e-01 1.825266357451136301e-01 5.974182919067131392e-01
4.281000000000000000e+03 6.125176349543629550e-01 4.567412097242317115e-01 5.101036124033472285e-01 6.037004318294291183e-01 4.002412611037376999e-01 4.988536937714941333e-01 4.124579678881657996e-01 4.871503528479363965e-01 4.472030981895468438e-01 8.172061851058043391e-02 5.623458514882774262e-01 3.553999110726048238e-01 2.505932778503962011e-01 3.547603443896817366e-01 1.984929944691920800e-01 1.177374955286801111e-01 5.500447690300592773e-01 3.607631067246228063e-01 2.998982636908161248e-01 4.506608443749109405e-01
4.282000000000000000e+03 7.422876052269195002e-01 5.442903145262422138e-01 6.418386137242000355e-01 4.216061251506090790e-01 3.955514428614484990e-01 4.836630073511696271e-01 3.998816235228118132e-01 5.141813789607125873e-01 2.665201239409378253e-01 1.294106307872367190e-01 4.500294270024558507e-01 2.209854998845207641e-01 3.692236370545328716e-01 3.030542182619891944e-01 1.425772185191851171e-01 5.756517836479205785e-01 4.143312814277492762e-01 2.923915053747900283e-01 4.495808810087653651e-01 3.070876268916424290e-01
4.638000000000000000e+03 7.095410405317578162e-01 5.313644917961377612e-01 4.997716015701008652e-01 4.904068264210355577e-01 3.256636684536758919e-01 5.249970846457543416e-01 2.795732766265160429e-01 4.629285009514444438e-01 4.708945908111543677e-01 2.328829264522017384e-01 3.859535440405867379e-01 5.580695288158558087e-01 3.043605955616489056e-01 3.553500245219834985e-01 2.671998877862796773e-01 3.039812467866219725e-01 4.300119516105622153e-01 3.007190888675951856e-01 3.145690968958728129e-01 3.093123204939363102e-01
5.232000000000000000e+03 7.169702155603581151e-01 5.481722736878796853e-01 4.978429159498597434e-01 4.895725123496895703e-01 4.009383187997743181e-01 4.619443963161404820e-01 4.691288616096640496e-01 3.788746145259330733e-01 3.790004880945146981e-01 2.017172364229642967e-01 3.987407571064428558e-01 5.092516119432773936e-01 4.042345889330818398e-01 3.541483006329889660e-01 2.602671982334811562e-01 1.182746708924653362e-01 1.551326640974628746e-01 4.807882703644612010e-01 4.239446986551913543e-01 4.109412360121897922e-01
6.645000000000000000e+03 7.902843245930475380e-01 4.966679217462280915e-01 4.933767310668960016e-01 4.523466614645372252e-01 4.394163889027458691e-01 5.504463304890829800e-01 4.980453586226589180e-01 4.370920018963750375e-01 3.002871176518508989e-01 1.440752942611374654e-01 4.603967997878650187e-01 3.150334733227494466e-01 3.446120721685714261e-01 3.512294759073334993e-01 7.917521483792043513e-02 2.861802923203600191e-01 4.484563257425535077e-01 3.711506127016612755e-01 4.423427937411990030e-01 3.995044394420543266e-01
6.646000000000000000e+03 8.057945283646216206e-01 5.341460248859438709e-01 4.943919153291644886e-01 4.687312692334431041e-01 4.319307951337527651e-01 5.810711184375509930e-01 3.456589399191226097e-01 3.520631232899112950e-01 3.277212788746245997e-01 2.185509621958319493e-01 3.962353816341351864e-01 3.178844287946958058e-01 3.555847197558768547e-01 1.772340826470783781e-01 3.204646670739157432e-01 4.337950563668533377e-01 4.150597878051086598e-01 4.199410428684950958e-01 3.880752555119728608e-01 2.909442549933268229e-01
8.037000000000000000e+03 8.001058100228745085e-01 5.099257754365063011e-01 4.219066653280122425e-01 4.270663567481586820e-01 4.329287241116515639e-01 5.160274495217106461e-01 2.933969502744939173e-01 4.695270082466140860e-01 4.402409011119275406e-01 2.381765471397649103e-01 4.046255458880768097e-01 3.085713938125336786e-01 4.305373223979325203e-01 3.235725434941904566e-01 1.046951755226385450e-01 2.631525954127263422e-01 5.117747069319712461e-01 3.729481592743938978e-01 4.126891513047759585e-01 3.558627209115967638e-01
8.126000000000000000e+03 7.124099073909148094e-01 5.487142466397407770e-01 5.127965343972558099e-01 3.661695341345108656e-01 3.613050486179726350e-01 4.724127151051161766e-01 3.090417813751529796e-01 4.777899124271128839e-01 5.336343275368664596e-01 2.327815309247413811e-01 3.619650888882108841e-01 3.648707590054363070e-01 3.924510129069693209e-01 4.680370602726558471e-01 2.157914567399600581e-01 1.281712581901892634e-01 4.009945664876909399e-01 3.071484041561846623e-01 4.549140448471442610e-01 4.231683932208135102e-01
