8.300000000000000000e+02 5.474981787732919880e-01 3.707569447510210003e-01 4.168822752504545148e-01 4.279192106080003111e-01 4.165227133855649577e-01 6.704324399851760985e-01 4.000110520023640870e-01 4.977284621829831668e-01 4.908524576767261949e-01 3.812909860015594177e-01 4.764383856029825171e-01 2.623085980505618919e-01 4.170327222185935545e-01 2.152123575728265570e-01 2.221590192285275989e-01 3.973555455135571179e-01 6.330901172638145891e-01 2.833350949448265044e-01 3.423258105662032036e-01 2.511595544234503374e-01
1.177000000000000000e+03 6.693305846533287307e-01 3.780451532494852884e-01 3.960621866394139490e-01 4.014632492671689756e-01 5.012324216879863181e-01 5.774947369214126214e-01 3.592840386505412598e-01 4.697594854109660711e-01 4.972498832780845035e-01 3.325901069244726616e-01 3.510594363129836970e-01 7.638502693498727680e-02 3.618740598800584962e-01 3.352504448297342066e-01 3.423327919616134807e-01 3.402829508864686492e-01 4.094599658234485129e-01 3.799965014593497115e-01 4.481693799736619077e-01 4.843016791543450217e-01
3.830000000000000000e+03 7.543792709256279538e-01 4.943317348083600682e-01 4.553082590255280171e-01 4.313681984738789721e-01 3.928055206096212615e-01 7.943088927062065263e-01 2.361076099850585308e-01 3.889842996665685559e-01 3.804380297125254939e-01 2.859068918164995310e-01 3.135098198359781430e-01 1.251456669002320166e-01 4.402915678972423308e-01 3.713517639968596518e-01 3.150406059092695776e-01 4.033898109983642399e-01 4.869608645860785678e-01 2.130669852625477478e-01 4.726119645854509055e-01 3.988194780286022367e-01
4.271000000000000000e+03 5.726471613783091774e-01 5.007477215112092761e-01 4.203781439112478924e-01 3.833782027098410761e-01 4.569640476546472097e-01 6.051420799573892229e-01 3.144487411574472535e-01 5.658125055322348329e-01 4.426555852713646155e-01 2.993917158563941250e-01 2.997177037734870542e-01 3.538872645153732788e-01 2.846039485432521055e-01 1.543792206988371107e-01 7.204491230255524181e-01 3.838760836823464917e-01 4.271664727527734184e-01 4.321196324359882768e-01 3.016192058517278562e-01 1.856886272514172431e-01
6.116000000000000000e+03 5.626628587665125636e-01 4.143055688103240430e-01 4.057009171656778546e-01 4.657278783817360157e-01 4.668984792159120434e-01 6.136745739800584243e-01 3.928061066063767703e-01 5.139617405521386129e-01 4.302974518867107578e-01 3.162786598468409482e-01 3.690971476608280732e-01 2.375888136464230915e-01 3.007054938895649121e-01 3.929681991342912073e-01 2.788319894541568256e-01 2.954881025666595828e-01 4.547728423473653137e-01 3.213860294484094937e-01 4.054987759119018653e-01 4.744696586087997492e-01
6.150000000000000000e+03 5.417571515558096129e-01 3.605858079157371332e-01 3.319515744155887571e-01 4.485914062793373014e-01 4.514545314252725872e-01 6.961529756420942183e-01 4.062514865102470618e-01 5.457798735050777283e-01 4.873997300056587823e-01 3.644896904391161097e-01 3.696582219014299953e-01 3.189644416328579757e-01 3.155906379924700023e-01 5.419333675429454100e-01 3.259036962990686237e-01 3.125286795696178288e-01 3.820310254520377091e-01 3.378799466984051536e-01 3.096095148925174234e-01 3.200446969914636508e-01
6.520000000000000000e+03 6.220941660166572351e-01 4.161529072914708638e-01 4.385778138231350987e-01 4.367172693536896522e-01 4.219859307095076839e-01 6.374849143183740630e-01 3.984311804266834067e-01 4.539694902287217393e-01 4.565948020530378737e-01 3.212432488242528694e-01 4.854782814942449898e-01 3.593916926835612480e-01 3.540143892558467731e-01 2.861157403600477767e-01 3.569195948455578526e-01 3.555237194151545932e-01 4.179834620345084240e-01 3.574564214695605258e-01 3.207054967340723928e-01 2.269515921512794132e-01
9.747000000000000000e+03 6.524389107149553002e-01 4.151197996524452205e-01 4.429834928112915127e-01 4.445380400427853540e-01 4.148808769059317836e-01 6.222005628062178273e-01 3.708636757710808696e-01 4.539604387975905153e-01 4.569299225789866248e-01 3.214097061525862387e-01 2.624302445028662278e-01 2.523857311099921286e-01 4.056692197126176569e-01 3.467856571815651212e-01 3.727560097348993629e-01 2.613151717846971533e-01 4.137351282887459236e-01 4.395446853349891936e-01 3.903026531847659242e-01 3.695497786935368900e-01
1.039000000000000000e+04 5.813709478098021410e-01 3.597191217905588156e-01 3.852434902203670242e-01 3.614612560810013253e-01 4.443318608932830260e-01 7.119103868187350859e-01 4.001640759707775219e-01 5.421781917697264808e-01 5.138729108220934094e-01 3.482670378302782366e-01 3.681174472989219293e-01 2.960362139158215777e-01 3.663107027035127361e-01 3.238309471320560129e-01 4.213725768022549278e-01 3.294409918130486448e-01 4.326353480147892561e-01 3.752676112569068856e-01 3.166179486041561519e-01 2.971591344121072842e-01
1.169300000000000000e+04 6.672765552601815919e-01 4.088470311064554275e-01 4.316700189865822490e-01 4.712012020901698017e-01 4.769977105629589209e-01 6.711043046056569539e-01 2.483318054035286992e-01 4.423809460032508967e-01 4.583883731814269447e-01 2.821873091743037354e-01 5.410124433707602654e-01 4.097646867378214597e-01 3.126936096982588786e-01 1.818725775184080740e-01 1.670957803762874172e-01 4.961888293023207774e-01 5.186918036933901854e-01 4.263702899621389930e-01 2.218407747245922934e-01 2.197032700279362705e-01
