4.430000000000000000e+02 3.626889859317596887e-01 2.323958099506288066e-01 2.275846681535348137e-01 3.269261726257406964e-01 2.173059172675566031e-01 5.399098513368204566e-01 6.566609771336985313e-01 7.877535470246797011e-01 7.458019673478408773e-01 6.622664586268208753e-01 4.819514070361443081e-01 2.643082245335364733e-01 3.706890165508925916e-01 2.308320430935822398e-01 2.405128304990124255e-01 4.968796098885660539e-01 4.793181396370265190e-01 2.721673371625841775e-01 4.388413160096891752e-01 2.460292189622020620e-01
8.140000000000000000e+02 3.043425439148079170e-01 1.434734788099253644e-01 1.662014202883830283e-01 3.438214886998987030e-01 3.628237537340823771e-01 4.492070637012975931e-01 6.661139036132458502e-01 7.824576050236016211e-01 8.217314343671031640e-01 6.703549950436172855e-01 2.674321364183590566e-01 1.228672415090505815e-01 2.949669803906895260e-01 4.901886043713616914e-01 2.664716927621838538e-01 8.117891203266211497e-02 1.000000000000000000e+00 1.999635543729909593e-01 3.243495666021836699e-01 4.434969034596579207e-01
1.254000000000000000e+03 4.547343565302522927e-01 2.002419280462523488e-01 2.571360788652392038e-01 1.288533706637887133e-01 2.456459556408308320e-01 3.271459729209548195e-01 6.554162566013197466e-01 9.266847616244365815e-01 8.239702608400774064e-01 7.289746117942588199e-01 3.698912671100109684e-01 3.514780847355589710e-01 3.024713114508228995e-01 3.579410199486777189e-01 2.640627321638153724e-01 3.128570117867828793e-01 4.171935367757049762e-01 3.346083860122768261e-01 3.062790168714252803e-01 5.210020554952589089e-01
3.866000000000000000e+03 3.981381114501965635e-01 3.135769067384323594e-01 2.380449777545426138e-01 2.900711037851100849e-01 1.434740612347094879e-01 4.947843468671745959e-01 5.854384823407948746e-01 7.816661908474094034e-01 7.677772199250701979e-01 7.290423181407391651e-01 3.887892528019069593e-01 2.097783195839047488e-01 5.322544302929983484e-01 3.275153899660835921e-01 3.264758181978280605e-01 3.642664126747594544e-01 2.720027276199550870e-01 2.944110613549241751e-01 4.047508908750011014e-01 4.240162920179830208e-01
4.002000000000000000e+03 3.777166944360281775e-01 2.102579224229368660e-01 1.615045882613140305e-01 3.466664272474151987e-01 2.565171826195944971e-01 3.938160501733111718e-01 6.709749028094574852e-01 8.800141193294563902e-01 7.856912831873821279e-01 6.444454161572347184e-01 2.540117192285415992e-01 3.228881115907962229e-01 2.755957821222537185e-01 2.654987929292212390e-01 5.982869498995695423e-01 2.703475228191052349e-01 4.292331053266932317e-01 4.230876296062045516e-01 3.502991481436191767e-01 3.505511931825638916e-01
4.032000000000000000e+03 4.184344335284445049e-01 2.568398598707867797e-01 2.318604002043983259e-01 2.265890988153360375e-01 2.483148689539489973e-01 3.586778542262065161e-01 5.852186698261118147e-01 9.013848681862376422e-01 7.679122238073806672e-01 7.163590058362702129e-01 3.507098180013419331e-01 2.033933018907279067e-01 1.457762055016847691e-01 5.424726926334973998e-01 2.914567581854218270e-01 3.564940181051646784e-01 3.875634271874155989e-01 4.139981529679497285e-01 3.154074320891624428e-01 5.342177900582217864e-01
5.291000000000000000e+03 4.808297181796694075e-01 2.997657994427300188e-01 2.992852065198623457e-01 2.389679693879756261e-01 2.686979088990862352e-01 4.615973803389269436e-01 6.933801196488663665e-01 7.261377585574740889e-01 6.873793868735733614e-01 5.858222866245881288e-01 4.551784142393260901e-01 2.169017179233898307e-01 3.364609642225266928e-01 3.583429468728598910e-01 3.026538399416165981e-01 2.377440672113578790e-01 4.517358415036147323e-01 1.823242656623709212e-01 5.898396905211422681e-01 4.065204730959599000e-01
7.853000000000000000e+03 3.181136429230004281e-01 2.052074624814322623e-01 2.491585532933731917e-01 3.611953867050929357e-01 2.666982353551627383e-01 4.364080149040637235e-01 6.156195779876311169e-01 8.818160592477086723e-01 7.529051078401591823e-01 6.110149884236485418e-01 2.828332613986682120e-01 3.771422476853552586e-01 4.023113093571840104e-01 3.814754160709007413e-01 2.248946372756116252e-01 2.013959152727850810e-01 4.485553762164530833e-01 4.124225252910395101e-01 3.888966154510882789e-01 3.821154529761122687e-01
7.870000000000000000e+03 3.744768574473267275e-01 2.100494789676975171e-01 1.886460563427652393e-01 1.933752842205472278e-01 2.565807176304297221e-01 3.124676803791487378e-01 7.509908579853041832e-01 9.644073350739907902e-01 7.678146374562809795e-01 7.437611009089072356e-01 2.547668214670613107e-01 1.446746221502398511e-01 4.722456249614159773e-01 3.374895907863901257e-01 2.053377721878230922e-01 1.541844055353129572e-01 4.084665005205890820e-01 5.707389543522201070e-01 4.480989441724480549e-01 4.821421452823575482e-01
8.393000000000000000e+03 4.533662961828769378e-01 1.293673236750497724e-01 1.545471752077455796e-01 2.276772482867479852e-01 3.357035052913323603e-01 4.725554817946819308e-01 6.557470556264169970e-01 8.312195821921369854e-01 7.762008633974458727e-01 7.423586120537958299e-01 1.762689899236292990e-01 4.294636932939535634e-01 3.458782482227803490e-01 2.520182341566649109e-01 4.595690865670294945e-01 3.998107446696821943e-01 3.406599368688266738e-01 4.010196873354530678e-01 4.444114167543443683e-01 2.903982494984939655e-01
1.003400000000000000e+04 4.284004341093590740e-01 2.656659632087755574e-01 2.246443861560521449e-01 3.085522885995876097e-01 3.112579891096995399e-01 5.146638007113650826e-01 6.233613661767277714e-01 7.029698342388612797e-01 7.238079860130783860e-01 6.199194889180901225e-01 3.375450010833433989e-01 0.000000000000000000e+00 7.299002181758547370e-02 4.596784879655028133e-01 5.259236444610621009e-01 4.206354322236602328e-01 2.384926642642228867e-01 4.192921142874287965e-01 6.550757581155081111e-01 4.326723604927227296e-01
1.004000000000000000e+04 3.939923460542468781e-01 2.358374832785324060e-01 3.058800727381594808e-01 2.833512471827098755e-01 3.169648745745911600e-01 5.130589237938716352e-01 5.234223907644234286e-01 7.547565208391321390e-01 7.564653626103728934e-01 6.011093361330367424e-01 2.291669210507935317e-01 3.804540261588021388e-01 6.012692313563758884e-01 3.760696374131536346e-01 3.362199366766261965e-01 9.899072969079093787e-02 1.915789054067442709e-01 3.399955701839678657e-01 5.201132542221224009e-01 4.594636302951792262e-01
1.095200000000000000e+04 3.713717192405290857e-01 2.181057744401410925e-01 2.521621546115564994e-01 2.802652728190158649e-01 3.404833659325975370e-01 5.199543563176163286e-01 5.782528660924576291e-01 7.659626058126454140e-01 7.330106624151215833e-01 6.517570277227312525e-01 3.150108907730785335e-01 3.263959287095415940e-01 4.104973985591106045e-01 3.555552978888106286e-01 2.943745807595453678e-01 1.198291247117541924e-01 2.212906083725750539e-01 4.148728613701870294e-01 6.805600728530518673e-01 3.752324037274820112e-01
