6.460000000000000000e+02 7.034443368329924562e-01 4.077123425556824499e-01 3.973691494184162787e-01 3.982716772312333009e-01 4.264685682807299871e-01 5.513650709748941781e-01 4.252202950433445205e-01 5.129227388013812838e-01 4.562979830612244325e-01 3.378938718680803976e-01 5.301199558254279243e-01 3.714855811709149025e-01 3.852559021269896244e-01 2.652747541864955427e-01 1.939802029424173291e-01 3.655272733411655817e-01 5.370706660753951089e-01 2.976120738863280435e-01 3.076105210871288853e-01 2.514594917305548183e-01
1.545000000000000000e+03 7.361543148808006309e-01 5.762386835126511730e-01 4.006163897116711281e-01 4.323464346461355357e-01 3.049264269276223960e-01 5.499159222913997391e-01 4.278543251443410744e-01 4.701542750625232192e-01 3.737097189958419330e-01 3.472271542418591816e-01 3.970105745967426047e-01 3.379705879977630278e-01 3.145215479386038737e-01 2.312262673697672577e-01 4.118364991565853228e-01 3.883817163086995539e-01 4.681000743249432716e-01 4.121164187014620950e-01 3.391444773941904023e-01 2.156041985963447760e-01
3.831000000000000000e+03 7.783732220638535093e-01 4.783863169414451222e-01 4.552790549621331118e-01 4.028915757281897880e-01 5.576080379704831946e-01 2.868510204097086125e-01 2.552601357830354134e-01 4.230440881219367788e-01 4.321765771976523451e-01 3.830898928819831406e-01 1.855429281169372058e-01 3.892116820442259040e-01 3.486294461432316583e-01 3.797157043087742712e-01 4.094923439347696315e-01 4.392909192596942125e-01 2.216294932666590667e-01 4.173579346918140365e-01 3.603660201556183607e-01 4.041084571951230608e-01
4.024000000000000000e+03 8.042360134166718355e-01 5.622441048409617670e-01 3.166191285394520660e-01 3.208288863598934282e-01 3.584097173993550656e-01 4.561728642518022014e-01 3.120516144301251904e-01 6.078728161497847227e-01 4.822754962270490720e-01 3.759788115895758009e-01 5.211997160788607308e-01 3.038526407178682165e-01 3.767166780583505736e-01 3.216721615521673794e-01 2.477923459769589554e-01 1.600917271908520734e-01 6.818191385461273013e-01 3.627982594426110152e-01 2.732589872891018623e-01 2.275899612028074448e-01
4.272000000000000000e+03 7.785200975274504387e-01 4.372239956016065188e-01 4.001683992740207585e-01 4.632450750336403744e-01 4.410784465966372525e-01 3.560503006751140065e-01 4.735011977657009874e-01 4.872788891878094275e-01 4.371624549618467470e-01 2.877042493127922040e-01 3.651523212732722401e-01 1.982127900716114388e-01 1.300178424654674092e-01 6.781279187073825376e-01 3.415062124370724650e-01 3.255584858923415426e-01 4.068318942310649167e-01 2.410596494467359130e-01 1.518492363489969132e-01 7.484076443352435382e-01
4.274000000000000000e+03 6.662465148585626773e-01 4.995675651564358555e-01 4.660905290450664262e-01 2.972511084401137649e-01 3.910784336387574389e-01 4.168416948633451580e-01 3.662484715509944921e-01 4.709735782317779895e-01 5.118060869942440139e-01 4.717214270428659595e-01 1.271481425826042622e-01 5.790142240813093144e-01 3.712767947587800599e-01 3.852718919172367085e-01 3.440170396228873217e-01 1.658651655340095676e-01 1.366566979406285132e-01 5.851790290338411138e-01 4.831521809457182681e-01 3.356672928576814319e-01
4.740000000000000000e+03 7.108123479435137781e-01 3.822799544856684828e-01 3.734280840617779096e-01 4.199145417864127983e-01 4.290506058981694015e-01 6.014901909113664624e-01 3.521062625971456694e-01 4.386221335638720853e-01 5.009641520256349345e-01 4.025483882203775843e-01 3.095137585756094767e-01 4.031095244077240736e-01 4.099423195909399631e-01 2.683488993553116986e-01 2.199315286756031163e-01 1.916686381325820865e-01 5.080924656491568880e-01 4.422218830383415900e-01 4.359912974745732694e-01 2.942522542635486182e-01
5.233000000000000000e+03 8.446968009504639552e-01 5.155767266329246423e-01 5.091952778824754278e-01 4.061534565631853000e-01 3.584094486425807857e-01 5.144393661687672870e-01 2.338316539931975524e-01 4.148853259976980623e-01 3.533789431114065516e-01 4.075547983687182185e-01 5.747981578653809098e-01 3.678237758498195120e-01 3.452956883707724578e-01 3.423071704839692475e-01 1.273603997761774964e-01 6.970894721097918578e-02 5.185942875434991217e-01 3.881928425884994538e-01 3.850200780156924907e-01 3.599960306029781343e-01
5.316000000000000000e+03 6.118586982919739237e-01 3.861439968597649153e-01 4.192460812869527320e-01 4.232595908279369601e-01 4.081080345944374521e-01 4.909500064939301689e-01 4.365475175878959502e-01 5.089076369719497395e-01 5.014108367470201388e-01 4.028024220052573989e-01 2.904890912015604676e-01 3.793600479547888371e-01 4.046225150830927153e-01 2.282481127879787408e-01 7.769155926149555469e-02 2.900838883902741583e-01 5.475775967049365534e-01 4.806623385022839035e-01 3.579229042475501887e-01 4.204453616517090930e-01
5.779000000000000000e+03 7.182149959665896644e-01 4.646217608003645472e-01 4.010050454139362230e-01 3.822262432637520413e-01 4.035554272920007235e-01 5.292476548297728733e-01 3.652991341742009568e-01 5.556485284539529612e-01 4.400787549740697302e-01 3.385897134366590566e-01 5.902410127015297325e-01 3.983065306792336613e-01 3.708021839472596670e-01 2.548728152762949062e-01 9.790284398892747098e-02 3.192353896603611907e-01 4.140265346549442671e-01 4.203973482829181929e-01 3.560198156464450814e-01 2.652130470436971366e-01
6.091000000000000000e+03 6.506447474148204790e-01 4.387766588010945656e-01 4.244360666498430690e-01 3.518843639646730415e-01 4.271111057160558167e-01 4.586862110751582788e-01 4.701853586685708075e-01 5.095955739244649729e-01 5.129098633844304533e-01 3.454613934987181834e-01 4.881129997649369945e-01 4.586052205009222282e-01 3.005615203301527094e-01 3.466547100108040569e-01 1.757915096255801835e-01 2.582616222713001175e-01 3.624767735182948813e-01 4.961897493047602303e-01 2.303503254073934747e-01 3.837373961227144026e-01
6.436000000000000000e+03 6.785555604313474598e-01 5.354535072118082883e-01 4.918897358102157780e-01 4.730709050010220018e-01 4.102397248872748370e-01 4.343909972860702240e-01 2.877536885520993737e-01 4.242816660512933602e-01 4.259919801411620188e-01 3.301021053546079331e-01 4.751911529388567756e-01 2.999533837752567655e-01 2.343177149986783170e-01 2.701369798109248821e-01 4.025775931189958246e-01 4.052737833370954612e-01 3.889720016377904988e-01 4.003147900858655683e-01 3.503157296400858378e-01 3.046864838878260984e-01
6.521000000000000000e+03 6.575108153820959922e-01 4.513444616546491983e-01 4.503512065711510748e-01 4.229767216888195014e-01 4.561249912017378838e-01 4.345757930621591547e-01 3.226608672444164494e-01 4.984034603573109234e-01 4.518265033307645728e-01 3.777755636343819723e-01 4.382923972017512271e-01 3.250628276411149375e-01 2.874937932264363671e-01 4.468570258240913140e-01 3.923685954549432364e-01 3.925659702607269819e-01 3.965249513872516340e-01 3.020088168759962333e-01 2.186855153590461787e-01 3.509249608836599310e-01
6.647000000000000000e+03 8.546281930009097527e-01 5.334124554829476894e-01 5.093185511068407667e-01 4.592388991502030504e-01 4.481828518668969918e-01 4.237152828930672022e-01 2.330030376276251980e-01 3.817007168075122192e-01 3.906580285812434883e-01 2.521036243390797349e-01 3.894823204078824985e-01 3.204348334611627491e-01 1.756146631249466683e-01 4.046238517111294120e-01 4.682636703603271777e-01 3.812314131523126814e-01 4.585974108085806855e-01 3.597698829334722292e-01 2.759858552048746194e-01 3.097318158430797386e-01
6.648000000000000000e+03 8.562870347896418544e-01 5.502719320235027745e-01 5.016071942576795228e-01 4.780308172092599395e-01 3.580075737452866891e-01 3.126156733612435179e-01 2.743952106654132805e-01 4.570195715529089542e-01 4.219229807630324736e-01 2.749962641908618166e-01 3.679356025887208781e-01 1.120909753767286576e-01 3.748618121767777756e-01 5.132539565546705429e-01 3.805416439455771016e-01 4.005951355939346148e-01 3.695276226650683338e-01 2.406410913337727331e-01 2.763402798536661598e-01 5.321514102181162942e-01
6.649000000000000000e+03 8.668421534885274449e-01 5.334344814631782894e-01 5.115850545109057457e-01 3.754401636098312900e-01 2.844400606515895547e-01 3.398753205146620715e-01 3.571795979930095788e-01 4.819729530021830133e-01 4.321039515649660046e-01 3.779049584663036199e-01 1.743978986798009889e-01 3.242904980879284804e-01 4.853432807440529739e-01 4.430375363169896663e-01 4.104921028620336920e-01 3.092801689477689409e-01 2.521564833672523820e-01 2.458212592234693683e-01 4.843792943403493201e-01 4.352744474330140223e-01
7.208000000000000000e+03 7.121860150536799550e-01 4.975464502240025122e-01 4.933637556223664511e-01 5.095725365578421817e-01 4.902413443587566033e-01 4.737350327077782253e-01 1.636462524421522513e-01 4.588973361873323054e-01 3.842465330880952545e-01 2.737619927544346909e-01 3.170146882800324306e-01 3.400339093754873310e-01 3.568646659240038987e-01 2.590208909668972326e-01 3.387360475945540017e-01 4.088030011876538916e-01 4.326282239808586505e-01 4.258749267027372443e-01 3.696408297028764278e-01 2.659642466590638188e-01
7.209000000000000000e+03 7.907706729223443753e-01 5.222433723005609485e-01 5.407087838432960147e-01 5.097792745927426372e-01 3.758282354845317030e-01 2.228537734477598065e-01 3.548898808759305967e-01 4.346872445699838106e-01 4.278752243034549818e-01 2.794545807308269625e-01 3.912369043726597884e-01 3.023015034719624405e-01 2.430635183646645547e-01 4.010382897029472482e-01 4.145386824434265649e-01 3.772755780439970286e-01 4.426178297049446764e-01 3.261301546066269208e-01 2.401052465934511437e-01 4.112356983058917947e-01
7.211000000000000000e+03 9.135862508708770813e-01 5.876634646991221178e-01 4.379837779477292470e-01 2.562912641461745356e-01 3.593866368440950532e-01 4.138865598401297308e-01 4.174304513894192548e-01 5.130546658096047929e-01 3.796555144234920465e-01 3.379407734319577195e-01 2.435765362443013116e-01 3.246621149373298265e-01 4.437848317782742136e-01 4.436972635070279281e-01 3.969654739785793973e-01 2.734732396185846626e-01 2.214586113138573287e-01 3.294953276146149745e-01 4.738666670436397776e-01 3.993317275405482425e-01
7.212000000000000000e+03 9.232535535036801022e-01 4.737773931720439813e-01 2.898292402172505944e-01 3.806849237676094289e-01 3.473113419620396658e-01 4.911624572181259030e-01 4.357737272536887918e-01 4.378104978817239368e-01 4.910033554859145055e-01 3.869479519702685999e-01 3.628164393316011815e-01 3.757407702190591614e-01 4.009761685259704000e-01 4.378063681725786194e-01 2.628095400701819240e-01 1.293578405320349456e-01 3.304217742053464635e-01 4.034165044125777033e-01 3.478518549896125744e-01 4.672067308627813609e-01
7.298000000000000000e+03 7.713380502888076418e-01 5.025309052301553114e-01 4.060792423738699419e-01 3.725059952062177993e-01 3.152637279298560746e-01 4.397819804834142143e-01 5.421267749079138332e-01 5.160142738266049189e-01 4.540158440628693226e-01 3.194872583841082969e-01 3.892371574705737469e-01 3.690146336249279790e-01 3.409411886268687297e-01 2.376420807530356116e-01 5.145518051694710771e-01 3.583537390739129358e-01 3.756696107367149540e-01 3.900445063154865943e-01 3.102961420099201173e-01 2.507306641948900960e-01
8.875000000000000000e+03 6.583275771660768161e-01 4.610828169034125734e-01 4.562592988815674655e-01 4.252067530947427620e-01 3.889403827814555958e-01 3.937800497017405199e-01 3.536572529776223495e-01 4.955185938004358914e-01 4.941563171986470548e-01 4.037987940047504942e-01 5.775880541791045264e-01 1.567185254569099240e-01 4.988530772332148699e-01 3.992684520298737105e-01 8.227309682297058446e-02 6.045771848553063710e-02 7.208554706999714679e-02 3.599211422177019393e-01 7.968996635571375942e-01 5.050488566158967130e-01
9.396000000000000000e+03 7.211385502079007415e-01 4.158446611188464370e-01 5.011067813079682631e-01 5.063682854626139207e-01 3.664188216210171878e-01 4.103795192257937430e-01 3.699913641944434506e-01 5.080345347282545498e-01 3.398348393832757997e-01 4.144416654900285879e-01 1.954511289537946284e-01 1.304730209715531941e-01 1.843510915306789677e-01 2.288843690352429794e-01 4.299780719842520860e-01 7.030581926518901792e-01 6.952639667304882920e-01 2.953381375896584338e-01 2.927312105159740052e-01 3.954000729614652876e-01
9.603000000000000000e+03 7.488452026226702918e-01 4.652801821157918627e-01 4.365210842860159368e-01 4.062628458860452763e-01 3.468558500394877675e-01 5.394170155638313702e-01 4.175378356028907056e-01 4.778451609203832606e-01 4.416258268307042822e-01 3.372385457044947965e-01 4.200104620462108418e-01 5.233541023478749388e-01 3.225056892747061310e-01 2.998286882925028096e-01 2.124068900814013172e-01 1.520203742052633478e-01 3.857287021329371957e-01 4.909722154400457672e-01 3.313221541459561159e-01 3.550211091461968893e-01
9.748000000000000000e+03 6.653260832521356027e-01 4.625105249223915860e-01 4.650914082870879485e-01 4.222774664878077844e-01 4.536377113006483941e-01 4.176169103716222963e-01 3.334593673966381733e-01 5.071795447799510859e-01 4.592179562332274756e-01 3.300087716834403939e-01 3.029814018029875489e-01 3.470828670071173794e-01 3.207539341446165038e-01 4.261781824190242762e-01 2.591426125637886768e-01 3.496263789603577532e-01 4.507255483885341252e-01 3.397622748888806110e-01 3.291649174455042459e-01 4.036661668077163867e-01
9.989000000000000000e+03 6.568932060444608867e-01 4.730474955003782234e-01 4.167282835074301861e-01 3.809120655842846426e-01 3.860495746901264069e-01 4.999456635574153762e-01 4.486011272107588987e-01 5.199601275087556429e-01 4.527211280093297874e-01 3.679942362233590836e-01 3.547511423086438520e-01 4.518966066667039483e-01 3.187183167932388095e-01 2.808902237792446077e-01 2.105413142428315121e-01 2.893879529860416966e-01 5.925048248167229525e-01 3.951930264742802845e-01 3.189309578158213698e-01 2.795274976460814798e-01
1.058400000000000000e+04 6.683369352180902334e-01 4.394819104238042451e-01 3.729052184296585137e-01 3.702920527789130833e-01 4.104176866218081643e-01 5.589172792071666063e-01 4.544607652604447101e-01 4.420288144802808628e-01 4.742524994631139856e-01 4.384385354467417728e-01 3.596395421899232780e-01 3.730583506581578446e-01 3.727808283081079366e-01 2.784062957380203374e-01 2.019521098617480248e-01 2.429859442259120483e-01 5.101078487544916662e-01 4.671999651652669061e-01 3.111862372052921488e-01 3.713925665911508300e-01
1.161400000000000000e+04 6.288355421412806789e-01 4.691151141024682558e-01 4.129695023213700300e-01 4.269453449159506531e-01 4.080575335916351021e-01 5.706629434441079507e-01 4.233097349716119506e-01 5.151521613976788316e-01 4.548608799671494674e-01 2.843560404704621458e-01 3.335995412538578231e-01 4.685447135993396350e-01 3.164302275552725030e-01 2.176867778422916788e-01 7.473799197260842797e-02 2.241418107437134211e-01 5.933367837554960333e-01 4.700432109849320139e-01 3.912169136189361796e-01 3.814193765655200519e-01
1.204600000000000000e+04 5.999047838427973289e-01 4.021572340181534533e-01 3.892585969507355026e-01 3.791795337519839881e-01 3.873793053823957333e-01 5.322324809418819136e-01 4.427067187066481835e-01 5.609121026888027606e-01 5.105523145704776722e-01 4.149959184812095914e-01 3.662803450011742346e-01 3.162446481232769058e-01 5.458485554083870595e-01 2.444879088546573487e-01 8.382738883827803300e-02 2.790260874290912962e-01 4.443407470719287211e-01 4.881532884388211091e-01 3.874185138587886157e-01 3.142650306851096920e-01
1.205200000000000000e+04 6.404780984651349263e-01 4.148795013180921476e-01 4.019810430241224641e-01 4.099996790303591654e-01 3.951408615700504612e-01 4.825157045723516003e-01 3.208827418327495629e-01 5.905770069625750907e-01 5.116716043893004828e-01 3.986211245572308659e-01 4.506780327056535418e-01 4.707911099249476039e-01 3.593900906516865890e-01 2.763955774914575447e-01 1.410113529246399267e-01 3.148053526563983628e-01 4.924553403877496849e-01 3.865474595074506747e-01 4.795004525709297694e-01 1.082376372342983006e-01
1.226700000000000000e+04 6.897057947079929807e-01 4.235537199877452141e-01 4.320504231394936556e-01 4.249899523606490148e-01 4.289634186664383897e-01 5.735574322058240027e-01 3.792018364714738188e-01 4.557822723885346372e-01 4.322883443534385473e-01 3.539722666790952599e-01 3.658346816885796882e-01 3.661943868164774796e-01 3.566594149450300066e-01 2.847960004714340521e-01 1.791280346454794947e-01 2.529359598211834981e-01 5.405652178559398058e-01 4.599858659287932028e-01 3.116039985128161716e-01 3.683729237081496688e-01
