9.990000000000000000e+02 3.861543082766749624e-01 1.856059323140172579e-01 1.798009080562883166e-01 3.931211874153192620e-01 3.852507886145105087e-01 6.336593357502179336e-01 6.003544057310660209e-01 9.622075661314654083e-01 5.410617472371674896e-01 4.898094975486378400e-01 2.122576979484578907e-01 3.793515203146223813e-01 2.850533256203193200e-01 3.873847861653215152e-01 1.371907409780687981e-01 9.621139271534913384e-03 3.643146651828667593e-01 3.517711821403021188e-01 7.209950797085791230e-01 6.688360339896419759e-01
1.248000000000000000e+03 1.794278541085404452e-02 2.409569028905406696e-01 2.966267591839086837e-01 3.739738048185526909e-01 3.990876918987507072e-01 6.552563642558212331e-01 7.792496260477982384e-01 7.226694710278213085e-01 7.268039054789189324e-01 4.876497401777867835e-01 4.259518209793173860e-01 3.787381249250089676e-01 3.412021385991793609e-01 4.680207438976134449e-01 2.726978231419871501e-01 2.396263919078736038e-01 3.472053760339098294e-01 3.622241523567689692e-01 3.106900157445081079e-01 3.802894697713651295e-01
1.257000000000000000e+03 1.277603163661180929e-01 1.403188709735425643e-01 1.575093184643248656e-01 3.702464814524968340e-01 5.343787217893238850e-01 7.673966792870208220e-01 7.005351837664626213e-01 7.983234587072846056e-01 6.800889726653912559e-01 4.669160020285262336e-01 3.585660938555736976e-01 2.797226576811111531e-01 3.834236652972102810e-01 4.556749819273811508e-01 3.127021031519486294e-01 2.277734694782456437e-01 4.616405883165065061e-01 2.602010097511944786e-01 3.424573929755828083e-01 4.544232833957497775e-01
1.652000000000000000e+03 3.701570926755679003e-01 7.842841631428811022e-02 1.607055290362597033e-01 4.992434652657487537e-01 4.652738233761945508e-01 6.984169487946356725e-01 7.609765515285329407e-01 7.442209911086630214e-01 6.589697772997443748e-01 3.310806294045755549e-01 3.866228081066557798e-01 3.272715401929863765e-01 4.158165342087064009e-01 3.587594342534827230e-01 1.350821664779523756e-01 4.143662458935439830e-01 3.446343941506254116e-01 3.624929125866787061e-01 3.892224329620416756e-01 3.846884592165259464e-01
2.173000000000000000e+03 4.816809577028878242e-01 1.563853759998473369e-01 2.398105656665916463e-01 2.235885489534016612e-01 4.490344542281826667e-01 6.470536348335247379e-01 7.386704672896667878e-01 8.468897574241861514e-01 6.004353618638402779e-01 4.244989417336631488e-01 4.334436319338893506e-01 4.247530729034482144e-01 3.720356765114383180e-01 3.954151345660560368e-01 1.992396350124975013e-01 9.961026927493629723e-02 5.243397424201877710e-01 2.754951894299588200e-01 3.960529657613126586e-01 3.864050940726731498e-01
3.550000000000000000e+03 2.697977293737318094e-01 1.760212665009135702e-01 4.352577400332829360e-01 3.723829919676641675e-01 3.658813482374295711e-01 6.779570995991315296e-01 7.032304523999350909e-01 8.093228500183803353e-01 5.189678431912836398e-01 4.070437842556943187e-01 3.380566494637899932e-01 3.443823791529584399e-01 4.942357338692337509e-01 3.040059695932115225e-01 6.004767926712093612e-02 2.860205471446864434e-01 4.055432204991581413e-01 3.455758299707977765e-01 5.252382135814538389e-01 3.945383852720004136e-01
3.995000000000000000e+03 3.002695741477464098e-01 1.217426371342004432e-01 1.110170105117933709e-01 4.717741883462597818e-01 4.944244896331422279e-01 6.456011362214110205e-01 6.696483292915822449e-01 7.354124700910157353e-01 6.603780187646789424e-01 5.168209013491279480e-01 3.429598254164625271e-01 2.508075978687369090e-01 3.517034401913204378e-01 4.117648785636804365e-01 2.318056991670233991e-01 6.484532050661031555e-01 3.441476366177148027e-01 2.439074971184506113e-01 4.012388457275510301e-01 3.295228761181612787e-01
4.573000000000000000e+03 2.473148567933577402e-01 2.527301470026184771e-01 1.791767721208266939e-01 3.209431445551038098e-01 4.402409146911961946e-01 6.612199160338798620e-01 7.427436235144271315e-01 7.930025168908173550e-01 6.215032469025872919e-01 4.976372531544411282e-01 2.473204497307507355e-01 3.213685752247596450e-01 2.177694291384897618e-01 2.989316875931437578e-01 3.956369168378548462e-01 2.881893622915283060e-01 3.904211843211909949e-01 4.367341662591341933e-01 4.548196900582834878e-01 4.826158496276692911e-01
5.752000000000000000e+03 3.577306581422762255e-01 1.989512557981175656e-01 1.404106853210368711e-01 3.646056510537262207e-01 5.134172171440983812e-01 6.878593880199374011e-01 6.767654526583368746e-01 6.943764932158557057e-01 6.210450021504480000e-01 4.907707032787166357e-01 2.116805335209106798e-01 2.662956893587168916e-01 2.782651101719874065e-01 3.288373718674027502e-01 4.607751643125548857e-01 5.206330301431347785e-01 2.201399744644637058e-01 4.132113829279607797e-01 3.380924386103904000e-01 5.361052837261864878e-01
6.147000000000000000e+03 1.794212410673863556e-01 3.294727615894427752e-01 2.269608792494954563e-01 3.784045828889349705e-01 4.068781643210542809e-01 5.276500839007253196e-01 7.001318368924712710e-01 7.526853368393738863e-01 7.205177963621722803e-01 4.369082423944251614e-01 2.982362532180237169e-01 3.230688199732626442e-01 3.728943685179031409e-01 3.635191732969743628e-01 2.992285289907086199e-01 2.351974445925996970e-01 4.864088159171706671e-01 3.399096046612201660e-01 3.770096910899597975e-01 4.249342208588037240e-01
6.460000000000000000e+03 3.106894499614351601e-01 1.190056025522303329e-01 1.646255302834144507e-01 4.495891126136128957e-01 4.504999452630981671e-01 7.593704433051200464e-01 7.733842599608857782e-01 7.590623595868072337e-01 5.881584375912045637e-01 4.224809942002344387e-01 4.258653114484323710e-01 3.903267380849468893e-01 4.041231454507966392e-01 4.110835307950153061e-01 2.796367743532945926e-01 1.940162583630473114e-01 2.819658557954657918e-01 3.611755814836379863e-01 4.110510709088049386e-01 3.648685752740124522e-01
