8.150000000000000000e+02 2.271460297754188118e-01 1.369092709207951064e-01 3.128118726161424057e-01 3.191925636258221566e-01 3.052787726186255712e-01 6.352511808351044564e-01 6.769430859744068885e-01 8.667076889072585777e-01 7.084389173961335162e-01 5.697390579086955009e-01 1.797528549320596691e-01 2.325451595204784949e-01 4.513846151046012611e-01 3.288232655986871866e-01 7.720996048176383131e-02 1.000000000000000000e+00 2.041902163210745635e-01 2.811820861760845336e-01 3.934025677559833123e-01 4.244780848555063657e-01
8.250000000000000000e+02 5.235118971863238491e-01 3.359453721458207642e-01 3.257850500939578620e-01 2.573835940622050678e-01 2.964978668840299592e-01 5.235898342055695931e-01 5.430501398762000997e-01 6.983310168642943294e-01 6.557606523048931102e-01 5.425559760223004346e-01 3.837900585558443045e-01 4.315586464265298572e-01 3.405015721879555146e-01 3.542447362445166337e-01 3.390212897257108837e-01 4.192370518765987097e-01 3.166412939570222296e-01 3.951164770017573935e-01 2.246210182829451729e-01 3.341202096466845961e-01
8.270000000000000000e+02 5.012861871432290339e-01 2.441751369354036305e-01 2.669318417419232481e-01 3.527067382022836539e-01 3.877448152948611004e-01 6.164988962519376559e-01 6.174282627594197548e-01 6.689228490790052328e-01 6.706511047752262700e-01 3.945577316631611042e-01 3.255039343163100840e-01 2.632188564769618044e-01 3.615832745469167442e-01 4.613526540481340810e-01 2.347396645625639822e-01 3.347973852831365171e-01 1.981589776276103387e-01 2.560583711199652113e-01 4.449247024026937170e-01 6.927906046855554223e-01
9.170000000000000000e+02 2.640170735394942736e-01 3.060625028543879633e-01 2.644695237851379943e-01 3.531716832263107064e-01 3.989964528195562576e-01 5.199592612738364039e-01 5.451143841068930573e-01 7.340800821485010674e-01 6.655171343694046282e-01 5.918429002614608025e-01 3.005508225313889281e-01 3.165742496585069454e-01 4.589040980168599404e-01 4.680268083367791210e-01 2.780809022777505635e-01 3.368612705186216361e-01 2.772214952248072128e-01 3.619399207342724467e-01 3.698376194870890421e-01 3.650597983228821564e-01
1.170000000000000000e+03 2.974601544970243983e-01 2.646585033821016175e-01 3.068737674523330239e-01 2.800853036069529400e-01 3.235521761422808229e-01 6.026928518667218349e-01 6.131364132739670625e-01 7.871354272896852189e-01 6.554502465182469040e-01 5.940352093168210779e-01 5.118559601534218295e-01 3.465295704161733270e-01 2.856663742209014090e-01 4.677578023457557577e-01 2.964404179627551650e-01 3.489641499259735768e-01 4.110318629629579612e-01 3.163893993339851329e-01 1.497227439748894662e-01 4.070285472415631767e-01
1.246000000000000000e+03 5.618557919168356563e-01 1.945150501170993806e-01 0.000000000000000000e+00 2.837277144103168558e-01 3.532545446053384497e-01 6.078188139182152394e-01 6.107496987072856820e-01 7.657113091767471236e-01 7.969733831178050787e-01 6.336122172098848093e-01 3.466867006963124664e-01 2.438837706916082704e-01 4.141975331777737468e-01 4.441443423687369552e-01 2.848562757958290059e-01 3.898377833763113087e-01 3.268632174255264311e-01 2.898248243236093424e-01 3.666546734433209220e-01 4.403598876009177099e-01
1.538000000000000000e+03 5.216537679490801382e-01 3.084262300250688038e-01 2.475510429159101800e-01 2.815780596827440196e-01 3.265521608733512604e-01 4.767361782254912472e-01 5.104309167036406025e-01 7.382004217031350457e-01 7.743383855581045250e-01 4.903282591299411020e-01 3.627952978331422940e-01 3.385071720525239525e-01 4.521843915004973291e-01 3.507607502272331312e-01 1.130975423968603871e-01 3.842537622826490140e-01 3.069107093823446042e-01 3.873111519669638070e-01 4.306951693799074832e-01 3.868109379182577690e-01
1.539000000000000000e+03 4.819631439497313874e-01 2.399058244921578875e-01 2.717147059936754760e-01 3.033876160028193825e-01 3.423281069100446161e-01 5.138754405085118604e-01 6.556567339705819952e-01 8.397669907181372073e-01 5.761451399111673366e-01 5.203492928916507720e-01 4.088327774574618267e-01 4.239701855003014108e-01 3.452373931412088814e-01 2.045720495533024652e-01 4.134451577799764244e-01 2.513450694027790089e-01 4.215559980335159551e-01 3.979548587497247492e-01 3.657024655381854172e-01 2.849986658133565331e-01
1.566000000000000000e+03 4.733898293096711063e-01 2.625214035991846329e-01 3.404523404555068744e-01 3.432405358054863020e-01 2.389707717574208190e-01 4.975620277720821383e-01 5.434819337416172402e-01 7.455376349487862209e-01 6.698416924141086248e-01 5.845013393796256729e-01 1.989948260261513169e-01 5.705801931509875136e-01 3.591608689246770791e-01 3.949657987794799596e-01 3.243556026278006099e-01 2.048811319392332686e-01 1.711913597798090103e-01 5.238599097124231330e-01 3.765754121791766162e-01 4.007984616205854667e-01
1.567000000000000000e+03 4.269158687723195733e-01 3.380810770273688926e-01 3.399230217200437387e-01 2.180930888793811973e-01 3.597765245135408074e-01 5.564074176244501180e-01 6.741258833247792959e-01 7.259220455380349657e-01 6.639401087123910639e-01 4.142039232652230951e-01 5.999773541682497102e-01 2.971729554824811270e-01 3.629671759269096354e-01 3.800564700151320974e-01 2.004433730736080443e-01 7.748323985961957927e-02 5.339026458826165999e-01 3.258054745651803863e-01 3.548138776979372078e-01 3.599853302583754799e-01
1.737000000000000000e+03 4.095013070671354449e-01 3.219852039537082766e-01 3.452987116026713932e-01 2.833912072467549281e-01 3.025557046408592354e-01 5.087025414342806195e-01 5.325738657548393373e-01 7.070713122843225173e-01 6.568505364406532765e-01 6.083225561901581813e-01 4.437651498444964426e-01 3.778147134569528887e-01 3.115779730338433251e-01 3.020018879212603702e-01 4.296340729471834208e-01 2.507048869940834979e-01 3.378057158641576962e-01 3.975005398604212203e-01 4.065831098243110620e-01 2.682086883914747144e-01
2.172000000000000000e+03 5.943269246585508592e-01 2.937672263305278753e-01 1.493706505583911048e-01 2.359425630203219326e-01 2.358292729900541562e-01 6.358773510573701992e-01 6.186124360669692512e-01 7.843640665765441167e-01 7.647257582070844384e-01 5.002675828323017715e-01 2.197733773289926584e-01 3.938893706742928602e-01 4.852583265781502675e-01 4.053429020717639331e-01 3.420289685185840534e-01 2.040575001209437578e-01 1.913491442312042212e-01 5.150967461222822896e-01 3.188119372510941907e-01 4.479204231289810045e-01
2.183000000000000000e+03 5.019947448905519582e-01 2.779669871363562583e-01 2.715158116677860445e-01 2.192206421112050940e-01 2.134642549086929464e-01 5.557452204863913003e-01 7.263709461676581824e-01 7.561642076809357293e-01 6.874129228662890778e-01 5.978655451718457581e-01 3.421431896112293591e-01 2.233107300402837336e-01 4.858652730470987002e-01 3.275422284986038157e-01 4.457176931653224483e-01 4.182373838081332451e-01 4.008354147793546374e-01 2.670142883943848466e-01 3.509212969292161421e-01 2.837371714165768388e-01
3.963000000000000000e+03 4.438293066273121257e-01 2.988070180943542820e-01 2.391360833567035826e-01 2.160733234486329202e-01 2.904351149293798451e-01 5.833045710475126544e-01 6.240278736701880824e-01 8.139224238114132204e-01 6.969844904027332477e-01 5.579972091801578271e-01 3.365926369923647465e-01 4.780811961390020182e-01 4.238211021508447862e-01 3.267558568462827773e-01 2.982797244305501749e-01 2.599098018879344996e-01 2.596016325722781404e-01 4.357965580551091955e-01 3.350128437994090991e-01 3.693830142908386405e-01
4.633000000000000000e+03 4.490650632788397711e-01 2.762299438000995755e-01 2.403188254510946475e-01 3.952452628355472841e-01 3.180598867413813036e-01 6.218262138319855525e-01 7.072761616470351065e-01 7.283317664459105778e-01 6.608202281859980598e-01 3.514624963812392200e-01 3.968761369631908509e-01 2.118782274481431915e-01 2.712660097450102503e-01 4.263764093697227087e-01 3.083989800547950466e-01 3.144005161479008215e-01 5.792541771225405700e-01 2.874526542795470263e-01 3.554020610123684309e-01 3.727242737764597247e-01
4.756000000000000000e+03 4.181549701286619292e-01 2.297889608506704373e-01 2.784778326587768471e-01 2.454796632365435494e-01 3.315297659365501470e-01 6.616383789302999752e-01 5.582332598318653361e-01 7.681517303696586696e-01 7.069261232474702839e-01 5.528821727695873989e-01 2.817654125094767870e-01 2.355046835503896152e-01 5.248963585483107375e-01 5.597386098202621341e-01 3.244501462285963034e-01 2.690569684435830111e-01 3.268039377668703338e-01 2.964265242586702764e-01 2.344599879379691554e-01 4.947962206400779994e-01
4.757000000000000000e+03 3.604270368976307815e-01 2.602440014241380606e-01 2.245423383992770638e-01 2.981735049266783788e-01 4.401678563832466806e-01 5.450502276273860858e-01 6.772232771574713261e-01 7.485976008017873884e-01 6.190524083998418803e-01 5.439779882138234823e-01 2.897255983500187093e-01 4.739905434481699320e-01 5.223825481583961317e-01 3.861576584872992157e-01 2.703752154828836796e-01 2.557867237768977620e-01 3.066896864521433952e-01 2.059267968968712115e-01 4.446845226219450220e-01 3.904660819348060863e-01
4.824000000000000000e+03 3.613241200270266851e-01 2.296969583982731711e-01 2.478298270131087944e-01 3.431701241276486347e-01 3.867297733576745000e-01 4.868591207612684157e-01 4.937572850477339181e-01 7.968692477253237483e-01 7.184632195390134868e-01 5.887197256891283370e-01 1.844708167714434743e-01 3.648242023127999389e-01 3.470690126274426079e-01 3.406347507723195833e-01 3.163049051086432861e-01 2.757955329618956286e-01 1.993159888804210689e-01 6.047899884540119952e-01 4.204092856222480523e-01 4.615193031480694930e-01
4.842000000000000000e+03 4.049909055030248561e-01 3.288204426119165635e-01 2.288658841311044800e-01 2.441370048558808570e-01 4.915139156783908114e-01 5.090263691756605757e-01 6.176925241980665282e-01 7.106955089993876040e-01 6.604024886730266442e-01 4.773889823189585435e-01 3.556085833248567862e-01 4.037107646284869289e-01 2.692454101703903868e-01 2.915091360960255229e-01 3.375605205802669206e-01 2.530007375113307866e-01 2.910657024180722807e-01 6.097123905739481042e-01 3.615987626373965425e-01 3.266012667412683257e-01
5.292000000000000000e+03 4.602293347501814069e-01 2.842081178679116138e-01 2.211615421589235575e-01 2.362769137358627924e-01 3.265619885321461302e-01 6.870606720987348925e-01 6.283066900370580798e-01 7.300713101758470325e-01 6.511496016796809450e-01 5.647530690639209761e-01 2.869372760876786610e-01 2.984732210455323664e-01 3.528118472792654559e-01 3.863117830304883538e-01 2.572200915362444218e-01 4.232775672092424224e-01 1.985078358623670325e-01 5.452068476374926087e-01 3.844778775186868391e-01 3.874095290442828299e-01
5.335000000000000000e+03 4.221211677162929887e-01 2.935207800607008144e-01 2.338313771694972287e-01 3.210931256309393911e-01 3.544987023782380509e-01 4.746593461636202105e-01 5.006537103735884120e-01 8.149255021528066800e-01 6.815329073882500088e-01 5.698276980412858572e-01 3.427728470325708821e-01 2.336904229300177382e-01 3.203504251259103319e-01 5.945888817905118362e-01 1.952038582546707646e-01 2.523029502633696297e-01 4.159160404759760232e-01 5.174120353876235923e-01 3.438732826234552342e-01 2.711348604330644507e-01
5.750000000000000000e+03 5.545399601357132724e-01 3.223847277336426287e-01 2.230047790873252722e-01 2.154669710874454469e-01 1.789455713102279799e-01 5.478160166449721480e-01 7.603381273812541696e-01 7.565039139102875954e-01 6.985758963127963739e-01 5.713866133934485392e-01 3.293830401261452212e-01 1.975826289043997319e-01 2.223625321962992563e-01 3.590689340043770050e-01 2.394406809636803746e-01 2.730825213974118482e-01 5.223513059964290939e-01 5.615191154917066330e-01 2.505558936637983236e-01 5.413786759946631610e-01
5.767000000000000000e+03 5.009919044703251556e-01 3.301046164514745418e-01 3.036110170145578380e-01 2.565593826492459373e-01 2.839730123272938278e-01 5.325472242637774301e-01 6.020234951830863990e-01 6.855468435411424810e-01 6.672063243684838163e-01 5.623884081121889311e-01 4.610439313277983620e-01 4.453396433073019689e-01 4.081954500579025313e-01 2.483282986668133019e-01 3.108448993129507842e-01 3.799201526323889300e-01 3.857488114135168011e-01 3.657001459206139504e-01 3.464107766053967086e-01 1.620522066263067051e-01
5.907000000000000000e+03 4.065523691876699042e-01 2.011804111019797614e-01 2.142628173896768962e-01 3.993269741355593982e-01 4.159045061503009455e-01 5.924857197548719645e-01 6.370779376680142381e-01 7.221830942285470956e-01 6.226886613303326268e-01 5.093423010213116164e-01 5.386369836919064902e-01 3.990993665441673333e-01 3.943578980053469851e-01 4.170560931667302018e-01 2.864815609507296856e-01 1.982056950171620091e-01 2.561766786938407536e-01 2.807921555045777007e-01 3.869424530129538242e-01 3.810069374963266364e-01
6.173000000000000000e+03 6.128333939419958742e-01 3.014838850979074669e-01 3.031670514033100727e-01 2.141523150104591988e-01 2.690560842392188956e-01 4.565006315427093120e-01 5.684968526661625665e-01 7.282329226725110516e-01 7.019638561639554020e-01 5.708402566154376911e-01 3.846382257743469202e-01 2.778284310071694185e-01 2.559960335413229982e-01 4.955776743017430430e-01 3.289009354786010531e-01 3.091121134030621054e-01 3.704517815410442449e-01 3.374251619673730440e-01 3.834546866429882073e-01 3.960504409189581909e-01
6.174000000000000000e+03 4.735850842926739301e-01 2.961497441609411974e-01 2.040265213357817242e-01 2.445964944589141266e-01 3.312808080302839242e-01 5.739449065332178357e-01 6.440990019116732412e-01 7.570905775689175110e-01 6.469149107981749802e-01 5.943475007428891121e-01 3.417048037889279799e-01 2.059010863919586987e-01 4.786531645197538154e-01 4.039270634035444507e-01 3.254702554845786966e-01 3.190994005259757405e-01 3.609085007082594720e-01 3.481801833727101725e-01 3.679658865817873048e-01 3.762963252086932719e-01
7.190000000000000000e+03 4.830798572917445188e-01 3.324479664232804499e-01 3.071471236622919654e-01 3.014819938655456943e-01 3.053560475353540582e-01 4.976228523975354534e-01 5.685603839112096658e-01 7.263294336705492515e-01 6.122424863987265820e-01 5.620595768762657318e-01 5.383853445638058233e-01 4.248887542221036484e-01 4.252602934988023997e-01 2.031329274946755692e-01 2.673376907203315889e-01 2.989330390364033918e-01 3.063680904287774953e-01 3.588516410562698211e-01 3.795319732365632359e-01 3.167975616505530057e-01
7.729000000000000000e+03 5.224995595573247442e-01 2.935750055767342714e-01 2.669365761079243171e-01 2.700894620470828400e-01 3.528388030426081734e-01 5.075672310395971110e-01 5.704597862951865661e-01 7.089187272004116025e-01 6.424324884724273987e-01 5.753502923752079612e-01 2.260297463837941667e-01 2.750420458456565020e-01 4.217329847222939243e-01 3.922288816335480766e-01 3.741347797944875042e-01 3.291275374352528593e-01 3.671600954030657116e-01 3.925641058498705593e-01 3.720329223818564235e-01 3.809760820618683930e-01
8.384000000000000000e+03 3.552617271280308353e-01 2.130361839993971662e-01 2.283377654839790771e-01 3.161666044246640439e-01 3.280601122644854484e-01 5.818966506281919582e-01 6.551491168121623687e-01 7.704060959094416461e-01 6.833106001042910105e-01 6.195321327804488298e-01 4.694598937303544051e-01 2.134236814926254167e-01 3.166510355880564065e-01 5.938970480065471902e-01 2.677054868705472379e-01 6.220229904924373665e-01 3.217234974747044118e-01 2.347737996428214402e-01 2.605542768244746288e-01 2.607829193566296166e-01
8.410000000000000000e+03 6.122816668146248142e-01 3.549489006095536969e-01 3.468672680694358523e-01 3.132598971934809629e-01 1.828691046051903191e-01 4.228242535525641443e-01 6.821910909392490119e-01 7.212074104729855328e-01 6.707272181691715796e-01 4.194331399537749028e-01 4.250934558519019468e-01 1.077739742446405247e-01 3.994513030043792545e-01 3.380309115289204525e-01 2.666051169372835039e-01 3.248876137038277379e-01 3.428975439432201955e-01 2.984921205077813444e-01 4.011999850425558289e-01 6.436328199949448159e-01
9.166000000000000000e+03 3.484006921150727409e-01 2.135857912089683952e-01 1.663578489869330379e-01 3.349610679221132759e-01 4.201307054634726423e-01 5.140304287265320404e-01 5.853842045250892134e-01 8.273136458083996114e-01 7.170691763340256708e-01 5.680840938673138441e-01 3.031386555998361598e-01 1.952922731745102836e-01 4.286334131616301724e-01 4.879994144689345781e-01 3.701115027211786535e-01 3.164570552420277183e-01 3.501828049093692052e-01 3.391658556990964635e-01 3.985876728632815058e-01 3.453471623485245834e-01
9.167000000000000000e+03 3.350322888733954785e-01 1.461017447515529921e-01 3.129477601468580450e-01 3.875296312871641113e-01 3.517462423446859332e-01 5.685277292094401691e-01 7.495239034592630079e-01 7.572564236964647311e-01 6.296029675031413753e-01 5.078289123193073795e-01 2.522641276838437085e-01 3.761793727863000925e-01 4.570517234638373227e-01 4.292306616002440900e-01 3.199278819597675128e-01 2.834674349224577949e-01 3.520920619734218548e-01 3.512690311544787725e-01 3.114140876786786749e-01 4.006617199795364237e-01
9.181000000000000000e+03 4.418882354458238959e-01 2.313618001580157735e-01 2.755591226468251942e-01 3.639164809300148296e-01 4.136241096739458611e-01 5.281438649910797922e-01 5.070116464951219815e-01 7.377273640895491980e-01 6.271007917860158543e-01 5.401204259105699679e-01 3.479338316744517989e-01 3.623658836681579176e-01 4.205292722902512215e-01 3.840685416674199937e-01 3.292958906282620890e-01 2.542396061572811949e-01 3.837960747628203495e-01 4.379958764475509470e-01 3.217762889837106344e-01 2.656894278316599411e-01
9.233000000000000000e+03 4.765112620008386535e-01 3.455587069424960189e-01 3.268105468922587464e-01 2.248325122669473375e-01 2.857015313798154654e-01 4.078523288146176373e-01 5.332384520925601556e-01 8.175293330435121630e-01 7.191948563785963700e-01 5.312845305180878830e-01 4.267025014881830058e-01 3.587484605751946054e-01 2.374265854823811306e-01 2.953980084517716098e-01 1.810373833827771117e-01 2.999281203316699340e-01 5.409051859011958507e-01 4.397893386570606578e-01 3.789925837163650169e-01 3.325310190094553642e-01
9.234000000000000000e+03 5.225172429649311834e-01 3.115320668053775388e-01 2.067004094912177903e-01 2.537844037384435758e-01 2.951052555801579880e-01 5.248776651668493054e-01 7.459498153794683617e-01 7.667102184375513829e-01 6.036969622150939463e-01 5.620350281988236718e-01 4.384658080182844975e-01 1.965725884853159744e-01 2.973488338420525734e-01 2.756690297831647651e-01 3.327226106265382954e-01 5.423276534872076837e-01 4.887590522555244621e-01 3.575571192802399767e-01 3.210072429121746951e-01 2.764540185737656142e-01
9.504000000000000000e+03 3.656528722038123180e-01 2.437763697313968247e-01 2.849711870487625087e-01 3.142150088137857233e-01 2.820629675250147517e-01 6.350551189851899592e-01 6.599266572391094821e-01 7.448220260633366951e-01 7.053117785600343526e-01 5.201700794423675944e-01 3.341188847050620137e-01 2.791650217971346493e-01 2.838029062074016728e-01 3.032687781999661714e-01 3.758567017303856561e-01 5.343612834325084382e-01 4.436421559050215957e-01 3.271322374246867781e-01 2.814924919054168084e-01 3.871722042533018993e-01
9.763000000000000000e+03 5.168080685949587583e-01 2.712426471542953021e-01 2.958899096307354704e-01 2.819293105412307154e-01 2.783103390162819935e-01 4.556134294172690669e-01 5.884516213767261306e-01 7.275407156845329348e-01 6.907846824935602870e-01 6.062641618306704450e-01 3.896148945282390530e-01 2.720812151291490677e-01 3.684180934957154707e-01 3.945970342820631083e-01 2.765321567780605339e-01 3.074088128621768612e-01 3.724737792284736893e-01 3.962378907645101034e-01 3.569056255020024437e-01 3.861138798851401766e-01
9.764000000000000000e+03 4.235604238119752285e-01 2.824535419645106127e-01 2.664175874284662182e-01 2.478395601719712571e-01 3.246238495433512172e-01 5.835808437020442163e-01 6.327580487059673020e-01 7.360578208127241950e-01 6.706643160400889148e-01 5.792072273655451964e-01 3.358213935533686523e-01 3.255918729028208225e-01 3.810432419931378267e-01 3.543958150153158626e-01 3.234105392807676838e-01 3.211864068068774336e-01 4.235551117097720586e-01 3.238714294036626473e-01 3.585114539385372279e-01 3.841425799980351385e-01
1.003500000000000000e+04 4.020930956760320751e-01 2.013012404129964072e-01 2.832452621176823060e-01 2.719317225714630304e-01 3.493626601842043100e-01 6.022061046065259049e-01 5.845895682518920111e-01 7.614094906369567317e-01 6.714432824141083334e-01 6.129184334880934948e-01 6.500910364408284126e-02 7.480878963346838766e-03 4.284633970519597379e-01 5.688480969702041090e-01 4.234322117821726628e-01 1.558778350754072839e-01 4.332377088485847016e-01 5.746128887505184135e-01 3.883306966711873032e-01 4.550374633474141839e-01
1.004100000000000000e+04 3.634977495941503212e-01 2.837449691316277223e-01 2.591813182403928661e-01 2.793344744809878044e-01 3.498708541685234819e-01 5.036161810527961524e-01 6.537827180149510253e-01 8.010524608516216283e-01 6.567686795274625400e-01 5.646648344513020001e-01 4.208333129985128984e-01 5.425432409020906066e-01 3.451710845830769925e-01 3.902072888259559003e-01 9.436499545416852930e-02 9.986341535774402589e-02 3.460847708920229970e-01 4.494537065467132941e-01 4.062564152187680966e-01 3.963062530363715141e-01
1.038700000000000000e+04 5.064042951227455402e-01 2.511326711117645716e-01 2.151500295549373110e-01 3.872562441744789030e-01 3.869187194639816529e-01 5.816402549758750151e-01 5.253085947386130217e-01 7.181507976381444891e-01 7.091551669414707382e-01 4.072873253296104279e-01 2.525287956648089027e-01 2.746590773009383035e-01 2.921731629121370744e-01 3.901700976298712042e-01 3.047318663065527455e-01 3.186032696801501807e-01 3.182551839981784259e-01 4.440237718862784511e-01 4.212461600946739160e-01 5.171093537063240486e-01
1.062100000000000000e+04 4.614550228212639382e-01 2.795631135068562534e-01 2.836967001089791829e-01 3.277946272553364793e-01 3.615292778574856758e-01 4.985128135625860879e-01 5.173861348493539181e-01 7.139623422853591528e-01 7.038401712520636622e-01 5.156979549877270808e-01 4.073658360889688690e-01 3.500589270967074396e-01 3.074425732838469427e-01 4.335781681822047928e-01 2.689461253383286787e-01 2.486276895530808717e-01 3.652648831699459864e-01 3.534817798347058559e-01 3.937784534788293378e-01 3.981192628985641413e-01
1.095300000000000000e+04 3.366781515414944415e-01 2.282795721198145611e-01 2.540952094970062580e-01 3.017631138819095726e-01 3.520309426984098988e-01 5.558733894943380660e-01 6.650581299289803905e-01 7.714921144455010316e-01 6.985903219652556118e-01 5.659700218344344558e-01 3.738488978248882821e-01 3.530434992896487323e-01 3.296677070259380060e-01 3.563071704801172856e-01 1.174269372781721055e-01 1.352074246541514757e-01 4.264253571896939876e-01 5.938404698129882142e-01 3.350127239697738846e-01 4.505976509859903611e-01
1.182400000000000000e+04 4.789612861254632925e-01 2.864729085214033355e-01 2.691402344725907780e-01 2.629325078242396585e-01 2.900140159026676212e-01 4.096001153718322185e-01 7.476402208501837787e-01 8.493286914894819795e-01 6.304792575363560303e-01 5.240559439908281103e-01 5.486195211418918305e-01 3.620217827104937336e-01 2.737501354300618250e-01 2.376566768216539782e-01 1.050414154685296309e-01 2.613383583869315907e-01 5.389671918631966374e-01 3.470421696619897522e-01 4.620852018671068873e-01 3.550622039715297662e-01
1.202400000000000000e+04 4.168297335164652950e-01 2.704179571796963000e-01 2.764850997885370254e-01 2.888681212198879189e-01 3.714515088883381111e-01 5.878629116879785510e-01 6.219976985932309521e-01 7.236820722527487204e-01 6.552961531444221333e-01 5.101005284889544855e-01 6.407762199622065724e-01 1.512129223706784598e-01 1.962565886514992253e-01 2.612088395402438756e-01 3.411953202712194044e-01 3.499695227936320263e-01 6.267371456266235263e-01 3.374384404044549757e-01 2.590850506599454706e-01 3.500705764894086469e-01
