4.560000000000000000e+02 2.275371918273594862e-01 1.326894234392614891e-01 1.307009832883121170e-01 1.685935632070806323e-01 4.541072632626967920e-01 5.379505047120907157e-01 5.774766157778535858e-01 7.999941154130588705e-01 7.617211959239534869e-01 8.742074326256904504e-01 3.536005198901743252e-01 3.115757873563476110e-01 2.015439492344397454e-01 3.226459846154451361e-01 8.842844212080029909e-01 8.737011509836288825e-01 3.132711705653137280e-01 4.052455578119054103e-01 1.921841829665803802e-01 1.978950898048410512e-01
4.570000000000000000e+02 2.009593823213541020e-01 1.330958283007072085e-01 1.065665352468783827e-01 2.835285398283280967e-01 5.015219067867606739e-01 5.339123411318923429e-01 5.355242516530596131e-01 7.691027630788614955e-01 8.065554925004012610e-01 8.282128123693064392e-01 3.543429140897088048e-01 1.795337816826066413e-01 3.014809420421247221e-01 7.148600934390482164e-01 9.344253674650306873e-01 3.402031947027638337e-01 3.660873624568009022e-01 2.494867088646361974e-01 2.330315471371332825e-01 3.008738560189399003e-01
4.580000000000000000e+02 1.933168003333046725e-01 9.697415544130268128e-02 2.027682476139605894e-01 3.173855551041325218e-01 4.853091643556955437e-01 4.809983469307044790e-01 5.027973787330176636e-01 8.133672556154578626e-01 7.491935019542615981e-01 8.691438207023531870e-01 1.961755632313832154e-01 2.761513132174332474e-01 6.715106304815515736e-01 7.593912132011073624e-01 3.657744371813278494e-01 3.996640086229871214e-01 2.265789783271952296e-01 3.041145734202373996e-01 3.310908869766420182e-01 2.833187126882064644e-01
1.294000000000000000e+03 1.510424392802073301e-01 2.511516451525334925e-02 3.642194804262346292e-02 3.677237914513186712e-01 5.372155645688977410e-01 6.282245675513339345e-01 5.913793957945103763e-01 7.773064661285904453e-01 7.614469002644329576e-01 8.202117838429181518e-01 4.870193985351591315e-01 3.079760252848653401e-01 3.422048206311265051e-01 3.731308523937429955e-01 3.023530593080082096e-01 6.136682045485014614e-01 4.051282809368538240e-01 4.559128845464883728e-01 3.683627326114037870e-01 2.482287964918030443e-01
1.295000000000000000e+03 1.078608770822889751e-01 2.237823656526842162e-02 2.813742303952955770e-01 3.519840499122286470e-01 6.127796662982603060e-01 5.419232542909225847e-01 5.106694875668196243e-01 7.609488463809684911e-01 7.417957038291693728e-01 8.139866446097873132e-01 3.753662173974597338e-01 3.347557047667269470e-01 3.715360177137131958e-01 2.604679648674325110e-01 6.993846260321996411e-01 4.688286775495788539e-01 4.388840845172193861e-01 5.095760391631724007e-01 2.984933803400674490e-01 2.083537858376854623e-01
1.535000000000000000e+03 2.002937118553891616e-01 1.234144955636241048e-01 1.424220444901959648e-01 3.067341366155862392e-01 4.519725097579462281e-01 4.490440058369662424e-01 5.185379049454097444e-01 8.024853835495375787e-01 8.049639975819132820e-01 8.913275057372253007e-01 3.214129898875263125e-01 1.945379398530219239e-01 4.842091215778436819e-01 3.934035573277023801e-01 5.308094231185038758e-01 5.802759830003204611e-01 4.002523373597011713e-01 2.588098236744834080e-01 4.468972326037404796e-01 2.888872657449350623e-01
1.568000000000000000e+03 2.455525860710353059e-01 1.856327058718244549e-01 6.337811612489652191e-02 2.436203504885252891e-01 4.469075138277365244e-01 5.596032679799328724e-01 5.883054490568142558e-01 8.578967944854447580e-01 7.300698106804568432e-01 7.781367527786202665e-01 3.931255372833646344e-01 3.609705045782066191e-01 3.923070722775850450e-01 3.133764591388283338e-01 2.408940262006122879e-01 7.291303514221820770e-01 4.333946708389063707e-01 4.691730472816778019e-01 3.369173547077154995e-01 2.298026017122102582e-01
1.569000000000000000e+03 2.461507926524135748e-01 6.326765042472869138e-02 1.783984899686413272e-01 2.801959469881333820e-01 5.340168848173573179e-01 5.481855563667744624e-01 5.852144725913722700e-01 7.343668639387814778e-01 7.055569777185369817e-01 8.228372828876576728e-01 4.391448198439590889e-01 3.819228532811238530e-01 3.091841330504855323e-01 2.056270963508089467e-01 8.233755367316705209e-01 4.969532605016750981e-01 4.475188391291320955e-01 4.618157352464173360e-01 2.775672214022573137e-01 1.473894129057501667e-01
1.857000000000000000e+03 1.229695104089265252e-02 1.381736536342512700e-01 2.090443856752303431e-01 3.251369079346266289e-01 4.897505591000373970e-01 5.283779781969223377e-01 5.986182161517989986e-01 9.048572251723648874e-01 7.615938014547053436e-01 7.729897019404131653e-01 4.779935965592068126e-01 4.474273400840330095e-01 3.363819687666463332e-01 2.824204049294671837e-01 5.344710186910577310e-01 3.540932010976130528e-01 4.343356044371992075e-01 5.314747046442785949e-01 3.187662933113351027e-01 1.950012231399741169e-01
2.159000000000000000e+03 1.946476656656213333e-01 1.086972450990988520e-01 2.086751740905100350e-01 2.526707165058949545e-01 5.558440460079288048e-01 6.038538386954032111e-01 5.625629418954906091e-01 7.094081523203382700e-01 7.176965761274853861e-01 7.978888011008899994e-01 3.055407594486455047e-01 1.603460162978611603e-01 4.703302726477897600e-01 3.662058676642781507e-01 5.660857915331196644e-01 5.168966946891617731e-01 3.623571279317923666e-01 4.593022085992281567e-01 4.124488222732905496e-01 3.155254907835896017e-01
2.504000000000000000e+03 2.454706178503270608e-01 1.565639734203020106e-01 2.084347234984555430e-01 2.668597282279588367e-01 5.123492945171438384e-01 5.297975411487549913e-01 5.109990599594074201e-01 7.603483292839680052e-01 7.731438714030685055e-01 7.605995698280431094e-01 6.793976543193031015e-01 5.273977896087642669e-01 3.809989767289623797e-01 1.987294325272563056e-01 5.360867249811728241e-01 3.226931700800682035e-01 3.387567623528216498e-01 4.223723029913929450e-01 2.104407259627286975e-01 2.720488974431905516e-01
2.516000000000000000e+03 2.704168902980780276e-01 2.184670368116251316e-01 2.311329515655404787e-01 3.007576428342632613e-01 4.598482708889302106e-01 5.247552687500548485e-01 5.237957042619836301e-01 7.250245667560002438e-01 7.287841393573923909e-01 7.469140064277257629e-01 4.874186771845763766e-01 4.625925649202133894e-01 3.202635377194859023e-01 2.186282246226430304e-01 4.654500764555620784e-01 4.163344477542846311e-01 5.354973500541743148e-01 5.355382991260034808e-01 3.250965759314710657e-01 1.484007466626353355e-01
3.120000000000000000e+03 2.542372376120625721e-01 1.822645904442161957e-01 1.595726976058096935e-01 2.455558766326554621e-01 4.330188864424746042e-01 5.046990557455378612e-01 5.312654523261574058e-01 7.613493885863550359e-01 7.824721496892192985e-01 8.344926466448507885e-01 2.839269413459353797e-01 3.293401415907581398e-01 2.598548290283200779e-01 1.652925151343857257e-01 5.990507381639423867e-01 6.393333945045932554e-01 7.266043619361370887e-01 5.353703865422894115e-01 3.294436557799109155e-01 1.290029725427518648e-01
3.557000000000000000e+03 3.570382623967809366e-01 1.239198862040272603e-01 1.127874448103075716e-01 2.487677336352979163e-01 5.011447486160598430e-01 5.458047761887667715e-01 5.483949810214879816e-01 7.112047013663828077e-01 7.407413530410871250e-01 7.977810942859334675e-01 4.369714337800296167e-01 5.231679653431239307e-01 3.883305974842649611e-01 2.029807460691415710e-01 5.968435796163716889e-01 3.854714269952377870e-01 4.348560783457642298e-01 5.433858615378973633e-01 3.039201263633543038e-01 1.004097524314852968e-01
3.965000000000000000e+03 1.740372918406510594e-01 6.949742632048058755e-02 1.206300125906114434e-01 3.046594972872859186e-01 5.101442985279632802e-01 6.108013497855742102e-01 6.142414935503612838e-01 8.474227504238226460e-01 7.135487240070315096e-01 7.484911666254898677e-01 4.705781705542619320e-01 3.008630588814668605e-01 3.713568323334512922e-01 3.699251073999089701e-01 3.675231166300702013e-01 6.102301313815430284e-01 3.878922515943343252e-01 4.350135459447318498e-01 3.644757204002502804e-01 2.318699591722734044e-01
4.706000000000000000e+03 2.297015353833455620e-01 1.419088021047687498e-01 7.816121430971172124e-02 3.083521583957889445e-01 4.977792392776645425e-01 4.532195938910549837e-01 4.932111838999172493e-01 7.813432488658476061e-01 7.948863313164945543e-01 9.163742096777561796e-01 3.761586885670296088e-01 2.716658646250771914e-01 3.360824743284233640e-01 4.495924719074981257e-01 5.011042110063430588e-01 6.034469203438954654e-01 3.623418366754276865e-01 3.625092003008024144e-01 3.410597122268114734e-01 3.195154206809864283e-01
4.843000000000000000e+03 2.322247922335855530e-01 7.013147740131112085e-02 8.012914021855163660e-02 3.714036764530670998e-01 4.079806157295622349e-01 5.256709608244918286e-01 5.734840929861881875e-01 8.478183509218976122e-01 7.628677660222519252e-01 8.161469737224641419e-01 4.696438979331927221e-01 2.457885371096215077e-01 2.801395829372620438e-01 4.128757279729761143e-01 4.262337076805588487e-01 3.656628718303886472e-01 7.461486797144726291e-01 4.398569365840560019e-01 2.811872943227045063e-01 2.660412134034653708e-01
4.844000000000000000e+03 1.615342159424363877e-01 9.165390028206452100e-02 3.050432110702132049e-01 2.544466912746584653e-01 4.998878511315421047e-01 5.407040599354969723e-01 5.848256571724097519e-01 7.831352187286174660e-01 7.545414651492997615e-01 7.440579018033186554e-01 2.886909483233282558e-01 2.661023776880984126e-01 4.028361930414661174e-01 3.597918891666674890e-01 4.083551019450157860e-01 8.460820695111712642e-01 4.149061252039002445e-01 3.811545469068867154e-01 3.098801167576996640e-01 2.625712944805335680e-01
5.266000000000000000e+03 2.671838378904797806e-01 2.046635458682808939e-01 1.659096228680485841e-01 2.097371965366106317e-01 5.213249236104398054e-01 5.314871795367949181e-01 5.342547307511614774e-01 7.729044997718911292e-01 7.723316376259725669e-01 7.422422119247963357e-01 2.942320566359908907e-01 3.285858800131961077e-01 3.096657729037106122e-01 3.928984009242620368e-01 4.977796948986574210e-01 4.594008606923627447e-01 3.571500607972438734e-01 4.929887762631021686e-01 2.686903554969136132e-01 5.164930991290591633e-01
6.013000000000000000e+03 3.886613574942695548e-01 8.432394474890457514e-02 1.544889123524112728e-01 2.163009869180225475e-01 4.548861123346825130e-01 6.515697877997859155e-01 4.855781826153650060e-01 7.133580117980788948e-01 7.173118505864493066e-01 8.050954239135846846e-01 4.926965997093446514e-01 4.645623764919465937e-01 3.802864377405794638e-01 3.086925419207213195e-01 5.288388836342302612e-01 5.060673125925573279e-01 4.410689488186639307e-01 4.767214364423335571e-01 1.770278409061547265e-01 1.550886211341219179e-01
6.488000000000000000e+03 1.807645813189653894e-01 2.025488678677112298e-01 2.322480416297651173e-01 2.880839695589306193e-01 5.162902393129604750e-01 5.402914397239735322e-01 5.282751194918753335e-01 6.898392849240611024e-01 7.716074018395115974e-01 7.792504173119482180e-01 3.409911861904698638e-01 3.499205709795200625e-01 3.609194141599439964e-01 3.779131437132788873e-01 4.534723163160077619e-01 2.469377296338360894e-01 4.895121886007203771e-01 5.367971149422700039e-01 3.730602371793887984e-01 3.549053960235306060e-01
6.664000000000000000e+03 2.205176378726526609e-01 1.816072150062621737e-01 1.949774159006552321e-01 2.836878346178119958e-01 4.592784909444904695e-01 5.671687976572356016e-01 5.101504805438936696e-01 7.578839271695073654e-01 7.594788557114230398e-01 7.809231299743506494e-01 4.689485055839167083e-01 3.685429428601382229e-01 3.474426176994789839e-01 1.782426962621280198e-01 4.645495775170924158e-01 5.135557899890441647e-01 5.037942828719300659e-01 5.114918992960633126e-01 3.570844338726706924e-01 2.155583521440724293e-01
7.841000000000000000e+03 1.750015028595633404e-01 2.220016072459655709e-01 1.763231525512624631e-01 2.875624933058528732e-01 3.974631935696704699e-01 5.617965636843348376e-01 4.826655351321678111e-01 8.177257366504050440e-01 8.122333451828205320e-01 7.814498142039878470e-01 5.572810784401498463e-01 3.520724956036285214e-01 3.775325281564585467e-01 4.337149050035816189e-01 4.003764578291297838e-01 4.367880730779561405e-01 5.407495797709376273e-01 3.263677231768726261e-01 2.534469351126855674e-01 2.127498379756348756e-01
8.142000000000000000e+03 1.806621142220703469e-01 1.216050754868077399e-01 1.040645822450075586e-01 2.212262809448642398e-01 5.754620974799733446e-01 6.272260510308389492e-01 5.668777977689829495e-01 7.921593933307007340e-01 7.657117705587268564e-01 7.593569445711673138e-01 4.979099928419060683e-01 2.082275686961786443e-01 3.592988749451095920e-01 3.009269279151326471e-01 4.624784665641424874e-01 5.580105699522902585e-01 4.331243471950368962e-01 4.637851214263684074e-01 3.970347239678885254e-01 2.601362064700942223e-01
8.322000000000000000e+03 2.189105846681073386e-01 1.582293370135005872e-01 1.720316830316551693e-01 2.810606623827948680e-01 4.948237340528893191e-01 6.467924067887118600e-01 5.013227475140832334e-01 6.866006673040673247e-01 7.730824029898328842e-01 7.756475526345758542e-01 3.531139461931765977e-01 4.576803522860681261e-01 3.234612288684934334e-01 2.601173672018515237e-01 5.105101893460409768e-01 3.861983833005339095e-01 6.166225191012004725e-01 5.390860016953530343e-01 2.678471753259786814e-01 2.084872489827793163e-01
8.354000000000000000e+03 1.045849417806813120e-01 3.316278768943772270e-01 8.573755291152440616e-02 1.260976767143222321e-01 5.851070870210547392e-01 5.171125388687183300e-01 5.472480326218206459e-01 8.700234317572562714e-01 7.405290446243877334e-01 8.321845461241655917e-01 3.884760905112871199e-01 3.138967622882326003e-01 2.709779242569683722e-01 2.735678503901657344e-01 6.545833187264470387e-01 5.763001775037259744e-01 3.667503512854903835e-01 3.534785757629908542e-01 3.595039861352208876e-01 3.888804420773747106e-01
8.356000000000000000e+03 1.755227409494568569e-01 8.131863975648970233e-02 3.386893966773146247e-01 3.186356670620251186e-01 4.713609164746748736e-01 5.637841054190992907e-01 5.025395529959042484e-01 7.842739104664663286e-01 7.727838418365363671e-01 7.252099972389258742e-01 2.879926301957488333e-01 2.413741392774459149e-01 5.155571643823604333e-01 5.195227363942316323e-01 4.441378423689606447e-01 3.615755067231415376e-01 4.395849849423806299e-01 5.572037528898640124e-01 1.893060109086322773e-01 3.569450302931808650e-01
8.879000000000000000e+03 3.185371999033284052e-01 1.848657043807519496e-01 1.601949434841865860e-01 2.237974837122644334e-01 4.104405289104285370e-01 4.774640255388424848e-01 5.698706476636330454e-01 7.816434507866416581e-01 7.235569384667821513e-01 8.313648955585566380e-01 1.513866386422971777e-01 1.281175685840832967e-01 7.080012806266697267e-02 4.003116470332311327e-01 9.846280713510728866e-01 5.360883619635892217e-01 4.506120883398188059e-01 5.713557087332453710e-01 5.045595377124416636e-01 2.645923175096431268e-01
9.598000000000000000e+03 2.560516900532407436e-01 1.774671382414574894e-01 1.378003893242844835e-01 2.395050313223124339e-01 4.044415047728946999e-01 5.498737734687603185e-01 5.662472221992620458e-01 8.072482846098067988e-01 7.673341493504303168e-01 7.817827003788335727e-01 4.947028386480551987e-01 3.220521914499225868e-01 3.469453673032265040e-01 2.606171149160299017e-01 3.645584400450709306e-01 5.178372825843815530e-01 6.497205446910980786e-01 4.218879220656948092e-01 2.903002967137413570e-01 2.502792486110046455e-01
1.007700000000000000e+04 2.427946347797311222e-01 1.336871889251302070e-01 1.670937634424019547e-01 2.650268985603013161e-01 4.354424234807177108e-01 5.259041511670388136e-01 5.601827379516600702e-01 8.092045734404225144e-01 7.691342514108038264e-01 7.872136053528385746e-01 6.287997170695426297e-01 2.224307845605696388e-01 3.839785596579409210e-01 3.721720030341845731e-01 3.112131827935075146e-01 5.253000421167988154e-01 4.129484709064688563e-01 3.494736471788366661e-01 3.547471718880831348e-01 3.320892660576210687e-01
1.042900000000000000e+04 2.631090310726941217e-01 1.899910449533747381e-01 2.314703985893406257e-01 2.823892127645024064e-01 4.627629572963390392e-01 4.984398698013929874e-01 5.117601802017638368e-01 7.433933567375022866e-01 7.325118271395372194e-01 8.023420741479552198e-01 3.423681378658508523e-01 3.827572991830750504e-01 3.228639771410229398e-01 1.600755404671111159e-01 6.285309456385785865e-01 5.247686877155396390e-01 6.131736093622235373e-01 6.043433277819739713e-01 3.977655610794234575e-01 0.000000000000000000e+00
1.212600000000000000e+04 2.655714410929168046e-01 1.721453568818094582e-01 1.549972932939918668e-01 2.607514309701495225e-01 4.904511818898464881e-01 5.658908208256616668e-01 5.819745163186557102e-01 7.621708137670157868e-01 7.166616749381197193e-01 7.434973581955769406e-01 2.934348976005707321e-01 3.533459912628036381e-01 3.083589747041106111e-01 4.040759359654376159e-01 4.038817025767912350e-01 6.277800331473590845e-01 3.799978096520604809e-01 3.380717848012541049e-01 2.862639135416377156e-01 4.998214526064278518e-01
