1.860000000000000000e+02 2.481776224419442733e-01 1.450768213362053083e-01 1.481389013292231660e-01 2.317950215850951012e-01 3.704969062853051831e-01 5.191889239411847656e-01 5.505807940044592508e-01 7.813881220202120170e-01 8.021379282708469560e-01 8.624506156156452885e-01 6.170381172847179130e-01 1.616539904036605746e-01 6.600763623743128861e-01 2.945672346424287324e-01 3.731735915610885357e-01 5.103801498922403423e-01 3.666427091742284206e-01 2.392262309107490159e-01 4.177023175682386680e-01 2.235519888384067955e-01
2.010000000000000000e+02 2.498444636525453399e-01 1.550130076113409028e-01 1.230101377996849071e-01 2.272615043226083320e-01 3.881583350347844186e-01 4.812443341497168459e-01 5.389646246098349636e-01 7.790093662272913333e-01 8.138901909641509391e-01 9.008081356608325097e-01 2.178248402726155331e-01 2.874469190647602757e-01 5.570259392968133216e-01 6.308536290560111670e-01 2.993507243669582540e-01 4.657998301451359291e-01 3.003532872892115679e-01 4.415900243001768533e-01 4.199473494082177072e-01 2.196639212331153446e-01
2.020000000000000000e+02 2.124764531830917180e-01 1.167662846158460666e-01 1.529955114866264343e-01 2.144763619177122438e-01 4.171941262278508478e-01 4.862563316643613298e-01 5.123435048955136129e-01 8.239517843796373420e-01 8.289557231767946677e-01 9.004569225042247105e-01 3.301826428494076815e-01 5.250822384430191558e-01 5.975689137309867505e-01 2.453198534822106924e-01 5.050127441866389955e-01 3.306529410620571707e-01 4.043945026684582222e-01 5.526430308035569228e-01 2.568711006452571999e-01 1.239113361266071939e-01
2.030000000000000000e+02 1.805864770030140287e-01 1.478563119106740542e-01 1.399284755918655254e-01 2.398618668165004575e-01 4.222830350678319355e-01 4.566327994243230548e-01 5.478139230106505719e-01 8.405721533227821229e-01 8.274243241769668744e-01 8.763988098324371201e-01 6.070932307873664335e-01 5.520201388359532446e-01 2.274641594276651524e-01 4.051193748060041289e-01 3.509178336936009113e-01 4.357868999875765814e-01 4.954014407402868025e-01 3.308987618287730914e-01 1.625752561561879250e-01 3.054913972303089365e-01
2.040000000000000000e+02 2.007575452823472106e-01 1.277031868635577772e-01 1.576899829134549846e-01 2.385642080932737219e-01 3.763011318880715161e-01 4.896396782507911882e-01 5.567801392364841728e-01 8.331363511529031873e-01 7.968101732589344399e-01 8.866958748463771300e-01 7.134243912027425916e-01 2.260814607043998004e-01 4.168046445009681578e-01 3.123594874180568026e-01 5.131806700295931112e-01 5.923599466038039774e-01 3.291442250307616835e-01 2.323920972591611567e-01 3.673914689115611032e-01 2.150165790818923395e-01
2.050000000000000000e+02 1.872240952798168989e-01 1.502791652345883966e-01 1.595393035472834342e-01 1.993515694305159347e-01 4.238872005998387538e-01 5.019030571092758519e-01 5.532480817080334123e-01 7.996667999991748932e-01 8.104942065954651165e-01 8.833114026376129857e-01 2.727365331473492471e-01 4.141400076577612666e-01 3.137768403090668290e-01 4.459928609101185271e-01 6.810729292299640969e-01 3.842700903434521642e-01 2.257066800330058964e-01 5.127291722438311883e-01 2.677409070762654109e-01 4.061960647547001035e-01
2.060000000000000000e+02 2.095033561361215879e-01 1.574596008546822745e-01 1.283660281038623840e-01 2.485657840607003177e-01 4.458652256150416604e-01 5.023519193805917604e-01 5.299493513547494095e-01 8.208626158664397154e-01 8.109082179933522205e-01 8.373520874639354128e-01 4.426272903034423334e-01 2.657223832068741354e-01 3.879760493400785659e-01 5.125849951685291783e-01 3.826093329734020498e-01 2.281867847468627697e-01 4.312118576565728278e-01 3.235765126587565321e-01 3.983250225693069635e-01 4.681046192371401959e-01
2.270000000000000000e+02 2.021971575572170665e-01 9.555916537825533130e-02 1.259138266071626044e-01 1.751782846820682804e-01 3.712073208227112953e-01 5.045508007630048475e-01 5.904989452209452594e-01 8.637288651928601846e-01 8.364941251797277655e-01 8.768609605861318324e-01 5.784942558340410157e-01 2.331457569908048089e-01 3.765409274794107031e-01 2.512011557172757481e-01 3.151814866927934999e-01 5.214512833972868577e-01 6.632231012298267503e-01 3.918349110331291185e-01 3.272552146499985715e-01 2.589653344053076123e-01
2.300000000000000000e+02 1.450879725268719445e-01 9.456985824908481497e-02 1.678264542359167999e-01 2.887143020698488827e-01 4.553523062051975656e-01 4.987656460814836601e-01 5.182808407741473777e-01 8.674036635822931496e-01 8.006337759292048162e-01 8.623045422515235314e-01 2.027512472223016171e-01 1.888329258655015719e-01 3.739293499838305945e-01 5.527416470205394061e-01 3.649151495330232864e-01 3.699326132026112268e-01 3.020237270701408017e-01 5.383403859032876992e-01 5.480744159206887289e-01 4.282499830531997231e-01
2.400000000000000000e+02 1.995263950426824084e-01 1.398176380057035151e-01 1.918018335279845499e-01 1.936719649032701551e-01 3.465724028061218931e-01 4.892493114217126848e-01 5.467060237724240546e-01 8.498173542787337276e-01 8.443507124822342558e-01 8.573539485987806685e-01 7.015407862094289460e-01 3.501241145560389234e-01 1.812663160230860993e-01 4.008887832838566867e-01 6.500961524482493648e-01 3.913627336523223255e-01 1.922779587057345252e-01 4.141904621994343949e-01 2.810498561788543070e-01 3.798290855855002146e-01
2.410000000000000000e+02 2.044119715996891296e-01 1.966215150040971360e-01 1.269530367704656271e-01 1.811755063566174717e-01 4.334752009848418797e-01 4.987290847565853946e-01 5.739365525267218215e-01 8.651863198969710345e-01 7.861638403059669766e-01 8.214918684646347335e-01 4.300758437044719940e-01 1.717571175941335071e-01 3.995978618165458296e-01 5.606180139759630032e-01 4.465052378553436840e-01 2.227534792154603760e-01 3.991449769723898755e-01 3.892067093692554436e-01 4.301081860803050438e-01 4.200815226829341387e-01
3.830000000000000000e+02 1.887244679131083458e-01 1.078834214428997101e-01 1.198484311787389872e-01 2.092907210185421807e-01 4.142274466898612784e-01 5.768515348910068230e-01 6.055087242104361112e-01 7.977105265301722703e-01 7.688620309754123916e-01 8.667378810169715786e-01 5.691779475656159049e-01 1.640891470129787200e-01 3.102488310667694815e-01 3.154604338448884771e-01 4.378468925293352854e-01 6.483788683650326679e-01 4.285576044283842534e-01 4.743014383945115542e-01 4.451752210907997109e-01 1.674708137595354307e-01
4.870000000000000000e+02 1.932974624188301682e-01 1.483730875857363907e-01 1.998916743694825471e-01 1.685500005269879864e-01 3.751857568303159085e-01 4.986383322394244422e-01 5.601630953097790355e-01 8.305177514703537822e-01 7.897958615656107684e-01 8.938028048069874831e-01 5.547146298100211759e-01 2.579307139568542406e-01 3.071184558560349220e-01 4.938164053198969006e-01 6.098262572228894118e-01 3.526776920049969344e-01 5.107283535598312607e-01 2.536825555168477631e-01 2.502469770697126616e-01 3.322805903794272542e-01
6.210000000000000000e+02 2.257096428205034311e-01 7.154695505976917114e-02 1.365231018909209004e-01 1.627016770339133056e-01 4.060002240900171810e-01 4.598701916970931447e-01 5.207617148534960938e-01 8.701556670115915271e-01 8.562782113115261495e-01 9.333568534251680537e-01 4.719488293092365949e-01 5.505694603269112308e-01 5.026270810878228357e-01 2.786734436221230959e-01 3.364197113553322183e-01 3.128648783574964343e-01 3.863769750142901360e-01 4.580310756203499478e-01 3.516920365438352958e-01 1.740929816165450172e-01
9.190000000000000000e+02 1.609122855730037438e-01 1.638483161042978697e-01 1.850794993422543444e-01 2.253311280040036502e-01 4.136614219506996593e-01 5.265317163934127853e-01 5.611964331954173435e-01 8.336320703027703116e-01 7.738995911849849696e-01 8.432733185055696357e-01 4.819661430013690295e-01 4.064429678999452178e-01 3.344361488403254645e-01 4.225319521458101857e-01 3.715269016173210481e-01 4.797656175239762288e-01 4.053727954198146910e-01 4.069814944178633542e-01 2.681112383792472742e-01 3.079500095242131974e-01
1.172000000000000000e+03 1.767855561067067927e-01 7.037249450743977841e-02 9.436312889170729579e-02 2.533148410098266523e-01 4.348959852695683526e-01 5.425979139698118292e-01 5.379084498536792491e-01 8.151080133135580885e-01 8.008999902005767835e-01 9.308086136427632384e-01 3.056586495231650713e-01 4.234308632527981620e-01 3.643895181232009173e-01 4.517668199840976784e-01 5.735368024573038737e-01 4.366404820584438573e-01 1.708275037059802659e-01 4.724559567093611356e-01 3.237517008324471424e-01 3.704040800672308564e-01
1.173000000000000000e+03 1.424714837143473689e-01 8.312765951843059664e-02 1.745281390559692558e-01 2.551536834596894177e-01 4.962365676465205211e-01 4.830554855314606044e-01 5.397924788179940814e-01 8.060495081716851917e-01 8.592872637036488292e-01 8.513023150085096136e-01 4.727056182147225671e-01 3.235097800073939434e-01 4.087609032883952609e-01 4.489615240402154428e-01 4.521926178561354592e-01 1.796327839050051722e-01 4.132783288397243737e-01 4.069654719083614647e-01 3.818843738721294789e-01 3.664630169237592661e-01
1.293000000000000000e+03 1.246263810242412423e-01 8.346612692865554295e-02 4.314926256565460028e-02 1.050283526245118226e-01 5.592503570444312677e-01 5.753197735897008780e-01 6.757257582922664430e-01 8.807594076095970337e-01 7.787391246366479614e-01 8.417822026416050818e-01 4.962924334390439451e-01 3.983288095528517148e-01 3.185516850744908313e-01 3.466733753709803634e-01 4.369192777637181946e-01 2.676058936243779218e-01 5.349198201776088624e-01 4.245184867689589248e-01 3.324462892931736580e-01 3.215587746271696967e-01
1.532000000000000000e+03 1.283681453470747746e-01 1.241337941409658557e-01 2.007855366052007928e-01 2.383349098840837066e-01 3.960862370270505362e-01 4.771804653397708762e-01 5.996121464114178012e-01 8.551917812462037638e-01 7.838805427835642270e-01 8.727527126453920037e-01 3.494360264221809120e-01 3.644333699375928992e-01 4.196944958728254238e-01 3.130793215683683739e-01 2.700585410648578821e-01 5.626382585554009497e-01 3.933250136987105905e-01 4.749182830064337946e-01 4.277323000346901494e-01 2.912978054376162418e-01
1.607000000000000000e+03 2.495709520975656071e-01 1.268766358617207102e-01 9.187187385077515145e-02 1.569471025123586050e-01 3.902621200049142813e-01 4.831493838606408797e-01 5.861742219082961558e-01 9.111783675909448377e-01 8.209943215044492870e-01 8.394708751199828622e-01 3.658274705673718596e-01 2.436824512927509290e-01 3.666723310130531877e-01 4.127433410886657272e-01 4.921546898999198949e-01 4.503443468321892684e-01 3.608981689496736922e-01 2.164417904557859318e-01 5.373541552065896898e-01 4.143890469258388332e-01
1.617000000000000000e+03 1.300571644101881086e-01 1.501572301421791322e-01 1.574748065831078070e-01 2.054586556311713552e-01 4.622046480214053732e-01 4.951532270817260439e-01 5.584703763238234586e-01 9.002711426324135902e-01 7.810376372624004970e-01 8.568517195894694849e-01 4.115644546754672617e-01 3.540477511081634443e-01 3.153676395044398006e-01 2.324365187061239735e-01 5.565480648653997608e-01 4.157189258643944063e-01 4.731405307461886700e-01 5.264936064824669026e-01 3.959380140171665508e-01 2.500074335281645133e-01
2.157000000000000000e+03 1.954278030307511627e-01 1.371863105614378464e-01 1.203777309637768661e-01 1.674563443364235626e-01 4.470486757861699134e-01 4.750035214145724716e-01 6.171100318900375470e-01 9.291031252032194709e-01 8.130315760833551897e-01 7.841541520604392579e-01 4.300646525618417870e-01 3.301873973848731825e-01 2.987853776410939743e-01 1.947472941022147519e-01 6.246592161131997445e-01 4.249336145727017899e-01 4.889786735496787218e-01 5.286053954771545715e-01 3.099905035128024400e-01 3.282555451508016864e-01
2.502000000000000000e+03 2.468121481581874999e-01 1.768430720048184135e-01 1.689624301638954218e-01 2.050034794611227673e-01 4.353691415557427447e-01 4.779579311789496354e-01 5.785765252618301213e-01 8.341665586084191508e-01 7.518611321456246666e-01 8.160831430227479810e-01 4.847349205818267670e-01 3.025210378497393271e-01 5.713879531590758676e-01 5.563810895105625320e-01 4.623824884781846389e-01 2.107053645688485854e-01 4.231352102936128401e-01 3.015323194895276893e-01 2.648054254525801787e-01 2.676430263221393213e-01
2.572000000000000000e+03 1.922910844363733274e-01 1.932079348910983319e-01 1.477255767871064329e-01 2.334338457597920913e-01 4.678993369295127991e-01 4.733738052058544810e-01 4.972072503966909474e-01 7.851599876936556921e-01 7.820732811156739794e-01 9.193738845893187905e-01 2.134616377027497847e-01 3.587265216961815772e-01 3.491495518917457908e-01 4.356811205626901495e-01 5.409186046332512543e-01 3.883354525081170183e-01 2.452175872379939725e-01 5.386666388516903048e-01 3.291516764310875587e-01 5.000449275409182270e-01
2.573000000000000000e+03 2.446170126926262289e-01 1.454252582012962869e-01 1.603332807728586329e-01 2.900813572368745596e-01 4.086814350019766784e-01 4.431465341065821129e-01 5.187426437636504239e-01 7.876516884628709247e-01 8.504015551899533065e-01 8.367323157101020925e-01 3.791026233180362914e-01 2.961343948131614501e-01 3.778707705259023442e-01 4.058821335199561675e-01 3.854997314852851020e-01 2.471707919264333198e-01 4.516693774582731247e-01 3.966063706076801698e-01 4.786090784167236212e-01 4.261222310991211737e-01
2.654000000000000000e+03 2.704083155577851616e-01 1.789289860945968424e-01 1.754340622828168550e-01 1.442132359178883994e-01 3.150299753304954264e-01 4.374845204967071077e-01 6.501719416328449741e-01 8.373260509190991741e-01 7.636476927751697508e-01 8.669290593114326038e-01 3.800720206177690685e-01 2.880078929070729599e-01 2.455218545485072512e-01 4.224113479470885113e-01 3.745352650515091364e-01 5.372508714697648013e-01 5.760278056396975765e-01 5.264344950824835223e-01 2.434392737613388924e-01 3.505953642577487317e-01
3.374000000000000000e+03 2.147781271628106947e-01 1.601394683015823772e-01 1.582904042924547505e-01 2.227155419504767142e-01 4.652683629815508315e-01 5.156403595722165445e-01 5.609642321873983262e-01 8.027908601317905735e-01 7.685446676299018121e-01 8.247494248438227427e-01 2.017126855314207434e-01 4.410961939133442034e-01 3.318362354412418558e-01 3.721496041149253697e-01 7.792931571079412256e-01 3.607338231458315780e-01 1.614920187105096938e-01 5.732243169732871291e-01 4.257377558805043871e-01 2.774026462881649668e-01
3.839000000000000000e+03 1.426330375546197293e-01 1.093171153335051188e-01 2.048910882209684370e-01 2.416928430517205073e-01 3.699147499683368978e-01 4.640827985415744705e-01 5.906542488333849095e-01 7.699340441722442030e-01 8.460851613232289736e-01 9.110987806137588185e-01 3.788573120437997432e-01 3.423378379323392395e-01 4.460451598848751975e-01 3.943173234681499051e-01 2.250537510662742879e-01 4.551945064915364769e-01 5.002161127559592302e-01 4.043626862035148428e-01 4.451857384312911114e-01 2.485654419469600918e-01
3.840000000000000000e+03 1.624924895777708211e-01 1.890508573055173502e-01 1.509445227745164764e-01 1.809627406367954328e-01 3.763067734666157294e-01 5.279006402547141708e-01 4.923230791260390649e-01 8.468302478561914315e-01 8.270073870099078350e-01 9.122599907085098270e-01 4.130606824109732678e-01 4.336000038915622801e-01 3.870316067443806407e-01 1.911133059086399244e-01 5.113797900180686584e-01 5.706087118975727845e-01 3.837102774290989116e-01 6.070629112606505950e-01 2.945660110285689970e-01 1.518977380304741831e-01
3.964000000000000000e+03 2.155973685180938570e-01 8.864803471277236946e-02 6.246527240475832632e-02 1.733494654225813947e-01 4.654434906415977347e-01 5.357830963407349545e-01 6.413409882015936869e-01 8.867087752721324323e-01 8.189640304683999394e-01 7.802989969879805532e-01 5.362822527620502155e-01 3.790915009680075332e-01 3.065062725301909152e-01 3.702043097094452895e-01 4.262546671819585908e-01 3.200985057703601977e-01 5.234377246490637958e-01 3.999712876831069686e-01 3.121453264448586506e-01 3.117394859800713958e-01
4.034000000000000000e+03 1.349282940714738033e-01 3.830541748970251598e-02 4.262988722214388487e-02 1.280056326035330649e-01 4.391976146045221685e-01 6.319762660455736647e-01 6.309005511337559824e-01 9.240386627045638068e-01 8.177710636209759576e-01 8.516191090450010437e-01 1.221872726589409985e-01 4.250602960110160256e-01 3.129648300956255902e-01 3.991601950644246277e-01 4.701447195588035477e-01 4.967259634732753004e-01 3.129080102798650342e-01 5.391115237152640516e-01 5.017282917126112407e-01 3.019728435385808374e-01
4.262000000000000000e+03 2.566099379154652693e-01 1.575423169346825691e-01 1.301498716803766442e-01 1.779636626721021742e-01 3.922631109217546985e-01 5.412609334675710926e-01 5.446697977527820145e-01 8.159318687910239731e-01 7.806658860558436386e-01 8.633514186031818749e-01 1.824525191142080116e-01 3.140179159106794016e-01 3.968892868091586368e-01 4.223804135513893332e-01 5.079470593119405075e-01 3.880056064060930510e-01 2.597551737263587568e-01 8.316277088854553412e-01 3.918445233030132813e-01 2.444999723520297208e-01
4.704000000000000000e+03 1.320219921428162635e-01 1.810898756440111057e-01 1.947530112021879922e-01 2.380715775054379202e-01 3.333852261192412625e-01 5.504307900245224427e-01 6.047784925255802468e-01 7.907261175400569497e-01 7.708300438956341427e-01 8.669570811465021620e-01 2.411706747455526489e-01 3.495861219802745556e-01 3.702672041770890266e-01 3.290610560250930017e-01 4.585069177615547775e-01 5.358841137641441321e-01 4.446230656498578737e-01 6.339059413545785615e-01 3.184108624038495816e-01 2.564272586991732661e-01
4.707000000000000000e+03 2.048312698847169766e-01 7.164397430068580874e-02 2.306258130157221586e-01 3.195008321710107735e-01 3.837143410958914758e-01 4.403103555230269972e-01 5.169771768887146957e-01 8.046098713796969726e-01 8.485536038672271131e-01 8.589126863080496221e-01 2.952766818777814439e-01 2.973986804731848510e-01 4.067574011698831815e-01 3.922263212629744089e-01 6.248870315856906998e-01 3.809907820290379110e-01 3.170773941813199159e-01 4.286844411565255974e-01 3.357657096102391603e-01 4.310403686619638797e-01
4.708000000000000000e+03 1.466563383649794605e-01 2.350261007461107721e-01 2.388342486846482815e-01 2.117824035078521572e-01 3.641389799077276446e-01 4.639243584141130028e-01 5.342637457980654592e-01 8.666882016804134947e-01 7.849082657788365447e-01 8.507225665024490402e-01 3.332878181110550120e-01 3.707320044867477571e-01 3.626344107954094231e-01 4.998364531782411024e-01 4.031744811753024127e-01 3.407056562242996023e-01 3.831772041737336321e-01 4.312825473883846739e-01 4.463368548278259795e-01 2.829068405686938070e-01
4.745000000000000000e+03 3.223804016387608051e-01 1.388601804599614298e-01 9.292915342517561739e-02 2.238402360246301848e-01 3.922495192226271854e-01 4.643024406095869749e-01 5.117785555899955208e-01 8.827912229836546443e-01 8.083571403975341463e-01 8.361648437616411300e-01 2.665260726876125807e-01 4.709764840908513550e-01 4.675289202816428347e-01 4.429748946322297209e-01 3.397790811894186302e-01 3.766531765572944668e-01 3.488178364213694316e-01 5.016314650094333416e-01 3.654593330857418554e-01 2.571601753903554610e-01
4.746000000000000000e+03 2.093646308874066442e-01 9.635400551993186791e-02 1.611717487421394646e-01 2.306007721890010187e-01 4.079425295059507794e-01 4.672236802153641455e-01 6.062499746758103214e-01 8.288644781848401033e-01 7.689033936257089197e-01 8.855772534459851464e-01 5.490093834229785585e-01 4.343568363534837662e-01 4.155144803451950031e-01 2.757382563669151798e-01 4.043843747269657563e-01 3.802656234568711491e-01 4.549018614952560213e-01 4.762539215340833021e-01 2.895740616422008418e-01 2.052710921312143333e-01
4.799000000000000000e+03 2.753680874213955687e-01 1.692900367635899461e-01 1.804641595554544176e-01 2.642727326777245533e-01 3.695418988375597236e-01 4.751955760548636221e-01 5.671692923275004627e-01 7.634469823002194566e-01 7.730538559361143092e-01 8.365088295102582894e-01 3.865332489592924747e-01 4.305535581898131126e-01 4.294093218334342765e-01 3.950816584763398032e-01 3.719298099571864413e-01 4.150518336842712874e-01 3.793957748307710265e-01 5.106937303738231515e-01 3.218228963446979063e-01 2.311628717397602450e-01
5.320000000000000000e+03 3.121478849137154232e-01 2.155264924712612662e-01 1.811311535706731923e-01 2.067191685283569780e-01 3.877211137033554911e-01 4.544553972450157131e-01 5.437901656557888597e-01 7.821937490367948387e-01 7.512229334738709241e-01 8.451951309758565234e-01 1.329374797319994861e-01 2.892984148045656401e-01 4.966438619652882580e-01 4.935260380112106993e-01 4.082052445325632939e-01 4.119681336068058974e-01 5.687752404412672602e-01 3.377122294236341582e-01 3.790754588037945627e-01 3.394906049248780922e-01
5.328000000000000000e+03 2.231607303739134851e-01 1.910711910186934648e-01 2.188467291238760382e-01 1.672496752033522938e-01 3.910705544118979748e-01 4.462857813489874426e-01 5.580594202931931092e-01 8.122453645129462663e-01 8.226679483134892168e-01 8.437594630657364592e-01 3.762842582125932034e-01 3.174734303371294364e-01 3.907377880529078751e-01 4.857566181610570299e-01 5.368792217898799013e-01 1.371188143212807575e-01 4.456915980748419881e-01 5.056393704400571343e-01 3.370074045417896791e-01 3.511513522660841269e-01
5.330000000000000000e+03 2.623526833830912564e-01 8.593065148910800088e-02 1.403527243630092736e-01 1.945110765305157752e-01 4.470565454111128378e-01 4.837180123091146533e-01 5.546533422354740228e-01 7.650460765193313195e-01 8.205413027560635175e-01 8.977283591165112764e-01 3.793362828473105797e-01 3.879719484243773775e-01 3.757850750076474067e-01 1.098437680210262307e-01 4.796575994564816758e-01 4.596407096397613357e-01 3.662089388068489049e-01 4.527332660517702778e-01 6.064483201697907777e-01 2.573935515916877526e-01
5.331000000000000000e+03 1.600158840341500965e-01 1.393598284446868618e-01 1.264447223215930116e-01 2.727533848111649561e-01 4.245873378254916286e-01 5.060845577985516597e-01 5.038442680228120141e-01 8.354326503400451021e-01 8.285965915662111270e-01 8.871261157434583433e-01 4.468138366102641368e-01 3.455251065750016282e-01 1.026861461388922231e-01 3.879587493129049158e-01 4.918416955603293617e-01 3.978978384512112942e-01 4.091961903664089739e-01 7.876754923603180858e-01 2.888300416563474582e-01 3.233338139092003516e-01
5.735000000000000000e+03 2.148410770846787832e-01 1.456499327993031334e-01 1.231755005309957129e-01 1.925370860705357956e-01 3.665248356538686747e-01 5.384520759573511173e-01 6.054742009420820414e-01 8.142533941809867448e-01 7.938470064909313173e-01 8.554349237268595862e-01 3.759065374808158722e-01 3.571888127454432849e-01 3.871531495987082794e-01 4.727551872456372539e-01 4.024333033926310588e-01 4.810549323421122181e-01 3.643875702693546437e-01 4.523681755838515617e-01 3.213911242269291701e-01 2.737556560654325066e-01
5.751000000000000000e+03 2.296154082724194967e-01 6.744665746021820396e-02 5.683752587331515616e-02 5.321423258732235761e-02 4.364096895270473397e-01 5.982963844663500286e-01 6.029962027595699992e-01 8.828405350418598863e-01 8.228166316769800481e-01 8.737121456054131041e-01 2.493641145131828551e-01 1.989396506449422619e-01 3.351199295569617931e-01 3.174331233984780121e-01 4.409207005496338372e-01 6.435066923817738260e-01 6.738338570706188246e-01 2.988386406221886227e-01 4.570990388354873035e-01 3.078116688433776837e-01
6.156000000000000000e+03 2.373527296680411625e-01 1.821282428334545234e-01 1.517556982344970273e-01 2.026461131557603379e-01 2.640601951114426305e-01 4.810306221593400600e-01 5.937837184263737855e-01 8.819621111164719363e-01 8.302482233006288626e-01 8.234102178578357467e-01 3.988450711615000865e-01 3.251927208843901629e-01 2.917847125389911311e-01 2.965936408193201035e-01 5.191276149051160527e-01 4.899011890667550606e-01 4.479648853474888504e-01 4.519904905778456827e-01 3.558565096652031023e-01 3.506574709965285530e-01
6.157000000000000000e+03 2.431520179513423086e-01 1.590436440167974086e-01 1.406189313388214457e-01 1.107367241016929960e-01 4.289400250407374715e-01 5.538526501489169362e-01 6.046431080497841615e-01 8.538882973753544325e-01 7.541978935078086366e-01 8.169395115357031001e-01 3.684688785441524450e-01 2.638302270577043140e-01 2.755640733645099982e-01 4.172843783000179108e-01 5.209777095805611102e-01 4.837157975221754169e-01 4.059964406675531934e-01 4.593380923097833413e-01 3.737772724935817803e-01 3.628126607784865065e-01
6.485000000000000000e+03 1.757317312016178634e-01 9.252757169300653006e-02 9.458718900129391149e-02 1.809218491552558039e-01 4.463767096430229508e-01 5.298534050039432897e-01 5.603255732434080372e-01 8.798040180630065654e-01 8.459545601974108875e-01 8.581472319009486593e-01 4.267529681890985804e-01 3.430383016612836289e-01 1.863561762667116095e-01 3.864415131270467207e-01 5.535345301507101912e-01 4.908026955392117974e-01 4.421878817916219395e-01 4.748232752345525887e-01 2.130201976376970285e-01 4.390462205091119063e-01
7.080000000000000000e+03 2.788734616653289478e-01 1.785812947900421999e-01 1.014865928184191801e-01 1.907675054458390085e-01 3.650346634960938141e-01 4.395837141195829134e-01 5.722706187001713740e-01 7.962814999549335804e-01 7.832113017599801053e-01 9.367401699571453744e-01 3.777140098278775060e-01 3.295520282211170104e-01 2.841056883743354189e-01 4.801840671924730297e-01 5.712186186932979304e-01 2.005989801735985345e-01 4.887600004996708325e-01 4.298091134834482463e-01 2.696741344196708079e-01 4.695315743778403217e-01
7.081000000000000000e+03 2.332833700760756357e-01 9.572995608587532568e-02 1.217006006938997631e-01 1.954319681259464869e-01 3.641759008258617092e-01 5.237354721879123876e-01 5.281902700902972869e-01 7.894926767754620878e-01 8.695249189379025134e-01 9.113193641142991464e-01 3.815844370942566011e-01 2.617302485686674451e-01 4.547144606563769953e-01 4.679778332693407261e-01 2.174246100260929793e-01 5.379066676088803955e-01 3.934913095599686939e-01 3.547837653467831309e-01 4.936349918795518987e-01 2.775504844143040772e-01
7.082000000000000000e+03 1.685617421440913366e-01 1.199465188857742198e-01 1.280640030626525316e-01 1.969156529745314799e-01 4.788780166499722601e-01 4.785058843444203736e-01 5.243941453747948955e-01 8.947527322876581701e-01 8.439101103378190416e-01 8.554515607836786772e-01 2.947916536123907361e-01 4.212583669589764490e-01 4.381014101418494455e-01 1.760968748111782223e-01 5.763696027708918868e-01 4.281196631755854187e-01 3.211037859555520013e-01 6.420176753400167469e-01 3.081091337036409583e-01 3.208154892464327723e-01
7.083000000000000000e+03 1.777375545913701393e-01 1.140603922304295886e-01 1.176396865749064768e-01 2.901291609044697739e-01 4.046267186995005094e-01 4.640129786971108894e-01 6.002906270018627533e-01 8.521040820297391960e-01 7.736405037884094282e-01 8.808805839351731004e-01 4.696851497093960104e-01 3.910486693654069978e-01 1.591742198106715911e-01 4.507507627194735078e-01 4.429472880497138942e-01 3.373390629057227974e-01 5.610645563989976603e-01 3.869342992581356055e-01 3.366530277302359764e-01 3.597765424143777868e-01
7.804000000000000000e+03 3.054652625757147688e-01 9.938756372513100901e-02 1.213400650321927038e-01 2.576777334962598309e-01 3.398545034075328153e-01 5.103539631836800927e-01 5.613532293610193902e-01 8.027471156983450040e-01 7.873774435234479618e-01 8.615205548935384039e-01 4.077009145302194493e-01 3.546649150417884311e-01 3.224386042412857312e-01 4.404358933140696264e-01 4.806586103192794779e-01 3.960019259447815632e-01 4.195215955208621561e-01 4.969259672716656584e-01 2.717526961356996340e-01 3.234204775304781454e-01
7.855000000000000000e+03 1.469490960466201257e-01 1.692362864968343650e-01 5.824598147275381055e-02 1.727365368799737289e-01 4.571180475342991323e-01 6.180673944129164710e-01 6.191973837937231329e-01 8.452806302655081483e-01 8.683375442143885792e-01 7.272500305766057549e-01 4.139857913166881676e-01 3.270301542472605072e-01 2.856089363914250390e-01 2.913196626752120322e-01 5.933038833288477587e-01 5.395461364838433083e-01 4.206964207117608878e-01 4.204329744457003804e-01 2.954775244463178074e-01 3.606487438821640024e-01
8.051000000000000000e+03 1.904114291069064213e-01 1.521745355607176109e-01 1.192380714673103997e-01 2.229133682458067645e-01 4.139535154618845803e-01 4.728737895074315856e-01 5.589870266350106531e-01 8.185984222409501410e-01 8.373377077420827153e-01 8.812250993850824221e-01 4.997512934846415900e-01 3.226991596676835328e-01 3.001313140173669236e-01 3.571780914408838603e-01 4.473784350009573085e-01 3.545967898412552555e-01 4.227788348654259454e-01 3.716068711549452286e-01 4.614741173967180088e-01 3.391451780467105714e-01
8.140000000000000000e+03 2.924977120210285331e-01 8.586432788479543554e-02 9.734858736473311902e-02 1.727747989949633134e-01 3.155079013368904395e-01 4.433331420901286402e-01 6.250247368098621470e-01 9.487660422977922670e-01 8.114771261956980064e-01 8.428303925954381270e-01 3.276314803688551436e-01 3.452788131110984260e-01 4.679367978366296699e-01 2.493789412921183501e-01 4.783646497270260256e-01 3.500398830426099117e-01 4.004605999786975956e-01 5.720475326618210676e-01 3.714396930690375132e-01 3.328968635730702452e-01
8.141000000000000000e+03 1.697531320928260812e-01 1.048537419663808090e-01 1.177543792866081462e-01 1.632845748360598204e-01 3.839878715143930088e-01 5.912677980315441673e-01 6.628438996568939423e-01 8.360732415505982562e-01 7.789965484737062518e-01 8.344543090748633984e-01 3.840481011512418830e-01 4.217042107749666147e-01 2.270891037915719057e-01 3.768753963108176230e-01 3.648444578698830099e-01 4.238250864836032861e-01 5.036199631505759999e-01 4.699227009484939210e-01 3.501585742494252584e-01 3.648022408868684674e-01
8.320000000000000000e+03 4.791612302482494146e-01 4.886489082097891096e-02 1.224322912773858352e-01 1.891026619166360778e-01 3.734809514838985378e-01 4.751819117249090896e-01 5.529022074643960005e-01 9.520150735102835826e-01 7.282344256513301195e-01 7.462238550324390429e-01 4.000113755232341251e-01 6.184563632720421200e-01 2.817156249072914620e-01 4.389099865605063933e-01 3.556073332277798205e-01 2.498362837972994965e-01 3.650257462166966449e-01 3.269127010712335468e-01 4.366752672130889135e-01 3.174636102402369486e-01
8.365000000000000000e+03 2.503018861139369999e-01 1.551961575559900053e-01 1.413999262823820713e-01 2.180243866461471225e-01 3.230208746581082480e-01 4.604301215582693452e-01 5.403947166837040905e-01 8.189901469942569845e-01 8.136769240414717386e-01 9.223187550105436117e-01 4.669767747234522259e-01 3.340490146881555100e-01 3.690409080609664549e-01 4.504001510886243564e-01 5.253378859336225171e-01 3.095941136378883574e-01 5.107432507075455597e-01 3.485128987142945278e-01 2.935277040339113741e-01 2.849569016327193616e-01
9.205000000000000000e+03 1.929846635581513037e-01 1.288132021270439187e-01 1.737830368449160834e-01 2.232673224987786198e-01 3.799324870721706437e-01 4.566241660496344057e-01 5.566224463979654313e-01 8.648813925693759064e-01 8.096036772366380641e-01 8.819235345690634720e-01 5.132184083571366129e-01 2.797340314285201024e-01 2.979564692931077619e-01 3.311543346370011687e-01 5.309500166911403918e-01 4.330558000778862993e-01 5.190575785313340518e-01 5.855704107951769100e-01 3.493363236745302136e-01 1.232007812913609862e-01
9.206000000000000000e+03 1.895357493248109870e-01 1.695211198722753609e-01 1.471531458746290211e-01 2.044878331105387803e-01 3.817908396395055526e-01 5.031797422038606360e-01 5.804443807051831161e-01 8.166082690091501783e-01 8.067418138532181926e-01 8.647519882983319972e-01 3.554063221315544308e-01 3.030546393733020705e-01 3.441088169149005838e-01 4.773186771848566545e-01 5.150553386537596312e-01 6.268400054928583431e-01 5.882511458896245715e-01 5.043154178763973317e-01 1.814649761498282332e-01 8.142371662190210635e-02
9.323000000000000000e+03 2.603952094715163978e-01 1.561502722374657481e-01 1.285497627070285032e-01 1.968312301702621336e-01 3.652181602919603032e-01 5.361330113669007247e-01 5.901852213050781115e-01 8.160456807730871454e-01 7.719941922826342173e-01 8.358447215640268935e-01 3.585392569526921203e-01 4.353974473078379148e-01 3.479573048601415919e-01 3.662880776630205171e-01 3.013643393350651234e-01 4.380361223020310391e-01 4.754001972787676444e-01 6.988479525870212594e-01 2.706986530138412728e-01 2.146329697284517501e-01
9.540000000000000000e+03 2.069485086478844715e-01 8.678191395203779801e-02 9.127341477108175116e-02 2.493390638357673439e-01 4.189448200767464936e-01 5.201805483421612086e-01 5.577362416420081903e-01 8.502343142270464282e-01 8.240871281424226868e-01 8.600583974932858311e-01 3.966500970127727621e-01 2.994547140147981179e-01 2.671339576907746927e-01 3.743762976642712736e-01 6.043728874460235767e-01 4.862488171823624583e-01 4.262109579616210620e-01 4.348043971630222715e-01 3.020686789658593163e-01 3.576416142834528689e-01
9.782000000000000000e+03 2.316019220261102407e-01 1.806546349873559276e-01 1.406139327812763740e-01 1.742021634910741745e-01 3.911458601468421614e-01 4.886768932879491656e-01 5.791186139106024866e-01 8.305175822771395655e-01 7.858964679972924028e-01 8.622636921421330536e-01 3.335287044022196556e-01 2.542238533018374991e-01 2.999296104369639226e-01 4.164400689629628727e-01 3.882524832276932347e-01 3.286788830090946467e-01 4.353390340258606050e-01 8.175259231735158005e-01 3.121079242471823667e-01 3.615225653374519177e-01
9.806000000000000000e+03 1.520070684186457521e-01 7.302733494950548743e-02 9.002445419784571579e-02 2.083965431321870010e-01 4.401609751586691988e-01 5.420392004964106336e-01 5.867996143688340993e-01 8.734379728587582381e-01 8.276786108691802646e-01 8.673781744154529516e-01 2.147951333278644015e-01 2.531617109814281452e-01 2.672885006598069157e-01 4.715434450281726364e-01 5.483245548990877127e-01 4.201273350958674713e-01 4.620837344858761964e-01 6.331974703096695523e-01 3.882423359566065102e-01 2.945646829348835816e-01
1.007600000000000000e+04 2.481898884137460071e-01 1.756323111665169523e-01 1.228545139485288928e-01 2.254463863410151592e-01 4.241934661497955283e-01 4.809774479262838298e-01 5.630045729823097700e-01 8.217098034377986471e-01 7.881219094991275265e-01 8.328714602477488294e-01 3.460535586288552290e-01 5.451148744351477227e-01 2.493883759230611785e-01 4.155391373477472783e-01 4.655383741714433921e-01 2.942508804647693266e-01 4.891371871447559583e-01 4.622458587633911375e-01 2.722244578436552875e-01 3.322820614819486651e-01
1.058900000000000000e+04 2.710920251952416704e-01 1.625996376079912320e-01 6.031338256932380210e-02 1.612801064691072039e-01 3.812961257112464919e-01 4.576475281177057597e-01 5.638994294821545461e-01 8.793848093854491621e-01 8.372961614803139385e-01 8.753777424336839363e-01 3.135528812923997211e-01 4.672829677375114343e-01 4.882269987127529354e-01 3.124970624732690827e-01 4.239133478775820030e-01 4.569132155503796144e-01 3.823672242101036067e-01 5.152593428787921592e-01 3.168436255938941182e-01 1.989428324978561591e-01
1.059000000000000000e+04 2.295238255203108924e-01 6.226645165576992491e-02 1.050465870812107988e-01 2.218183378642402670e-01 4.005291877967453451e-01 5.240180386047615935e-01 6.045092670752384434e-01 8.647231090812397269e-01 8.122489129134183861e-01 8.305707053490285485e-01 5.440884132191308176e-01 4.537714745804540817e-01 2.928982849842073910e-01 3.437511546217519309e-01 4.901773709796350409e-01 4.165201183297232435e-01 4.669017380727965572e-01 4.125834345057196595e-01 2.347335004785990331e-01 2.524063342762904449e-01
1.061200000000000000e+04 2.456714949150768379e-01 1.676686900697825500e-01 1.711401321331922909e-01 2.054568109644313301e-01 3.334846413587894687e-01 4.744138371679809119e-01 5.839871231654919503e-01 8.211598024809556584e-01 7.854792638061542931e-01 8.666550338372668305e-01 2.387245582006109201e-01 2.921477938766225413e-01 2.781665072867311461e-01 4.506067576682965536e-01 3.658203737329881466e-01 4.467445462284069801e-01 6.417835177995095952e-01 4.274464441685922322e-01 4.070011812809166685e-01 3.456798550508766721e-01
1.070200000000000000e+04 2.305123240709784638e-01 1.619266497526249404e-01 1.521941692068582153e-01 2.838597181965866745e-01 4.501755326163396909e-01 4.961064433170952470e-01 4.898382933455645016e-01 8.195153302274169604e-01 7.696375176440402033e-01 8.511868910767677043e-01 3.405438295603385179e-01 2.915750102512216779e-01 3.742315995147018626e-01 4.352980394526045349e-01 4.327161961880208185e-01 3.147237718259772166e-01 3.531956473540539543e-01 7.554613481487210125e-01 3.917956896301936220e-01 2.327381604104046264e-01
1.098900000000000000e+04 2.363735040376926111e-01 1.836300038069806351e-01 1.978903018092333932e-01 1.951029384308031189e-01 3.952203882565137327e-01 4.668591361509631388e-01 5.357694144312308282e-01 7.873705125383583248e-01 8.055044886852881225e-01 8.689668511205955737e-01 3.138345720873456091e-01 4.542769851879946974e-01 2.954028248607920570e-01 3.867561333959516068e-01 4.291848611025959603e-01 4.385249954227534164e-01 4.764253321842834565e-01 6.673630305767221937e-01 2.365980082255191574e-01 2.300926633504087604e-01
1.099500000000000000e+04 1.702206697563957982e-01 8.066972233330685360e-02 1.158031619690268466e-01 1.727939684825346434e-01 3.543881458048229738e-01 5.483464334965457709e-01 6.594659602450400060e-01 8.634997870541792908e-01 8.162455292249095606e-01 8.516181295128132378e-01 3.795248721258387969e-01 4.239221557710438626e-01 2.109476216381549474e-01 2.510918913656212670e-01 3.287019176460025949e-01 4.469908054047482260e-01 6.155377309556264720e-01 7.569684838851620245e-01 1.949049475509966600e-01 3.431624071804590392e-01
1.206200000000000000e+04 1.539684768909549972e-01 9.342896766002839470e-02 1.413878877897838393e-01 2.933228189175429712e-01 4.390654434991048127e-01 5.058284785602698008e-01 5.485912300785669160e-01 8.398812104145734203e-01 7.948053612497286702e-01 8.750759189920066516e-01 9.081255727915850395e-02 2.586097013927130539e-01 2.695707501899042846e-01 4.000011264805715117e-01 8.744365290121886014e-01 3.482837968852097732e-01 2.988031247632401133e-01 5.578395693949641521e-01 4.995720387686224950e-01 3.672620853872709534e-01
1.210000000000000000e+04 2.213336352413178276e-01 9.793759054217103521e-02 1.525378136182933830e-01 1.812847434796441837e-01 4.097793234771269777e-01 5.078831405059802684e-01 5.706286688260376883e-01 8.045772104831694360e-01 8.159280883788050387e-01 8.877070068586847551e-01 4.108887598063761804e-01 4.625520329115296314e-01 2.859749012097368981e-01 2.860812089699555916e-01 4.494148895662211651e-01 3.578408671606728708e-01 4.516192461516502221e-01 6.358131776422740744e-01 3.067654262609723625e-01 2.663448491570116761e-01
1.233700000000000000e+04 2.729024253885365403e-01 1.430818762027305513e-01 1.625134374664514714e-01 2.324934146444140315e-01 3.451885015886930197e-01 4.909784216079241537e-01 5.832297619472004424e-01 7.696771914189725061e-01 7.932387144726271710e-01 8.580962660583572044e-01 4.135956089453164952e-01 3.328631174698322148e-01 4.243871661896723158e-01 2.775281565708627163e-01 4.023621871602782174e-01 4.371348055755938100e-01 4.410255213744418978e-01 4.689268243830315153e-01 4.321628268799656558e-01 2.543821173523600487e-01
