1.880000000000000000e+02 1.878882753223002078e-01 1.341700776772641601e-01 1.082211176935744534e-01 2.683339804236452575e-01 4.190286949603587163e-01 4.438872046584586561e-01 5.224939890723723224e-01 7.741421155848207114e-01 8.758452165922757660e-01 9.283905961208183122e-01 6.923663390875774981e-01 2.395406660567382939e-01 2.709893651492483180e-01 4.242164057871978811e-01 4.093771264045638625e-01 2.256224786199283461e-01 4.709120646404288957e-01 3.207660145323213974e-01 3.807891794781352868e-01 4.416040436371076461e-01
2.390000000000000000e+02 3.430381853824792660e-01 1.194534127095882581e-01 1.263415522462165153e-01 2.500294966129469332e-01 3.445782665487919227e-01 4.124812485893578629e-01 5.269198206422377462e-01 8.029734747714322163e-01 8.202516495212210934e-01 9.008983501145136907e-01 4.556845260614331150e-01 5.960822741179248041e-01 3.788728896046779648e-01 1.930067031727679128e-01 4.933745508648322287e-01 6.047531767894553933e-01 3.585450162946273167e-01 2.117511423060451370e-01 3.174336022665714130e-01 2.477041630879233680e-01
2.670000000000000000e+02 3.526197421402597620e-01 1.929580147574595506e-01 1.248331044364089093e-01 1.652753423041620484e-01 3.574382420580199393e-01 4.046366290953222200e-01 4.673675982915579952e-01 8.309318719298024458e-01 8.308412521123710315e-01 9.249690131786619807e-01 2.884811980595309855e-01 4.890204587594505492e-01 5.145254558807950129e-01 4.104523323902412035e-01 4.845415568886049518e-01 2.495551723963265744e-01 2.696993023261823885e-01 5.735584565324890471e-01 3.458955325745492471e-01 2.251296294876024284e-01
2.680000000000000000e+02 2.435280885656864180e-01 1.194653799813410605e-01 9.684961957090823526e-02 1.867810822660431191e-01 3.158176413680605088e-01 4.103808117733544480e-01 5.551681388497131664e-01 8.448789212735010601e-01 8.555632367323124932e-01 9.882648108809235499e-01 5.082103665270331083e-01 4.285457351476191779e-01 3.452849370754541014e-01 3.526463376360335356e-01 2.402767832405172388e-01 2.636730592259125538e-01 4.664669532531870999e-01 4.042501458489902721e-01 2.327210544986317853e-01 5.896834660054627308e-01
6.390000000000000000e+02 2.715913007258267120e-01 1.904981627117453835e-01 1.830199362087618076e-01 1.995393236277902549e-01 3.483273422673197617e-01 4.268513685510002542e-01 5.099469445795541400e-01 8.762106104458319278e-01 8.059096676668712211e-01 8.630171420854739761e-01 3.556251426689000517e-01 4.084297232467580807e-01 1.818807778928987484e-01 4.664152944326049877e-01 3.054618047003702652e-01 3.607771142803872233e-01 4.265884633990845720e-01 6.374572807981156997e-01 3.998089173628048831e-01 3.457195222520985101e-01
7.990000000000000000e+02 3.659838264047760026e-01 1.563806657035818892e-01 1.448470846282238766e-01 2.045414749026771006e-01 3.563023413366177006e-01 4.064516186997436664e-01 4.516067446642552663e-01 8.277985537526167947e-01 8.479825370634394011e-01 8.960315827357036023e-01 5.007055410190109912e-01 2.889856940468406021e-01 4.158159355559088444e-01 3.445809500207388520e-01 2.915957179348220296e-01 4.339799765658759467e-01 5.360700189192053600e-01 4.803937820183618035e-01 2.525691773633582105e-01 3.515920388845948374e-01
8.000000000000000000e+02 2.252702490969544502e-01 1.550293321838268346e-01 1.455695666949118061e-01 1.996118393487682219e-01 3.332201723045991049e-01 4.047756593118997381e-01 5.631912255636261078e-01 8.783672496010342945e-01 8.352500483143026067e-01 9.099975727783736756e-01 3.480501694453206341e-01 4.062555859155211890e-01 3.405508505519616591e-01 2.493285164792512221e-01 4.909154570039631627e-01 6.157315620110330734e-01 4.590023314809826283e-01 3.467925351169886539e-01 3.985180847074520361e-01 2.483869868258918867e-01
1.576000000000000000e+03 2.490781176494648863e-01 1.578651899479688592e-01 2.073204242314250489e-01 2.209721181225588471e-01 4.136952088557058205e-01 3.472839254977727053e-01 4.726425303535093936e-01 8.463031819155272251e-01 8.465070184811056553e-01 9.206613999545930627e-01 4.357416314168545135e-01 2.930300656076197940e-01 2.147513803352397443e-01 6.345079820470774790e-01 4.373183881196182621e-01 4.806343985807099983e-01 4.214478845168841969e-01 4.010501907791930720e-01 2.075342751920068451e-01 3.979404292390361086e-01
1.577000000000000000e+03 2.110540115227553248e-01 2.036721877651568591e-01 1.429759740655655309e-01 2.334528838292631026e-01 2.335696897596141741e-01 4.116746784807176485e-01 5.635975508491737340e-01 8.585718615340333093e-01 8.467154031330906827e-01 9.299456557472005613e-01 3.430715373505230370e-01 1.982674527242370976e-01 6.107727314879425329e-01 3.641941291987382257e-01 5.295436178295034324e-01 4.714837485132408190e-01 3.732256066106456882e-01 2.775424353775604591e-01 4.328056763651764172e-01 2.764993221744735385e-01
2.155000000000000000e+03 2.697037347940715590e-01 1.587605160065264087e-01 1.200338396432841098e-01 1.947123642627381357e-01 3.415273525256374842e-01 4.048901242256483513e-01 5.397498324102960598e-01 7.797741044793093934e-01 8.680062459290879273e-01 9.536581782999317136e-01 3.861737697614695541e-01 2.993688771830360085e-01 4.047743074087212234e-01 3.837504431105791536e-01 3.941349026499362251e-01 2.244432830222530262e-01 5.359109174336292858e-01 4.316053235040122615e-01 4.154782779965046080e-01 3.825540241425782195e-01
2.170000000000000000e+03 5.828467423874468256e-01 1.991131435686855633e-01 1.945575864873032579e-01 1.730658996489661816e-01 1.780282312677474998e-01 3.581860961466700743e-01 3.955846859730733911e-01 8.218537972504087463e-01 8.026568068875826745e-01 9.153602489520936691e-01 4.011785841521036677e-01 3.430228428352897763e-01 2.104162116772669289e-01 4.483255475355588104e-01 6.136457661171792477e-01 4.611078656386971009e-01 4.308359049115711992e-01 3.413701845410205826e-01 1.831222473286928387e-01 5.063382518287786738e-01
2.613000000000000000e+03 3.060784885067746042e-01 2.510380216352088856e-01 2.525914600285112943e-01 2.087804383864020619e-01 3.084569351942506588e-01 3.768420355902653562e-01 5.158379376917147097e-01 7.823724220479955083e-01 8.051541368661599973e-01 8.658021327144683754e-01 3.406369610376706603e-01 1.307510729591435661e-01 4.531542606956563968e-01 5.785169037568611561e-01 6.756231204661117262e-01 5.016803474170324906e-01 3.880634497038558672e-01 2.315434247804423196e-01 3.467606142147107717e-01 2.842982616310067989e-01
2.653000000000000000e+03 3.435033050007141875e-01 2.090490839602508755e-01 1.636248607597716453e-01 2.335943008064979287e-01 2.926757112847851450e-01 3.899848931386003525e-01 4.795561950366635240e-01 9.312676200179533792e-01 8.109052861280969804e-01 8.271015223107037739e-01 4.306624255189006045e-01 3.305711764160734201e-01 3.134164298325712306e-01 2.609943716047631868e-01 5.190137616787152686e-01 3.478424964060715663e-01 4.913967380331926704e-01 6.333694441822490528e-01 4.027985868634562094e-01 2.072737515585926504e-01
3.885000000000000000e+03 2.692793212262010183e-01 2.166548285336631630e-01 1.910770146722507723e-01 1.652564533256835611e-01 2.788748656327535436e-01 4.370784797939853417e-01 4.869318970061533580e-01 8.964655794547041756e-01 8.306247427630402136e-01 8.850965942934654329e-01 1.522463274894525764e-01 3.763421011670053384e-01 3.127955433332698654e-01 4.778632001965411602e-01 6.131514802740516412e-01 3.619712740487850411e-01 2.016181031467936258e-01 6.012042869283464874e-01 4.144124218410606408e-01 3.959181452788816391e-01
4.744000000000000000e+03 3.216279573410333881e-01 2.720138869848928165e-01 1.251928744686760797e-01 1.419457351562156966e-01 3.768462544833838801e-01 4.464685164799649386e-01 5.033582644059531042e-01 7.598387504307875240e-01 8.476008555863321359e-01 8.673191669153833550e-01 2.884775102906048661e-01 2.400936055499469646e-01 5.103722443799221242e-01 5.028680355625481102e-01 5.507228683019628201e-01 3.192993855831093852e-01 3.485839493636847530e-01 3.880743416633570808e-01 3.883641969807207217e-01 3.414528917876004654e-01
4.816000000000000000e+03 2.447587444270706014e-01 2.340343541451637699e-01 2.332430944632396252e-01 1.726069067634039000e-01 3.566149146856895658e-01 4.338009534910412524e-01 5.313240206255642750e-01 8.237471978349383273e-01 7.850120231265791393e-01 8.635945156369887465e-01 3.289398385816748038e-01 3.615208114633461922e-01 4.418274632080181896e-01 6.526562092579486496e-01 4.805571172432670513e-01 4.114856915509721436e-01 3.543994333397255114e-01 3.511998079393701677e-01 1.638499220362637510e-01 3.346517301199927741e-01
5.733000000000000000e+03 2.610675357485606196e-01 1.921771646486322149e-01 1.481618745304793261e-01 2.096259493788140138e-01 3.517507169690630708e-01 4.303969413019726464e-01 4.881201496376628701e-01 8.586863015969676827e-01 8.610851113913819965e-01 8.691880658723334374e-01 4.127972439423641116e-01 1.570159795753599541e-01 3.686329565415842890e-01 4.265484050488980716e-01 5.261689360660539716e-01 5.613483702677805054e-01 3.557156775525290304e-01 5.034106229425904244e-01 3.189901067181404870e-01 3.312338398500982439e-01
5.734000000000000000e+03 2.481339531662439812e-01 1.512978594732248272e-01 1.434822655046412709e-01 1.880425784804637679e-01 3.572209411073138940e-01 4.378316412517632705e-01 5.827427538905325388e-01 8.871293596304309359e-01 8.005451754904925332e-01 8.633868018844045311e-01 1.707740196206084526e-01 3.436927020861145765e-01 4.044312305546567399e-01 4.316128860483267604e-01 6.091916594554139808e-01 3.919777159895285190e-01 4.614501558262678604e-01 4.201913160394376012e-01 3.630045473922315913e-01 3.067018243176543035e-01
7.079000000000000000e+03 2.372831145072502868e-01 2.450127474035345976e-01 1.866663002203015620e-01 1.783656555003000910e-01 3.704362414500675382e-01 4.480599167389699433e-01 5.008130722970821624e-01 8.594643324530873985e-01 7.964465707995070920e-01 8.636686185348091405e-01 2.774753586476880751e-01 3.560740583215405430e-01 3.855038033117813012e-01 3.263242062085641715e-01 6.374923570741970469e-01 5.732147471354815949e-01 1.982551916478760556e-01 5.806739155546706277e-01 3.553428813646645201e-01 2.581950186075211429e-01
7.274000000000000000e+03 3.272490014674943049e-01 2.434342016364483829e-01 2.128787354784267005e-01 2.314803780433469516e-01 2.536148659945118289e-01 3.675158987795433263e-01 4.720234327057087342e-01 8.139692673705796189e-01 8.299455722457811380e-01 9.062362052346017993e-01 2.903671750177028166e-01 2.929043928618743076e-01 2.514511538782541189e-01 2.459625503760133891e-01 7.009547376637738081e-01 5.751657987813700856e-01 4.229643062825668709e-01 6.482408698773356459e-01 3.708012327697763344e-01 2.080029664776651410e-01
7.275000000000000000e+03 2.839899665782337768e-01 2.149714179797411751e-01 1.574411104210707568e-01 9.064179038659267440e-02 2.662159039592694731e-01 4.152782971526323696e-01 5.412869272569885704e-01 8.437224051791735180e-01 8.353003887437721042e-01 9.660280059375222494e-01 3.060556940473315723e-01 2.102975763359735129e-01 2.137583525055974931e-01 5.270557211973938561e-01 5.721514338606153993e-01 4.272230852835152692e-01 5.446685705084750584e-01 4.477159391664667365e-01 2.255331242890986354e-01 4.866139289446381189e-01
7.665000000000000000e+03 3.827182501903585998e-01 3.531360663002927058e-01 1.841993013080651109e-01 1.146693849960904871e-01 2.701954887705200758e-01 3.595514499529978147e-01 4.453621003487689967e-01 7.377878980379604101e-01 9.001096552060579015e-01 8.991067975082982500e-01 2.778912744476885188e-01 2.954293740293508774e-01 3.375941272355191258e-01 4.068103568283388816e-01 6.047623190510443836e-01 4.055037660881246619e-01 4.159336197897378073e-01 4.296064423821804867e-01 3.692479905532532469e-01 3.762543472814907641e-01
8.093000000000000000e+03 2.743720244464354363e-01 1.837182744020437464e-01 1.864986026781111084e-01 2.075685741530779449e-01 3.284880512027211208e-01 3.906391879752299512e-01 5.337660036243297990e-01 8.349755375853323835e-01 8.385272272393595738e-01 8.814622650607669696e-01 4.191204494628422150e-01 2.748074067014866784e-01 2.479709140843744664e-01 4.475327714600899065e-01 6.398762849124959295e-01 4.131525309071251151e-01 4.486365617533731864e-01 3.412814613491407245e-01 3.093994257195398223e-01 3.950824692087736567e-01
8.364000000000000000e+03 3.765761237626564228e-01 1.879579874688078467e-01 1.453927486793584467e-01 2.004221917740948711e-01 3.766556133521695160e-01 3.991536838324624137e-01 5.040119386936048329e-01 8.002160897507517578e-01 7.986451541228301032e-01 8.763383358571110726e-01 2.209793107614046737e-01 4.179961135649847837e-01 3.753614585835146067e-01 4.073638710359143156e-01 5.746617159226730109e-01 5.066407018313249244e-01 2.940498870762933148e-01 5.831564629010724810e-01 2.769082275189772568e-01 2.724441517461214102e-01
8.390000000000000000e+03 2.490411182066691875e-01 2.212384496926668442e-01 1.892871873168130437e-01 2.667302024800070059e-01 2.718098336702394757e-01 3.826571441170538712e-01 4.848078141679756370e-01 8.197939719971145678e-01 8.101423587829265083e-01 9.619140239242669477e-01 2.912114749685179582e-01 1.973307523181449530e-01 2.194933399700421950e-01 2.160241409645922428e-01 7.027196530192832968e-01 4.877647946332080986e-01 3.183305562964282021e-01 7.063858273604903815e-01 5.017538449013604351e-01 3.597713592332251742e-01
8.391000000000000000e+03 2.532883571383786614e-01 1.733442700100156497e-01 1.749997959482098298e-01 9.149534586327830177e-02 2.691247720619548978e-01 4.159388987969872553e-01 5.338202781847306566e-01 8.050688530979461799e-01 8.826980067874645730e-01 1.000000000000000000e+00 2.026826213337860616e-01 1.852620451524961687e-01 1.908791691100652221e-01 5.372199970355717724e-01 4.933224073172108870e-01 3.269118364022529644e-01 6.034496683717298637e-01 6.159698401881930074e-01 3.635464445821748325e-01 4.327653580050839222e-01
8.578000000000000000e+03 2.629701109311609608e-01 2.125921512938342972e-01 1.375618840875265647e-01 1.904354905202409187e-01 3.661466627769698889e-01 4.382705893108824191e-01 5.398279557671884499e-01 8.478714488769426572e-01 8.239412824560926607e-01 8.518498122837203645e-01 3.208034711896050051e-01 2.284174870958431414e-01 3.266844527154993960e-01 3.989447647331951785e-01 3.338117657977260344e-01 3.317882180602552689e-01 6.039839344946326127e-01 4.955914233064627750e-01 5.448908388156122884e-01 2.940890610020708285e-01
9.177000000000000000e+03 2.935645695665578536e-01 1.539906237427439428e-01 1.475605043900863333e-01 1.816962146907424858e-01 3.962322474098687874e-01 4.238683867374297143e-01 5.041588109144503616e-01 8.373038271076038708e-01 8.444267587332754399e-01 8.810540784298248607e-01 3.276062319887637075e-01 3.488080863204726101e-01 3.600533963100171486e-01 3.580209987748340095e-01 4.410376245105836479e-01 4.948382437915968546e-01 4.699646506549028935e-01 4.560553197319389684e-01 3.650167374645492124e-01 2.816001765830800641e-01
9.178000000000000000e+03 2.193845394969712592e-01 1.530419993964732273e-01 1.200816623856299920e-01 2.316136918018253665e-01 3.511108353051053399e-01 4.569166505847390147e-01 5.671613037777446520e-01 8.694764799519817400e-01 8.152210186702264494e-01 8.769944268760182515e-01 3.909998340069567035e-01 3.238547708587977136e-01 3.281747812275531140e-01 3.497576909494602426e-01 5.191681446372378161e-01 5.006632262889321172e-01 4.041514790226247711e-01 4.648406114128568190e-01 3.054006940818679294e-01 3.424611181804593230e-01
9.204000000000000000e+03 2.375865738271865091e-01 1.295933072790123874e-01 1.330488904638812697e-01 2.487885999489229394e-01 3.964139378554421556e-01 4.523669613714212390e-01 5.103419669691956484e-01 8.323166034637352606e-01 8.472479090554843051e-01 8.820158705756799833e-01 4.129874318363348507e-01 4.138632085400082428e-01 2.870804817317244573e-01 2.983383516162346760e-01 3.832579224137357410e-01 4.644780366236804237e-01 3.730937160591425994e-01 5.375871389284297974e-01 4.220308951094021710e-01 2.981921800358459107e-01
9.322000000000000000e+03 3.395527589806586199e-01 1.923677530204949138e-01 1.387829376295882378e-01 1.782509232940937272e-01 3.449423472155322412e-01 4.241662997580142869e-01 5.686324525097595783e-01 8.536879874030646187e-01 7.898002334963364346e-01 8.317783653419695833e-01 3.535686872635083744e-01 3.070719320423844212e-01 4.589558988729832145e-01 3.633049035847777941e-01 4.420523084556267635e-01 2.749079134068272978e-01 3.935252829607377434e-01 5.134265096283587848e-01 5.252133104516274464e-01 2.311102468327395076e-01
9.781000000000000000e+03 2.340895265030580041e-01 1.751479137523372920e-01 1.784621442446648332e-01 2.100588282588975175e-01 3.406375166958174328e-01 4.587169121804325900e-01 5.384238041923773421e-01 8.575697168908730239e-01 8.164977181047762267e-01 8.581811365921687695e-01 3.824367625779981905e-01 2.973633516780821440e-01 2.828016117998563561e-01 3.241582948111627061e-01 5.202283288405632478e-01 3.666092376744405912e-01 3.056507411085314097e-01 4.866709188924494001e-01 6.359794567339160931e-01 2.857397074158637418e-01
1.003200000000000000e+04 2.024499046518651868e-01 1.372055851978526697e-01 1.534349664230446331e-01 2.196750319815718999e-01 3.372347336150433583e-01 4.765415884028854632e-01 5.105060691380077786e-01 8.234421021620154102e-01 8.629845835096546791e-01 9.232282623147261003e-01 4.641755713820051588e-01 2.243801267339276539e-01 3.623568568931343492e-01 8.884437014069579419e-02 1.227183030458615237e-01 5.957854020918723625e-01 6.906407296994879763e-01 6.578862573163274385e-01 2.612140334964869748e-01 4.681504781999690779e-01
1.007500000000000000e+04 3.014208866220894345e-01 1.819941154126400451e-01 1.611343081390318732e-01 1.768590581565754605e-01 3.810584031438764563e-01 4.722621468762105423e-01 5.206997649400523231e-01 8.248436418254240232e-01 7.983064005351026005e-01 8.502202734458395028e-01 1.316431914467781628e-01 3.270009712142064595e-01 6.269087362519344397e-01 2.856712820056774293e-01 5.501713887017655180e-01 4.658971344078806642e-01 2.900162354369554829e-01 5.795417215671180289e-01 3.811196530085023682e-01 2.602717411706718109e-01
1.058800000000000000e+04 2.844354199290610175e-01 2.193665536240949898e-01 1.572911167503368290e-01 1.175189450347130932e-01 3.213292593705537881e-01 4.473176139477426094e-01 5.056135060710444940e-01 8.342484800102645259e-01 8.535133819119860021e-01 9.022651210699769164e-01 2.645008922985250810e-01 2.763124965685607171e-01 5.013735230952364175e-01 5.198446783191886800e-01 3.845968150921144080e-01 3.943522809337039470e-01 4.186061211448734998e-01 4.211185921555076206e-01 3.948993660462344901e-01 2.857847885808743604e-01
1.061100000000000000e+04 2.889275357073222694e-01 1.857653568215366924e-01 1.601567773087302637e-01 2.364362720593109202e-01 3.669449792961483325e-01 4.098896963631737389e-01 5.198162028041148908e-01 8.570742724925169975e-01 8.032579951032268184e-01 8.527839627983488935e-01 3.186256372456397479e-01 2.210046857558678468e-01 3.271905803837589222e-01 3.044927645292748175e-01 5.701267145734187913e-01 3.498569040967036692e-01 4.207703699764158700e-01 7.266631256649040971e-01 3.367882134368525016e-01 3.938334311982288338e-01
1.070800000000000000e+04 2.161572430636576614e-01 2.325042108819353470e-01 1.818880296110282624e-01 2.662855798578221411e-01 3.602582210329122736e-01 4.260579718696480556e-01 4.842536707586916900e-01 8.395397453067608984e-01 8.233661571123822576e-01 8.647556749557588907e-01 3.437312594593973092e-01 5.964628846421872188e-01 4.306734027061234205e-01 3.124830807527461674e-01 5.553502076435395951e-01 2.884663549415285577e-01 3.117407652277645602e-01 4.739587493048467159e-01 3.477031022806051364e-01 1.912719160687470499e-01
1.209900000000000000e+04 2.949884116655391297e-01 1.578612772728915370e-01 9.815606408554372608e-02 2.185464346599926555e-01 3.434150443765464633e-01 4.690217354328291566e-01 5.529664012076985768e-01 8.429169892435448563e-01 7.912565472446334569e-01 8.827619752902862160e-01 2.589221284612259200e-01 3.642294399599549926e-01 5.067811859956483644e-01 3.108501560650372419e-01 3.594314475240577011e-01 4.267966020436239627e-01 3.346787819849287859e-01 5.077678746420157818e-01 4.974569442057114044e-01 2.818716969881635004e-01
