1.002000000000000000e+03 3.190075187280314584e-01 2.544046613521244171e-01 2.914548568503081971e-01 3.563576923995787626e-01 7.628283705086695843e-01 4.872576660513764923e-01 5.602106819600866094e-01 5.337408489636278341e-01 5.849322016384130851e-01 6.678071076029784559e-01 3.004726345989893743e-01 1.515451212078086363e-01 8.587960117334383914e-02 3.158697359703921403e-01 3.990865181349069202e-01 6.868778609510225452e-01 5.391126024379360171e-01 5.855685889164542468e-01 3.818297334691184708e-01 5.448168216948511278e-01
1.889000000000000000e+03 3.983740295877523097e-01 3.402620223673305522e-01 3.428061962157120113e-01 4.227951157103448376e-01 5.583445389759689181e-01 5.904529797524544765e-01 5.519240455670125778e-01 5.066608772343499378e-01 5.016927508850993478e-01 5.965317783103188942e-01 3.104692660396743964e-01 1.797870358320630413e-01 3.460870865665646168e-01 2.744841574522449146e-01 5.180414054399173907e-01 5.161460105840381951e-01 3.743855294606033834e-01 6.442376457941176859e-01 4.459531102224369992e-01 3.515128359900626664e-01
4.037000000000000000e+03 1.689772939844618183e-01 2.341661086858661533e-01 3.832308922439906507e-01 4.197095078142549784e-01 6.093315377414372236e-01 5.421510517525347517e-01 5.505277698279910092e-01 6.095528090367547946e-01 5.955907717922913625e-01 6.938378701264769077e-01 3.753918506801584010e-01 3.126888906384560074e-01 3.858562732643180948e-01 2.824911320842702356e-01 5.438777545750851372e-01 6.143792019719103159e-01 3.725310696223242402e-01 5.199028123396352008e-01 3.423707788683196807e-01 2.019262723379144919e-01
4.971000000000000000e+03 3.933734426569507892e-01 3.525041390473562242e-01 3.623785674789617994e-01 4.670061874353313436e-01 6.009048928632393372e-01 5.277015456681560801e-01 4.529597923480477295e-01 4.183934757599993559e-01 5.920141978140911476e-01 6.513193703800975731e-01 3.177751662518366604e-01 2.860693559473019842e-01 2.828356675062156933e-01 3.625861040519192668e-01 2.677811719735710416e-01 5.077831943204877962e-01 4.884250415501646403e-01 5.581719778821891964e-01 3.954757454209949508e-01 4.327541852139179523e-01
5.062000000000000000e+03 3.339331330030766987e-01 2.865948155888622950e-01 2.721927981707679134e-01 3.952156032887526038e-01 5.866336863151946357e-01 6.079317925021444635e-01 5.212295902428240035e-01 5.389768156802666743e-01 5.718196524296726979e-01 6.735202392465093890e-01 4.048264163991884823e-01 2.996554854530852907e-01 3.255390744401909786e-01 3.269633624230503521e-01 6.975810373820541255e-01 4.423692883412334020e-01 4.094662845853109800e-01 5.724508077848330379e-01 2.906909784239408157e-01 2.106597960259340707e-01
7.819000000000000000e+03 3.583404573925855208e-01 2.291234739854337010e-01 3.691972703743387485e-01 4.574506417896009314e-01 6.029021256619917501e-01 5.161922497544529920e-01 4.625140128820310337e-01 5.254467301683801717e-01 5.876662420673892662e-01 6.945312513227249740e-01 5.429250597302401893e-01 4.435267311874628304e-01 4.286909962803442942e-01 3.593661169763066043e-01 2.716654844717449335e-01 4.040054688580211883e-01 3.501032875375327813e-01 4.217198252707250461e-01 3.005244373522955592e-01 3.196372821204941372e-01
8.330000000000000000e+03 3.587693536521914250e-01 2.355118213948087236e-01 2.927707484174160713e-01 4.093453560125350776e-01 5.990619416021993882e-01 5.362832033690722033e-01 5.183445672538362636e-01 6.184050351794800893e-01 5.838750027492866090e-01 6.472447570855678345e-01 2.980447993520131122e-01 2.391620633632262627e-01 2.862026117308067441e-01 3.989086980556373341e-01 5.052983130342447726e-01 7.309768503702385178e-01 3.151156874144328546e-01 5.386291480562609424e-01 3.564167164341696115e-01 3.018663465335712504e-01
8.420000000000000000e+03 3.507850328642453386e-01 4.110837032095469579e-01 3.191975024859004528e-01 3.592691529060215161e-01 5.434128867967873422e-01 5.797269126372458503e-01 5.114219789734546495e-01 5.324186307729871226e-01 5.629483474579992652e-01 6.338238512599969621e-01 4.463906068118041470e-01 3.973311840120144489e-01 3.453269541498009132e-01 2.950524274966286886e-01 6.471509129142378747e-01 4.968373701869905346e-01 4.321672956400975374e-01 5.145696711490982400e-01 2.370414011810375587e-01 1.507481614716428553e-01
8.528000000000000000e+03 4.090104098446812886e-01 3.780193206630240166e-01 3.126151358793289869e-01 3.865546202318763114e-01 5.980977045100116518e-01 6.021159662919649547e-01 4.468536653686932536e-01 5.639175753412636327e-01 5.362662470716640373e-01 5.961337767361911677e-01 4.667531221626414206e-01 2.837278047943004311e-01 2.527194885290825477e-01 2.619027380808827132e-01 5.048265744752319373e-01 3.770873785164258751e-01 4.432202618066541366e-01 5.580195837824302174e-01 3.558553384122108976e-01 4.340303554580238754e-01
8.919000000000000000e+03 3.079269339034082509e-01 3.498753893931675907e-01 3.648753569961513121e-01 3.755178990280113593e-01 6.050865918782687425e-01 4.567950186090531939e-01 4.561102411272119350e-01 6.045389456241658799e-01 6.396144448252399917e-01 6.630665186877438000e-01 3.526079265155598330e-01 3.171203659706516853e-01 4.027637848852111402e-01 2.634860507914982830e-01 3.495032511794570751e-01 8.236205004099301785e-01 3.930834099471467447e-01 4.905974527410829622e-01 2.699300941206985160e-01 2.794219845451149653e-01
