4.250000000000000000e+02 3.440662087614617115e-01 3.151619442691956929e-01 2.902235557562287682e-01 3.631842976793989153e-01 4.200704250275781315e-01 4.835726246585826948e-01 5.189824119548241965e-01 6.943501390050293987e-01 6.434873603100000894e-01 6.898003502641072426e-01 3.788021327566106766e-01 3.083578496422129667e-01 3.811645367334245971e-01 2.607262995339700851e-01 4.153309224758346407e-01 5.460007547800620475e-01 4.555519609896405697e-01 5.319063252527935770e-01 3.752402092261656330e-01 2.697026778029180116e-01
4.270000000000000000e+02 3.838683154127593977e-01 3.546515690605746007e-01 2.325415898195260789e-01 3.142704694733141069e-01 4.710808515600585777e-01 4.407062175504201096e-01 4.359058748194437061e-01 6.348553065978963517e-01 7.265457374397582546e-01 7.583619648175558003e-01 3.789475976100901145e-01 2.077469894614123458e-01 2.977276326187356381e-01 4.479913319563871288e-01 5.021134538758144084e-01 4.951983286585277533e-01 4.176047299502351762e-01 3.698202438142136894e-01 3.299990849335239229e-01 4.779098805479888301e-01
4.280000000000000000e+02 4.135655403694127874e-01 2.861936768614956605e-01 2.792516288849211659e-01 3.418902112515030400e-01 4.177074616554973252e-01 4.169760713248574224e-01 4.330719447211033302e-01 7.665858365722847401e-01 7.146411458151407103e-01 6.928457216100112337e-01 2.149732170635200446e-01 2.560919906307800864e-01 3.964927817032654622e-01 3.844675200886895072e-01 5.016375662533705260e-01 4.295474273270182275e-01 3.164349953431108142e-01 4.057588342817929905e-01 4.687849513560490844e-01 5.057392977684562752e-01
4.810000000000000000e+02 3.265577060481851812e-01 3.465185138855443325e-01 3.440616793847756649e-01 2.579195462681398432e-01 4.749070350227271309e-01 4.754186260850093992e-01 4.124981959090451844e-01 6.724399284343880456e-01 7.275133299228538908e-01 7.275671000838159763e-01 3.867900075187957754e-01 2.822547800732423950e-01 2.149111489009271903e-01 5.747158651437287435e-01 6.799055347605494903e-01 4.233942825362509432e-01 4.889755023712152315e-01 2.985531639129305748e-01 2.487671950162097245e-01 3.483747179560013341e-01
5.120000000000000000e+02 3.565098800574774685e-01 3.351795109196780142e-01 3.255824272932867358e-01 4.171046164355648456e-01 3.800255844090364432e-01 3.838526936910744425e-01 5.162259553137220625e-01 7.237361430009906504e-01 6.632116952046175351e-01 6.745229477225136439e-01 5.483720378055364497e-01 2.271461547475867038e-01 3.266870289445377717e-01 4.409111879117270094e-01 4.891568461017261615e-01 5.858494516376145933e-01 1.972783957775478547e-01 2.757580917534455112e-01 3.857481719004923759e-01 4.278264202113423176e-01
7.950000000000000000e+02 3.719634300827370788e-01 3.006230960507508265e-01 3.260143360426193127e-01 3.892483964607370561e-01 4.995975822258607590e-01 3.891479404087590521e-01 4.359571664036950844e-01 6.723557573256973008e-01 6.718178682104868349e-01 7.291114741970770030e-01 2.330167463948061568e-01 3.087513690421405665e-01 2.264927408024723088e-01 4.109630551578508650e-01 7.141640754002014368e-01 4.519648367662948973e-01 5.466608039825618937e-01 4.685831977444857022e-01 2.469338013477691829e-01 3.689819073945517780e-01
7.960000000000000000e+02 3.621264657697493838e-01 3.779852767870121588e-01 3.389911916057917196e-01 3.584004414749690226e-01 3.381578933870496018e-01 4.090550574060760614e-01 4.562076300200216816e-01 6.919014519617721071e-01 6.753901902718070227e-01 7.463115773120256868e-01 3.204042491665631820e-01 1.862903726417907968e-01 3.537542945324965715e-01 5.318571908502593981e-01 4.452967616086396241e-01 5.468924752613737450e-01 3.899540469509508722e-01 2.953001754123653066e-01 3.620844039825956706e-01 4.680572368663293292e-01
9.020000000000000000e+02 1.651864417273837260e-01 4.303029407430989384e-01 3.158984439488735085e-01 4.637825461697462348e-01 4.301828633460288986e-01 4.075078702882533044e-01 4.255909163279750773e-01 7.284644059608188504e-01 6.977974370868408327e-01 7.479458183316592956e-01 3.733210832590105333e-01 4.137294421476465089e-01 4.650532313663893191e-01 3.269153312219272856e-01 4.375831401111421326e-01 4.192975552175943199e-01 3.583901428062252204e-01 3.439523040078766858e-01 4.933437190349328483e-01 2.097268972437520695e-01
1.297000000000000000e+03 3.253600348255654140e-01 2.802949685523105083e-01 3.380556671040365058e-01 3.230803457776922905e-01 3.909970832535229479e-01 4.476793614941184662e-01 4.840099574649052716e-01 7.365439999710532426e-01 7.189039147458428092e-01 7.052210031384239519e-01 3.559188552047758969e-01 2.007266633024510916e-01 4.858487911201744280e-01 3.727684970721864555e-01 4.687738121769439714e-01 4.597306389753541001e-01 3.219149886742160294e-01 2.898716162271433028e-01 4.370077619740497243e-01 4.779571584381658855e-01
1.544000000000000000e+03 2.770857256266863189e-01 3.187896410550077886e-01 3.778404710028773206e-01 2.880995801823386104e-01 4.882669649984209270e-01 4.092207283020350417e-01 5.257148652470716721e-01 7.243367845808614813e-01 6.711704742982859129e-01 6.981268555383103314e-01 2.806854577391008077e-01 3.385895734049076955e-01 3.681697078704227466e-01 3.251362859968113805e-01 2.879738936468561050e-01 5.367655873469111549e-01 4.858369097466048170e-01 5.791363757707768123e-01 4.154684315205508516e-01 2.769909210271787048e-01
2.218000000000000000e+03 3.769636161012093756e-01 3.227354648465757814e-01 2.431434224855814341e-01 3.496353381121971582e-01 5.246817794707325788e-01 5.028421655691248660e-01 3.860849616004361495e-01 7.544246711245330417e-01 6.580350322105403826e-01 6.809131702101434147e-01 3.783158041973209151e-01 2.976107359164721355e-01 2.232298119885884335e-01 3.713816591352142038e-01 3.391951810988291793e-01 5.056572324788981554e-01 4.799857432535274970e-01 5.128958820827164145e-01 4.190796221756653561e-01 3.825736769320518538e-01
2.394000000000000000e+03 3.664220417081612835e-01 3.103418892903301307e-01 3.129145713421074282e-01 3.463743390829842617e-01 3.857310801509407083e-01 4.530383065843044954e-01 4.813452368816545368e-01 7.436343833733026765e-01 7.257889693956355304e-01 6.388528699749054240e-01 3.946986265273829675e-01 2.980635471558232830e-01 4.273610091629900243e-01 4.410311864466033294e-01 4.594460948978622561e-01 2.442083086306126027e-01 3.631417959590271249e-01 3.934394019984581714e-01 4.293172134770665282e-01 4.020029409756703531e-01
2.448000000000000000e+03 3.443499655322352915e-01 3.360944283932633114e-01 3.155665853206598981e-01 3.696716432584954415e-01 3.628062754893217057e-01 4.198870998956771294e-01 4.983700412292473292e-01 7.305945457715450342e-01 7.316503369879471252e-01 6.545156815241792714e-01 3.109521586845476193e-01 3.147912902908817645e-01 4.895421489453672947e-01 4.783412744694942043e-01 4.441642111124914361e-01 2.377154827826792882e-01 3.288012586679383009e-01 3.610558554043362123e-01 4.403231160582580239e-01 4.226546647357595776e-01
2.852000000000000000e+03 3.345423982605278401e-01 3.217733221698130253e-01 2.640054331761965134e-01 3.352935867418236904e-01 4.493084095912842635e-01 5.058872925099524576e-01 4.219765100487377629e-01 6.840045226694244640e-01 7.013539379967681509e-01 7.416494569047761276e-01 3.704485509722533210e-01 2.417319376120418972e-01 3.203505850379100850e-01 5.295242937925881410e-01 4.936973075742038808e-01 4.603513042837028557e-01 4.479692196470033694e-01 3.599710511921687117e-01 2.622059491225304240e-01 4.316827058119381277e-01
3.944000000000000000e+03 3.549435624195735328e-01 3.749756366317881784e-01 2.711283019349105539e-01 3.536604418527465321e-01 4.763114970658087199e-01 4.714196788241963310e-01 4.278288535699318884e-01 6.497425438183490609e-01 6.770177479883640048e-01 7.221628358408949122e-01 2.410921385351586788e-01 1.670698477550660865e-01 4.152518995432581406e-01 3.296299264125227002e-01 6.731088401144794675e-01 6.240112699044547684e-01 3.916319893801070706e-01 2.211031037055755377e-01 5.123601410411304791e-01 3.500336482086623957e-01
3.968000000000000000e+03 3.099409950469362851e-01 2.989814615582973567e-01 3.586504774434229881e-01 3.970740299055041667e-01 5.196104470368537731e-01 4.331395130953611949e-01 4.416999010998790554e-01 6.790041344480710617e-01 7.104034938359622409e-01 6.559035847087230087e-01 3.775998471391742717e-01 2.633057652638872703e-01 5.142287801516406409e-01 3.798885566652283607e-01 4.760838334457481724e-01 4.841657274009897871e-01 3.239282961829580976e-01 1.627294866951170538e-01 3.903503099238335716e-01 4.767284501176889400e-01
3.969000000000000000e+03 3.520295831076180604e-01 4.025193381523324287e-01 3.361018594540675641e-01 3.659838795007305801e-01 3.851547920949834336e-01 4.063960928366293635e-01 4.533925696142690476e-01 7.279511566247250931e-01 5.879389489257932366e-01 7.612483565665059126e-01 2.914892965756416543e-01 4.703384050205737243e-01 3.500775982867021519e-01 3.795646891569780523e-01 5.106804178816191087e-01 3.469277662687514363e-01 1.449876466422069798e-01 4.997542711207787480e-01 4.870195474219127796e-01 3.707073475966712328e-01
4.021000000000000000e+03 3.742543433573207179e-01 3.717319550943065654e-01 2.917193415188769623e-01 3.536800203426995193e-01 5.520532510358188150e-01 3.783133424420443980e-01 4.306661393258682247e-01 6.887031223959318993e-01 6.746695275441650930e-01 6.925455044392792026e-01 4.364674949161731488e-01 2.858900507479689157e-01 2.039799424485739254e-01 5.121104867591342868e-01 4.462606842058579049e-01 4.456061076471535265e-01 3.375736790031076962e-01 3.760182299438348807e-01 2.246860180674158380e-01 6.410562578207577022e-01
4.022000000000000000e+03 4.140956693439980518e-01 3.341822090543110635e-01 3.003550068952581809e-01 4.004831125114300394e-01 3.167033763250913236e-01 3.981618568929720103e-01 4.646388942179883741e-01 6.893021064531007491e-01 6.308971062019583798e-01 7.905121752555855918e-01 3.272122146023332956e-01 1.839426220848741633e-01 4.836735697715281446e-01 3.646443372285914086e-01 4.817086694763572097e-01 3.705426049879100292e-01 3.433433326335427194e-01 2.948209021922425510e-01 6.544918360614698782e-01 3.425975508159672667e-01
4.585000000000000000e+03 3.817910356218133239e-01 3.556209222579450602e-01 2.628037426659186049e-01 3.571550771398449009e-01 4.307710358621714697e-01 4.747438528164381055e-01 4.539736319855851021e-01 6.909324485029734175e-01 6.443129453347160585e-01 7.169435779989781210e-01 3.731860233258034731e-01 2.885462773090099464e-01 2.730521608772183972e-01 3.578979481374842675e-01 6.038763105397426667e-01 4.950918051384374796e-01 4.538488649898653193e-01 5.068945920154616092e-01 2.983067399441803325e-01 3.135512322234286775e-01
6.002000000000000000e+03 3.626709699487072336e-01 2.728775949274278578e-01 1.978824407634511007e-01 3.418492525754911471e-01 4.461302273465841406e-01 5.074502841802489561e-01 5.327530259192909678e-01 6.899606464357017632e-01 7.003860678343918345e-01 6.905219363406991384e-01 4.223511783382247198e-01 2.918765373370821870e-01 3.642626743533285416e-01 3.699765335405789113e-01 4.743974434364958137e-01 4.607374295656816443e-01 3.770728843897510618e-01 5.692181095723714002e-01 3.150974532315924947e-01 2.882756059592510578e-01
6.167000000000000000e+03 4.150262869481083916e-01 2.476979012138809111e-01 3.020236117660388686e-01 4.099999884414291529e-01 5.091093511650802705e-01 4.102376249347730597e-01 4.912408445519013678e-01 6.553783347758740385e-01 6.645198989852992844e-01 6.746972804642293875e-01 4.121635134835789360e-01 2.879550852443421571e-01 2.823021511222031377e-01 5.344426000502057184e-01 4.944831822633247720e-01 4.871990907665555981e-01 3.968959163804422485e-01 3.876508077056157187e-01 2.363606297947484225e-01 4.045673929915916678e-01
6.168000000000000000e+03 3.266159993182320975e-01 3.607157048638210406e-01 3.661783676203544391e-01 3.760595139944140075e-01 3.758197082900797681e-01 4.753249677676897322e-01 4.490013262550470730e-01 6.913204071080666369e-01 6.234328082323906672e-01 7.279864615750882839e-01 3.294199119938998055e-01 2.590442150670274057e-01 5.043361327156944407e-01 4.037031637269907769e-01 5.262227671142543084e-01 4.352870644742109496e-01 3.536630715087354382e-01 3.098753911810011030e-01 4.305559071434092444e-01 3.223874329883182899e-01
6.181000000000000000e+03 3.636932316643757268e-01 2.881427830453022754e-01 2.928235003978867934e-01 3.001756761444564492e-01 4.431855251471259471e-01 4.980309267030459952e-01 4.943085789603229863e-01 6.616802654058134836e-01 7.129605666179676948e-01 6.911772414406884835e-01 3.808864353473485620e-01 3.159328659476476897e-01 3.240620706851998767e-01 3.406536853240805796e-01 4.345289902215598854e-01 4.134577246419660068e-01 5.922577006096848562e-01 2.548506532584455808e-01 4.546707025509709732e-01 3.570395439125508275e-01
6.182000000000000000e+03 3.609953297773707548e-01 3.529843497580952283e-01 2.674015513564787505e-01 3.172216547482219484e-01 4.956109006147289553e-01 4.804496890993104063e-01 4.558599031120498246e-01 7.514272823250101041e-01 6.429905548824750294e-01 6.669051405433119584e-01 3.575022184584714102e-01 2.944859327213478761e-01 3.166202235680329324e-01 3.494135074543758268e-01 4.398501044431833984e-01 6.397643720906325271e-01 2.290102134476007800e-01 5.871074194774597022e-01 3.798551078146588100e-01 3.447200794965213921e-01
6.437000000000000000e+03 4.249468280896704364e-01 3.641718087624261080e-01 3.235667989391241561e-01 3.262811882279083031e-01 4.009324682268134432e-01 3.942882303614306805e-01 4.323114967089722871e-01 6.856868421573633077e-01 7.023474994567205920e-01 7.088407855577316674e-01 3.427772840573579116e-01 2.032962461045086378e-01 2.483173477355807568e-01 4.496333186160155759e-01 5.752139999504917167e-01 4.655546520941018507e-01 4.667080743367438278e-01 4.059713399416676194e-01 2.499048584365333170e-01 5.454238847796133438e-01
6.438000000000000000e+03 4.243876363453532585e-01 3.891736698452319398e-01 2.938891034873042929e-01 2.807705028889113663e-01 3.598882824130421598e-01 4.162876437736900415e-01 4.775079972784608828e-01 7.412482831717708276e-01 6.641782003977362292e-01 7.044798321506547945e-01 2.128471230296775096e-01 2.142470959881368486e-01 4.027286275867196785e-01 4.457347522471996615e-01 4.772758091935468405e-01 4.858254423729355120e-01 3.515419615094610983e-01 3.109683255181460715e-01 5.349484468136249671e-01 4.340902315134413936e-01
6.476000000000000000e+03 4.034302384587733492e-01 3.543511423820955297e-01 2.849748940455323343e-01 2.718462821702115617e-01 4.289981391874058692e-01 4.614119313759381114e-01 4.411970824124710755e-01 6.668252524082296517e-01 7.125008862675763499e-01 7.231586520685439057e-01 3.608176355984845096e-01 2.925219318685556291e-01 3.320002565564097452e-01 4.092551106978447040e-01 7.394215684082366957e-01 2.557368434303046167e-01 4.256219846821874264e-01 4.408307484133993648e-01 3.318897712012161549e-01 3.470723683461916509e-01
6.791000000000000000e+03 4.119482401666442750e-01 3.692343948685061772e-01 3.351051635715853738e-01 3.519053359988711938e-01 4.288806483337526121e-01 3.838685916280556443e-01 4.358279510808830692e-01 6.720257333601957761e-01 6.723435982825834989e-01 7.150225594272530127e-01 2.632344147982086380e-01 2.476826696160511487e-01 2.349111483801991640e-01 4.564389474535275326e-01 6.119379089104460823e-01 5.708446384926155748e-01 3.855589873019144576e-01 2.378922048042821924e-01 4.717267306170708219e-01 4.346033030834356437e-01
6.792000000000000000e+03 4.320196820359057388e-01 4.061562646023565981e-01 3.214911388085803789e-01 3.110997234100492115e-01 3.507034606280819977e-01 4.236073619697514059e-01 4.696860254422706715e-01 7.094022328367224350e-01 6.742662944369487432e-01 6.641374666995443210e-01 2.580394466571336864e-01 1.976235124044888047e-01 4.004418623068149996e-01 4.644700674959640896e-01 5.732194219507996680e-01 3.931209902227031927e-01 2.017754154143108491e-01 5.749630909632973408e-01 4.266605397736763505e-01 4.317739349485893996e-01
7.210000000000000000e+03 4.245469285465355291e-01 4.241078131199825796e-01 3.684005868309273568e-01 3.032205934559561444e-01 2.768478325444865273e-01 4.373274808942885783e-01 4.478102659412638298e-01 6.987122903024547416e-01 6.808306795273820766e-01 6.867824121239317625e-01 3.502407915519147874e-01 2.138816267196350651e-01 3.669222669017847549e-01 4.661752500847539116e-01 5.514326585696310845e-01 5.368919849650582998e-01 3.853247083305686993e-01 2.819654166244258686e-01 3.418601252866256823e-01 4.208025809729428746e-01
7.510000000000000000e+03 4.304234638192021012e-01 3.910250493841627151e-01 3.244369619295142670e-01 3.304387897643534244e-01 4.199682559439720242e-01 3.789433179626529036e-01 3.905109794762045561e-01 6.795324428900071378e-01 7.191382003432262859e-01 7.107498891209915737e-01 5.189782890663787729e-01 2.567258030441190719e-01 3.035156105970465701e-01 3.564765999259524309e-01 4.897569962777442165e-01 4.722920602148134583e-01 4.980520607056541649e-01 4.535525009945984287e-01 2.906182004767842164e-01 3.041519682691790072e-01
7.651000000000000000e+03 3.535124581318318526e-01 3.387547763966127223e-01 3.235187167588983170e-01 3.778761569526043473e-01 4.034667886713607099e-01 4.223691365479701476e-01 4.686136289483501249e-01 6.941090316493041534e-01 6.879792816550485135e-01 6.999300504108767473e-01 4.841075370816479428e-01 3.183055971017172969e-01 3.750932695196810829e-01 3.262549662424725772e-01 4.568475750549266801e-01 4.608579503851302217e-01 5.624529816295917861e-01 3.472110359166210025e-01 2.547381476979084791e-01 3.244684307790240418e-01
7.652000000000000000e+03 3.933680784915529194e-01 3.759745239363564417e-01 3.291974493804503132e-01 2.700147742723899569e-01 3.832941319921332468e-01 4.445592024677466059e-01 4.744801920288710950e-01 7.118931298218990067e-01 6.444248793391643693e-01 7.251187322331825724e-01 3.788344695069077450e-01 3.593221718507179641e-01 3.173587672401826931e-01 3.844669204174142041e-01 5.131056744434461248e-01 6.358574224333983782e-01 3.265303709996367210e-01 3.442588133976890452e-01 3.658305329570277764e-01 2.872973558962886864e-01
7.846000000000000000e+03 4.224937948475576688e-01 2.488827480044665530e-01 3.190831035924867609e-01 4.130743901327157963e-01 4.467683583502579658e-01 4.366824700170476858e-01 3.591010225694885594e-01 6.520077962757691026e-01 6.792692694602413539e-01 7.842803621075641329e-01 4.202687934435709871e-01 4.965375647002380766e-01 2.915283621503811373e-01 3.145258941210590242e-01 3.790589119853472466e-01 3.486379045670918164e-01 4.090749647459879235e-01 3.658176801627445185e-01 4.261257309936598014e-01 3.844821306506845393e-01
7.936000000000000000e+03 3.733349751807252259e-01 2.385368278664770636e-01 3.324485813204146045e-01 3.741569154072105774e-01 3.918863374642321262e-01 4.144004577397039646e-01 5.022659725976781342e-01 7.456790892121990533e-01 6.965995838828861197e-01 6.850750412071533457e-01 3.183272840816573912e-01 2.646171218532129554e-01 5.983817467376211230e-01 3.887306479167357831e-01 4.730047489431437602e-01 4.105824162054440563e-01 3.367796975389127367e-01 2.840389046929339689e-01 4.626734173810583828e-01 3.071390599338986171e-01
8.038000000000000000e+03 4.229430687755358353e-01 3.183819371167051493e-01 3.022473187899550329e-01 3.720655141224865625e-01 4.780996834826173880e-01 4.150812345477644660e-01 4.760892444994888617e-01 7.184242013436588081e-01 6.632199203080190175e-01 6.267034036936053321e-01 3.661355442800248161e-01 3.881556674053613931e-01 3.059993379709497474e-01 1.990747260858245216e-01 4.332822493859140311e-01 6.359271069427997469e-01 4.513983864288186876e-01 4.965306777155877871e-01 3.030373632350925051e-01 3.528706960192428133e-01
8.041000000000000000e+03 4.507794710440050645e-01 3.772276356990105217e-01 2.355864444508294353e-01 3.223848361668552043e-01 4.860610204379886001e-01 4.676900968697959016e-01 3.945636739833554008e-01 5.992765067119550926e-01 7.262659185006887785e-01 7.066791537171697168e-01 1.652942909732572074e-01 2.819792862828945368e-01 4.853637690384293157e-01 4.004034552468533903e-01 4.921723751501025923e-01 3.645997837812414710e-01 4.187645108606940503e-01 4.925464873866817195e-01 3.705530743530550120e-01 4.142672437127828955e-01
8.042000000000000000e+03 4.477871814929715866e-01 3.093743876302083584e-01 3.050070613967424404e-01 3.757343232821686585e-01 4.752664060877161978e-01 3.887282206500814463e-01 4.189985092086406238e-01 7.847281491458317770e-01 6.741885361861011949e-01 6.241516794887996822e-01 2.919693306219732221e-01 4.149699844561371975e-01 3.460731787061890330e-01 3.680286134047508484e-01 3.606864022739669218e-01 4.206513173163518027e-01 4.115718003625629673e-01 4.449520896033947737e-01 4.027441021939746624e-01 3.956492842237736562e-01
8.405000000000000000e+03 3.692911579275625633e-01 3.294120779571174107e-01 3.032271869256749075e-01 2.873011751156300253e-01 4.283402538431614892e-01 4.722039783707073779e-01 4.859776022873790735e-01 7.277269049225806308e-01 6.971287618950627873e-01 6.616689896220580014e-01 2.572560175293063245e-01 2.987786104051420866e-01 4.008862918997845859e-01 4.005791839863664938e-01 6.300728049413698573e-01 5.470761563840434993e-01 2.130643015834346177e-01 5.411954022251976859e-01 3.398458078545781302e-01 3.154544275866988934e-01
9.244000000000000000e+03 3.101987143269810399e-01 3.138070034189400226e-01 2.738694924689608068e-01 3.270912523385910986e-01 4.324763014438861575e-01 4.886748373346040952e-01 5.156924738350738835e-01 7.016875814343809248e-01 6.932578152392683268e-01 6.986438376703727471e-01 5.489720709816120481e-01 3.881564096076089432e-01 4.117557076620435574e-01 3.528602926557679598e-01 4.236653728254350937e-01 2.913634542587286713e-01 3.656199503928636574e-01 5.172442771650286319e-01 2.938051617319989428e-01 2.889240663253115904e-01
9.247000000000000000e+03 3.926329099471446149e-01 3.076808903005189832e-01 2.942652487752768775e-01 3.475728739199114292e-01 4.370713597367950065e-01 4.770463072763637680e-01 4.499400987928807716e-01 6.941498460300787876e-01 6.848762881097767430e-01 6.815231387580638067e-01 3.784753009904561205e-01 3.214662576539693006e-01 2.579465137425419052e-01 3.761867825557688727e-01 5.946997468910916185e-01 4.100338292464820733e-01 4.088838907678639112e-01 4.977660067566832547e-01 2.961373191991023557e-01 4.007360197808584323e-01
9.406000000000000000e+03 4.317289699438239259e-01 3.538703321551587844e-01 3.282846014408960511e-01 3.625123904547146725e-01 4.404410940394891671e-01 4.036944974925228413e-01 4.562365974910242983e-01 6.808798487653123788e-01 6.435303659556349531e-01 6.810787630021514216e-01 5.493155252501753516e-01 3.849915394620788134e-01 3.027969829982082306e-01 2.816138061552918015e-01 4.293458118621665265e-01 4.809178127574882389e-01 4.369530253222514427e-01 4.758307451244548902e-01 3.077371028500104355e-01 2.668275089421450197e-01
9.407000000000000000e+03 4.145354084735991540e-01 3.923671391932968544e-01 3.253897225927196990e-01 3.154689221869288462e-01 3.703779343135049085e-01 4.403371916368131744e-01 4.721242002011266647e-01 6.690265653034076498e-01 6.326920790252413829e-01 7.231546590555706366e-01 4.723447979846560063e-01 2.935408377965627591e-01 2.792644923802101165e-01 3.683520583506125212e-01 5.458550850166539181e-01 5.035899857578548522e-01 4.561848380326443686e-01 4.239718834589055740e-01 3.157341145090815648e-01 2.850830966535339295e-01
9.815000000000000000e+03 3.328448251085451837e-01 3.229218383824885019e-01 2.699113240658139734e-01 3.306398080942426487e-01 4.226272302959217519e-01 4.504508184760152023e-01 4.950683227799451136e-01 7.396358650710085358e-01 7.063856791143814373e-01 6.908580609831358466e-01 2.906057538992586342e-01 3.034709797089548133e-01 2.963330773641671412e-01 4.105067815779499529e-01 6.953167460325252458e-01 4.201110135497253539e-01 2.757685208061441684e-01 3.785816424294561888e-01 3.850549950379195119e-01 4.654304828649207804e-01
9.820000000000000000e+03 3.611451181170125535e-01 3.264225912821957509e-01 2.980928055087717077e-01 3.378222043830667043e-01 3.764808525837023967e-01 4.706269943294129066e-01 5.082930003004156871e-01 7.015633720589776745e-01 6.772912620405137085e-01 6.922411188419280714e-01 3.350612049626247591e-01 2.071982981501675203e-01 2.860070308754338875e-01 4.041408162314418795e-01 6.274185706376250726e-01 6.204837318140040692e-01 3.879517447924696882e-01 5.717375295981047545e-01 3.557142432837371859e-01 2.007137111937148111e-01
9.822000000000000000e+03 4.111015254172512567e-01 3.546264381009895938e-01 2.186277980641974927e-01 3.235446968924090561e-01 4.831274573077593004e-01 4.674117055209528471e-01 4.879646196834183658e-01 6.613438478487818628e-01 6.488588827454128127e-01 7.081955312230996391e-01 2.783195875875706937e-01 3.321656281686058421e-01 4.542496511000247983e-01 5.141766349093246369e-01 4.318627420235248704e-01 5.375824756249623082e-01 3.998186293859868345e-01 2.932197782273350262e-01 5.337445063407795370e-02 5.959332885320420825e-01
9.823000000000000000e+03 4.074214222356968840e-01 2.634721907150576747e-01 2.807801584593260236e-01 3.454390871119457085e-01 4.451896934087736235e-01 4.665510153530350035e-01 4.489568352902317261e-01 6.665474075759008077e-01 6.545809647581357638e-01 7.667112743225027449e-01 3.632821552287924249e-01 4.034604615007817419e-01 4.620622826389313986e-01 3.357555904662611890e-01 5.529387699441421500e-01 4.175700072305427168e-01 2.547487536876095193e-01 6.663005873163005410e-02 5.821493582589442051e-01 3.647601006345870256e-01
1.014100000000000000e+04 4.241519111898499617e-01 3.647133614558875081e-01 2.965120916021963260e-01 3.355959342878196416e-01 4.975632098163023098e-01 4.003337261620784071e-01 4.492768030698769399e-01 6.861168160450820119e-01 6.245388753125320491e-01 7.094854498132704412e-01 4.286665034294159793e-01 4.923587483931347597e-01 3.617813891652124636e-01 4.284272695753627569e-01 3.571378406891576041e-01 4.041601392371761414e-01 4.347537772505623566e-01 4.603028818481353368e-01 2.618427931364384342e-01 2.373422244217267274e-01
1.014200000000000000e+04 4.292794043298883699e-01 3.652628465572477223e-01 3.075325277967621562e-01 3.759204495230592524e-01 3.739178362084035756e-01 4.389073065842325483e-01 4.820306764001274780e-01 6.531759241331445143e-01 6.691454312046347663e-01 6.679117099872798891e-01 5.993277194433448418e-01 3.471372962715789101e-01 4.179106716596530102e-01 3.013966581150119284e-01 4.512391591460399587e-01 4.928684420286564838e-01 4.340883053470474540e-01 3.548493813219529835e-01 2.817859232417100901e-01 2.231171086101416401e-01
1.014300000000000000e+04 4.299304080690344865e-01 3.775190285216646346e-01 3.448244669693302233e-01 2.614956986812075890e-01 4.257707184053532989e-01 4.741876747646574519e-01 4.553353318879215239e-01 7.068440981617066798e-01 6.244193153538888374e-01 6.708612507078290932e-01 4.249129061945859376e-01 4.107638926358184728e-01 2.995716785634228163e-01 3.880275894488008914e-01 5.607092968689780799e-01 5.014423512945688222e-01 3.409905674819942445e-01 3.891154623197904394e-01 2.729762617295531935e-01 3.271819320384695695e-01
1.041000000000000000e+04 3.967685857929191262e-01 3.555477811877193473e-01 3.317452562482902101e-01 3.687717822301637138e-01 2.903862663520755949e-01 3.775667515481324621e-01 4.623454385190205462e-01 7.077071851316396600e-01 7.141010555572748775e-01 7.355163651683890302e-01 5.984837988794481367e-01 2.799481293168120666e-01 3.945328288180567355e-01 2.891708365521927782e-01 5.812873599394581259e-01 5.011713438391239839e-01 3.807681558447164050e-01 2.933483769892771820e-01 3.201910829947881565e-01 2.846162500170860699e-01
1.045200000000000000e+04 4.255862302026131028e-01 3.956569190639866451e-01 2.589249501797698527e-01 2.323108195942076015e-01 4.056785562200585504e-01 4.715703611247485383e-01 5.093277674155023416e-01 7.271306496498168848e-01 6.662268290148484207e-01 6.600906631570097050e-01 2.591596969830350927e-01 2.399786728637828825e-01 3.319154981835852891e-01 4.847547381927911903e-01 6.004110190806067893e-01 4.865232982397940664e-01 3.145881986040159339e-01 4.370963062139180955e-01 3.367716568897796692e-01 4.414162129060793527e-01
1.068900000000000000e+04 3.404391834557273788e-01 3.283174888163078453e-01 2.517255268320014450e-01 2.971201763014202357e-01 4.507179739795924012e-01 4.834067501783183562e-01 4.893300268192672942e-01 6.911445374999675151e-01 6.729285148007280171e-01 7.445713628346167789e-01 2.985733403185589219e-01 3.627543450684418969e-01 3.865080930230440637e-01 4.892170610858919688e-01 4.997070632994347061e-01 4.809152103111623555e-01 3.718581826011715941e-01 3.943761351913240287e-01 2.723816820235612224e-01 3.404008752233631530e-01
1.069000000000000000e+04 3.864413939547159393e-01 2.997083809006372834e-01 2.567310782351158727e-01 3.156342504411893679e-01 4.668110380845063578e-01 4.682000605891341594e-01 4.734412153931631395e-01 6.955713119225578334e-01 6.940402927802542532e-01 7.014755137754052905e-01 3.863285742859519645e-01 3.313367696846988286e-01 4.270446452256150272e-01 3.773787556082893180e-01 4.804889551826607152e-01 3.772469041855884275e-01 3.328185361341913229e-01 3.303191343190710061e-01 3.422068678489154081e-01 4.795287777749748237e-01
1.078200000000000000e+04 3.820720195667790531e-01 2.866563212167662078e-01 2.761405125686769990e-01 3.361015550780654393e-01 5.021390075121759944e-01 4.622259499515060099e-01 4.946030000309059038e-01 6.936548173892836955e-01 6.776618587297410512e-01 6.630963340166499131e-01 5.191689391943864473e-01 3.277094375604285292e-01 3.176752400018783562e-01 2.346844828582507203e-01 2.287283602979959529e-01 6.325001807135952614e-01 4.056379129437807651e-01 5.353059080791376934e-01 3.039029787599283883e-01 4.054586861868683667e-01
1.093700000000000000e+04 3.498456933801692426e-01 3.549352305220150883e-01 2.900817900214340828e-01 2.124145462925861039e-01 4.138554425995535357e-01 4.621146042631850137e-01 5.190043265296800934e-01 7.361486793793675654e-01 7.067956460983576550e-01 6.967772417356965509e-01 2.921666532999310228e-01 3.176890606026338548e-01 3.082152185221849194e-01 3.425296014265085121e-01 4.604681930820149205e-01 6.063555904200951252e-01 3.424967604587949577e-01 4.671261227142672334e-01 4.322074819269867141e-01 3.463437364655236883e-01
1.213700000000000000e+04 2.922570528952907476e-01 2.852610315914953509e-01 2.618545117649000997e-01 3.490889092548087325e-01 4.378132016181366937e-01 4.921878998458647514e-01 4.995641855715459712e-01 6.955026074044148299e-01 7.012487102017991303e-01 7.351006516648153077e-01 4.557168303762593187e-01 3.160288783735806240e-01 3.843956426820356875e-01 2.905490198735333207e-01 5.114961374688226092e-01 3.363402868181634142e-01 4.499594308554087374e-01 5.128636627508714740e-01 3.800029031454859596e-01 2.735064219841535915e-01
1.218700000000000000e+04 3.550170034172489553e-01 2.700169862252195241e-01 2.580342588955296113e-01 3.233531198082189584e-01 4.703861017375696729e-01 5.128732504108760581e-01 4.714252314053280490e-01 6.835111594785565625e-01 6.758196725966632012e-01 7.306634584368306706e-01 3.239004738961794860e-01 3.174997247514713683e-01 3.481946543832661334e-01 4.826422774483735134e-01 4.893042712038076503e-01 4.345910012065153372e-01 3.997689081976149583e-01 4.148033435045327955e-01 3.482296943150733348e-01 3.388815797865681878e-01
1.232800000000000000e+04 3.258854744429169892e-01 3.028095354801698114e-01 2.654589167832684393e-01 3.766388855277784109e-01 4.184191246201472425e-01 4.593166555887898128e-01 5.205829518940893186e-01 6.869730484166217677e-01 7.130385461879907849e-01 6.873099303030171248e-01 3.881602426541223005e-01 2.887005456255987146e-01 2.814057032065287456e-01 3.216113905725335731e-01 7.460024240375067173e-01 4.454301077449355772e-01 3.596189760797867674e-01 5.073436626389967730e-01 3.278220023481016043e-01 3.099353312082068213e-01
1.232900000000000000e+04 3.695737992352696177e-01 3.191934314707824960e-01 3.339370398402378148e-01 2.902455071039514167e-01 4.395347559165520557e-01 5.053222860916847248e-01 4.734703270191492619e-01 7.477972538895425458e-01 6.357163182103647836e-01 6.588414171638330430e-01 3.316109300465517329e-01 2.591279070484290847e-01 3.045523376798940363e-01 6.111739560915444569e-01 4.827896755145663632e-01 3.957829839753544410e-01 4.644733078513738067e-01 4.312846766595200831e-01 3.423622330291063443e-01 2.875008176506665958e-01
