2.620000000000000000e+02 3.848780236990019810e-01 3.662871504980076964e-01 3.182101368073150249e-01 3.753923868607801917e-01 4.213617232306878235e-01 4.933051998814687589e-01 4.420746174982666532e-01 6.236288901399348328e-01 6.219712892778755942e-01 7.237097865398768315e-01 4.863640978124653680e-01 3.597268392740071707e-01 3.573907004899279927e-01 3.033235048711352411e-01 4.396010188027294485e-01 2.992995280029253635e-01 5.130866516359782192e-01 5.547675154191197278e-01 3.185392761779481940e-01 2.737611968553683717e-01
5.100000000000000000e+02 4.098721170687343318e-01 1.720218259436133434e-01 2.433238949061735934e-01 3.266327637394709771e-01 5.110537763422096091e-01 5.528610144823041805e-01 4.424199202651956653e-01 6.134766489284290136e-01 7.126275942457038770e-01 7.464195986400320448e-01 3.490145000506729711e-01 7.866603985510719488e-01 4.481473203481114442e-01 2.369434845511561027e-01 3.806086009507820278e-01 4.488033687415767248e-01 3.706483309292463169e-01 5.255640625472141059e-01 1.480288548004788929e-01 1.486101093786144633e-01
5.150000000000000000e+02 4.720956840295176815e-01 2.679099869826417346e-01 1.831407350846163407e-01 3.571148731699621548e-01 4.723064565491947309e-01 4.527726724331331276e-01 4.311419918418570862e-01 7.234839362879784685e-01 6.587538990446042408e-01 7.367094221541692356e-01 4.464229272274979898e-01 3.465890895425763896e-01 4.830307825393301835e-01 1.890408720082761562e-01 2.952894655605106111e-01 5.013644076258672033e-01 5.362794556935009949e-01 6.770141383840592164e-01 3.156342809819425166e-01 1.288467059341805165e-01
5.210000000000000000e+02 3.418470036753190611e-01 3.638999874320823502e-01 2.661411203727123143e-01 3.420777419389909868e-01 5.489413550718852397e-01 5.929220577964390282e-01 3.664725291082792102e-01 6.044438161429235290e-01 6.357189808292171840e-01 7.293610382282376126e-01 5.095959065846155100e-01 5.037207931998894939e-01 3.281702043859081042e-01 1.874454389741590232e-01 2.578452849373510936e-01 5.357731594174883760e-01 6.926220491077534902e-01 5.315777417544395034e-01 2.786446790028072606e-01 7.632584987505686147e-02
7.940000000000000000e+02 3.290763998085927122e-01 3.161592100105555248e-01 2.579292671217542909e-01 3.784365018076877862e-01 5.364719666498052320e-01 5.126776865977830111e-01 4.198400056023210425e-01 6.505842750633877847e-01 6.580427770280429245e-01 7.281733607601229563e-01 3.965530836459371100e-01 2.128957695453008725e-01 3.400946060991059117e-01 2.443786906921814606e-01 5.125205654388408361e-01 6.732148099417153420e-01 4.195897783482884780e-01 6.100927059304552813e-01 3.639114541819397086e-01 2.149191245176131915e-01
1.641000000000000000e+03 5.817245638243314643e-01 3.073956110183044266e-01 2.790682779061233743e-01 2.030436413445350086e-01 5.032841242038824658e-01 4.912028557603524415e-01 3.675528546460412604e-01 6.340425263460260918e-01 6.555810006963310732e-01 7.229966707009084503e-01 3.849546748987329181e-01 3.773720714779017493e-01 3.333742716985313437e-01 2.958508708936763432e-01 7.300653124422070706e-01 4.785010611695630356e-01 4.701218287006923013e-01 4.917378762086105914e-01 3.025421418077413604e-01 1.057119123814581202e-01
2.397000000000000000e+03 4.158247520761511051e-01 2.739303145848431265e-01 2.625160439761033415e-01 3.116196185431073795e-01 4.963177700036451867e-01 5.187690827558487650e-01 3.940745821208788136e-01 6.936628156430391101e-01 6.509457664758415696e-01 7.442612504619656733e-01 4.518876380864623732e-01 3.285142158829804648e-01 2.035704043608992375e-01 3.518157301016073824e-01 4.259460872149412602e-01 5.641487223084635794e-01 5.129749529646331352e-01 3.995658576917259230e-01 4.157776908508307168e-01 2.670131534295487885e-01
2.451000000000000000e+03 4.363417058135524162e-01 2.549043582862924318e-01 2.268358056571626868e-01 3.364041408746246131e-01 4.834990781755986178e-01 5.266895752621534310e-01 4.122594637678593243e-01 6.655068545295749205e-01 6.560923159778958569e-01 7.509931963286714529e-01 5.255271908489620447e-01 3.372782242605275038e-01 2.102516477045775489e-01 3.379822414402670616e-01 4.147385389552216695e-01 6.139064604499865352e-01 5.690642178270639562e-01 4.687738131283656351e-01 1.983920597544937825e-01 2.853518591388499726e-01
3.132000000000000000e+03 4.035845780332480426e-01 3.781790746174741868e-01 2.837840477098183545e-01 3.359118879897212140e-01 4.773794422518559677e-01 4.728283579952234361e-01 4.858542439681328706e-01 6.035044072765143319e-01 6.291449262568868939e-01 7.019214256970429666e-01 3.755937384832230275e-01 2.984420047071293380e-01 3.048170338430350457e-01 1.857859712439621502e-01 6.111393085668772596e-01 4.305665552421480968e-01 5.051563611833914669e-01 8.831758045218418562e-01 2.891825961618100238e-01 1.366623937712080350e-01
3.383000000000000000e+03 3.304647973767241842e-01 2.399155555203210943e-01 2.101735440900213137e-01 2.876648290392634366e-01 5.121114529972461415e-01 4.905535626476846822e-01 4.736389611221092921e-01 6.669509703983079740e-01 7.261734030885912405e-01 7.940195976642634434e-01 2.756318125611746384e-01 4.606369391180266670e-01 2.254213895521970656e-01 9.659648922331652565e-02 8.377022145796335639e-01 4.553436922622158822e-01 4.256554378911615033e-01 7.445202856047212769e-01 3.695769310139829789e-01 1.206751198930715863e-01
4.020000000000000000e+03 3.492946119601458843e-01 3.105645272511040611e-01 3.155335668389832593e-01 3.326130432762025024e-01 4.889464892924234030e-01 5.450924664844835066e-01 4.033608104966176500e-01 6.362996489091685692e-01 6.651749031482643293e-01 7.247654887324213036e-01 4.560885523653733231e-01 4.103119348812100942e-01 3.378627937635394485e-01 2.354136807046260105e-01 6.831143251413768214e-01 4.499556645380921038e-01 4.424821650375532767e-01 4.029649255058257440e-01 3.123535379208305929e-01 2.078014572722456654e-01
4.612000000000000000e+03 3.910387177156162131e-01 3.289582336681143304e-01 3.028388138927382012e-01 3.383715360261442262e-01 5.281612807462027215e-01 4.659558964078611698e-01 3.815568455906106493e-01 6.598724532406724519e-01 6.534987552124639221e-01 7.373016900811455443e-01 2.370496281350827350e-01 1.413717770860685452e-01 3.564914886536776906e-02 5.565450511128353650e-01 4.612252770637312316e-01 5.080506484265540079e-01 5.840818136155883078e-01 5.670902006930060857e-01 4.945035896786058593e-01 3.857516952468356131e-01
5.492000000000000000e+03 3.595171824484047485e-01 3.000367411599321188e-01 2.785541888817643641e-01 3.234175560519484405e-01 4.926423801528622137e-01 5.461109061574975776e-01 3.681089276757403272e-01 6.932563718204098890e-01 7.047165619746931231e-01 7.082358817408477281e-01 4.444135001563047083e-01 2.959557580957775103e-01 3.551614524602017542e-01 1.591086723595419583e-01 3.859195306900012890e-01 3.337155535979504095e-01 4.771791471040852661e-01 6.982160079962735910e-01 5.220974702809871859e-01 2.400021027376028349e-01
5.785000000000000000e+03 3.378587190757432190e-01 3.400108211982572071e-01 2.501727602191372579e-01 3.325822535543517811e-01 5.283787509344174405e-01 5.098117125456934629e-01 4.712505432089376112e-01 6.083256621900685612e-01 6.665445938228249378e-01 7.260749907864719743e-01 4.073135552163674733e-01 3.827021455644689096e-01 3.156212478085936302e-01 2.311823031953113561e-01 4.729875218527161973e-01 5.236261546762532859e-01 4.719641527107785728e-01 5.284262326831770107e-01 3.862038569544355426e-01 2.074538313649525179e-01
6.166000000000000000e+03 3.460221266391093065e-01 3.589346230969751028e-01 1.994220577028169294e-01 3.415329922324212286e-01 5.472161323175080971e-01 5.110933655411502574e-01 4.314656212826998294e-01 7.084244686843571559e-01 6.355639261097838499e-01 7.137244003441101103e-01 4.367524170121835914e-01 3.622956935961910152e-01 3.178753066835402485e-01 3.044143962402612313e-01 6.661237470583349918e-01 4.658572742791638466e-01 4.520350826338320194e-01 4.426855661544477072e-01 3.008813788567985537e-01 2.033728170343631347e-01
6.435000000000000000e+03 3.444860653123122951e-01 2.668067657518219393e-01 3.312354049637916131e-01 3.662384898720279502e-01 5.201076708957909078e-01 4.880496440843016814e-01 4.650000364803165698e-01 6.351642904023153680e-01 6.348169027152397170e-01 7.245312185202431587e-01 4.587919646380499428e-01 3.946590474735409138e-01 3.262637292702833536e-01 2.395039280799982073e-01 3.247816118545356900e-01 5.137996236677048190e-01 4.893014815478801682e-01 4.688517814778945803e-01 3.931882106282313938e-01 2.790831466792087490e-01
6.789000000000000000e+03 3.935358350381512604e-01 3.442506421546185358e-01 2.968912532836217588e-01 3.500788475137440181e-01 5.107442607613689178e-01 4.916140306234410007e-01 4.685817167547541295e-01 6.037090711444156321e-01 6.220942270088974935e-01 6.988180714884566491e-01 4.396661437822590446e-01 3.369461558651344335e-01 2.773081171985298243e-01 3.106156505466666773e-01 3.304341362306489893e-01 5.609258856550233263e-01 5.598107810398782469e-01 6.182643569558348151e-01 3.493283784704938055e-01 1.569274261984293095e-01
7.310000000000000000e+03 2.707519483862889653e-01 2.823173855520145770e-01 2.434452467795462371e-01 3.368168860199125536e-01 5.071811157083182531e-01 5.121116073691860393e-01 5.581756626359701823e-01 6.527330848903299954e-01 6.595617833391559381e-01 7.318956744604393494e-01 3.845452201039231688e-01 3.781394890836166645e-01 3.290847246381946589e-01 2.013620281357259290e-01 5.596227628683442257e-01 4.950734716589216822e-01 3.407710855604684785e-01 7.730179905186672640e-01 3.619440740703364634e-01 1.482341549183056051e-01
7.649000000000000000e+03 4.097810002060141010e-01 3.490211466019977893e-01 2.271794239009064242e-01 3.163279208478063653e-01 4.936229149184103160e-01 5.099464824836924537e-01 4.483653136620082136e-01 6.448018741318125580e-01 6.531505432045000559e-01 7.135728520855844081e-01 3.729417333662781164e-01 3.066470751904825653e-01 4.432240603562944692e-01 3.635213264847791947e-01 4.855570469437781034e-01 3.689866608220095379e-01 3.846248201570083847e-01 4.593581661386170190e-01 4.689912465104625894e-01 2.283692924743226105e-01
8.045000000000000000e+03 4.550745437109505742e-01 3.762680133903072988e-01 2.071096920997255453e-01 2.483104546962611181e-01 5.652767554909441383e-01 4.805074493928399026e-01 3.931193233359486228e-01 6.555057580295636788e-01 6.421077027752151167e-01 7.508125104377960657e-01 3.781209380557376543e-01 2.599155479225402354e-01 3.567493895464197706e-01 4.056657247177847814e-01 4.900850970878107837e-01 5.384311952368543430e-01 5.145763679453628781e-01 4.294427287595066756e-01 2.820660240762843940e-01 2.841025235103254998e-01
9.394000000000000000e+03 3.050284635584042947e-01 2.620680815968520760e-01 2.584710856851929472e-01 2.713041714732025711e-01 5.256822428388894242e-01 5.579747274846954541e-01 4.812564130457225309e-01 6.765263544570783161e-01 6.688650834406149048e-01 7.440485080649694716e-01 5.171010335506381894e-01 2.773533422805058435e-01 1.819249667448463725e-01 1.934427258236208480e-01 2.355249425948297004e-01 2.585309708491352887e-01 4.955724743437038282e-01 8.488248085182014124e-01 6.423353671659265407e-01 2.573080394271235471e-01
9.395000000000000000e+03 3.325030111834928470e-01 3.062545273866817408e-01 2.322997788066805402e-01 3.843178433374946357e-01 5.655769070273292121e-01 4.589214003016244825e-01 4.609192485714985188e-01 6.899746557735895180e-01 6.928622948303921891e-01 6.746826417193223513e-01 3.356951231999730223e-01 1.720913287935575964e-01 1.924717982566167274e-01 2.027472756640935347e-01 2.944285232550000186e-01 5.730592453361978977e-01 8.164799361216219520e-01 8.878973540086136929e-01 3.073106924682096897e-01 2.411817332419718130e-01
9.405000000000000000e+03 3.686616835763640299e-01 3.775208850428795615e-01 2.950118078567543489e-01 3.679559520908661230e-01 4.936492515559259830e-01 4.579593637399396733e-01 4.237230983400495088e-01 6.635218916417314761e-01 6.551942076732157894e-01 6.927442234870907489e-01 4.568723807632100731e-01 4.548039562176998674e-01 4.017228192927393970e-01 3.118415172744132269e-01 3.352269885133444260e-01 3.863150410455693518e-01 4.261583708520079172e-01 4.654667071764034270e-01 3.527283470727015646e-01 2.653677396737749161e-01
9.617000000000000000e+03 3.155509967715832143e-01 2.386360829162796349e-01 2.457061556180239192e-01 3.323221629913459263e-01 5.795715295505827758e-01 5.582576710802906739e-01 4.370516450292109001e-01 7.154215168078590370e-01 6.474598348782367729e-01 7.130966461805181567e-01 2.266988527590587388e-01 2.091834852209614459e-01 2.612075138006846875e-01 2.543616812622296885e-01 4.220998639435179500e-01 8.840297990488019675e-01 7.550978387121021207e-01 4.238727171953865502e-01 3.827089531828167801e-01 1.701845032740297303e-01
9.821000000000000000e+03 3.875664976992288513e-01 3.534439358941532938e-01 2.971338377465362335e-01 2.501157215696511171e-01 4.532936248669500179e-01 4.911545447701248235e-01 4.844268067476453776e-01 7.038414983080744092e-01 6.400739681317983987e-01 6.987860479943445169e-01 2.490144887352979952e-01 2.811408001864936224e-01 4.070889472077698357e-01 5.467692386211137068e-01 7.153675209185974548e-01 4.541684829791691747e-01 5.567694127088183009e-01 4.977969174938391972e-01 2.540560572207816725e-01 1.294760922175930244e-02
1.004900000000000000e+04 3.600141702322037784e-01 3.195224985157887887e-01 2.105601626281618510e-01 3.256079599436376149e-01 5.086181954799574578e-01 4.852802955708109267e-01 4.837651444461258943e-01 6.741717791121560888e-01 6.740386033524774501e-01 7.222420843628259979e-01 4.699733399314411364e-01 3.638607349611669428e-01 3.932563506828191668e-01 2.782459535262637451e-01 2.912521560329298098e-01 6.465872674569504985e-01 4.766508449087610289e-01 4.987826974289324422e-01 3.387709366399173638e-01 1.519996062032303308e-01
1.014000000000000000e+04 3.447652416982106005e-01 3.758222633253495704e-01 3.120662881946024148e-01 3.410796726894970154e-01 4.729401488731646563e-01 5.069371164234461880e-01 4.263779876025368676e-01 6.621061971650622491e-01 6.655187767484990191e-01 6.806600331723311470e-01 3.022145890244903321e-01 3.714845670271703648e-01 5.279975029930016328e-01 3.855090681840581124e-01 5.276813232721401237e-01 3.324889075803855176e-01 3.705607921231017232e-01 4.791857697663405302e-01 3.530517792898950069e-01 2.274922989746520352e-01
1.037200000000000000e+04 3.463794328636431441e-01 2.691072640428777696e-01 2.645694695230341176e-01 3.180282648029372772e-01 4.835310147848165818e-01 5.154120717776974336e-01 4.398672984878855274e-01 6.702130564475233809e-01 6.806769302955916201e-01 7.626202553243695004e-01 5.266941179367400361e-01 4.159994468882081131e-01 3.839196148766410022e-01 3.173035805289979860e-01 5.308408604353039850e-01 3.336816025369921390e-01 4.399489095387348891e-01 4.109747524634689841e-01 3.479409876304746518e-01 1.831279533893541145e-01
1.040800000000000000e+04 3.705582511765239118e-01 3.509991002873543708e-01 2.915231771464074084e-01 3.494243678784714202e-01 5.208883156495163202e-01 5.157698103808896484e-01 3.815123332565869552e-01 6.084809592594555561e-01 6.592915960516606555e-01 7.357330492787044207e-01 3.794148780749062588e-01 3.801857703037532232e-01 5.299706963178720809e-01 3.150269201174764611e-01 5.006893820416895569e-01 3.206195826965763107e-01 4.797808584018655731e-01 4.897298780915994576e-01 3.112536122808709504e-01 1.803483442517120339e-01
1.100000000000000000e+04 3.526611104309662625e-01 4.116271914330216775e-01 2.996606693048135539e-01 3.477496312337240991e-01 4.761919962830926667e-01 4.766721555404352939e-01 4.725520907465616260e-01 6.343657822680635050e-01 6.014213467991215145e-01 7.143575289538716122e-01 3.352305451403931325e-01 4.483522836147434409e-01 5.377266707136206803e-01 1.923519527455588296e-01 4.503533513444752945e-01 2.939862173859830730e-01 4.324741885066026859e-01 4.735352371830647833e-01 4.763518737689080851e-01 2.015599539596340528e-01
1.233100000000000000e+04 4.391300480572396525e-01 3.029331067140098588e-01 2.684876496662041978e-01 3.623529333305281486e-01 4.288416950179206322e-01 5.044121723880998776e-01 4.442252121197601822e-01 6.143269455793116673e-01 6.513109158701834156e-01 7.322815551762567043e-01 3.119699947406150975e-01 5.291614323446290902e-01 3.633281598032306881e-01 3.409139897700712019e-01 5.374481649097365699e-01 4.215247992270402255e-01 3.999961084285600932e-01 4.097746091137750013e-01 3.693748493656688892e-01 1.900526957173719333e-01
