2.340000000000000000e+02 3.042367770685958095e-01 2.556181961161637095e-01 2.116593103769013329e-01 3.785328115176092578e-01 4.965456058402744621e-01 5.270212267990663779e-01 4.266333163360779834e-01 6.746039677673993928e-01 7.291663138114851117e-01 7.535191158094056707e-01 2.493027766347357677e-01 2.445035724857811676e-01 2.392237957864483400e-01 4.122495035529132879e-01 6.739725564591616536e-01 5.156637455324873942e-01 7.083771678033151664e-01 4.647310326312507067e-01 1.703959890277883249e-01 3.252473859490997987e-01
2.350000000000000000e+02 3.164847802228401008e-01 2.418743505612764300e-01 3.183100254302506094e-01 3.437735153866432469e-01 5.095968837344608815e-01 3.896057871960331154e-01 4.491694299683203773e-01 7.496121185117539110e-01 6.926313324126179838e-01 7.615793186335350073e-01 2.549952654659746742e-01 2.018873699675079458e-01 3.623667068869618202e-01 5.125386884675544596e-01 5.188023833615948988e-01 7.236667654443129649e-01 3.949276723307431625e-01 2.080781456199694568e-01 3.312617881983903056e-01 4.130580639900498507e-01
2.590000000000000000e+02 2.542011312759395736e-01 1.957075598153661666e-01 2.408050576663129938e-01 3.355954561215694909e-01 5.154015663473640041e-01 5.244233863160866482e-01 5.504246937719924349e-01 7.049909563024031600e-01 7.228702640573073657e-01 7.041404817131643457e-01 3.718145389227856534e-01 1.863182664211678052e-01 2.933653789609977913e-01 5.312570378664819293e-01 5.643049464930411929e-01 4.823999037141638024e-01 3.522826055865054817e-01 4.568847498466984680e-01 2.562748450592612359e-01 4.588474623643315486e-01
2.800000000000000000e+02 3.156246065495365016e-01 2.729377491073595174e-01 2.162903582068820552e-01 2.961360802444745755e-01 3.868059907151221721e-01 5.401531919430037076e-01 4.493885842989518431e-01 7.148948215723112121e-01 7.423011798678341711e-01 7.829801670259309843e-01 4.899344649410002361e-01 4.854830929980116228e-01 3.219605661725789547e-01 3.602713130472695036e-01 3.741292301423548294e-01 4.118734295365641396e-01 6.020337272200338985e-01 4.491666197730154186e-01 1.454627335787438969e-01 2.576119260817744117e-01
2.810000000000000000e+02 3.282682809812588753e-01 2.442472047378120847e-01 2.402490322188187144e-01 2.394619494125359016e-01 5.242368623931508154e-01 4.117852491199054943e-01 4.799979143070792764e-01 7.628433133238463615e-01 7.223529514813111785e-01 7.891632901519438636e-01 6.026609502676795183e-01 3.136991994712061138e-01 3.581506838113933666e-01 3.217763989418229165e-01 4.686480144235703471e-01 6.955603423796591356e-01 4.316901763381304491e-01 2.009093906508628014e-01 3.073466258155220787e-01 2.170094003431473628e-01
4.240000000000000000e+02 2.608217686092440535e-01 2.848962806090974409e-01 2.744465679784231504e-01 3.428804943146876449e-01 5.120519830559889796e-01 4.559047296882247635e-01 5.107039402248541027e-01 7.555711215839139294e-01 6.790731243437071463e-01 7.043800644574684799e-01 3.592581426359261476e-01 3.282300800600107538e-01 3.333888192593931210e-01 4.036444722214704295e-01 3.191365534343187926e-01 3.842679777736984215e-01 4.975060869263993046e-01 4.989968547958384959e-01 4.054419424073278932e-01 3.457342931068184688e-01
4.320000000000000000e+02 3.396426675874604229e-01 2.334823419139022138e-01 1.806567995760638701e-01 3.491527385418766727e-01 4.623159998482901378e-01 4.002546599983467512e-01 4.652310137380386568e-01 7.214839814516752492e-01 7.490460074093580056e-01 8.274641795218835583e-01 4.179576126484614296e-01 3.325728242268607415e-01 2.898956594126010367e-01 3.593823435576039560e-01 6.667326203806555052e-01 6.927833353355681290e-01 3.562138203955876881e-01 4.393267399665618522e-01 1.951718139000817309e-01 2.403446237211526448e-01
4.800000000000000000e+02 2.274358188880823417e-01 2.735594300668828249e-01 3.129137464581369654e-01 4.120511397265681497e-01 4.097069654008552719e-01 5.054351448108550526e-01 5.109897556889572146e-01 6.346272194706488179e-01 6.688434891931155368e-01 7.897436287973624847e-01 1.784166997892539241e-01 3.603550048649292181e-01 3.288182398540545615e-01 2.443673767554858101e-01 7.553122347747183163e-01 6.754132761976416877e-01 4.142227401291721511e-01 5.750835796661498689e-01 2.443462248526150071e-01 2.313317472790032414e-01
5.110000000000000000e+02 2.660683367945190780e-01 2.972889322553928237e-01 2.900190901031489688e-01 3.783094727606772789e-01 5.669063049179772218e-01 4.234333070940972110e-01 4.151471110458948566e-01 7.493295462285420871e-01 7.012468564250752268e-01 7.204462935587978567e-01 9.240083885794798668e-01 4.125063138366309445e-01 2.205190830266414992e-01 3.064647246019550075e-01 4.780910937801988170e-01 4.009149471374217621e-01 4.728899644125691415e-01 1.914026239210727121e-01 1.861927832917538439e-01 3.102682701469985926e-01
5.160000000000000000e+02 3.419978764031295637e-01 2.302603437359073413e-01 3.165904783031446845e-01 3.408354229663499990e-01 4.314743291919388990e-01 4.101156205635739238e-01 5.037382811981943043e-01 6.833977742020879154e-01 6.895605384973944041e-01 7.866150898922735779e-01 4.256970840607394169e-01 4.782571315385730770e-01 1.885039340490969606e-01 2.547480887414852457e-01 5.722164211066393946e-01 6.214871469778261437e-01 6.526472541401552308e-01 4.372623392211432147e-01 1.797684410233446328e-01 1.624801278292124507e-01
6.160000000000000000e+02 3.169774965186787363e-01 2.266976943701957681e-01 2.246077671541997223e-01 3.199623663885058367e-01 5.251583092967073707e-01 4.481835611401521757e-01 4.272345510296174931e-01 7.304701826436621470e-01 6.993591413115122224e-01 8.298999659302287446e-01 5.043104625703942467e-01 3.917181845004150120e-01 2.413777796000191878e-01 3.471041265190208391e-01 2.536325896061736307e-01 5.176513760858052482e-01 6.368652814618347424e-01 5.991165921045936704e-01 2.390828497497952676e-01 1.982097609766602930e-01
9.010000000000000000e+02 3.607642919746945065e-01 5.760832517372647260e-02 3.757849137941983719e-01 3.659105025849073156e-01 6.152784909998645357e-01 4.594959390113250719e-01 4.358732575825058908e-01 6.364874937617504003e-01 7.037705417693910226e-01 7.511619062143826131e-01 4.713537863219673385e-01 3.079242386888050298e-01 4.221150210859807572e-01 4.693042198572462964e-01 3.813209352507336281e-01 3.858018400060151398e-01 3.640748281324091007e-01 3.740874052883852996e-01 2.498334439840783350e-01 4.461225683177069690e-01
1.286000000000000000e+03 3.175646579734396346e-01 2.564537179702963687e-01 1.476882595502733708e-01 3.113589409708525380e-01 5.564658262165745883e-01 3.606852279696781127e-01 4.562880477314595895e-01 7.475681659788161459e-01 7.797094922339532497e-01 8.161533888510118517e-01 4.562125707956200538e-01 3.267563500238375163e-01 3.987218961129068151e-01 3.178195843885018301e-01 3.663055261016051611e-01 4.364966034977205700e-01 4.091226563913927805e-01 5.413535528248386575e-01 3.878802336450277166e-01 2.549172441092760755e-01
1.296000000000000000e+03 1.036438897451077007e-01 2.857860485001351702e-01 2.646079817197803385e-01 4.193223080099736100e-01 4.949406623087889145e-01 4.536735327879973245e-01 4.954258111789461849e-01 7.351104362248310764e-01 7.331091793638895293e-01 7.916428900248494438e-01 3.679148534363644307e-01 3.291348333033274343e-01 2.350062467375658437e-01 5.459403429690422582e-01 4.841660730482785779e-01 4.602202655111295448e-01 4.444980322986314958e-01 3.741621388126610270e-01 2.344589859393428344e-01 4.393362708158430885e-01
1.306000000000000000e+03 2.469071788861914307e-01 8.984654907357705889e-02 3.352583588604166054e-01 3.561310491668055467e-01 5.371848740011937462e-01 4.610035744448092720e-01 4.652880945348110142e-01 7.805084093543920298e-01 6.211991862665877662e-01 8.569499194604794923e-01 4.810343574721627213e-01 2.752557612455974190e-01 3.340711955474329753e-01 2.823320600383809054e-01 2.723946556428512022e-01 6.528873966649221261e-01 5.319881047393572038e-01 4.375656203348333162e-01 3.680852786288060230e-01 2.787487620546175715e-01
1.570000000000000000e+03 1.522042284740798557e-01 1.936793448203114054e-01 2.169754697302730406e-01 3.663349927952205265e-01 5.247400740464150948e-01 5.493466277290507405e-01 4.887431498194512725e-01 7.101603585485769532e-01 7.580299576300960629e-01 7.877260678498334556e-01 4.251984951627991727e-01 2.732663849289150848e-01 1.864542940062866860e-01 6.459513227198763197e-01 5.157847263306388763e-01 4.716282307068976887e-01 4.048583905337313493e-01 3.496758624077897504e-01 1.802996207882918422e-01 4.810113555983027145e-01
1.588000000000000000e+03 2.998692968256080893e-01 3.049123732503758455e-01 2.559724262926322269e-01 3.310978178454623833e-01 5.166364826149121292e-01 4.541520690209918665e-01 4.437574123859113207e-01 6.931455615258874658e-01 6.999560781638104467e-01 7.690384429354018003e-01 4.458898541986391351e-01 2.872952238099652500e-01 2.040784240946540706e-01 4.049137855106029749e-01 4.312682649523819634e-01 4.973361777345301493e-01 5.321990487074746978e-01 4.567798435162336301e-01 2.200598775822258102e-01 4.633523650490801171e-01
1.642000000000000000e+03 3.879816850077498214e-01 3.523105424791463380e-01 1.912538685271480410e-01 3.872823826031459582e-01 5.019390272518035045e-01 3.562458490651213006e-01 4.440649427459808507e-01 6.959382880386030257e-01 6.884127120650335163e-01 7.710175666620967538e-01 4.284166714107772722e-01 3.013723732868223149e-01 2.732968909990871054e-01 5.834742104369771143e-01 5.059354632179370315e-01 5.047291208914845839e-01 4.391640613667610604e-01 3.882795972192162326e-01 1.451408161230567651e-01 3.693167791720610160e-01
2.212000000000000000e+03 2.087116370145146171e-01 2.784855413589833462e-01 2.388747848925237838e-01 3.095642522880307501e-01 4.845268842535017662e-01 5.409830592220051804e-01 5.019577257300986695e-01 7.318497358976699951e-01 6.781693427254829043e-01 7.781063556535183778e-01 4.526532105377479853e-01 3.195205657021858991e-01 2.521942248413491239e-01 4.118709078735651175e-01 4.062799296788680570e-01 5.825182607846222105e-01 4.595754418991176427e-01 4.586717265280083056e-01 2.422192436543793570e-01 3.513261575024869687e-01
2.214000000000000000e+03 3.193043330229043408e-01 2.766699866185448053e-01 2.648307450686265829e-01 3.607190527219896747e-01 4.203146563627030985e-01 4.536115031210121162e-01 4.512631319139126518e-01 7.261819128803264078e-01 7.251889273386287194e-01 7.522673702975957166e-01 2.559557056574848777e-01 3.575398170947760579e-01 3.098853037221022677e-01 5.085482072491523953e-01 5.389743869342523697e-01 4.543553779289186134e-01 2.868289999565605264e-01 4.935683395528372985e-01 2.807229548469724056e-01 4.272784868306496731e-01
2.219000000000000000e+03 3.837265846657947344e-01 2.925773449796373327e-01 3.069833812320133526e-01 3.864033688874725092e-01 4.951665799174770344e-01 3.595058095230540540e-01 5.267315394909282134e-01 6.797871523462569732e-01 6.270032611646197962e-01 7.200922129134710303e-01 3.369780831647984365e-01 1.998818063333193951e-01 3.465504213238129183e-01 2.738357743739565087e-01 5.400688567176429311e-01 5.205433361113847024e-01 4.627030771813424592e-01 5.432959021655094922e-01 4.052116897687623731e-01 3.287915601787281816e-01
2.393000000000000000e+03 3.061388618333933942e-01 2.985580665885275153e-01 2.570155092271357300e-01 3.534119649301425414e-01 4.786043105394913177e-01 4.187833278384039959e-01 4.714743786505594669e-01 6.963147140440413274e-01 7.093013437938564536e-01 7.704665610737437831e-01 1.744871162884657489e-01 3.737885669053125359e-01 3.523771343664840461e-01 4.942033506026631828e-01 5.895059813903023027e-01 4.641977151190535000e-01 2.429984665481638995e-01 4.343731564292326319e-01 3.274933159520415638e-01 4.447365932530272792e-01
2.398000000000000000e+03 3.436083323787187949e-01 3.125986231958642336e-01 2.711040865485964124e-01 3.590538856113045241e-01 5.153049927186373891e-01 3.672070480392622405e-01 4.763656910953850687e-01 6.703259264063371470e-01 6.945979274012828997e-01 7.619850049844002493e-01 3.933968247745902591e-01 1.902274808941509243e-01 3.436083934549351571e-01 3.599132458195180018e-01 6.306474530023272740e-01 5.822707386763766868e-01 3.772845961048000851e-01 5.641601355658617534e-01 3.111441341441887332e-01 2.415628389486042527e-01
2.404000000000000000e+03 3.552928931289724979e-01 2.632744808237746925e-01 2.689939352104613324e-01 3.340642744478616866e-01 5.766356325454966569e-01 4.784608435673416982e-01 4.020148483433212405e-01 6.548226914905951324e-01 6.910891714574926015e-01 7.528486910383966890e-01 3.558311810289651045e-01 4.268440076195937904e-01 3.303730721055798680e-01 3.112170583410151514e-01 6.496928664631291817e-01 6.627618604962383086e-01 4.536600555761761688e-01 2.340711711722114896e-01 2.861783800953055512e-01 2.190139971651214046e-01
2.405000000000000000e+03 3.231993765738848667e-01 3.049002108087374152e-01 2.781446824305562338e-01 4.186571975727953476e-01 4.455109577320068293e-01 3.638411435921554693e-01 4.335679590714211495e-01 7.047111067154926412e-01 6.924468732054610554e-01 8.030803329758411380e-01 4.759843915886264876e-01 2.917435092744438685e-01 2.811967095467424738e-01 5.078723089784109579e-01 6.854202299089163786e-01 4.763918278471123702e-01 2.044742644396785602e-01 3.592356512896451304e-01 2.444341652993805014e-01 4.168353809389355180e-01
2.446000000000000000e+03 3.086692851190170339e-01 2.411566178160708396e-01 2.428889089884408714e-01 3.422444886822698096e-01 5.151637391804667621e-01 5.264459773882321780e-01 4.414208174499601456e-01 6.683144471251997176e-01 7.056977636227782513e-01 7.622493546281895460e-01 3.590661911025313513e-01 1.401876980880906454e-01 3.480757675082420399e-01 4.231782520196465947e-01 7.456184095148397084e-01 6.365348290042219803e-01 4.399929490540112620e-01 2.787949701407644310e-01 3.225854434599213505e-01 2.908832154349483279e-01
2.447000000000000000e+03 3.033331963891633398e-01 2.739273847259808270e-01 2.832618494399872788e-01 3.591109995599690574e-01 5.067698835409341074e-01 4.038860026185963625e-01 4.426092875802500326e-01 7.197782241486151422e-01 7.005796816641111091e-01 7.779070830698112671e-01 1.389378433348503195e-01 3.036520554359766200e-01 3.771327608227922346e-01 5.748879364992783847e-01 6.492932381594181956e-01 4.557200673094143339e-01 2.402088553741346388e-01 3.993984333046933233e-01 3.052017294447716966e-01 4.653426423892542130e-01
2.517000000000000000e+03 2.840077650761834716e-01 2.597987508421532032e-01 2.439533016128946075e-01 3.065250056187539540e-01 5.030477411258353904e-01 4.908661537583116630e-01 4.878135891870584162e-01 7.461350607623868925e-01 6.829849043594115043e-01 7.522113688622072969e-01 5.472338905886690030e-01 2.981391098513571647e-01 2.080608824194276063e-01 3.832267855043485771e-01 4.535006916884358197e-01 5.922804053692265480e-01 4.927253233500116791e-01 4.298287340166301318e-01 1.901922576524387731e-01 3.654495785206932634e-01
2.518000000000000000e+03 3.139431138973092783e-01 2.696349832834485927e-01 2.454727239080308210e-01 3.424142997334655991e-01 4.533664720533551740e-01 4.490781974273111432e-01 5.019139434836763503e-01 6.875589236799255488e-01 6.855211237515076439e-01 7.911029629034416200e-01 3.601766619120642665e-01 1.973918713761216304e-01 3.791650791493557104e-01 3.881900475494365899e-01 6.707230719949270892e-01 5.665749018223539268e-01 4.111477764781933941e-01 2.614385779694405887e-01 4.126839739833249032e-01 2.908890304880470401e-01
2.519000000000000000e+03 3.269549840183406109e-01 2.776382146800200901e-01 2.842490563448215046e-01 3.027805221780565659e-01 4.044515240911175091e-01 4.692961723109757011e-01 4.589779498676365144e-01 6.964827501187038639e-01 7.324157784315050712e-01 7.767976344646991826e-01 2.101883003840132047e-01 3.395502410770228630e-01 3.536729225834925328e-01 5.286836632996815277e-01 5.908296989078601902e-01 4.353491814555169870e-01 2.302850546952448785e-01 5.223588361311226613e-01 3.120205135738473579e-01 3.930237101435500313e-01
2.577000000000000000e+03 2.669770191383647462e-01 1.838357194248017301e-01 2.091776578060035585e-01 2.894067502625693455e-01 5.620944667848619680e-01 4.956176177697927399e-01 4.862036087661278927e-01 7.235477528556598648e-01 7.263429359532957985e-01 7.974259308856853634e-01 3.125718366600291342e-01 1.860783560631867617e-01 4.136029947537441243e-01 3.511197434085143732e-01 6.804005712890340840e-01 5.934958860197346864e-01 4.141231993357873398e-01 3.327147056757355226e-01 4.151449981708039139e-01 2.530806908538668631e-01
2.578000000000000000e+03 2.517417580584523917e-01 2.304185201443036957e-01 2.284588889072049489e-01 3.956530973765625125e-01 4.581646056552904356e-01 4.462035021969958382e-01 4.824274363704834090e-01 7.380794391115961250e-01 7.331898605528730517e-01 7.850246274113379386e-01 1.953411587493925072e-01 3.689876416491859601e-01 3.178003895766149389e-01 5.327962976432289999e-01 6.148463758914555211e-01 4.356250555379203027e-01 2.911428717970800939e-01 5.220291162460144463e-01 2.757208194818529523e-01 3.716149548457711171e-01
2.594000000000000000e+03 3.292271910252385081e-01 2.521479239549875295e-01 2.147610142601759919e-01 3.475650798837066069e-01 5.112674153112976017e-01 4.896582672776723100e-01 5.295759424969456175e-01 7.025217141682474908e-01 6.774547241867450165e-01 7.051625540419474980e-01 6.595430733816809443e-01 4.063543199261936967e-01 2.710172473117327119e-01 3.871509963256600795e-01 2.760509628731265264e-01 3.984220318561960128e-01 3.873341684881063118e-01 3.517281800667098612e-01 3.186183078305896421e-01 3.986384737653275168e-01
2.607000000000000000e+03 2.468606608645274314e-01 2.331031808786663828e-01 1.625657140516877097e-01 3.497697222144203755e-01 4.664097235746327841e-01 4.589918602761250965e-01 5.202704188982020250e-01 7.696135092798703781e-01 7.734125205388360236e-01 7.577101869184375005e-01 4.586765711171326698e-01 2.281197555535699195e-01 4.109570220973336463e-01 4.167036068126044324e-01 4.908265999640481492e-01 5.805581379313703438e-01 3.224308672834643730e-01 1.633223870638802477e-01 3.794302311801407979e-01 4.326872853589470158e-01
2.622000000000000000e+03 3.099639164663193780e-01 2.834557347655168869e-01 3.883212018103596730e-01 3.766799419800977433e-01 4.862538247799078062e-01 3.861685930690905155e-01 4.526298983776200768e-01 6.309219124642450049e-01 6.987664065028845739e-01 7.602884617688902003e-01 1.919542487417663090e-01 3.376289328638569232e-01 3.902183585502031482e-01 3.727633360713211719e-01 2.537442369580545920e-01 6.635178099544212227e-01 4.288387700735283858e-01 5.929296055228727713e-01 3.960072126392231162e-01 2.716688854870921155e-01
2.678000000000000000e+03 2.898953821321848534e-01 3.114799311165726281e-01 2.487438630820608954e-01 3.810317648922791900e-01 5.062869583031753828e-01 4.999232751020498133e-01 4.910042615902598939e-01 6.793314512701374985e-01 6.953587673284810089e-01 6.790711320238345117e-01 5.607650116521312178e-01 3.368515350408697318e-01 2.673662939731377142e-01 3.382060962865279796e-01 4.789732319257776760e-01 3.859804406982315084e-01 4.327955461740998211e-01 4.326420800739857464e-01 2.716318709961088040e-01 4.116464761876628131e-01
2.682000000000000000e+03 4.142063281490902527e-01 3.467184136579519182e-01 2.609266374156664070e-01 2.656721480902948240e-01 4.470269433306163220e-01 3.933760032481143920e-01 4.267784289136870024e-01 6.854772721849100581e-01 7.116168054697306067e-01 7.909959909491791619e-01 3.538883700632880491e-01 2.665149936526703955e-01 3.567246044426061191e-01 3.447528717216726268e-01 3.475853863245224051e-01 5.180075202383465083e-01 5.085113227283111215e-01 6.264781776971277694e-01 3.913695954230513863e-01 2.162310468244353634e-01
2.850000000000000000e+03 3.272085802342069027e-01 2.263948865954492073e-01 2.401081258690276610e-01 3.371042277630154071e-01 4.644682131461339569e-01 5.061079932491181488e-01 5.089188424974065983e-01 7.754457238560864552e-01 6.344922732583337943e-01 7.327609801046773841e-01 3.351914490973321725e-01 3.559089304779960994e-01 3.572456729249216534e-01 2.880006860802373780e-01 4.275907117690788128e-01 6.175053641705787744e-01 4.285754667962394793e-01 4.731233546068906448e-01 3.851436168969570306e-01 2.476628620816850312e-01
3.336000000000000000e+03 2.954406120974862326e-01 2.459129402759369365e-01 2.163656638735607929e-01 2.828137444331003114e-01 4.563055697432575331e-01 5.129940850086901483e-01 4.806589716948461155e-01 7.397284177404844785e-01 7.273889685381417225e-01 7.728616667130370210e-01 7.086308744841562923e-01 2.167384781464259669e-01 1.129127300040658477e-01 4.153927548363575695e-01 4.175933978517517575e-01 4.511093523824816764e-01 6.149614951037051247e-01 3.429736958812187875e-01 1.158756606549387336e-01 5.638476283159887803e-01
3.384000000000000000e+03 3.046634753124927153e-01 2.412599603399747938e-01 2.358487480605492848e-01 3.591989438618835018e-01 4.619907163323777044e-01 4.406792977363127584e-01 4.436875304089589744e-01 7.469640982334607715e-01 7.371169264825714329e-01 7.787040799341613528e-01 4.931750729800737920e-01 1.868030112046177582e-01 8.374591938286078674e-02 6.284427848320376375e-01 4.519209787877695450e-01 4.289603608439344073e-01 6.241372966856820748e-01 4.452193828953227017e-01 1.492200668748780712e-01 4.811855381585261604e-01
3.558000000000000000e+03 2.184619052664369954e-01 1.441824077706199969e-01 2.082809918470110433e-01 3.579356159310785324e-01 5.453818089903895716e-01 5.278108377636908655e-01 4.864640238430738006e-01 7.726280744104662146e-01 7.480631868757168235e-01 7.451312805422769525e-01 5.987518610251741924e-01 3.509812285934432730e-01 1.864292991951316536e-01 4.742704645903061400e-01 4.052373964237188653e-01 4.641934761763270578e-01 4.825094554108330658e-01 3.878139741013905128e-01 1.394343416329093255e-01 4.368293540252463636e-01
4.013000000000000000e+03 4.235738914994556792e-01 3.807225231180962899e-01 2.497854967093500744e-01 3.463246698106534627e-01 4.519063207135214921e-01 3.852586018216018204e-01 4.144626033918237251e-01 6.717112436272253406e-01 6.749826939324260477e-01 7.688838379560398728e-01 4.315259115956655012e-01 3.417643116649478618e-01 3.611480646608122846e-01 3.382688942306970037e-01 3.430082863173550267e-01 6.053526842714044287e-01 4.184264599628348402e-01 4.556564103077430095e-01 3.634295792433559491e-01 2.443765151549580628e-01
4.552000000000000000e+03 3.355175465113841571e-01 2.969692173311441752e-01 2.114430118488071220e-01 3.359079940259910857e-01 5.227263141707780836e-01 5.117456693221735797e-01 4.972667612316394870e-01 6.632897429459753136e-01 6.821633352090420432e-01 7.075662301594468628e-01 3.195888257848140679e-01 3.725812721023571972e-01 2.869909833276992339e-01 3.946089477428669223e-01 5.292181422685727776e-01 3.011183848071252167e-01 4.014682542890033456e-01 5.840201454664776248e-01 3.084695609962043727e-01 4.163162078178104797e-01
4.582000000000000000e+03 2.209353317437068864e-01 2.706386610526442804e-01 2.770911816697816943e-01 3.343655315263232564e-01 5.066958737101677768e-01 4.777663045472193559e-01 5.386262673038462179e-01 7.154832997303327558e-01 7.071100431650053642e-01 7.173030697348424800e-01 3.086881772056904172e-01 3.459697888911892338e-01 4.413175963749047526e-01 3.729615507785613571e-01 4.088377251546988500e-01 3.302080014797902363e-01 3.724064442230999861e-01 5.623105899986675649e-01 3.798081537870306446e-01 3.529991350844686182e-01
4.583000000000000000e+03 3.242338310489518149e-01 3.076140237064605154e-01 2.728197660640151456e-01 3.477642729818453127e-01 4.380047490481808747e-01 5.049873912665134856e-01 4.784195840824742030e-01 7.182291401770630745e-01 6.493809989705842112e-01 7.215150386545562400e-01 3.849915251731959032e-01 3.971444927079905152e-01 3.397367809284039808e-01 3.221984833662948633e-01 3.442801803778999248e-01 3.942559355624479234e-01 4.952012670151048068e-01 4.806588979297788389e-01 3.685963070392602736e-01 3.463640170978034560e-01
4.613000000000000000e+03 3.855621602301369522e-01 3.535744478395764223e-01 2.930134065114667341e-01 3.856705432386934862e-01 4.416244151833204623e-01 3.514945355120618897e-01 4.466257422723855508e-01 6.707136300054645783e-01 6.848491029180385770e-01 7.583502878141434866e-01 1.411773174986477308e-01 2.025540275959804987e-02 4.984482470214247618e-01 3.573727712024349912e-01 5.207977714497582511e-01 6.079567460811865498e-01 4.910136381134688199e-01 6.152890568925410975e-01 3.917603026028437241e-01 3.389503673649197912e-01
4.730000000000000000e+03 2.926682956205584052e-01 2.254232179489714938e-01 2.632461535928281027e-01 3.503449315502535910e-01 5.161749664688972672e-01 4.716100568677062954e-01 4.355123651388564943e-01 6.855482519085557280e-01 7.001624144123618221e-01 8.117656775325656771e-01 4.497070841743780467e-01 3.202842243330338845e-01 2.882108895440649299e-01 1.903212403751574078e-01 1.833673479660615988e-02 7.622728356589210108e-01 6.771054572858560272e-01 4.381440787802372006e-01 4.088480334342178835e-01 3.298932737682701566e-01
4.741000000000000000e+03 2.936168579807099110e-01 2.349308248469035021e-01 2.623313366459485985e-01 3.316519128053420640e-01 4.943038206683241786e-01 4.147296134133395817e-01 4.303239274128882186e-01 7.360395022165144852e-01 7.359570325854692951e-01 8.160925114430281901e-01 4.624339342942978548e-01 3.688082194340068787e-01 2.556440283585421636e-01 3.020029808797159432e-01 3.501055903797042901e-01 6.300144087060495224e-01 5.341190679670141384e-01 5.234609389010246305e-01 2.500296976520639536e-01 2.656797829810859657e-01
4.769000000000000000e+03 3.653507554233914600e-01 2.952799655429727554e-01 2.472584310022699627e-01 3.919593672746094493e-01 5.169976093753896329e-01 4.404730334048386209e-01 4.316001867324654739e-01 6.862365169653856789e-01 6.824892958944940302e-01 7.250615323033923199e-01 3.560607144309727579e-01 2.471686767263167328e-01 3.945878782870141932e-01 3.429707594835422202e-01 4.688750522459564363e-01 4.301783618607933901e-01 4.214868964223316139e-01 5.402470868735536058e-01 3.386962293425039294e-01 3.835430042892503111e-01
4.792000000000000000e+03 3.297358247611559268e-01 3.557133507977897069e-01 3.137196696081298031e-01 3.829147769175579863e-01 5.702892826955058281e-01 4.112782685238592362e-01 4.017330012545349827e-01 6.763216076211122640e-01 6.405450264284235917e-01 7.331011894604515522e-01 2.863825193915540690e-01 2.995145752272405093e-01 4.512837334543834400e-01 3.931834034220261231e-01 3.346860723386861358e-01 5.161783813192252213e-01 4.075262562719375592e-01 4.196171108140702155e-01 4.083780154246415828e-01 3.516607773044176377e-01
5.234000000000000000e+03 4.072742915598804858e-01 3.784300102921751008e-01 2.602591195007420977e-01 2.703478338525586167e-01 4.501110052802585471e-01 3.656506537578587679e-01 4.247790881849878852e-01 6.219922373305049046e-01 7.478608560169011099e-01 8.116184254469991366e-01 4.581351877479893364e-01 3.330510312989832800e-01 3.444726624177320562e-01 2.341110043575979349e-01 2.242595295225994767e-01 6.874483013954435506e-01 5.012409583353173437e-01 4.941841725898166726e-01 3.270413857137282054e-01 3.063928655152980962e-01
5.304000000000000000e+03 2.818998594765481092e-01 2.291066121046606285e-01 2.204000941361649590e-01 2.904811462461311389e-01 5.146933522793640803e-01 5.025503447661788803e-01 5.331097333411769501e-01 7.399971078134436331e-01 7.224384262402830936e-01 7.132912649702435326e-01 2.460689401308646662e-01 4.310227373774732640e-01 3.310913569531636624e-01 3.643582882890297192e-01 4.762374957063745806e-01 3.802845224696079218e-01 3.206143331099410854e-01 5.188275309356518150e-01 4.165173474075249405e-01 3.899675745757120171e-01
5.308000000000000000e+03 3.740497713607020547e-01 2.923297559323190242e-01 2.591028170370770489e-01 2.735255973527639384e-01 4.225278038108430390e-01 3.855100649802324364e-01 4.847766546134342214e-01 7.250270820749936673e-01 7.242969517573983884e-01 7.880189689198137115e-01 3.932588075697828756e-01 2.918344707430288731e-01 2.925777853697059117e-01 4.577269765950129909e-01 5.900860179696422181e-01 5.466520921033232172e-01 4.789658177608810408e-01 3.920884309285904146e-01 2.188467592336061085e-01 2.953456177551154749e-01
5.493000000000000000e+03 3.587933739775899245e-01 3.228024326744960426e-01 2.752779772390103741e-01 3.483845514191662995e-01 5.439821418426584732e-01 3.336104232522228985e-01 4.705672692174348581e-01 7.279724188249284689e-01 6.501005808284369136e-01 7.581849156496917042e-01 3.436794417519519196e-01 3.331559979002319261e-01 1.519427227965800542e-01 3.188492708234598738e-01 3.647692867713811515e-01 5.296106569774282624e-01 6.446212983014939502e-01 6.926878604744761692e-01 2.784131579028042425e-01 3.123118366685496694e-01
5.786000000000000000e+03 3.916963784866124287e-01 2.928668143562534465e-01 2.845471013786032843e-01 3.824321483506474828e-01 4.965055129080018781e-01 4.446902685262972832e-01 4.020060895813505897e-01 6.831580065941228463e-01 6.700783925406441632e-01 7.326179204630502984e-01 4.465513550469760173e-01 2.920887424266199184e-01 2.188925317425338968e-01 3.874579837742445632e-01 5.674772223906736635e-01 5.193639956204507691e-01 4.837169797083130107e-01 5.080320823734648661e-01 2.451951114125642539e-01 3.061816631709903813e-01
5.966000000000000000e+03 3.177384361648543654e-01 2.512733043553140866e-01 1.987990282480238957e-01 2.360875991370742499e-01 5.059995854795503734e-01 4.809476705518816453e-01 4.983389420138544801e-01 7.266809120678430212e-01 7.255816473719095550e-01 7.867476969382507512e-01 3.612500720207684757e-01 3.660078417563645825e-01 3.395092544025681836e-01 3.825281906810916732e-01 5.593108667895791974e-01 5.270616600830885234e-01 3.765999163231300573e-01 3.851685342178667870e-01 3.402210215873244792e-01 2.776409866852470043e-01
5.971000000000000000e+03 3.964674581058896252e-01 3.369333197481895747e-01 2.909223071839870944e-01 3.688529614739093909e-01 5.276843817888033916e-01 3.865922914601934157e-01 3.878491713486957870e-01 6.524571406420658359e-01 6.844569034258087825e-01 7.561044442366077201e-01 4.173048395487624074e-01 2.794919527028684181e-01 2.832632042128208072e-01 3.476128901923358216e-01 3.887922824857377724e-01 5.510641444653066046e-01 4.699000341070769804e-01 5.175469276554910403e-01 4.291863455216310963e-01 2.420567318926740707e-01
5.990000000000000000e+03 3.195418317881622006e-01 2.129284445610012677e-01 3.122951689285476395e-01 2.846322537078527226e-01 4.410436844635325371e-01 4.993465750075868348e-01 4.937766962136091453e-01 7.694495747498850680e-01 6.937799281656082950e-01 7.162443971263888765e-01 3.622615984242414378e-01 3.159400618300948760e-01 3.702994669952259787e-01 3.650184518206901485e-01 4.344948391691156320e-01 3.900706486133095341e-01 5.123667068807304936e-01 5.100736742360180154e-01 3.293488185896246701e-01 3.171831651009099362e-01
5.991000000000000000e+03 2.918447527365161109e-01 3.633976375692687388e-01 2.432495139740298296e-01 3.044710687742123723e-01 4.857325771587278074e-01 4.711829566576972161e-01 5.356530506029241190e-01 7.184942536866641971e-01 6.617556349902812274e-01 6.968735931812962692e-01 3.607389700525494569e-01 3.411229513951897774e-01 3.420458158023583217e-01 3.522480808959099208e-01 4.183694852045749535e-01 5.579982781623781252e-01 4.620933022960773684e-01 4.287655001491146867e-01 3.455828360581594261e-01 2.992324165187665863e-01
6.003000000000000000e+03 3.448031277521555471e-01 2.448201390320398907e-01 3.012032613516353319e-01 3.150820673341439004e-01 5.029346857564137574e-01 5.176565388758724851e-01 4.752653426004098680e-01 7.318614550520546880e-01 6.385285461959376851e-01 6.975454034600128139e-01 3.448417973700403372e-01 3.478558998937785196e-01 3.591529039368975829e-01 3.984201287119059631e-01 5.119232154188598782e-01 4.254154310088327229e-01 5.342045147127931770e-01 4.249571680811384811e-01 3.299157857198059540e-01 2.339627847020547546e-01
6.430000000000000000e+03 3.433900534010208561e-01 2.534207471780227650e-01 2.676324902108210835e-01 2.669741864260403164e-01 4.725418313407155901e-01 4.272941104799517498e-01 4.440245578422858941e-01 7.656489786525502161e-01 7.221863587341174062e-01 7.804477132549452190e-01 5.732912080095040608e-01 3.465810933784244652e-01 2.490264713045070855e-01 4.787860373489767896e-01 4.805855836484576038e-01 5.223273025011463400e-01 4.769425292548018502e-01 4.028265403511374632e-01 2.128405325664090020e-01 1.982118320831203206e-01
6.479000000000000000e+03 3.415038225510911296e-01 2.960869110861785169e-01 2.555655509744152454e-01 2.405023970699712854e-01 3.873842377491416578e-01 4.903634745564391939e-01 4.694592410000564264e-01 7.106839812056260364e-01 7.138893277803556314e-01 8.066226259122942777e-01 4.176562809500191098e-01 5.373347286992291583e-01 2.136330265509669424e-01 4.132207771957968623e-01 4.782620899711104157e-01 4.370545191568955268e-01 4.517666838322962342e-01 4.629293774967029873e-01 1.779835354009570436e-01 3.174816159979439445e-01
6.490000000000000000e+03 3.005501117692067625e-01 2.391270687366205683e-01 2.769315210520725268e-01 3.436390840732331253e-01 4.403909688358724206e-01 4.039721647064679066e-01 5.300676364772139992e-01 7.126647376560867331e-01 6.914841635854204194e-01 7.966670302812277615e-01 4.007683007204067005e-01 3.422100427691516233e-01 3.613348011456360420e-01 2.252170846275233229e-01 5.997291303121943251e-01 5.554967374155714843e-01 4.614921311413334726e-01 5.202035207870832068e-01 3.025099534193204653e-01 1.939668879317722194e-01
6.491000000000000000e+03 3.019747968852058428e-01 3.112740908390816408e-01 2.848553459390555931e-01 2.901997462042542053e-01 3.436233129642863871e-01 4.989437266510605706e-01 4.790186028993216882e-01 7.030940995921207692e-01 7.379832333280089696e-01 7.683767762754348807e-01 3.919091017661395226e-01 3.320604272740912966e-01 2.107292988557468161e-01 4.854886869449973053e-01 5.949194195073386204e-01 5.018531748982192342e-01 4.705762907871764433e-01 3.932454681717320599e-01 2.296719006371625571e-01 3.406217424581127196e-01
6.643000000000000000e+03 2.578256421347570604e-01 2.311579459862927177e-01 2.856258381426107218e-01 3.303889430232508362e-01 4.960799974582033034e-01 4.986116480249678240e-01 5.230039516056403937e-01 7.361835425041873826e-01 7.139248883476421170e-01 6.898228762203056919e-01 2.581492522726991923e-01 3.183284111237301706e-01 4.624439311884821491e-01 4.047545860374764382e-01 4.769893465947713795e-01 4.347576709562930852e-01 1.990995134912109943e-01 4.651315292599375595e-01 4.643795325475374991e-01 3.834073360279540155e-01
6.659000000000000000e+03 2.894767587134405851e-01 2.437151963108322716e-01 2.241574967749153380e-01 3.372714924032904071e-01 4.906792751143347342e-01 3.934938322923873244e-01 4.646905540089690256e-01 7.328789678850096134e-01 7.459009886625130870e-01 8.212824106621244846e-01 3.828891915571269733e-01 5.622229539544443266e-01 1.949408817041732023e-01 3.777664235692747563e-01 6.047393682141724014e-01 5.155950729053556669e-01 4.317268865037677261e-01 4.149377175065408485e-01 1.532078334155302091e-01 2.939002591082874316e-01
7.061000000000000000e+03 3.552245722137442607e-01 2.913387520530978936e-01 2.031987843041910546e-01 3.014304624318784875e-01 4.400497253540123777e-01 4.716776678807944045e-01 4.888941439019116597e-01 7.528663722977384509e-01 6.638461237036498153e-01 7.716074421926701898e-01 2.537450507933602384e-01 4.816927652919810177e-01 4.055115010700885425e-01 3.106147306613961656e-01 6.016733455014514620e-01 5.425121539915963575e-01 2.905466562762598626e-01 4.401964283093849351e-01 3.327020457793589681e-01 2.436931047955671059e-01
7.311000000000000000e+03 3.381633155481862385e-01 2.766914975550683331e-01 2.802715082089695109e-01 3.538876795097923300e-01 4.899732924746534324e-01 5.304756480080931036e-01 4.315376245091883667e-01 6.665974994725835101e-01 6.694991990412535454e-01 7.296987529434181274e-01 4.329436761308710357e-01 2.997367738352985089e-01 1.874506611054452820e-01 4.507214044501799965e-01 5.275153748560342803e-01 3.686921355086090757e-01 6.957131055170628908e-01 4.681164471425782736e-01 1.858900431332081438e-01 3.427220994058453596e-01
7.312000000000000000e+03 3.378765062103782357e-01 3.220053290087130371e-01 3.007953180643070934e-01 3.432401579172558170e-01 5.202116158589580319e-01 3.993124286134881462e-01 4.468185326734917528e-01 6.833671641024233745e-01 6.712100140641091839e-01 7.562169800007756404e-01 3.499078413367972540e-01 1.707926589969521181e-01 4.321787653815123975e-01 4.376055967405801939e-01 4.046373259165251812e-01 7.752906954888533209e-01 4.339467479968902031e-01 2.476337719603688425e-01 3.781316422528569476e-01 2.872605065115339529e-01
7.650000000000000000e+03 4.070557349473957753e-01 2.779082149201106411e-01 2.788835775533128891e-01 3.603264990006348478e-01 5.075865505370116271e-01 4.283308624241145557e-01 4.393383941883565180e-01 6.764405644383191252e-01 6.643632212468711939e-01 7.321514343788931845e-01 3.592220983010664392e-01 4.213771641676335444e-01 3.492309402882953218e-01 4.035681883143114046e-01 4.057339087812036893e-01 4.294403155842713149e-01 4.266413081924289585e-01 6.259507017979043519e-01 2.688921682978748784e-01 2.225583120384073688e-01
7.723000000000000000e+03 3.225403215381384414e-01 2.840996155420111302e-01 2.237890848350221062e-01 3.403687877191776123e-01 4.056855085729560439e-01 4.496743988958840643e-01 5.054923046774909556e-01 7.256654681135820129e-01 7.018205193925357577e-01 7.746419726661413208e-01 3.221669187036760862e-01 2.742774145906570760e-01 3.645028638413057576e-01 4.291492081106342282e-01 5.210101551662025265e-01 5.129019249534130243e-01 2.676282912782755874e-01 4.310894745033990172e-01 4.273348407544419469e-01 3.563195925287183652e-01
7.799000000000000000e+03 3.275290124481353704e-01 1.892884507891914592e-01 5.663826249077748981e-02 3.528059235422059681e-01 6.106586156058367854e-01 5.208931006075875336e-01 4.409676095896548076e-01 7.058890425209297659e-01 7.656257333439560053e-01 7.785730887833548497e-01 1.293783498725430414e-01 1.911159902212831441e-01 3.511064054652286437e-01 4.273731832344103698e-01 5.388341707607520181e-01 5.341415397150471867e-01 4.903696089201515229e-01 4.539328805230416486e-01 4.463057867797877165e-01 3.697266149667574053e-01
7.895000000000000000e+03 3.784682381362847181e-01 2.381229707057354594e-01 2.263992461806169088e-01 3.263499088811272486e-01 4.138782291231886123e-01 5.048838272940754379e-01 5.031275600512319368e-01 7.026655023233274733e-01 6.651992801087316387e-01 7.649949189686249262e-01 5.484875405869520382e-01 4.749052514240060252e-01 2.840035806961969667e-01 2.801519741756648973e-01 4.013405054648953030e-01 4.695300517017520492e-01 4.388469690677130330e-01 3.624850389457336952e-01 3.784613771923583947e-01 2.363345111326346226e-01
8.046000000000000000e+03 4.263489819809140879e-01 2.528160398683438337e-01 2.134229424408322917e-01 4.234670564744222876e-01 4.647169009086631886e-01 3.665817600155457656e-01 4.456107243511723826e-01 6.602032904617523013e-01 7.020548670956453519e-01 7.941829573501940631e-01 2.950919302464683480e-01 3.304390253800861821e-01 3.826445367112688567e-01 3.999374760112578975e-01 5.813037509587644092e-01 5.641029046954947335e-01 3.916173915492157653e-01 3.696340563950395453e-01 3.166305916150416455e-01 2.915284178084096012e-01
8.129000000000000000e+03 3.373038127178135115e-01 2.792430326323583345e-01 2.480227368011792832e-01 2.284589461606892913e-01 4.053689467445828476e-01 5.219252140486099201e-01 4.439117640161285849e-01 7.108268221499469686e-01 7.404589663549692169e-01 7.966664707720338967e-01 5.087634029662676527e-01 2.769514381059797192e-01 2.281852589959099953e-01 4.687386902838314162e-01 4.697966682422454743e-01 5.842440711445643364e-01 4.598260424100757415e-01 4.722883572540076957e-01 1.945678827281734635e-01 3.030723375256367813e-01
8.130000000000000000e+03 3.384625558045052940e-01 2.851147501849191634e-01 1.839985112122319855e-01 2.630318008442982247e-01 5.068147245124418054e-01 4.110752404763342582e-01 4.815039694333515530e-01 7.665696467097135036e-01 7.420777064174185478e-01 7.672884358660502224e-01 3.252924136607922567e-01 2.128144357072412340e-01 4.539822463338176739e-01 3.936508665119057837e-01 6.476590892570071034e-01 5.175857682475902832e-01 4.422241400637990094e-01 2.618056855410950678e-01 3.435030701664326669e-01 3.263707956082989581e-01
8.323000000000000000e+03 2.205590148499003700e-01 1.768433882197249785e-01 2.086204716566058548e-01 3.200555925507895250e-01 6.454618854417195628e-01 4.516272752000012880e-01 4.423032309112789884e-01 7.816108351208725935e-01 6.994014605640044291e-01 8.279029653462457450e-01 5.413970451921721327e-01 3.013480691504000220e-01 2.476323965625520096e-01 4.204738025348082608e-01 4.208221154864117408e-01 6.822462158539990273e-01 4.961630539047759969e-01 3.542609872657142556e-01 2.475161900523276670e-01 2.354159362700421199e-01
8.403000000000000000e+03 2.948037435591255861e-01 2.199709201924829050e-01 2.718842595754520919e-01 3.360743535779789348e-01 5.012214249566103730e-01 4.603075682434079052e-01 4.876879841012578543e-01 7.287787484645731340e-01 6.934019689680136489e-01 7.604046030162322500e-01 2.906051701787453201e-01 3.516305392869271684e-01 2.590487797258034797e-01 3.542641891892534534e-01 5.374790105734471579e-01 4.692272113136475298e-01 5.494106447650403124e-01 5.647748049394695213e-01 1.839962055281672004e-01 4.001626499354397626e-01
8.404000000000000000e+03 2.884217128514187656e-01 3.080955423885258782e-01 2.800380863659576725e-01 3.488558723372850445e-01 4.213292403028375821e-01 4.554964181941669188e-01 4.938994161592158427e-01 7.075268184717334874e-01 7.006422115364102643e-01 7.482165628849866135e-01 3.941773197407302809e-01 2.294740664974330713e-01 3.246068036647438704e-01 4.260764356988547830e-01 4.921093955882074322e-01 5.850753044058545349e-01 5.003029253904468510e-01 2.342237646139822549e-01 4.140262059673185391e-01 3.095988274717900723e-01
8.517000000000000000e+03 3.267343013233989235e-01 2.584990833083093964e-01 2.546835044176342100e-01 3.153507858215899295e-01 4.793734030496715204e-01 5.088229439577002244e-01 4.747167612082292543e-01 7.260711333274705304e-01 6.961087205726238514e-01 7.155335156887089321e-01 3.420127597750179937e-01 2.829143285165862665e-01 2.416311258540405627e-01 4.421973634578292844e-01 4.535067487189726188e-01 3.621277014054024579e-01 4.010127103647010971e-01 5.167033940544147885e-01 2.856845741054559462e-01 5.868937359329536863e-01
8.672000000000000000e+03 2.975170318022545835e-01 2.481806200951237606e-01 2.537074310572834945e-01 3.282413940937917163e-01 5.239786423964697404e-01 5.167691723113605473e-01 4.439857472229242763e-01 6.929438719020083459e-01 6.823463967759257898e-01 7.716439027983295063e-01 3.977919251248615562e-01 2.635769912768844980e-01 2.956267781140737849e-01 3.709867463512035446e-01 4.162216040133774331e-01 5.302741195685626296e-01 5.989456751594507411e-01 4.377790884914987690e-01 2.849051608208931219e-01 3.396368861966098107e-01
9.222000000000000000e+03 3.745072419829755250e-01 2.982575904526673094e-01 3.075481881247227878e-01 3.695919607543372010e-01 5.237581733217212543e-01 4.109271126563475152e-01 3.839099137401191797e-01 6.763763612274396042e-01 7.046074333484743102e-01 7.377273785263256389e-01 3.277654655476811008e-01 2.667104992446071576e-01 3.536690014822503891e-01 2.642982103679420991e-01 3.016560626013222723e-01 5.177597294764054725e-01 6.721224059386282645e-01 5.571291150310309082e-01 3.759857972878472565e-01 2.839128427914506814e-01
9.243000000000000000e+03 2.823495305300175451e-01 2.411633148807628690e-01 2.717039637225252546e-01 3.234317568328114456e-01 4.713335980616352727e-01 4.638782581440925590e-01 5.142426308823394576e-01 7.500255425510951035e-01 6.839462477090126891e-01 7.493223512601874248e-01 3.195625164918184935e-01 4.756238248460602502e-01 4.232229118874213381e-01 4.432179210965447314e-01 4.390236291823330084e-01 3.984331225740249116e-01 2.698559657231230924e-01 4.070784701858366494e-01 4.007570354592698281e-01 2.646969325348480506e-01
9.245000000000000000e+03 3.692914417322676890e-01 3.169887962328614139e-01 2.779890513927117390e-01 2.919163863213765087e-01 4.664884644974428007e-01 4.908950557929150915e-01 4.768999910751729465e-01 7.135950113352805824e-01 6.391905771522181645e-01 7.183848196528946906e-01 4.682947905147973877e-01 3.970049752992334535e-01 3.443873385207188997e-01 3.577355439198229292e-01 3.254845262449112542e-01 4.147222816097405063e-01 4.880514327218600790e-01 3.983821140707657360e-01 3.323311962388292851e-01 3.395037991393207166e-01
9.389000000000000000e+03 3.050611886407245676e-01 2.548540356251644545e-01 1.953946318685800265e-01 2.828918769034576841e-01 5.184460513963184969e-01 4.343464026026390146e-01 4.841498499343755424e-01 7.460314203355251639e-01 6.936174453671275497e-01 8.258397601519461562e-01 4.157137619469502554e-01 3.151530379474332677e-01 2.849731404251943379e-01 2.364512192056820450e-01 4.828948685694985921e-01 8.915937238956982425e-01 5.184399643385236844e-01 3.430965946337655725e-01 2.625873458176706254e-01 2.250803653478229971e-01
9.496000000000000000e+03 3.175610613604176735e-01 2.132342148670435811e-01 2.018529784694448881e-01 2.700237565894619274e-01 4.829999592808839615e-01 4.823764007350544447e-01 5.107239626093562634e-01 7.344230967913532027e-01 7.081625577634923507e-01 8.000017551048692610e-01 2.940158403326539882e-01 3.288358508212577691e-01 2.933200258761790025e-01 3.087457459415631211e-01 5.486412148920137843e-01 5.240977263607213832e-01 4.966824432292212821e-01 5.258761339210841212e-01 3.268351533480549631e-01 3.031834149116285348e-01
9.546000000000000000e+03 2.971815586769047113e-01 2.770531626341177778e-01 2.567366089753411185e-01 2.902756029561860407e-01 4.541387909715678406e-01 4.943454869249119255e-01 5.207771336514285254e-01 7.744639928716251509e-01 6.803865006704054030e-01 7.081292726324911468e-01 3.776931752615699245e-01 3.040077963137618466e-01 2.997349663273485287e-01 4.061262908192874166e-01 4.698066299719620975e-01 5.042188826664186774e-01 4.654539171377810036e-01 3.580952838878777023e-01 3.606973183201736544e-01 3.608434317732956420e-01
9.618000000000000000e+03 3.013797818764287761e-01 2.770809187614580171e-01 2.742415074883207682e-01 4.188555547382838973e-01 5.493403485446455292e-01 3.992879734688721816e-01 4.810770025064386446e-01 6.502073868183652072e-01 6.476115097110418661e-01 7.835170628239037649e-01 2.246127955917319174e-01 2.306107995501417984e-01 2.322253192789536513e-01 3.334065130338676464e-01 9.238056944419351657e-01 8.012212572770697205e-01 3.741369487543027006e-01 4.854309921083984625e-01 2.023648827390827909e-01 2.631898237526718587e-01
9.774000000000000000e+03 2.843064135968940143e-01 2.510774164921127372e-01 2.191322452922096209e-01 2.842940435124018950e-01 4.702174758107365848e-01 5.087442003361213327e-01 4.971640978731505234e-01 7.083482290487620459e-01 7.118323418460610341e-01 7.934579769175507113e-01 4.063237577870326689e-01 2.275846070041331326e-01 1.746351446550959141e-01 1.521764204311773228e-01 6.627446080089610669e-01 5.848850565266551227e-01 4.920212998294973272e-01 5.866385200132671063e-01 4.030997631207064447e-01 3.233488947770385424e-01
9.813000000000000000e+03 3.344153792947859305e-01 2.715120117092693075e-01 2.245961293537430403e-01 3.234361315515319468e-01 4.554284770794854165e-01 4.903701722002807850e-01 4.790626719461991700e-01 6.981675407125829125e-01 6.979744764633432075e-01 7.652264329211716509e-01 4.733697653903328750e-01 3.239843574892632971e-01 2.943703196382171927e-01 3.669866370427702362e-01 4.054568372782398900e-01 4.907211625671668020e-01 6.187393086325621017e-01 4.425966499511470031e-01 2.430368899441070762e-01 2.710041415120115760e-01
9.814000000000000000e+03 3.333772769523387081e-01 2.610497497168080550e-01 2.724632363807313329e-01 3.108191486540412551e-01 4.662003927265429004e-01 4.498072346119674214e-01 4.722471609603078324e-01 7.170508562947173203e-01 7.092368804063503562e-01 7.555343430705357965e-01 3.735732649180835696e-01 2.708008617408331209e-01 3.465059446250101094e-01 3.312071936600100575e-01 5.303247308280489847e-01 6.789687961688840590e-01 4.040156861297868884e-01 3.188071469866482488e-01 3.045679956149761614e-01 3.786984257673118304e-01
9.819000000000000000e+03 3.579333000877220616e-01 2.930269646502224323e-01 2.727394957631961159e-01 3.383030316768496637e-01 4.704898331462821770e-01 4.126893117963943425e-01 4.886857381344471007e-01 7.302958394045759860e-01 6.749533821686259927e-01 7.262995285638061960e-01 4.999896231901307941e-01 2.749614807156184892e-01 2.151503562700068095e-01 2.855628696255234633e-01 4.664072500866283666e-01 5.473182701677209439e-01 5.330621671249398119e-01 4.006558422864892055e-01 4.108948153814894755e-01 3.035651897625690210e-01
1.000700000000000000e+04 2.820097450425083641e-01 2.512134911730047881e-01 2.089139955128580806e-01 2.505307128407325279e-01 5.145676216903727340e-01 4.805014756105008278e-01 5.123262732008848630e-01 7.205292661982584113e-01 7.355532235199786495e-01 7.774888326453143206e-01 5.164494200857320250e-01 4.068785345969771483e-01 2.746487049437864592e-01 3.177261929120396289e-01 5.457641732016548231e-01 4.488035241476208692e-01 4.162029442605192919e-01 5.371863569393743321e-01 2.716373065207454696e-01 2.082547819765949715e-01
1.002000000000000000e+04 3.474166801543967509e-01 3.194150066377056119e-01 2.805196537752047137e-01 3.715979997849343519e-01 5.100551917475459884e-01 3.937173069428507866e-01 4.456884015157770995e-01 6.816330065588136478e-01 6.625805572176094449e-01 7.671794481229130547e-01 3.958968552775568583e-01 4.391045084100461127e-01 3.701722948145637626e-01 3.816868877809639349e-01 2.492049657895349934e-01 4.747255170100574406e-01 6.564329787091811585e-01 3.907595926737966741e-01 3.335048363773484015e-01 1.681436012313171358e-01
1.005000000000000000e+04 3.755481833485020404e-01 2.501975874719133963e-01 2.785248286933563189e-01 3.645363364304192721e-01 4.641847692414824422e-01 4.584113829434401377e-01 4.560175242937700157e-01 6.925080590695680272e-01 6.662599987947653846e-01 7.499128316921762627e-01 4.654538966962621371e-01 4.015251270997135524e-01 2.874825732702787073e-01 2.603472831773345764e-01 7.646215445433997004e-01 5.723459323597889226e-01 4.982136585771654302e-01 4.862736688870889501e-01 2.102111739972281346e-01 5.733088387402369979e-02
1.007900000000000000e+04 2.388700685575149418e-01 2.101738191967559566e-01 2.027938941219765423e-01 3.198493096698042382e-01 4.793887325308179292e-01 5.030238019422841322e-01 5.231089816571312667e-01 7.173620090139173344e-01 7.342403836321040878e-01 7.977019060283044860e-01 4.291218905844084164e-01 3.371350670056846854e-01 2.482007101679011563e-01 4.795083859052363118e-01 5.063777316020969810e-01 3.619795412379077648e-01 4.392290398052777767e-01 4.914176914170659827e-01 3.023453336996290153e-01 3.255492974640767923e-01
1.015300000000000000e+04 2.607685943206536350e-01 2.387764169408444215e-01 2.178736229350393683e-01 3.900036957042093966e-01 5.462500324180494804e-01 4.248175312450322982e-01 4.826308921669230645e-01 6.891775070371563006e-01 7.171488327028531229e-01 7.960975006199700887e-01 3.367855713965307030e-01 6.738771966101714250e-01 9.593626715580788611e-02 1.662443890531715152e-01 4.326272393428875485e-01 5.001756118995185352e-01 4.947784136262809995e-01 5.062044459932862894e-01 4.074196930103153313e-01 2.715971290262139681e-01
1.037300000000000000e+04 3.296382740424669833e-01 3.022679108971329520e-01 2.654322439569085645e-01 3.346005848362044732e-01 4.972089506800517200e-01 4.060738881202187178e-01 4.477576139471195482e-01 6.942736048812394589e-01 7.046808472368667475e-01 7.809102756708041770e-01 5.044473595683950373e-01 3.700781894665534644e-01 3.102849451976437134e-01 4.490998670517451496e-01 3.734800566393534083e-01 4.999994290738934422e-01 3.885369866057321042e-01 4.727001245843586164e-01 2.294226092837532427e-01 3.109347817274829007e-01
1.040900000000000000e+04 4.006839268703303869e-01 3.380227785956768094e-01 3.001779851627119355e-01 3.756766287687802186e-01 5.046637868101326863e-01 3.488437149839280771e-01 4.022714877162922309e-01 6.746495655529727298e-01 6.806478460529935548e-01 7.609039685661411756e-01 4.432551587991114816e-01 4.985446369756011409e-01 2.981465128466660452e-01 4.099640091985561341e-01 3.473132879261335293e-01 5.277257664258262482e-01 4.480923637356769573e-01 4.092533667674783104e-01 2.194060434657653935e-01 2.811390902632830979e-01
1.043000000000000000e+04 2.530045986607061259e-01 2.500470187868026883e-01 2.177933749361479210e-01 2.990685497774708268e-01 4.569481112864995365e-01 4.697917342932169671e-01 4.951137497006112831e-01 7.411775389973321859e-01 7.349140339349071738e-01 8.114432009897949438e-01 4.160075158976337950e-01 2.793468820092461224e-01 1.419554528993539344e-01 4.822568814627802292e-01 5.326862421575156992e-01 6.320104894285039077e-01 5.181626247426841525e-01 4.900908288432585524e-01 4.549336947981347939e-02 4.663728635425677949e-01
1.060400000000000000e+04 2.855425428717764391e-01 2.152444572653238741e-01 2.451773525430188672e-01 2.810542122826185096e-01 4.854171460573774577e-01 4.845850559928711054e-01 5.450529924667383286e-01 7.417696654707420789e-01 6.948939803273789240e-01 7.557017769082513547e-01 2.779178986043714938e-01 2.530707261249822149e-01 3.463209782690757632e-01 3.657585661295697510e-01 3.920729252631595108e-01 5.764161240787885054e-01 4.239266306791399375e-01 5.417092821533109337e-01 3.308148552198317272e-01 4.208400466552493779e-01
1.060500000000000000e+04 2.803832657355497249e-01 2.737755038946358410e-01 2.246905691802847937e-01 3.289105729951827817e-01 4.480246207623659882e-01 5.125462379650744804e-01 5.004856187723094596e-01 7.044070773997663792e-01 6.914667495127807539e-01 7.742206139340955806e-01 2.731545459076183402e-01 3.064329266547990982e-01 3.304943973137215996e-01 3.064999497534378614e-01 5.961488915958537138e-01 4.451884381718491657e-01 4.732209335320538002e-01 4.152870514099549215e-01 4.269904856119416392e-01 3.457363850995643917e-01
1.060600000000000000e+04 3.283013201803143266e-01 2.525823028847913876e-01 2.695864552620691468e-01 2.953604325331924962e-01 4.865166003883386048e-01 4.657711285682332170e-01 4.708466530343337619e-01 7.013059671443783172e-01 7.122824060124022250e-01 7.625832151138830506e-01 3.178798433565060977e-01 2.775079092607058429e-01 2.638682044657197912e-01 4.440335955283395974e-01 4.386868003566897212e-01 4.734915518672442869e-01 3.456538555959030590e-01 5.107134004611623146e-01 3.421069522750981862e-01 5.023822710861096663e-01
1.064000000000000000e+04 2.608724548901902862e-01 1.839063597656690474e-01 1.892881974690805158e-01 3.173852459684730065e-01 5.784298447282637534e-01 4.621528847007974616e-01 5.214746216623279418e-01 7.650559894083317491e-01 7.636997697008884867e-01 7.168316495169038127e-01 3.779981532376264775e-01 2.648860794296851728e-01 2.519048245856126411e-01 3.907436193804371127e-01 5.901547199595611470e-01 5.801026735713292748e-01 3.566894548198762949e-01 3.033971715544240833e-01 2.960151244407174254e-01 5.251772313856111207e-01
1.068500000000000000e+04 2.395579351655567069e-01 2.502661719471374613e-01 2.235687427674053762e-01 3.219858853809060562e-01 4.406319548554785692e-01 5.101273626724524002e-01 5.068563774065344418e-01 7.371623149146415699e-01 7.220173440412117616e-01 7.811787731663657475e-01 5.960858025592340459e-01 3.778406919964872324e-01 2.754085042831790897e-01 3.198770973088964631e-01 3.457849042665685491e-01 4.367196424387395082e-01 3.944146129187010574e-01 5.163847447432884374e-01 3.284582950340714791e-01 3.102076560071931333e-01
1.068700000000000000e+04 3.138975985596497709e-01 2.989815574567848966e-01 2.366614827313801017e-01 3.325360160407994092e-01 4.380337570770873046e-01 4.662722979324927519e-01 5.015095594252306777e-01 7.393622950716112197e-01 6.949509523606113293e-01 7.303356390599471393e-01 3.186083528810503274e-01 3.070613163678773128e-01 2.932402588261647791e-01 4.238983267379994313e-01 5.142813756299011718e-01 5.687193185210545066e-01 4.324376295119340963e-01 4.927148280828815841e-01 3.187057946539395004e-01 2.752097001636098494e-01
1.068800000000000000e+04 3.565676866341744855e-01 2.755330408321742253e-01 2.820722324836231198e-01 2.960707102361913590e-01 4.354929594785343361e-01 4.749200541635006378e-01 5.068705184647801509e-01 7.146994871329777066e-01 6.726328371732395173e-01 7.281722420116001349e-01 3.515960760976229449e-01 2.687478467480441946e-01 3.988709329215238131e-01 4.186628922107108464e-01 6.125111867770292040e-01 4.729067531843192396e-01 4.482216735819755660e-01 4.166331521837856600e-01 3.074851675988911626e-01 2.435043834375446026e-01
1.095800000000000000e+04 2.412678907287629515e-01 2.545436299789611279e-01 2.642735982592415711e-01 3.289098621992390670e-01 4.513221216508100930e-01 4.776204575076405390e-01 5.356690097941627648e-01 7.215346775388219447e-01 6.982728403851977683e-01 7.680673851805678298e-01 2.130869506593921214e-01 3.979156126997575038e-01 6.349823687816410489e-01 3.442378598935755263e-01 5.262731194267431523e-01 4.829190868580963691e-01 3.601427933831829464e-01 5.354528962841309525e-01 2.645840499303303561e-01 1.386483419609705614e-01
1.095900000000000000e+04 3.039017280161626089e-01 2.844696873124057390e-01 2.593363767486793758e-01 2.872580192813389832e-01 4.278499563837805386e-01 4.943547802957256043e-01 4.763840175066185179e-01 6.991177297509340027e-01 6.970037836892772898e-01 7.996790130358407689e-01 4.586327939396549480e-01 5.920697782932179409e-01 3.216996551151189987e-01 4.254986368230576077e-01 5.165519719765585549e-01 3.911561864491417961e-01 4.837717355281270226e-01 3.435189323783565118e-01 1.776415616024825672e-01 1.680859545674539268e-01
1.103100000000000000e+04 3.223659747699623712e-01 2.329924867289711876e-01 2.133838981444209359e-01 3.214119186571962605e-01 4.997728636457593465e-01 4.699152746746380616e-01 4.937838070468908991e-01 7.305450485299989083e-01 7.121336592994227388e-01 7.505994892685239339e-01 4.041794206611533657e-01 3.731712430804810521e-01 1.898039169813192928e-01 3.441623156954333185e-01 4.356239512822854265e-01 4.909896993854311886e-01 5.079297408568760330e-01 6.173180549451726673e-01 2.996981032791519728e-01 2.868682001607845145e-01
1.103200000000000000e+04 3.014047315927156911e-01 2.476221092218689468e-01 2.694657724339342697e-01 3.506591507634007621e-01 4.375442126570141532e-01 4.645498633951123946e-01 4.977102448643041521e-01 7.328414902358717509e-01 6.924888346947499773e-01 7.527142217608486785e-01 4.382909491659136569e-01 1.720880635335713671e-01 3.282182083842237752e-01 3.594230820673821603e-01 5.359427980799209568e-01 5.629695774231778804e-01 5.691568714702504028e-01 3.970806366675699861e-01 3.227701372084632037e-01 2.783430889892981042e-01
1.103300000000000000e+04 3.125022841042634503e-01 3.077682543984819330e-01 2.955418030777079430e-01 2.921768172258790153e-01 4.294799743504264522e-01 4.680756587895836263e-01 4.989528891385207610e-01 7.085679357231546849e-01 6.941263611064671935e-01 7.392230322835786627e-01 1.934972430473182736e-01 3.106486253046885082e-01 3.472152416590847390e-01 4.479240597059181983e-01 6.224764076015893988e-01 6.390063156051631887e-01 3.708547251589055516e-01 4.331925853414457239e-01 3.187107562591896537e-01 2.665427506931618562e-01
1.169400000000000000e+04 3.205589856109486990e-01 2.992170495089708226e-01 3.160295599385892218e-01 3.886371532171012388e-01 5.477427384248780839e-01 3.697767994321724538e-01 4.383033623045005656e-01 7.071753448249067375e-01 6.680534540719782477e-01 7.440883598262276744e-01 5.208571887908648446e-01 3.114110301145869286e-01 1.959481028530214719e-01 2.805894907159546259e-01 7.719598473781204007e-01 7.087409398055958265e-01 5.674861755747820924e-01 2.934714534977514444e-01 2.057125498409044517e-01 1.634144471173065993e-01
1.181900000000000000e+04 3.208997243465775417e-01 2.588202931412011409e-01 2.232571367300293097e-01 3.029214362171347985e-01 4.758439905506108292e-01 4.494777361822331896e-01 4.863350054920224652e-01 7.199043142921558447e-01 7.107300901860676978e-01 7.896250214640673226e-01 5.707340278287417190e-01 3.834686786561999350e-01 3.094328830840272770e-01 3.039838247464775045e-01 3.963582589876720741e-01 6.980573599285090358e-01 4.955962993763275981e-01 3.751174948882489146e-01 2.423349613179223705e-01 1.599943046349525666e-01
1.184900000000000000e+04 3.044607014279224200e-01 2.655261497942401627e-01 2.401950579955954013e-01 3.322291337689720070e-01 4.743022789736093259e-01 4.351660026814246907e-01 4.972091297076514649e-01 6.901606607162881213e-01 7.320381061020556634e-01 7.718610737671939281e-01 4.657156314494721450e-01 4.071960962184357768e-01 4.753662434331364373e-01 2.786936920941528451e-01 2.425349480552862758e-01 6.739499915794292528e-01 4.814988495887960185e-01 3.555465319571007310e-01 2.279239650938383044e-01 2.680357035656669717e-01
1.203600000000000000e+04 2.560716582201135183e-01 2.193905185802177971e-01 2.299865854014251365e-01 3.264798633405792683e-01 4.517809230216270899e-01 4.585227506719249391e-01 4.823039749839378443e-01 7.705826661336839800e-01 7.358438195995190556e-01 8.035267435119495261e-01 6.094867771187691963e-01 1.493016008617142065e-01 2.203212683128075999e-01 2.260335898888201078e-01 4.743695208096440630e-01 7.038792742507923306e-01 8.271942375685134019e-01 2.721487914225960703e-01 1.673342455110539695e-01 3.530395489263227216e-01
1.213600000000000000e+04 2.262811752060522319e-01 2.322068490317925060e-01 2.577664209780136662e-01 3.237668505635449279e-01 5.095898731008331461e-01 4.787160766750810925e-01 5.276768374241832538e-01 7.426809590961016561e-01 6.891518826679829957e-01 7.663484001337498297e-01 3.966371184139718675e-01 3.875925201662079878e-01 3.382469180577748480e-01 4.033474166812711648e-01 3.523913353469449450e-01 4.689183455702892189e-01 3.036661262766690572e-01 4.883680625160691791e-01 3.873554142654940247e-01 3.471002802813776822e-01
1.218500000000000000e+04 3.297005208887986427e-01 2.480887998016647888e-01 2.551440007209884731e-01 2.761138495393609671e-01 4.475881984368634270e-01 4.890700575417301077e-01 5.167730193504020964e-01 7.749801546139604147e-01 6.781329139719102228e-01 7.258434727237526030e-01 3.925355380640119796e-01 3.196215238303207196e-01 3.150022449363453769e-01 3.722736092030225485e-01 4.627174089409567537e-01 5.603667088642342309e-01 4.228998468440554048e-01 4.446892306780446114e-01 3.421948765142936999e-01 2.916852033713569492e-01
1.224400000000000000e+04 2.440094600316427276e-01 2.084390238611857904e-01 2.055931715504431267e-01 3.493563977383755681e-01 4.551609088726698560e-01 4.847522508501370120e-01 4.896475894201536283e-01 7.297152862947284824e-01 7.428441748702301339e-01 8.175956855787208655e-01 4.583441748955324191e-01 2.874987581321151731e-01 3.520613232533386094e-01 3.791935683564059412e-01 5.283943881732325876e-01 4.724880299288100605e-01 3.826785953399436946e-01 4.480936151585082627e-01 2.813796697065577002e-01 3.416405243521151713e-01
1.224900000000000000e+04 3.279172462595399407e-01 2.356005713270709068e-01 2.112840020400272856e-01 3.009641838764213206e-01 4.766736738084976222e-01 4.808341181521665897e-01 5.239958952236984935e-01 7.353754106618980435e-01 6.974802115344149733e-01 7.468815748189592263e-01 4.297252834229927099e-01 3.274967413580604503e-01 3.776666534468488545e-01 3.294830835797863955e-01 5.322697592438837555e-01 4.772078477243966721e-01 4.206556458017245981e-01 4.755479656503108776e-01 3.378488119867011918e-01 2.198739415863388558e-01
1.225000000000000000e+04 3.022941441840197307e-01 2.438360818086486026e-01 2.493144528771296387e-01 3.277492405241909101e-01 4.504965557011866850e-01 4.956400115294496977e-01 5.005085548511634119e-01 7.139138893064530533e-01 6.873088595604095463e-01 7.674989293514674626e-01 3.927039090295517121e-01 3.639039064968673798e-01 3.222402286622555456e-01 4.503718118163417827e-01 5.341952370876799083e-01 4.781401529149091889e-01 4.496436628989782247e-01 4.590538877394338413e-01 2.654267465500653733e-01 2.148836956833302114e-01
1.225200000000000000e+04 3.300072302496900867e-01 2.967710129325096813e-01 2.377321485777788013e-01 3.066460548839090583e-01 4.203745420890973028e-01 4.395772329169785886e-01 4.616579282794850969e-01 7.143240809125910307e-01 7.448553841791352159e-01 7.819147381504422123e-01 3.399761310508569445e-01 3.951094104431322473e-01 4.104775133229653372e-01 4.205233392216696786e-01 5.312410167070044098e-01 4.581094054052437525e-01 3.166422082978975205e-01 3.287126691016994950e-01 3.506107928303501819e-01 3.234887191395029449e-01
1.232700000000000000e+04 3.327671358340379415e-01 2.519397339541720737e-01 2.535506945137363521e-01 3.055079159320038817e-01 5.153290605514018186e-01 4.462846172805443601e-01 4.801841815854293039e-01 7.479000306935967846e-01 6.648815011027908728e-01 7.613636427931784745e-01 4.602250888101417359e-01 3.302501456681761760e-01 3.078680836372213458e-01 2.931664219966341745e-01 3.872722266872974384e-01 6.790092737879540596e-01 3.992797450052495978e-01 3.875162666844568782e-01 3.804422413950316884e-01 2.899375462529391601e-01
1.233200000000000000e+04 3.736907779838219978e-01 3.274854346010767636e-01 3.254208786187220426e-01 3.049067071267079210e-01 5.052046237445421140e-01 4.276356579978303207e-01 4.179585294674409424e-01 6.785211386731251348e-01 6.881540353274434585e-01 7.285815797096195645e-01 6.222139368139012472e-01 3.362452385570519620e-01 3.210933925704773650e-01 4.379432254899356947e-01 4.544199515224512376e-01 4.378502690784527029e-01 3.731328885753408819e-01 4.833353009596779160e-01 2.274982285803696658e-01 2.338291106055354895e-01
1.246600000000000000e+04 2.469392066905942151e-01 1.997408314341082569e-01 2.259534435267250285e-01 3.381775103061680499e-01 4.935450927686975686e-01 5.199290988161605620e-01 5.117826003311561900e-01 7.123956996406214381e-01 7.003130614671567722e-01 7.881353808749562706e-01 1.996269655812121513e-01 2.918346058173157398e-01 4.285331725052650698e-01 3.727265342409595839e-01 5.580221270022477364e-01 4.926162329996373601e-01 3.106100443096563302e-01 5.063685678289383540e-01 4.663018668527814103e-01 2.828120794097487289e-01
1.247400000000000000e+04 2.813723340448379684e-01 2.500770372003260911e-01 2.245889195956569939e-01 3.290591558790276761e-01 4.568795181303155206e-01 5.342404253729340358e-01 5.012406035466224763e-01 7.084548721056725951e-01 7.034570060768989830e-01 7.502417754579409070e-01 3.758745141908734766e-01 2.166761244640702522e-01 1.781984819831262667e-01 5.015365886788581973e-01 4.113260392642668628e-01 5.686353407565922780e-01 6.177993618576541612e-01 5.364201695205647047e-01 2.830351661523823892e-01 2.826345411146536368e-01
1.247500000000000000e+04 3.049001490868951669e-01 2.470618976712362358e-01 2.647349412703273175e-01 2.981307035567793973e-01 5.096007572796250606e-01 4.621917510957835873e-01 4.700494688023338918e-01 7.106183072023483094e-01 6.822099071413501026e-01 7.986716867043466284e-01 2.518654835033430350e-01 1.647324109101379885e-01 4.891194083000572346e-01 3.470507559966649058e-01 6.347316829779972025e-01 7.002263604582092960e-01 5.057566564241482432e-01 3.834851834809730464e-01 3.259371902724866876e-01 1.720006479024279999e-01
1.247600000000000000e+04 3.101704431497938064e-01 3.002793732399082205e-01 2.451786520095101951e-01 3.565736320865571241e-01 4.237979053016758813e-01 4.365997943501376821e-01 4.790613992773097851e-01 6.940985952433876838e-01 7.419054889644939310e-01 7.576001450886116206e-01 1.727732267192478854e-01 4.438046681910506330e-01 3.177468362427336435e-01 5.027763200037314029e-01 7.337972579198119849e-01 5.381636354477608020e-01 3.394453981237355866e-01 4.145880960727498787e-01 2.046009135632658460e-01 2.765625197124291779e-01
