2.630000000000000000e+02 4.186798639967895808e-01 3.741308945181933132e-01 3.305321619065192396e-01 2.905212542353515226e-01 4.823018730993106629e-01 4.193277271328024192e-01 4.199440252839791166e-01 6.365146234169314354e-01 6.731336035640794746e-01 7.279604663667230691e-01 4.506722741386245401e-01 3.567725063779666472e-01 3.075435253335759289e-01 3.856134773583740349e-01 3.473428604639073880e-01 6.046002947226557511e-01 5.437915509069276565e-01 4.487021489015691755e-01 3.298565280061828142e-01 1.429945387279845104e-01
4.038000000000000000e+03 2.918434287837085583e-01 4.191224784725712249e-01 3.475767054741002449e-01 4.389471357792633643e-01 5.197960223857969186e-01 5.146020415125907022e-01 3.892036762822742024e-01 5.813367513700755662e-01 6.211071797138716377e-01 6.995857063370268802e-01 3.483563501645811633e-01 3.480623058388144786e-01 2.590257427925038436e-01 4.314581802389758081e-01 6.448028901185643980e-01 3.969973195940800781e-01 4.608846695116906589e-01 4.361471105654434743e-01 2.323756518430946660e-01 3.854774180299987973e-01
4.039000000000000000e+03 4.637442651606898392e-01 4.092470215460600191e-01 3.918113631924899920e-01 3.849310085521455149e-01 5.141758862716455658e-01 3.652896194714027045e-01 3.878127777589200353e-01 6.383934090469001177e-01 6.495186887798792830e-01 6.235613689961720940e-01 3.917986239507515456e-01 2.304984301673388414e-01 3.970510937635046700e-01 5.133670163612578108e-01 4.181579988473245191e-01 4.929254323824746598e-01 3.880332355276170930e-01 2.970908516239507136e-01 4.022901317079127237e-01 3.482690849407373279e-01
4.655000000000000000e+03 4.064012509045794586e-01 4.794848051425467106e-01 3.872145758690221373e-01 4.595786778397241701e-01 4.540311735147839478e-01 3.103272333551430617e-01 3.971638783488552482e-01 6.173294214601294794e-01 6.260055333000671407e-01 6.925063396650809056e-01 1.961733006695688675e-01 5.314731935125267537e-01 3.689346524893580281e-01 4.574603665142007447e-01 5.048004541148511937e-01 5.302441824072204879e-01 4.153442029558143678e-01 4.215765692045205237e-01 2.601721203017497430e-01 2.007912585786357784e-01
4.850000000000000000e+03 4.861262757444614335e-01 4.041030709317737224e-01 3.577366916271479402e-01 3.281238663463764693e-01 4.134554838477933481e-01 3.577858539436218344e-01 4.233052647904855803e-01 6.994616929465142796e-01 5.777594567213266696e-01 7.341979940671180538e-01 3.802169082761394092e-01 2.742750916376410775e-01 3.177891950390787090e-01 3.221477400298869420e-01 4.601800230936416991e-01 6.339887892675467596e-01 3.968547050553707378e-01 4.168457449641163604e-01 4.471768904970875869e-01 2.749312260608656189e-01
4.859000000000000000e+03 4.771887774464640408e-01 3.900087646563225041e-01 3.916707985568319006e-01 4.350870580000354981e-01 4.655669127835471155e-01 4.559937623398579443e-01 4.464178725072896481e-01 5.222652988299910648e-01 5.687995280108434359e-01 6.500839410159201526e-01 2.786307823567865105e-01 1.837357930936622530e-01 3.675797399248445507e-01 3.805712295275140988e-01 4.163025988483193829e-01 4.081273952754932433e-01 3.438616423813927736e-01 6.868604718804608433e-01 5.468871919259976622e-01 3.064934644958943744e-01
4.860000000000000000e+03 4.583936929210387090e-01 4.797552488814949001e-01 4.089704375555962557e-01 3.571028938163822164e-01 4.600366953326230357e-01 4.445872776744582699e-01 3.563923241117669671e-01 5.963864060042125548e-01 6.132989527343457592e-01 6.454999551515808731e-01 1.913718177891136074e-01 3.247467503615301121e-01 3.426097232258031866e-01 3.242399193162041060e-01 4.205387902620034146e-01 3.597733910456455964e-01 5.978027123408891086e-01 6.840020586026070992e-01 3.223728966254608697e-01 3.589551743378662785e-01
4.972000000000000000e+03 4.153160866056589406e-01 4.318141311222602474e-01 4.235355897127670022e-01 4.666039681540836148e-01 5.386532573284823489e-01 4.387125338084877924e-01 2.596604502229335476e-01 6.094922290598331349e-01 6.023407046392709185e-01 6.734099716292750726e-01 3.196858177701692449e-01 2.539997078781788820e-01 3.351637923336749370e-01 2.141508454858522259e-01 5.372443452037297673e-01 5.247194322494421748e-01 4.988163204168714060e-01 5.078789473173460634e-01 4.478348329202345712e-01 3.045466330161387125e-01
7.066000000000000000e+03 4.189011689604587585e-01 3.637738667829519268e-01 3.531535091492744582e-01 3.283172386908260743e-01 5.474513594717711484e-01 3.452903076165503848e-01 4.320359743089768334e-01 7.299595600511434856e-01 5.814491328099631318e-01 7.136921514560822244e-01 5.280501185727920488e-01 2.597825311853861896e-01 3.912612205775001240e-01 4.108369234482874832e-01 4.213978087916968041e-01 5.337450069864083657e-01 4.715428081253261183e-01 3.596621000710520932e-01 3.015187723364514683e-01 2.373804557619308142e-01
7.071000000000000000e+03 3.580461617480793501e-01 3.696452949712977776e-01 4.053986788740532310e-01 3.026717056564716124e-01 5.479473590156209717e-01 3.956368625939121197e-01 4.119583932667063020e-01 6.300953621201682564e-01 6.242204034927554268e-01 7.533969548288057538e-01 5.157112829206269566e-01 4.266850403157905758e-01 3.178345703084233254e-01 3.701790749805644043e-01 4.099929982163852960e-01 4.050753932636556587e-01 5.659532780386861139e-01 5.012985940812771934e-01 1.811834461037452604e-01 2.230372179914524300e-01
7.820000000000000000e+03 3.097487113690248206e-01 4.314026002711902619e-01 4.075447556342278732e-01 4.606013767678219795e-01 5.148253514602142422e-01 4.426471361595514797e-01 3.411912314558599446e-01 5.971037636901538326e-01 6.430076973091292114e-01 6.923861530565091904e-01 5.431849237491193083e-01 4.176019960465901515e-01 3.538362033653078553e-01 2.314198594294332723e-01 4.553020058815400173e-01 4.006313268652283988e-01 4.014391428146834584e-01 4.110938012424678045e-01 3.655368189188361594e-01 3.033616405214603629e-01
7.890000000000000000e+03 3.750251545876507886e-01 3.259448939411613844e-01 3.727738481965808814e-01 4.500267577002442509e-01 4.449495119242967145e-01 4.375265608211442170e-01 4.000927863942138618e-01 6.327038040843010469e-01 6.684593873433040123e-01 6.888172278785079650e-01 2.702104117143688256e-01 4.312115043618483523e-01 3.925021800415718354e-01 3.943102596258534209e-01 4.185908920832438485e-01 6.000090913956089844e-01 5.553591343257863189e-01 3.410404446616293606e-01 2.421452243846858865e-01 2.485765408574304725e-01
7.891000000000000000e+03 3.833902868404840958e-01 4.299599367449565279e-01 3.958178861123139436e-01 3.088670713750977792e-01 4.039827979777975142e-01 3.715780431595758215e-01 4.247015765643946672e-01 6.889088085155257168e-01 6.327403413922092490e-01 7.418748158899219902e-01 4.848339843134786276e-01 3.515309404630061474e-01 3.588603445275254655e-01 3.295872972891553121e-01 6.250183978392088724e-01 5.874143431922491665e-01 3.000725695471928578e-01 3.061641069162513995e-01 2.731370303959889667e-01 3.141450838808750312e-01
7.907000000000000000e+03 3.947735838120167151e-01 4.544527187012323832e-01 3.843278820057899337e-01 2.687763255761999592e-01 5.173199924110252201e-01 4.146768664559484785e-01 3.188591784207199797e-01 6.194344095736611377e-01 6.530172888180524327e-01 7.736318664149433033e-01 4.662224652997351559e-01 4.758687658979264268e-01 4.527415284039926768e-01 4.934990889702933758e-01 5.154810130363638443e-01 4.276522949464428014e-01 2.822179087899852612e-01 4.429881180760278370e-01 1.819790893501263274e-01 1.527800916240079909e-01
8.148000000000000000e+03 4.850618341343788109e-01 4.362679202495517994e-01 3.916326067664917532e-01 3.718910594149390514e-01 4.250369739845346606e-01 3.648609132979260261e-01 3.908764773365895895e-01 5.684738777952919042e-01 6.280280655149697022e-01 7.254806069601131835e-01 4.249100121032557409e-01 3.575391391507413696e-01 4.318638620175316856e-01 3.390398827960562356e-01 4.911113300489670652e-01 4.932546080771481045e-01 3.530224310492534601e-01 3.686245126613936773e-01 3.483283799140011183e-01 2.822890791328792059e-01
8.331000000000000000e+03 3.171996258527798318e-01 3.511357936775746924e-01 3.660273714576282034e-01 4.599447153206348560e-01 5.447967875864113685e-01 5.047279143978986582e-01 4.192001389073563566e-01 5.952195591501453498e-01 5.941560987663331295e-01 6.740728457883428115e-01 2.671977216208444306e-01 2.603348418423029331e-01 3.730722103344626950e-01 4.088469984400756596e-01 7.824722510753840954e-01 3.425087142469032120e-01 4.870066824350630097e-01 4.630957209487970294e-01 3.305678933481905335e-01 2.454659246385933469e-01
8.332000000000000000e+03 4.031006304328352274e-01 4.219277913015583303e-01 4.042850934761911819e-01 4.007088105059423144e-01 4.930134587765299115e-01 3.914648786957098947e-01 3.936079410222687036e-01 5.993447800095647038e-01 6.162875580501210315e-01 6.942104468185368304e-01 2.827326754321881630e-01 3.322348521784777575e-01 3.707051120887532303e-01 6.138071652411285495e-01 3.554544128000651781e-01 5.131981371668213887e-01 4.059443195204637256e-01 4.164094175644953988e-01 2.692966519476793219e-01 3.241887075079242786e-01
8.333000000000000000e+03 4.677809278966366668e-01 4.731646616462474308e-01 3.587242079273124662e-01 3.623104033049983630e-01 3.519898140022536537e-01 3.717729948543730956e-01 4.041602800449501376e-01 6.346546936436581188e-01 6.454123180251675196e-01 7.096410840194622427e-01 3.723565064966985472e-01 3.346317239434219992e-01 5.640002640127652622e-01 2.825659239678310342e-01 5.397276983247923932e-01 4.335023039369836906e-01 3.699077407132601580e-01 3.437685931465135902e-01 3.453064851700082816e-01 2.927004268899748296e-01
8.530000000000000000e+03 4.478989313685835527e-01 4.332897146740748440e-01 4.349299396008330376e-01 5.165515710707938579e-01 4.274524275030998077e-01 3.712129043982518306e-01 3.726055438129926567e-01 5.645162318740166718e-01 6.340949550171609550e-01 6.302980646308927737e-01 2.378156882951054096e-01 2.078497567965695569e-01 3.604283260826043334e-01 3.081506522362659761e-01 4.865542902831637151e-01 5.174175581666519141e-01 3.944372251801536167e-01 5.569184031237374155e-01 4.970064802649465929e-01 3.625151576229154737e-01
8.531000000000000000e+03 4.817252326437702625e-01 5.124941173338805056e-01 4.706320982963149713e-01 3.074648785051161681e-01 3.313019245543338265e-01 3.540607060222605851e-01 3.801952126978203061e-01 6.614581082853158156e-01 5.809399060461692965e-01 7.115582599944496600e-01 2.251748020078396251e-01 3.256206726217189540e-01 2.836491386286756899e-01 3.874779162328659265e-01 5.451420663994668292e-01 4.219701300224696361e-01 4.956090605630714130e-01 6.355909541503442783e-01 3.812397643484726761e-01 2.448266881698809572e-01
8.920000000000000000e+03 4.037202906444120609e-01 4.227116803053833638e-01 3.286405676400590559e-01 4.586253655902208237e-01 4.311682039753571005e-01 4.325899725810610774e-01 4.027338123630391786e-01 6.556221378559663471e-01 6.059661051836593426e-01 6.726867019103360823e-01 3.445062743465825972e-01 3.550798597237992404e-01 2.359629629226619174e-01 2.707930313101235553e-01 8.442517269817634284e-01 4.091301836882169640e-01 4.247645075243494661e-01 3.358432562398806498e-01 2.964247939551418742e-01 4.433972922026221952e-01
8.921000000000000000e+03 4.664433882199372494e-01 3.884084251465828030e-01 4.096674192659608416e-01 3.025346286814417085e-01 4.043267176641926475e-01 3.795812520443774818e-01 4.482461364986317642e-01 6.200509442688785233e-01 6.202851684289070189e-01 7.259997081297374644e-01 4.079035968774442633e-01 2.128160008478769405e-01 2.536247368172394046e-01 6.841059679891505763e-01 4.385975578319477042e-01 4.623686963070505751e-01 3.041094604953935576e-01 3.857149050978639360e-01 4.637406081918236112e-01 2.841581655085888558e-01
9.318000000000000000e+03 3.813619093668729199e-01 3.718874664642856653e-01 3.718083603784960722e-01 3.985028967733413863e-01 4.415544364520957443e-01 4.015790016476529223e-01 4.153145802803226427e-01 6.287736723902018765e-01 6.475975730749524706e-01 7.299650152855180485e-01 3.490905259225257629e-01 4.500169303961670808e-01 3.207615490980686435e-01 2.564122993867793965e-01 4.895122205333223842e-01 4.522308430684865432e-01 5.695389940035739951e-01 4.663382204973218204e-01 3.533488872475831766e-01 2.000170613951173515e-01
1.094200000000000000e+04 4.148854651806200833e-01 4.105729212211166046e-01 3.428470875660052930e-01 3.908621842856010997e-01 4.418497271322174291e-01 3.895437025042598478e-01 3.946009548550906687e-01 6.407340449489601353e-01 6.713887300832580562e-01 6.989621417488321997e-01 4.482394014410813199e-01 2.340878485630602523e-01 3.189608753180174783e-01 4.100074587087125799e-01 4.363819691851030802e-01 4.874747870926755544e-01 5.902270848547341853e-01 3.851103023831858874e-01 3.320763644947614668e-01 2.833279499387980072e-01
1.094300000000000000e+04 4.600975205399967516e-01 4.081178589803982626e-01 3.513421013723687647e-01 3.166782475406985653e-01 3.513601643051200152e-01 3.742845588954828995e-01 4.392902822756548087e-01 7.022942770130716772e-01 6.519362783331966726e-01 7.085853462967338645e-01 2.744560188548605950e-01 3.051992166985189048e-01 4.006985850003549343e-01 3.689666516012530262e-01 5.452850661676332811e-01 6.703850750214772614e-01 3.638683729901349695e-01 4.508775074301682451e-01 3.273022759046811392e-01 2.357281969458790150e-01
1.100100000000000000e+04 4.474051109946980964e-01 3.443340848064863624e-01 2.963062988208166604e-01 3.317184331900328575e-01 4.496993278608288902e-01 4.441838103709643826e-01 4.214727742976207558e-01 6.030627616349941711e-01 6.556115325482999578e-01 7.612184682071163611e-01 5.360672314132844951e-01 5.147331307514754206e-01 1.851048733519256306e-01 3.749494519141226001e-01 3.238185634320866479e-01 4.836901111837557665e-01 4.405602160946266443e-01 6.368620140861632750e-01 2.435282773283813096e-01 1.799524732772104230e-01
