2.890000000000000000e+02 2.643776752769985694e-01 2.020240024932196676e-01 2.321182598912299722e-01 3.158161242210622555e-01 4.932003018983118214e-01 5.225943717083938456e-01 5.384180058938347058e-01 8.175509401213111316e-01 7.153594658727534528e-01 6.590393784280283995e-01 3.591114201058759892e-01 2.553408292330183738e-01 2.671561285070367942e-01 3.801609198674624768e-01 5.654245558223500723e-01 2.921501538549209354e-01 3.630893822722675579e-01 3.293304824120831253e-01 4.091361664299201228e-01 6.644781589481191242e-01
5.180000000000000000e+02 4.138256210276323732e-01 3.409090312795273747e-01 2.500975033208684972e-01 2.319117313036312689e-01 4.585518662641703824e-01 4.380604891751280205e-01 4.873206440741916223e-01 7.678394910927044403e-01 7.792313785767382983e-01 5.966923370882107891e-01 1.701912297302449195e-01 2.040302880990684242e-01 4.127293075750096962e-01 5.130778084800167171e-01 7.237998931300216876e-01 4.096019251759434598e-01 2.013046504350529120e-01 2.477930092207445423e-01 4.242109078077380135e-01 5.854913320359543816e-01
6.660000000000000000e+02 2.924506439890894316e-01 2.555169116481997293e-01 2.773505044875422820e-01 2.782343787257713918e-01 4.309774010343611628e-01 4.935288150892868653e-01 4.950435683923828378e-01 7.593337469940281137e-01 6.905105270455348387e-01 7.634899973614265312e-01 4.960824759278583684e-01 1.463003485749031773e-01 3.273812851415499048e-01 4.172705037339147771e-01 6.686714153669387484e-01 4.032642317840739454e-01 3.643705579735099787e-01 2.746096083506257557e-01 3.650765042490962120e-01 4.717580759117587230e-01
7.320000000000000000e+02 2.952531268980340129e-01 2.318171211667302556e-01 1.879059939878525154e-01 3.841647822595112838e-01 5.438328361071491646e-01 5.106781432643081597e-01 5.267772978059848121e-01 7.955207851842719391e-01 7.048186361337031025e-01 6.098954506956930643e-01 3.450467850386706448e-01 9.366942599336237907e-02 1.877379043131519598e-01 4.685170157527487333e-01 4.380252902411901350e-01 6.170031435575257239e-01 4.290694623172134348e-01 2.760382366113617869e-01 3.360992627053822623e-01 7.436204556053849224e-01
7.910000000000000000e+02 2.319886303106670489e-01 1.952835484501498076e-01 1.845702928648186580e-01 2.905243100923849964e-01 4.876261616124055176e-01 4.911276639441900516e-01 5.712585797167305524e-01 8.265194423763206899e-01 7.604032885501064154e-01 7.004929512579428641e-01 2.889775731372479228e-01 3.217588955794024597e-01 4.454454440777389501e-01 4.092201988517479849e-01 3.176556755141116128e-01 4.269219269083765478e-01 2.639546891503631865e-01 4.953859193558809992e-01 5.360971163386846206e-01 3.366936241335302116e-01
7.920000000000000000e+02 2.664961720557775249e-01 2.105889178549201213e-01 2.358576784028925954e-01 3.336629310048303543e-01 4.596776768795134416e-01 5.427546191152824440e-01 5.716111069751141915e-01 7.852608495577807490e-01 6.339844210922541690e-01 7.084363708284764360e-01 3.447410562381609811e-01 3.886129431609767759e-01 3.616152765942746705e-01 2.428481205861915959e-01 4.318010059314674742e-01 2.710785564194816422e-01 4.232147679157757802e-01 6.581558784802457041e-01 3.431468029579799461e-01 4.306532159908725843e-01
1.239000000000000000e+03 3.943467671305260214e-01 1.466536002600017374e-01 2.278235855588626457e-01 3.068615987489290431e-01 5.524633062238113457e-01 4.568950756358998166e-01 5.848391154594617669e-01 8.155187489885784569e-01 6.715589729315349921e-01 6.088439934210958526e-01 4.654127892358538299e-01 5.607886393730006080e-01 3.877742006847346712e-01 3.220289213313645704e-01 3.319405956687452308e-01 2.180078019767319464e-01 5.568660338128336162e-01 3.832971702184985174e-01 2.608326961843173142e-01 3.350948544115250338e-01
1.277000000000000000e+03 3.331904007857009464e-01 2.279193135620682376e-01 3.274484153860092728e-01 1.910135093963957476e-01 4.775841891900695635e-01 4.796128648192886090e-01 4.503065697738300455e-01 8.696518350221442706e-01 7.699228650865406198e-01 6.349503863351455557e-01 3.360572563149921699e-01 2.582521971556289153e-01 3.008670887722199039e-01 5.284530124932038664e-01 4.164087452032949055e-01 4.096117937446153157e-01 3.782189258491033268e-01 4.792453542689780188e-01 3.298665699923961081e-01 4.650903008008652750e-01
1.591000000000000000e+03 3.846768208078433227e-01 3.716769054309824183e-01 2.422626351057738936e-01 2.384027324315755592e-01 4.121307108876010594e-01 4.728134215552531328e-01 5.136493732333717865e-01 8.004482628956225421e-01 6.432490733862777921e-01 6.779150578932306992e-01 3.664863634697650419e-01 2.752298760396066357e-01 3.726080653487132688e-01 4.634038806972344826e-01 4.444516658128003228e-01 2.599013159734976375e-01 5.234488714436059675e-01 3.765410221231046406e-01 3.893545188828147485e-01 3.980967439961159982e-01
2.215000000000000000e+03 3.514289223384253202e-01 3.221084935459152532e-01 3.226324676379188072e-01 2.956025145685340916e-01 4.357959863117610300e-01 4.340416367199996794e-01 5.081820055017038928e-01 7.656847506536226255e-01 7.086615334237729158e-01 6.295432414317266856e-01 3.840399679464955307e-01 2.655932483681496259e-01 4.477431866682716755e-01 4.105400714596341150e-01 4.578621054563247750e-01 2.934897625203377047e-01 4.201145612284051256e-01 3.433679318039995487e-01 4.217190922916946305e-01 4.135389592040971118e-01
2.401000000000000000e+03 4.089048938797398280e-01 3.726519045776506278e-01 1.454746775811401882e-01 2.837831281819789275e-01 3.879090853276072615e-01 4.689995633825905230e-01 5.078829951169167023e-01 8.243070246534671686e-01 6.970545864056115759e-01 6.554366405331883971e-01 3.068129093265028473e-01 3.906884653038215638e-01 4.181310066321717311e-01 3.148694996480927988e-01 5.261398513679282907e-01 3.522136989012218389e-01 2.854808192561136271e-01 5.333414483809498785e-01 4.482402348140496762e-01 3.049797959333850894e-01
2.901000000000000000e+03 3.635925706571311311e-01 3.260479931126560871e-01 2.691639314037672093e-01 3.386696924507301421e-01 4.590680326580397486e-01 4.863742178421486262e-01 5.186608064515165761e-01 7.470056015767913005e-01 7.487819794613204127e-01 5.318774346500858563e-01 9.971904788518032303e-01 4.858854842889687720e-01 3.729356096957762712e-01 2.502528440678719601e-01 2.635076380125634388e-01 2.337441430279886823e-01 3.492345515200357409e-01 2.983493305517229688e-01 2.743661367880632640e-01 2.970446844174355894e-01
3.130000000000000000e+03 3.572854245003549423e-01 3.216388871074169487e-01 2.867038746950624772e-01 3.583360177074359498e-01 4.497214819069441649e-01 4.781452631035432166e-01 5.019691049678322026e-01 7.049448530560971093e-01 6.727736285037897446e-01 6.453341312301966726e-01 4.650567504263372065e-01 2.379455124439985025e-01 3.338541503334457317e-01 3.251250319462429261e-01 3.754695937991035515e-01 1.999338491225150782e-01 4.896040079873771322e-01 4.083729044413808573e-01 4.008100229980404716e-01 6.255650841752161684e-01
3.381000000000000000e+03 3.353038767377839457e-01 2.725035281468989878e-01 2.409607269991875245e-01 2.610696112534066082e-01 4.076285307507847011e-01 4.724646307998270345e-01 5.574556653270165141e-01 7.634395193725985740e-01 6.921139874305086703e-01 7.238562166939493947e-01 3.863177553785233087e-01 3.255057294213973829e-01 2.562720882029915215e-01 5.014888473938979851e-01 2.813939267424286905e-01 1.053411243674736153e-01 6.801129207773085605e-01 4.376657645727466406e-01 3.422555262852572389e-01 5.269536878975324967e-01
3.561000000000000000e+03 3.887405958874078915e-01 3.764891498495163691e-01 3.059552238538530422e-01 2.732351109744001749e-01 4.812554709421082988e-01 5.054351402253054459e-01 4.720559012708770430e-01 6.935434806624710680e-01 6.911802612725514994e-01 5.984253379233870351e-01 4.345006741050649324e-01 2.572889420207203903e-01 3.470195567505582890e-01 4.192226243342294101e-01 3.765269691662107010e-01 1.643219537552781384e-01 4.953905102251036641e-01 3.326459451372481557e-01 4.543297844231625193e-01 5.543583036357603300e-01
4.017000000000000000e+03 3.920893437083707300e-01 2.276919857001116210e-01 1.887486546081206251e-01 2.802472927975422357e-01 4.432413653496408146e-01 5.131205794793750607e-01 5.097605091163959212e-01 7.527472112985342800e-01 7.639003785305482630e-01 6.595167384458791027e-01 2.789428554342780475e-01 4.810747672191023616e-01 3.891481996199260829e-01 4.096959192939204075e-01 5.247387181276327306e-01 3.732965430939406692e-01 2.237939327685405100e-01 5.811680776641841017e-01 3.153683703082794665e-01 3.088354338843841140e-01
4.550000000000000000e+03 2.999641017176253310e-01 2.045676102255171158e-01 2.393975347714940860e-01 3.102543634285510610e-01 4.004963249377888612e-01 5.049932092666107319e-01 5.588209364722910300e-01 7.803160988353525784e-01 7.101451779826211119e-01 7.152930292953996183e-01 5.313098429758710273e-01 2.179931256580403265e-01 3.132173997717339620e-01 4.372238925790947195e-01 3.838154395442553990e-01 4.610752148312358134e-01 4.603108783068747822e-01 3.100728875836219478e-01 3.458390072332274134e-01 4.346622476265154522e-01
4.609000000000000000e+03 3.368306502879602204e-01 2.920344905063268492e-01 2.381974120735329548e-01 3.290704015980709385e-01 4.597339699772703958e-01 4.994182869672710856e-01 5.117405075237213552e-01 7.834773580793751302e-01 6.857029025217757923e-01 6.366004997939294086e-01 8.607861564868815041e-01 4.156938121668848352e-01 3.028972257221436148e-01 2.351573983006959023e-01 1.971542934839429773e-01 4.070071980770836179e-02 5.468181727318972563e-01 4.055203479440719350e-01 3.680147033254070887e-01 4.399955793570894391e-01
4.766000000000000000e+03 2.285581692879649629e-01 1.791851831017222951e-01 1.795893621950843122e-01 3.488150139179895248e-01 4.791290030191094340e-01 4.922772519220244836e-01 5.913912103754859206e-01 8.219259045723696921e-01 7.012542393850514921e-01 7.210013284240645026e-01 3.967214956872280873e-01 2.846414948654264476e-01 3.285341720471663951e-01 3.926229243832361493e-01 3.873813066755496526e-01 5.242454125969281398e-01 3.920747555769922288e-01 4.796604083547522102e-01 3.625586098836772186e-01 3.612022422373190600e-01
5.060000000000000000e+03 3.006131548908841933e-01 2.789309745688458020e-01 2.072672646582765787e-01 2.668047860920751413e-01 4.362296335694482718e-01 5.261034702154314679e-01 5.784424492689154151e-01 8.597645583232238486e-01 7.090750162154746405e-01 5.955129800988848698e-01 3.422076897813619567e-01 3.124701264990157878e-01 3.696510133464471770e-01 3.374572711008156922e-01 4.145859235499508855e-01 3.637995439718950674e-01 5.777949227952443589e-01 4.337885731121520205e-01 3.358922765974525770e-01 4.023036780879704621e-01
5.344000000000000000e+03 2.831310584553405896e-01 2.613246762407170354e-01 2.388401798211792493e-01 2.968715366294046865e-01 4.558856148187127588e-01 4.878754257166745822e-01 5.566101011967161671e-01 8.170117752599076466e-01 7.077479026386088723e-01 6.535992859793045007e-01 2.668208348946944919e-01 1.309218064308946272e-01 4.008999775885899730e-01 4.295370421837935160e-01 4.165544456709130428e-01 3.847247521406359505e-01 2.831575014639682863e-01 3.680053458240285513e-01 5.375132136696662011e-01 6.433724907113570479e-01
5.489000000000000000e+03 2.682525341348100389e-01 2.510650267682050796e-01 2.533599502927164071e-01 3.144069733730734395e-01 4.549994531707841627e-01 4.979248556008022408e-01 5.190231960727130778e-01 7.758105277560772839e-01 7.815350966804248678e-01 6.413251400357312670e-01 2.279615602954673248e-01 3.302313163143459351e-01 4.597145524696703012e-01 5.120194090338373583e-01 4.899404887570769085e-01 5.023291840283490295e-01 1.936437490822103813e-01 4.202865407588747826e-01 2.994186448548833979e-01 4.458475755313842104e-01
5.783000000000000000e+03 3.758225240198627692e-01 3.222750969737746551e-01 2.182579354832454854e-01 3.273656513923321465e-01 4.180252135350404075e-01 4.812906773419349804e-01 5.430912312200427694e-01 7.539886987016011233e-01 6.633963737259835902e-01 6.542037155565175732e-01 1.634910692055525083e-01 3.334782950583629058e-01 4.014535457688960252e-01 4.614664776801288282e-01 4.340933163414754659e-01 2.777961826792798017e-01 4.230868368304496752e-01 5.545251037924721071e-01 4.181165427601794549e-01 4.008942826276939986e-01
5.935000000000000000e+03 3.225753410799698240e-01 2.977286079707178179e-01 2.657548904771052101e-01 3.379460823040663642e-01 4.221795243508059681e-01 4.904127233222126958e-01 5.518410017965644787e-01 7.133589598469343152e-01 6.492011061002360695e-01 7.003954785250101622e-01 3.145333982105633086e-01 2.390728846474931835e-01 2.283329144100656460e-01 3.574323937145701402e-01 8.784142449096835614e-01 5.643002619469429382e-01 3.117479743337956410e-01 3.712488432777684144e-01 2.690280133491725900e-01 4.688591894590081188e-01
5.967000000000000000e+03 3.267300416190682122e-01 2.449626165955121337e-01 2.032909527424592300e-01 3.697191271952375846e-01 4.665932920979724563e-01 4.801349766575042088e-01 5.045749955978257040e-01 7.612264698396480345e-01 7.417865872504831870e-01 6.625834282681324350e-01 4.039185410950506538e-01 2.994057848569310343e-01 3.448082402128925805e-01 4.361769906351325443e-01 5.437804522693425735e-01 3.945268398276586819e-01 3.356574002372607057e-01 4.260577994104348676e-01 2.967489254688075451e-01 4.297040753204791064e-01
6.163000000000000000e+03 3.758320232546878970e-01 3.171698773906751478e-01 2.076130849838461745e-01 2.667348039362127388e-01 4.852844962814096830e-01 4.033606592327840246e-01 5.093479782134524569e-01 7.939455533452659530e-01 7.240176329866941929e-01 6.794348083963690499e-01 3.607856040090212657e-01 3.241729893707682164e-01 3.734645448506987431e-01 4.141182223240010285e-01 4.893384962427754226e-01 3.695085235677256219e-01 3.044719422637795492e-01 5.962302242921063700e-01 3.435239522669555901e-01 3.357731873115814558e-01
6.432000000000000000e+03 3.700839553899379353e-01 2.660341186052687656e-01 2.839968800347500433e-01 2.520496745592520349e-01 3.720049884349677649e-01 5.089093188368366549e-01 5.183091946666806837e-01 7.588238376982189282e-01 6.920569984296973676e-01 7.020888924330951353e-01 2.567096308755202894e-01 4.242081261983672857e-01 3.721806562960221498e-01 4.629896132647650098e-01 5.679144780990522667e-01 4.051548238793138967e-01 2.559061434519602773e-01 3.105395245800709469e-01 4.047468481090766290e-01 3.962847424926258522e-01
6.565000000000000000e+03 3.541139385606692502e-01 3.015890613496018946e-01 2.329148591529746903e-01 2.883793227458207875e-01 5.086203894282871341e-01 4.639987484863782319e-01 5.018191347821685522e-01 7.276388333650111173e-01 7.448929564419358718e-01 6.444085064771315485e-01 1.559755050111597541e-01 2.671443204331000465e-01 3.161980317219020287e-01 3.864697303636719372e-01 5.170408824215212418e-01 6.995527262278476988e-01 2.590544785863338473e-01 5.156597457642938531e-01 4.333807133839594483e-01 3.894584338015391056e-01
6.786000000000000000e+03 3.101204174522895207e-01 2.280402635656260668e-01 2.090211104607097858e-01 3.287105693865055578e-01 4.725126893744296397e-01 4.913849493361719944e-01 5.179583803239879991e-01 7.653246423608632831e-01 7.075860145896293307e-01 7.166794888056889912e-01 2.184849309682352914e-01 3.809658982005676986e-01 4.486887930506640032e-01 4.381511986833321881e-01 4.797440234029843875e-01 3.389753807910069194e-01 3.266959942035710385e-01 3.110008942826375522e-01 4.349601079027883288e-01 4.527692721786025776e-01
7.062000000000000000e+03 3.699497566808535587e-01 2.633696883832901681e-01 2.758518449626782831e-01 3.222635230445506371e-01 4.689694181848118593e-01 4.810754144644706631e-01 5.362834564600752474e-01 6.999686018240862673e-01 7.360338591345296777e-01 6.077286343460249762e-01 5.383110926814859143e-01 3.597854127387273282e-01 2.798258564394881520e-01 4.689495938077062887e-01 5.594062556706379530e-01 3.042045832786918758e-01 3.833944354050398129e-01 4.164071646786150493e-01 2.659689059417233992e-01 3.339724654419714556e-01
7.205000000000000000e+03 3.736188787908046871e-01 2.826215783331004761e-01 1.736884930268173255e-01 2.783625630067154688e-01 4.735882792724073753e-01 5.098190765842246508e-01 5.648159060877975257e-01 8.054969033834182834e-01 6.754863724193147512e-01 6.209284162787411798e-01 3.541303040414402470e-01 4.468299037350512148e-01 3.981043111992848549e-01 3.022085815063441094e-01 4.659235848776481781e-01 4.038002578043378699e-01 2.624114857479014629e-01 4.485115253029104410e-01 4.101658883121996335e-01 3.680965423662460601e-01
7.646000000000000000e+03 3.987857043749659103e-01 3.620183497234775172e-01 2.299898812420696770e-01 3.253991181319033088e-01 4.522920660153300076e-01 4.111454200624372057e-01 4.747542059672834602e-01 7.288686047139707469e-01 7.069368037128174187e-01 6.807293714638967819e-01 2.488899064047591370e-01 1.837902137801898095e-01 4.425164824295910182e-01 4.158125090904432053e-01 4.835287215866075905e-01 5.979325058399235227e-01 4.219701047014551287e-01 5.043800648338399029e-01 3.157771778993968548e-01 3.309290679567154503e-01
7.770000000000000000e+03 2.368565765185541017e-01 2.532685140206067942e-01 1.989289406938473670e-01 2.232929124855211056e-01 5.624349952352367676e-01 5.611537611456254293e-01 4.803433919390395768e-01 7.999578095003861966e-01 7.532022241947856633e-01 6.928381959762104358e-01 5.406241271511674773e-01 1.835695081919525573e-01 2.791255507479764031e-01 3.316721994156653364e-01 4.916066383643760695e-01 5.073974660152205107e-01 5.686318912147884097e-01 4.101925366713533028e-01 3.441739672413617335e-01 2.990317267803241919e-01
7.786000000000000000e+03 2.389419203607096032e-01 4.046233740401822265e-01 3.490180365198037316e-01 2.342412419803435453e-01 4.472709356210869402e-01 4.777012276361311538e-01 4.874488948507597064e-01 7.467180259722311364e-01 7.618203441295304801e-01 6.332468326708470263e-01 3.906938097092011453e-01 3.184615791682699482e-01 5.687702978634273654e-01 3.212960819382632005e-01 3.656721729042176627e-01 3.503307083599407901e-01 3.196517425273938118e-01 4.459308223982408337e-01 3.699044034616299492e-01 3.956197020718401625e-01
7.817000000000000000e+03 3.755201332503765310e-01 2.623728779922590015e-01 2.319705103764131693e-01 2.058540282630058060e-01 5.464109830876638929e-01 5.735282233335323721e-01 5.871922615992556382e-01 7.515020798610094754e-01 6.462995976041394641e-01 5.825974965556651730e-01 7.330597594756390611e-01 3.545055604712173958e-01 4.362509691012895208e-01 4.432676351494379552e-01 4.907653187134181083e-01 3.594301928590439288e-01 2.022566183268084128e-01 3.561133035992845586e-01 2.581559422211323618e-01 2.490946456730428749e-01
7.842000000000000000e+03 2.785825903829302619e-01 1.899491308776742882e-01 2.223708050922370560e-01 2.384385479686493836e-01 5.412949900781197643e-01 4.385524543687309706e-01 5.555363229380383405e-01 8.363102738993161145e-01 7.122403656486282486e-01 7.332612971994264539e-01 4.387603994068161595e-01 3.760285484180718174e-01 4.380088169933578635e-01 3.498191180583776760e-01 5.048891568724677148e-01 6.346779176030755698e-01 3.186595694041350346e-01 3.556039560932196530e-01 2.668801086073734341e-01 2.294255561386485676e-01
7.843000000000000000e+03 2.760195946237954945e-01 2.689058239513593684e-01 2.038870627698272375e-01 4.007220115344209410e-01 4.081052052808374353e-01 5.399574194239182834e-01 5.927163598973677061e-01 7.436740614100274538e-01 6.827036690214957071e-01 6.383388157592183587e-01 4.415345017176481868e-01 4.128997385920543106e-01 3.334200361147225955e-01 4.163305798854590178e-01 6.923844032156828421e-01 3.529872889893816978e-01 3.276800545179076596e-01 3.533949095650291694e-01 2.677815208237029898e-01 3.135663285819552670e-01
7.887000000000000000e+03 2.830847706423679222e-01 1.268701992511911958e-01 2.061062207377438726e-01 3.364966664489059123e-01 4.860086907602314543e-01 5.831400650748844727e-01 6.168021690352972763e-01 7.374234060014718262e-01 6.796020598358749609e-01 6.736720993776835753e-01 3.654279587232774906e-01 2.793338304544359940e-01 4.057712712330789340e-01 2.602717150509184507e-01 5.618234847105875174e-01 4.424347633568572191e-01 3.824393360552134635e-01 3.633052663514881875e-01 4.290503266592575193e-01 4.098387956282811273e-01
8.328000000000000000e+03 2.836586257754629137e-01 1.590144660523360731e-01 2.494911675531218953e-01 2.307460938899310032e-01 4.767218051549705904e-01 5.497658106976117676e-01 5.986098871492236961e-01 7.917510859950119828e-01 7.178249852560233402e-01 6.677102249137581991e-01 5.663140156081987175e-01 3.821765595302760166e-01 2.673501862260154183e-01 2.595132432579180803e-01 3.477458944112600814e-01 4.234652778239366144e-01 3.993044783330276792e-01 6.838950666628348385e-01 2.466146492766836951e-01 3.559042266417021816e-01
8.526000000000000000e+03 2.156389481054862001e-01 1.334522044760712844e-01 3.044666632391189731e-01 3.707851657016229541e-01 4.971793568439130673e-01 5.292114949280198877e-01 5.959233601824810433e-01 8.647211823948857123e-01 6.425469521145420471e-01 6.236618350219906848e-01 6.420563453236677320e-01 3.074734878507946467e-01 4.221675195359808619e-01 3.207219248982468573e-01 3.223473381199248311e-01 2.918595852679717884e-01 4.187860823200013627e-01 3.703427533249597503e-01 3.641470602032964576e-01 3.915553781690802038e-01
8.925000000000000000e+03 3.725898797007909380e-01 2.404367622750729627e-01 2.480852789627668864e-01 2.441924467783300745e-01 3.882455302192867608e-01 4.807748671804074059e-01 5.125622060411019199e-01 7.746230445640185369e-01 7.135040431509588332e-01 7.398203892497960954e-01 3.722351587264307038e-01 3.695645751849063187e-01 2.865945470724668431e-01 3.514280000988773689e-01 6.784704157799671398e-01 4.291595724019929836e-01 3.557167349771218623e-01 3.598393100637340969e-01 2.578636578443685989e-01 4.676109545883752050e-01
9.218000000000000000e+03 3.257517333697717565e-01 2.703136134431975979e-01 1.966833574590923228e-01 3.232389770138642815e-01 4.461915375965704866e-01 4.556589588151692127e-01 5.246038322861240610e-01 7.697175008376470062e-01 7.455006649998386914e-01 6.901608563276535602e-01 4.380231162173400805e-01 4.739812904697518481e-01 3.631271203942360581e-01 2.530249345552375018e-01 4.672448023834755437e-01 4.038089781892704178e-01 4.485920217996244852e-01 3.467539859244154754e-01 2.464561964151159579e-01 4.324548778203897714e-01
9.219000000000000000e+03 3.450454211744434230e-01 2.463772517252983130e-01 2.867537543112708698e-01 3.180139935098393322e-01 4.368281969566570888e-01 5.112624140458147393e-01 5.425111331466260234e-01 7.885369541386606507e-01 6.403549076407988316e-01 6.456063973711334558e-01 5.141407081590440020e-01 3.119521745047609818e-01 2.218190993685488777e-01 3.543937780476244526e-01 4.051998165568563293e-01 4.570698401982475900e-01 2.939001667368028037e-01 3.001751105662750496e-01 4.244746029988995528e-01 5.885381106034449639e-01
9.314000000000000000e+03 2.327211636309126086e-01 2.241813589921441696e-01 2.721440492077476514e-01 3.259245762055107964e-01 4.525388890106757933e-01 5.130614740939426488e-01 5.754308047716558683e-01 7.940150674568416944e-01 6.845391226419054176e-01 6.799821957587812715e-01 3.869940094965918509e-01 3.152411401446655326e-01 3.439011648414757039e-01 4.861177129546638831e-01 4.367779067943093341e-01 5.909242464621358160e-01 3.592957370552470886e-01 2.970756346751188826e-01 3.531868804689650143e-01 3.218490742946888972e-01
9.402000000000000000e+03 2.896050861363425044e-01 2.396323080481531087e-01 1.086085665322424204e-01 3.294963043241528333e-01 5.428006077302568455e-01 5.154076340020241620e-01 5.554785116992088101e-01 7.801040313180752639e-01 6.999057258548303517e-01 6.967786089197437471e-01 8.210300056282577863e-01 3.069606638324217651e-01 2.985677476103602013e-01 3.965802574819432547e-01 5.605317222493758633e-01 4.289641658569843807e-01 2.865077828106024072e-01 2.756064452066797621e-01 2.616728589510849412e-01 2.839129874180901791e-01
9.523000000000000000e+03 3.132748714010302193e-01 2.667074560136176720e-01 2.353583337517283491e-01 3.156465249484008972e-01 4.412225711246009485e-01 4.665265277741028616e-01 5.218720649924163402e-01 7.278891814233942048e-01 7.176356684424576304e-01 7.335872315758972251e-01 3.537103070749612610e-01 3.700408928772391803e-01 4.215390079695650605e-01 3.758033060426999583e-01 4.359309022525000299e-01 4.064612951292764786e-01 3.399602786966637868e-01 3.704582896594340591e-01 3.480772376349051123e-01 4.384741262209237989e-01
1.001700000000000000e+04 3.482246486208626091e-01 2.646986210920493354e-01 2.188292973161616028e-01 2.906128739272699213e-01 4.665339948626145983e-01 4.925988191533028360e-01 5.488227210086550345e-01 7.826592087692710864e-01 6.287516672387255534e-01 7.087636708668781926e-01 3.773527881923132155e-01 1.383170513632240584e-01 2.872052325191135624e-01 4.129653277633187902e-01 6.435957584471501125e-01 4.696418336669755389e-01 4.166661560985251422e-01 2.434389083571820434e-01 3.820700264911665034e-01 5.621683951831339954e-01
1.013800000000000000e+04 2.252121575576603585e-01 2.498488652931595833e-01 2.487438488760072286e-01 3.879284523756581504e-01 5.173948422595117114e-01 5.080886748679079856e-01 5.229471923801275457e-01 7.735574491501606698e-01 6.364362850146604300e-01 7.134180702005697983e-01 4.942265702660505466e-01 3.057962260955057188e-01 2.785050104315028863e-01 4.075462409875425518e-01 6.600775103353093698e-01 4.210662273357921315e-01 4.290425531331629738e-01 3.200448902873680446e-01 2.983931844913130793e-01 3.214357587244641712e-01
1.040600000000000000e+04 2.152557409698866997e-01 1.557905511845092406e-01 2.983916636260628419e-01 3.850423877226211711e-01 5.169497054521612345e-01 5.325952500764029596e-01 5.731412741590690141e-01 8.040558790670362388e-01 6.073110262157037642e-01 6.875339716867663320e-01 3.191676653471747782e-01 2.389970713459513563e-01 3.592654059686287149e-01 4.378621238071508937e-01 6.960429541369058670e-01 3.614822374437025587e-01 4.276811948786397033e-01 3.242286490221679696e-01 4.058856903020470197e-01 3.488979793249524786e-01
1.044600000000000000e+04 2.979064927797760443e-01 2.361275650417864191e-01 2.437783744187978496e-01 2.965452252970510183e-01 4.490970608753314663e-01 4.836448102090670220e-01 5.493424513636668838e-01 8.015201849210208396e-01 6.931824738815847153e-01 6.956216911807471259e-01 2.600486158224284416e-01 3.106171125567090963e-01 2.412084610318168676e-01 3.955706729195923588e-01 7.406291804537260548e-01 3.901572974340913325e-01 3.400758640101428920e-01 3.875954551981901086e-01 3.738711819150414284e-01 4.942473173082757576e-01
1.093800000000000000e+04 4.167733645443559287e-01 3.525078250523054901e-01 1.890811651309321495e-01 2.925316707857655296e-01 4.503119184789733942e-01 5.089116938955435820e-01 5.185229023132031934e-01 7.463687762481803212e-01 6.509736520448855535e-01 6.381588140515361829e-01 3.436472330039467837e-01 2.677299130147090533e-01 3.055349947718166703e-01 3.553521586113736475e-01 6.190727957884275545e-01 3.550607965780033237e-01 4.028360083950249249e-01 5.356144551824867373e-01 3.549994349916603120e-01 4.022085145509604054e-01
1.099800000000000000e+04 1.902546314827082419e-01 1.377467794285111291e-01 2.716260756806500587e-01 4.389766002855974847e-01 5.191294475699309574e-01 5.257006802298235248e-01 5.366414643208696766e-01 7.528372574041537479e-01 6.954402026874698661e-01 7.027132807612914700e-01 2.274252227066521914e-01 2.191817099452385009e-01 3.537232913825736902e-01 5.661124562910638813e-01 7.779540247335441361e-01 2.431446370279281566e-01 4.237599092541006751e-01 3.274998822982754798e-01 4.030267687241891328e-01 3.749678578259508788e-01
1.204900000000000000e+04 3.178754820007401172e-01 2.689720257247045221e-01 2.469469310294503117e-01 2.728343005666244991e-01 4.358974567465377925e-01 4.748659282753053823e-01 5.249016576817803204e-01 7.573626164684572615e-01 7.150324957000729897e-01 7.223617735953531405e-01 2.417642352425942998e-01 1.532950589184684242e-01 3.522143946672599002e-01 4.928933548331918546e-01 7.085596965636895561e-01 4.721502503940683826e-01 3.240395923768362718e-01 2.947962249450429284e-01 3.904680787719377322e-01 5.031139477029364926e-01
1.247700000000000000e+04 3.739314565267474744e-01 3.050720095674162025e-01 3.228352736440148196e-01 3.031872393002804089e-01 4.177548183657014413e-01 4.673136363194004272e-01 4.852892976788203416e-01 7.897462254950384786e-01 7.177963205333413033e-01 5.930414290600032334e-01 4.642930785801270832e-01 2.628273360484261190e-01 4.274138374290923359e-01 5.396897168727537997e-01 5.236388984482643894e-01 3.353639726060845261e-01 3.407323997649309710e-01 2.416314897650070626e-01 2.789413934217821467e-01 4.572347044100804059e-01
