1.280000000000000000e+03 3.067726251341220678e-01 3.788428909472136841e-01 3.109723493403057648e-01 2.902707787633940217e-01 6.648977402259552694e-01 5.809918849573847410e-01 4.048387183946403067e-01 6.197548508181325300e-01 5.555526405229594955e-01 7.113889663883432579e-01 4.853988584753197166e-01 2.631785297451775807e-01 3.045093290587175816e-01 3.267800447128963448e-01 4.627069036697207816e-01 3.865749782269352064e-01 5.211581299092479247e-01 4.791029727193270582e-01 4.130546094348946928e-01 2.776713510864959322e-01
1.402000000000000000e+03 3.649524792865457279e-01 3.860218979553509122e-01 3.647206165460634697e-01 3.842277826088705273e-01 5.828025703325777629e-01 5.636336038695892725e-01 4.076127517654242194e-01 5.333170781411610273e-01 5.398760714519319492e-01 6.929675456891816188e-01 5.007544484921629957e-01 3.486320057720214138e-01 2.516861582787404683e-01 4.018711060539009172e-01 4.301682717276279488e-01 3.971250314449171204e-01 4.770022973962004254e-01 4.616767011106998053e-01 2.759116802915758115e-01 3.681645586008805981e-01
1.636000000000000000e+03 2.932201620292784194e-01 3.284325880329631020e-01 3.392223743894148824e-01 3.785874125537832535e-01 5.634459789702578325e-01 6.021924811961154589e-01 4.160839239864004280e-01 6.411857890566664553e-01 5.362961121760256855e-01 7.135441116470054856e-01 4.477399051312572764e-01 2.701871501713420387e-01 1.922653949817121344e-01 4.633822305109530082e-01 3.887706159472472112e-01 4.592808421129639385e-01 4.718973357036128080e-01 4.253226906621017656e-01 2.716818953026798877e-01 5.282248957939624789e-01
2.903000000000000000e+03 4.008147742399164049e-01 3.741922151252722317e-01 3.061347022505814253e-01 3.617889562383633795e-01 5.181849619447858046e-01 5.222311919995249463e-01 5.719689406661208064e-01 4.711065542806550099e-01 5.635610011193566971e-01 6.813275383699556320e-01 5.571201529646844230e-01 2.961394092488681684e-01 2.758737344651605028e-01 2.801000128668549305e-01 5.621340701235716386e-01 4.056556659687603483e-01 4.459204288036425212e-01 5.860823483849596505e-01 3.596805552101944858e-01 1.922705661856025372e-01
2.904000000000000000e+03 4.277466388798521479e-01 3.643548728236126744e-01 3.211314352873430589e-01 3.836372706536179122e-01 5.245866465325195183e-01 5.610483264675780735e-01 2.980239232506936564e-01 5.696838882363284284e-01 6.299519865776658234e-01 7.205683900585434509e-01 3.511288387821173140e-01 2.611399082699546459e-01 2.725669378130686216e-01 4.732526430833460807e-01 4.518199229567534947e-01 5.043121743698114612e-01 5.513689225176920949e-01 4.862633791585766474e-01 2.372074861855053285e-01 3.575624470659504173e-01
3.133000000000000000e+03 4.304588641273966454e-01 3.394201317143743513e-01 2.967991675352330549e-01 3.451916522036803658e-01 4.579019758283725539e-01 4.683894616239859809e-01 4.055865594880180836e-01 6.476315894648908555e-01 6.517199559706413625e-01 7.270579677419480857e-01 3.191882551448631533e-01 2.628802807648663586e-01 1.646582169725688272e-01 4.686285161110444464e-01 4.367964107804633289e-01 5.203580383100107065e-01 7.567711324543087148e-01 3.560861513567104564e-01 1.667117839472767316e-01 4.980391721336109301e-01
4.283000000000000000e+03 4.435374556818946767e-01 5.247260014428262176e-01 2.899910990089347163e-01 3.256280072807297143e-01 4.485211032602368086e-01 4.611908946247432750e-01 4.966900128618130794e-01 5.643190670545674692e-01 5.903333230062605130e-01 6.480936583019850650e-01 3.002627886022962711e-01 3.598316579143802652e-01 3.098690975998286135e-01 2.512695616534492138e-01 8.554053014395908150e-01 5.549068757517297001e-01 3.814304039371829713e-01 5.830227838676971253e-01 2.818485080067957282e-01 1.370870189369684522e-01
4.284000000000000000e+03 5.569602206986816739e-01 3.567382411236443285e-01 2.970629603957602449e-01 3.290069370029896079e-01 4.537473412365491399e-01 4.885229512533362239e-01 3.815358295230111274e-01 6.108928889343904212e-01 6.017076171875235246e-01 6.946453521056873415e-01 3.771712715872382327e-01 2.593574691593626969e-01 2.162634434074715006e-01 6.369868080782868924e-01 5.466729043150938550e-01 3.815524625321621288e-01 4.851451123013974520e-01 3.370246092582648845e-01 1.622576043692250392e-01 5.266903116661981743e-01
4.611000000000000000e+03 3.522621879057755145e-01 3.379123976038539978e-01 2.821811051242619772e-01 3.512244269805280816e-01 4.794447157427280115e-01 5.324724534123341790e-01 4.901630203999685631e-01 5.820726356302657889e-01 6.460968886419826696e-01 7.098017172498226612e-01 3.504533643378317520e-01 2.203277148035569233e-01 1.656571827376141781e-01 3.915928296660567409e-02 7.064169274246470120e-01 4.425094774473422587e-01 4.800430986741237027e-01 6.634452294307779940e-01 4.482435851281874051e-01 4.912544157849229043e-01
4.848000000000000000e+03 4.005199900014920211e-01 3.860211502821485063e-01 3.647742059882617127e-01 3.666819584375077268e-01 5.175821480197694280e-01 4.576923256152640174e-01 4.440618141499683702e-01 5.570802012113267310e-01 5.952416299636963393e-01 7.069974082646982572e-01 2.962856050158287902e-01 5.987738794732893055e-01 3.419449735193836326e-01 3.036954819503747682e-01 3.964880090948094682e-01 3.511536479828266111e-01 3.734079285130839643e-01 6.090650887476891651e-01 3.189274851632597496e-01 2.722989923341792573e-01
4.849000000000000000e+03 4.485263302221920712e-01 4.421764437434693717e-01 3.384842934353586852e-01 3.970896519070915565e-01 4.534047462515922167e-01 4.354125405068229315e-01 3.786389824796762560e-01 6.204720709507678400e-01 6.684583543155989682e-01 6.297766359410447157e-01 6.726032699308558405e-01 3.005943937954364542e-01 2.728327688087728298e-01 3.081668473600901459e-01 3.610814850475809745e-01 3.898776317894165344e-01 5.289967638211514611e-01 3.980588699934445307e-01 2.909548629438060141e-01 3.819689418654864665e-01
4.858000000000000000e+03 3.589255056737423732e-01 4.305663770786487543e-01 3.250687409823201923e-01 4.335231097122670962e-01 5.682142901142115399e-01 4.739921358923406824e-01 4.700045622590888206e-01 6.483280888850052603e-01 5.200898610785699150e-01 6.211239173297767868e-01 4.180529033555737128e-01 2.446799009353011478e-01 2.026654476042591968e-01 3.870934839212125111e-01 4.632403424790394464e-01 3.830243480837052794e-01 3.698090499333978598e-01 3.745543891864304142e-01 5.206434025861298442e-01 5.241133703351159578e-01
5.970000000000000000e+03 4.253784340694233834e-01 3.373885246800540916e-01 2.828294800254416708e-01 3.309627883843660467e-01 5.044700265357885405e-01 5.262216899631637634e-01 4.105102644749010765e-01 5.830968742399968985e-01 6.342924908664764327e-01 7.332688159570512898e-01 4.005520535967734830e-01 3.526935451675320410e-01 2.975837757525239824e-01 2.942471719568538480e-01 4.173709751197756668e-01 3.528503777148710441e-01 4.925406282186903795e-01 5.048938775904843190e-01 3.869700372552488665e-01 3.941449030016595523e-01
6.006000000000000000e+03 4.251119716231155365e-01 4.253862813111844443e-01 3.754774594798988008e-01 3.463823971376021604e-01 5.288699752473272619e-01 4.620895850547976913e-01 4.882498042927861936e-01 6.867552761126302086e-01 4.748950072754829499e-01 6.200611798836348498e-01 3.972178144605428840e-01 3.610029130250060336e-01 3.486157877948868888e-01 5.087713442099353056e-01 4.522699905671392906e-01 4.261893314244874498e-01 3.173343577525146175e-01 4.470084992591020212e-01 3.744808402139657710e-01 2.526024654772184852e-01
6.007000000000000000e+03 4.798058697927864991e-01 4.533077151524420589e-01 3.193513212860737416e-01 4.070389782306311766e-01 4.587240561962854235e-01 4.823125833881699021e-01 4.841155315895034894e-01 4.758320390339539907e-01 5.741035084642481801e-01 6.553409879185456699e-01 4.341560431797059083e-01 3.343206819927059814e-01 4.966578434466037417e-01 3.819672192421549317e-01 4.761935549967750148e-01 3.600276502207745422e-01 4.218703878471803392e-01 5.078756502272812057e-01 2.969098253302400736e-01 1.895141088153338149e-01
6.008000000000000000e+03 4.980201266451014797e-01 3.869147801717875979e-01 3.702228495666990415e-01 3.366875476694195513e-01 4.800624030956565647e-01 4.736215437780340598e-01 3.079770836018325686e-01 5.898166039976757702e-01 6.081685447423942348e-01 7.389125166656930199e-01 3.924645407590214297e-01 4.724083269000005081e-01 3.660111512728527194e-01 3.947712328155912331e-01 3.948678430656540339e-01 4.698175388085198412e-01 4.704916649430850306e-01 3.952644744001853061e-01 2.309353368416013630e-01 2.907136045076290087e-01
6.790000000000000000e+03 4.029366978770441698e-01 3.534098153773104212e-01 3.095603893336881240e-01 3.758495981750447079e-01 4.827124208437017505e-01 4.496856092289835405e-01 4.055496789569081328e-01 6.389405680370169316e-01 6.481587802015297273e-01 7.197527923257410754e-01 3.738798907748967504e-01 2.446876892727327946e-01 2.826037378925518317e-01 2.600970265839358531e-01 5.841324348160641389e-01 5.919472365244716761e-01 5.438234604105030012e-01 4.415555428475077537e-01 1.895902983042419554e-01 4.705349207676692291e-01
7.065000000000000000e+03 4.049191405738850613e-01 3.615675376443873157e-01 3.040995523982690241e-01 3.950171022531916987e-01 4.567501415927062158e-01 5.380177452276123651e-01 3.691437336467603414e-01 6.338496594628301173e-01 6.961760036092080606e-01 6.352596757675887940e-01 5.132916842201750152e-01 4.270069955312677523e-01 2.684710650967058743e-01 3.932388888575161223e-01 4.772717508853092094e-01 3.700269780713656975e-01 4.615757605600692148e-01 4.902126229624006459e-01 2.601869272025769120e-01 2.514938576061803155e-01
7.069000000000000000e+03 4.604638177580224201e-01 4.974852893188093650e-01 2.070415374624242077e-01 3.195724386328778754e-01 5.598025373287689455e-01 4.269702851664759491e-01 5.284523078599034918e-01 5.887536670054719368e-01 5.739160524350620518e-01 6.443893461937365563e-01 4.140397704639035004e-01 2.972665920439889753e-01 4.406195159350264068e-01 4.524094099872771335e-01 3.856088664049101000e-01 3.923840663855477917e-01 3.235082260181003089e-01 3.784078505600209641e-01 4.422902665444736203e-01 3.271232634667696759e-01
7.070000000000000000e+03 5.405500446980325835e-01 2.732332341188668523e-01 2.977613102864837269e-01 4.390650099655115657e-01 4.153360206318318926e-01 5.280487849642921949e-01 4.065972159449018908e-01 5.974983760990666415e-01 6.029457756625660192e-01 6.657595877086991409e-01 3.612974981082315851e-01 4.342205363972590493e-01 4.501439051574277483e-01 3.319427814868886606e-01 4.468678389443690446e-01 3.741022816336557755e-01 3.640109363966987921e-01 6.113909018055047051e-01 3.768463351115457494e-01 1.377859449623849153e-01
7.662000000000000000e+03 3.543883543145406323e-01 3.728184183214052205e-01 3.249100090318233769e-01 3.799591478931325095e-01 5.520183726192694484e-01 4.443068016273508669e-01 3.886929948056119799e-01 6.184746222662781401e-01 6.308892068045621748e-01 7.408553823314844022e-01 3.403527500972684527e-01 4.412249045608808151e-01 3.047935639459747326e-01 2.953753120295208312e-01 4.315629206455241507e-01 4.213113055378958638e-01 4.368349417189528738e-01 5.811377388649585640e-01 3.210234014857785145e-01 3.310699045675284391e-01
7.845000000000000000e+03 3.071197553030037830e-01 3.905672810367020187e-01 2.209481685623896352e-01 3.824875400572779749e-01 5.747293293987062457e-01 4.824733012918007713e-01 4.729988946579505305e-01 5.669698583763327360e-01 6.499608557765205186e-01 7.433592026354756133e-01 3.636043778854167186e-01 3.745292198139616446e-01 5.464563920820534326e-01 3.188715252085307372e-01 3.976444611312234811e-01 3.622369193134757359e-01 3.281142054209912895e-01 4.628136917170852516e-01 2.880077085382670710e-01 4.143867504998229312e-01
7.906000000000000000e+03 3.811356841273176865e-01 3.441440134268147211e-01 3.990329040075903944e-01 4.415858904364867166e-01 4.060541298614233630e-01 5.256437603114134660e-01 4.434249424600887890e-01 5.066536431333309443e-01 6.135286723908263129e-01 7.104914945108663504e-01 4.467744715621839724e-01 3.769582964156637517e-01 4.793358008417488714e-01 4.527656338695839056e-01 5.704502815181501374e-01 4.503907473168112241e-01 3.679851396602457081e-01 2.919188795496721056e-01 3.188739579181627537e-01 1.305518966233007172e-01
8.145000000000000000e+03 2.852155330987191650e-01 4.120360587296372223e-01 4.259595652451344527e-01 3.873605233624560773e-01 5.123478889814558901e-01 5.300990009001047554e-01 4.928588548163753691e-01 6.410521870687625468e-01 5.440312142010870211e-01 6.038807428782991815e-01 2.895524616664737483e-01 3.233893065129131439e-01 4.551575784972980432e-01 4.105940439348593762e-01 4.913053874075772320e-01 5.105145893564967396e-01 3.448483943711012634e-01 4.470169424345249998e-01 3.698878474665815430e-01 2.561127139275049536e-01
8.146000000000000000e+03 4.610173938182224318e-01 4.982437545187900496e-01 3.478312110961236936e-01 3.817243502010100320e-01 5.388779748406192782e-01 4.792014541527692129e-01 4.393095429428902077e-01 5.495056172309353837e-01 5.489782593951847423e-01 5.936675451953713489e-01 3.688039259713338791e-01 4.210843218738394844e-01 3.838517316840288074e-01 3.973705911420808978e-01 5.462669539253443007e-01 3.746803339971334079e-01 4.040204837100303537e-01 4.804120937028049654e-01 2.876248246376678641e-01 2.388274090321015897e-01
8.147000000000000000e+03 5.411745957561983067e-01 4.265520027228305033e-01 3.549006094307118886e-01 4.196695652628287254e-01 4.852051915957089068e-01 4.325900760580516091e-01 3.745633588836240757e-01 5.676369405501279219e-01 5.481346932793045301e-01 6.661496360238261527e-01 4.879976199306622076e-01 3.540375386112589173e-01 3.723439096582343844e-01 4.428401129530302738e-01 4.018425991225483829e-01 4.399809790625319184e-01 4.352011175337979765e-01 3.744282354789051359e-01 2.720744525602923347e-01 3.055826531245253719e-01
9.221000000000000000e+03 3.836504911246793603e-01 3.130658117289042419e-01 2.500071000785838993e-01 3.520440649076302386e-01 5.084816744575386682e-01 5.256908173057777134e-01 4.354864582673997897e-01 5.810012049763736419e-01 6.565675064781489878e-01 7.540567393128944085e-01 2.154461537950154992e-01 2.994084208249260248e-01 3.027229612983362572e-01 3.908475157556182689e-01 3.376079710882526896e-01 2.912584442551869879e-01 4.923290333584817713e-01 7.683069258612132968e-01 4.431716023068514865e-01 3.638561028471559711e-01
9.317000000000000000e+03 3.866396267901623385e-01 3.199732932828394660e-01 3.162070224832673748e-01 4.204059158736736523e-01 5.379266839490861596e-01 4.628611149925647150e-01 4.255362039881723790e-01 6.180132046477795349e-01 6.155537449727326305e-01 7.001094892699865069e-01 4.637892909844795741e-01 2.888133257716009594e-01 4.577956634792736956e-01 3.234966466319753597e-01 2.989004208529683071e-01 4.313251951858262379e-01 3.924330954216473377e-01 5.941410256339874074e-01 3.385276165767288070e-01 3.047635637579304002e-01
1.094100000000000000e+04 3.906575278641477023e-01 3.562902711667820244e-01 3.468424412356644893e-01 3.835075291621207194e-01 5.239004203761787881e-01 4.587693582869907249e-01 4.102745667100784477e-01 5.877072554812677874e-01 6.214301041236707235e-01 7.183189860291946394e-01 3.099968138741284185e-01 3.920833595691133322e-01 2.606290881192344644e-01 3.436674338458458045e-01 5.106194457704601453e-01 4.107899563629289763e-01 4.519281939439016571e-01 6.578017942995806333e-01 2.986697982666493001e-01 3.061990014635329049e-01
