1.284000000000000000e+03 5.556798592003675541e-01 4.759353487320331366e-01 1.825274186280518851e-01 2.300538017027325410e-01 2.829160872274993355e-01 4.530815146945648686e-01 5.523395424377147700e-01 5.705478052455917881e-01 6.374941856453001376e-01 7.520842063773859332e-01 3.481623706362643178e-01 2.725219574294314162e-01 4.381389940198557875e-01 3.894005201579439635e-01 5.391052375943892194e-01 3.754388973414726216e-01 3.221172617037990626e-01 4.544315954115680789e-01 3.563116979865529887e-01 4.041193762403112455e-01
1.640000000000000000e+03 5.179898223732783968e-01 5.494370851622832896e-01 2.391664042507451182e-01 3.000523968400732322e-01 3.062748516576700997e-01 4.933958534401247653e-01 4.946673861308891196e-01 5.416868214653177693e-01 6.050489332196075098e-01 6.936707644393953487e-01 2.850923047583324710e-01 3.244180792325493945e-01 3.947707937026504466e-01 3.439885041164554291e-01 3.528484505282290518e-01 6.581566974974591977e-01 4.248275811566589732e-01 5.017595999402212348e-01 3.652174365232475628e-01 2.606179733431566725e-01
2.220000000000000000e+03 3.623812634076811756e-01 3.656717346245978995e-01 3.441001084803523291e-01 3.626919863376724673e-01 3.075488464430548574e-01 5.129526540311415417e-01 4.685855524313217169e-01 6.459983504444234415e-01 6.721247521484720044e-01 7.026057331908371895e-01 2.124906400086371827e-01 3.084798018404044662e-01 2.488555531402058263e-01 4.246265477894735074e-01 5.414615888543800049e-01 4.887071031435912816e-01 4.773387120089525593e-01 5.116102581484219813e-01 3.457143015231722849e-01 3.802254422806839451e-01
4.656000000000000000e+03 5.137245559759385793e-01 4.541168911527133090e-01 4.123619447236535618e-01 3.256983047658992825e-01 2.430483700222836330e-01 3.752013360458260061e-01 4.184822159301580524e-01 6.458563635419058979e-01 6.432091269530766375e-01 7.156647941080584996e-01 6.011913070356866839e-01 3.288716415042434171e-01 4.153416187267374160e-01 3.965188189681783659e-01 5.510272698679206105e-01 4.382685311823720786e-01 3.700463047107969139e-01 3.281722905569273152e-01 2.290576547407358610e-01 2.546036987631385418e-01
4.812000000000000000e+03 3.992218619331890372e-01 3.584106719335369839e-01 3.392501168455894223e-01 3.947263631302308506e-01 3.117176916218323268e-01 4.335943641276828742e-01 4.914859712955756410e-01 6.215526723937137010e-01 6.543122028598008511e-01 7.369781346730333027e-01 3.058578236290488417e-01 3.295239744423046901e-01 2.953546349984896291e-01 2.761954710308381911e-01 4.090100363317564769e-01 4.720912361331361939e-01 4.889915419920180528e-01 7.471620792880041551e-01 3.425824659088416158e-01 2.841746455982854247e-01
4.974000000000000000e+03 5.345545916866918379e-01 5.002265837027638495e-01 3.721993931775244291e-01 3.008079457065511164e-01 1.454774692062676955e-01 4.005440007351111498e-01 4.273986977266512888e-01 6.525034741106847669e-01 6.345820437474378739e-01 7.499803640833906382e-01 3.186493192561562493e-01 1.634218500772019744e-01 3.744256894672081115e-01 4.185695315233858849e-01 5.345271226487360305e-01 4.596938208355208499e-01 4.845485170507417005e-01 3.985790492715582944e-01 4.369586370720181523e-01 3.356016749444939995e-01
7.067000000000000000e+03 4.361920361238798005e-01 4.364746420602411137e-01 3.095961390797440926e-01 4.317561312477492530e-01 3.105313266105221293e-01 4.281128193743552468e-01 5.250157879414185658e-01 6.103248654335687862e-01 6.810440370602266480e-01 6.014641963324764973e-01 3.111572128412122829e-01 3.819865534404946472e-01 4.064897775876220587e-01 3.607176090128111912e-01 6.044471904145342078e-01 5.422277509282703578e-01 3.440414349221308510e-01 4.144677546752164043e-01 2.858589631201312597e-01 2.717000736026042307e-01
7.647000000000000000e+03 4.231185144008618448e-01 2.879041977307933986e-01 2.936086725749025295e-01 3.289726679323527470e-01 3.830416625309469025e-01 4.621876184484708383e-01 5.131852809742099009e-01 7.472782160654459771e-01 6.342520764474263162e-01 6.771377452831982557e-01 1.905961699542215448e-01 3.919583441999552331e-01 3.729600948302870811e-01 3.752150510202451050e-01 6.138530622209905641e-01 4.398737048162830177e-01 4.373705809116054666e-01 3.934926581747816843e-01 3.431257427675043492e-01 3.445482804618461570e-01
8.039000000000000000e+03 3.947032515363984584e-01 3.749028773524199498e-01 3.441696034226832124e-01 3.612674345610094040e-01 3.972884603631470224e-01 4.703566555904046265e-01 5.109674801961430202e-01 7.026448734433551335e-01 5.822964482005288378e-01 6.448231826611786621e-01 4.386044002818524912e-01 2.740032685259783385e-01 1.828627880284234286e-01 3.443388834369661700e-01 6.686149986879151852e-01 4.819077604023686567e-01 4.409558297721370423e-01 3.867323618960828990e-01 3.715824951160309753e-01 3.708721656899235386e-01
8.043000000000000000e+03 3.852290892304398029e-01 3.751419412393670050e-01 3.449959835673613862e-01 3.558715945696676597e-01 3.590789012749375786e-01 4.069942873461013244e-01 5.630070515733879288e-01 7.132286823471867265e-01 5.774163225655790654e-01 6.851550502251139152e-01 4.734101655131588982e-01 3.133981483697774184e-01 3.400571351171932655e-01 2.883329424624588300e-01 4.448767820655047944e-01 4.419761443378242283e-01 3.974782451009690742e-01 5.170038317207267253e-01 4.133357080062787792e-01 2.819123095052751271e-01
8.532000000000000000e+03 5.455357918585936883e-01 5.514129136401090259e-01 2.785886512495763800e-01 2.183551915184225589e-01 3.084349348838494875e-01 3.622329049488137165e-01 4.593628156059093026e-01 5.978533541070545354e-01 6.687832856679395421e-01 7.417047963961322932e-01 3.618686901997794636e-01 2.514240064386257800e-01 3.536920541492726833e-01 4.305093566666414739e-01 4.408659864021498564e-01 5.257757892729977289e-01 5.608944181155471886e-01 4.834707207387681782e-01 2.705242247667180577e-01 2.624854704648934001e-01
8.922000000000000000e+03 4.435565743451502230e-01 4.824560448709317995e-01 2.716859577860326613e-01 2.834957639210463620e-01 3.397753333689769728e-01 4.330048350906702814e-01 4.236232440155281997e-01 6.425898230993249971e-01 6.823892916541620668e-01 7.446610478428138391e-01 2.425687199715897968e-01 2.357044313451327755e-01 6.567423388019471009e-01 3.642755870945245111e-01 5.080474399682403108e-01 3.392998169426496569e-01 3.579882752734577234e-01 6.184964323553945320e-01 3.223060008985075831e-01 2.589259661642820953e-01
