7.330000000000000000e+02 3.217786550010326985e-01 2.464152443320661856e-01 3.515898290520053648e-01 4.182131419530548122e-01 5.207799281470425479e-01 5.213888134478477099e-01 5.708690092269800287e-01 7.487583125613733737e-01 5.610501696517300463e-01 5.556034992147069751e-01 8.093256570789097992e-02 1.519197337669914716e-01 4.023290860081157327e-01 3.254198053459184670e-01 6.064435700829902132e-01 4.282157239830404194e-01 2.291665139376807547e-01 4.009691108052595987e-01 6.832438516214074387e-01 5.729040110415173359e-01
1.179000000000000000e+03 3.767959896049508095e-01 3.524503246282439384e-01 4.115800427514413884e-01 4.012894270087785098e-01 4.439181010328538401e-01 4.728919720145967620e-01 5.525451911395987681e-01 7.748480119330304339e-01 6.167164824589042027e-01 4.344375576021726748e-01 3.193860437245593653e-01 2.500524895084738630e-01 3.357886083318128989e-01 3.676508401436076046e-01 4.738773703048673736e-01 4.349675587118695397e-01 4.242105252930625792e-01 4.662632407163458947e-01 4.103281489473039056e-01 4.269040180918631799e-01
2.162000000000000000e+03 3.066462494569553443e-01 3.891282682852711949e-01 3.950211283132335494e-01 3.768779105480606351e-01 4.108402944720949690e-01 4.761551240350167524e-01 5.298332443978681638e-01 7.425002873735715436e-01 7.027947359502847435e-01 4.877794613034458493e-01 3.256029642003701596e-01 3.626705737029689569e-01 3.847656183528258556e-01 3.134781268295518952e-01 4.440230556767943981e-01 4.839756261904196166e-01 3.706768900011059853e-01 4.429202818112507045e-01 3.952125555685763181e-01 3.627281129798349268e-01
2.221000000000000000e+03 4.383172897478592733e-01 4.273573939642066333e-01 3.418773230316010103e-01 2.098865776627231727e-01 5.355948527714519125e-01 4.678621888446418686e-01 4.570053663886880502e-01 7.196642926015197617e-01 6.696302785446962558e-01 5.456321187593341504e-01 3.258782405137100602e-01 2.094282479806330033e-01 3.714352613040944329e-01 4.097675357371571292e-01 4.892950076698499573e-01 4.852717582448388134e-01 4.326551449013696371e-01 4.201302876964640443e-01 3.777925705352221941e-01 3.968052529695599295e-01
4.459000000000000000e+03 3.537842248501458231e-01 3.392169926664375668e-01 2.485914919475525064e-01 3.982355288195191245e-01 5.242167834920780090e-01 4.729690301452897372e-01 5.442710767572941366e-01 8.049901953625157036e-01 6.408604997767148870e-01 5.035570758007590353e-01 4.604317619384640237e-01 3.958850337686936061e-01 2.651280010203068693e-01 3.482789413337298301e-01 3.789678950321087036e-01 4.197198906057529877e-01 4.972609393505262876e-01 3.912108285152502418e-01 3.121047892312688310e-01 4.143256416682908894e-01
4.857000000000000000e+03 4.405153938702074945e-01 2.678729395158812032e-01 3.477489835467255652e-01 3.451710606880378784e-01 5.493797775280396811e-01 5.379565556516074931e-01 4.748826620984583635e-01 6.626189568984646172e-01 6.131811759478282831e-01 5.648242408338400855e-01 3.160441964376325963e-01 3.945356353566639163e-01 2.916470373099953051e-01 2.342846278915575731e-01 5.172113078780511408e-01 4.678497013055819553e-01 3.809715192961927177e-01 4.421768285732173842e-01 3.116534608484464730e-01 5.500102041155922050e-01
4.969000000000000000e+03 3.450870850753637864e-01 3.115943067078889017e-01 2.644257228783188918e-01 3.210733477833196958e-01 5.295052235330639512e-01 5.745633914359389305e-01 5.795594632206405583e-01 7.570577144167885963e-01 6.301856890355838070e-01 4.940248635356067064e-01 5.300125487398165136e-01 3.274431284037831458e-01 3.103189521968807707e-01 3.375194213647333408e-01 3.766761900691091847e-01 4.218866685598146593e-01 2.319402438286901902e-01 5.207085386273432315e-01 4.189899371949537543e-01 4.112137542862462913e-01
5.345000000000000000e+03 3.426632473992077266e-01 2.982863420638281471e-01 2.680906526134963497e-01 3.330569811038437411e-01 4.864212372473427082e-01 5.504253630086701765e-01 5.856929021605989938e-01 7.489459071956195979e-01 6.055192033380931704e-01 5.679069229045128342e-01 1.273947412193097983e-01 3.496650682090862716e-01 3.807692682815086438e-01 3.194656261929227914e-01 3.903507076132873843e-01 2.917197583215277445e-01 3.153874723603598551e-01 6.619801445936274176e-01 6.163572884562666943e-01 4.003646528634209334e-01
6.005000000000000000e+03 4.295362710031322417e-01 3.514055372655098819e-01 3.442498635747793800e-01 4.013769172377419370e-01 4.569410488478614640e-01 5.096464627207616394e-01 4.647996384380887469e-01 6.862213451217912263e-01 6.463024133650999703e-01 5.239828098373279230e-01 3.738583305477167773e-01 3.401753543726603324e-01 3.846933946881861410e-01 3.659056743414792479e-01 6.172365316774640620e-01 4.147370150421574309e-01 3.848947289573118602e-01 3.445111882829593464e-01 3.377097096728356451e-01 3.414205751553562873e-01
6.566000000000000000e+03 3.875545640417245030e-01 3.073303167115187251e-01 2.745420299369717987e-01 3.975384138607174767e-01 4.712651805039734798e-01 5.043264667012021807e-01 5.244870645466360726e-01 8.078553987214396326e-01 6.075339727940139989e-01 5.312433112723027318e-01 2.800496644376206379e-01 2.702082939898360348e-01 3.390027883749257009e-01 3.923810781699879069e-01 7.023594517205428156e-01 2.640918751540569098e-01 4.373000929868410824e-01 5.281443531303031680e-01 3.869568972993855382e-01 3.374595259608926257e-01
7.068000000000000000e+03 4.954192579738865843e-01 3.898633093735103250e-01 4.054453553211787575e-01 2.127378980308608780e-01 4.222015363754517692e-01 5.283803240596147699e-01 4.279345716445895897e-01 7.304303451807702130e-01 5.603499149555525305e-01 6.117312385575863765e-01 4.180710407172605336e-01 3.572720202790918287e-01 3.219921557793931077e-01 4.668029921555059691e-01 5.539995026392611210e-01 3.569201721804747263e-01 3.576844353326741333e-01 3.545048929230669166e-01 2.885605966725955929e-01 4.168698210813220340e-01
8.418000000000000000e+03 4.357082407419344827e-01 2.865413663205563788e-01 1.986579170552934814e-01 3.608705027603181237e-01 4.585764927612887565e-01 4.725018795887202527e-01 5.252012988937599935e-01 7.991827982016276311e-01 6.755168787536589559e-01 5.688734902130372362e-01 3.477229278353124453e-01 4.570427671788092616e-01 3.689478320683108326e-01 4.042259684988858681e-01 4.011697574932840960e-01 2.994626051081846208e-01 4.889630514363876856e-01 4.444241511334636185e-01 3.233860979081652487e-01 3.206448331996934464e-01
