5.220000000000000000e+02 4.245392669707401256e-01 3.271338678891220209e-01 3.088237335504439574e-01 4.184797543579756862e-01 6.259021213363926694e-01 3.461764008235189150e-01 4.115492465318474347e-01 6.618859692719151200e-01 6.867029690316260870e-01 6.265175307067577526e-01 6.396696469959135545e-01 3.267992082106620511e-01 1.901659579785298093e-01 2.263170454807099108e-01 6.221231089998444652e-01 8.166270200947739477e-01 5.213655642217476238e-01 3.927367645182133216e-01 1.295655690329076126e-01 1.646425380797187366e-01
8.960000000000000000e+02 3.019256140225075602e-01 4.871577995483870605e-01 4.770329733810801942e-01 4.536340331310627638e-01 5.787038747490297341e-01 3.394040613829609199e-01 1.895886801966705781e-01 6.903656349665260317e-01 6.218044981656766224e-01 7.504361443977047852e-01 3.079218960502125846e-01 3.233747722819102499e-01 5.454120011168877014e-01 3.843977351426092759e-01 4.268963136579786988e-01 4.859232187183297746e-01 3.404872486872021486e-01 4.728576504445378692e-01 3.784106642548676902e-01 2.144841835010659892e-01
1.182000000000000000e+03 4.678754707039290972e-01 3.375995125164866772e-01 2.940917510117371236e-01 4.158232719620292839e-01 5.433273984340182272e-01 4.126512941798200496e-01 1.857203579388274906e-01 6.420384647745207563e-01 6.806678263112326821e-01 8.253022558801992314e-01 3.328581522308698415e-01 3.066259227647794017e-01 3.289645033382004868e-01 3.728699512452555709e-01 4.579746593951800060e-01 4.892014312624272665e-01 4.909794968899791057e-01 4.346085903906103387e-01 3.623939741300377104e-01 3.351698456370885704e-01
1.235000000000000000e+03 3.881609155436095415e-01 3.892992417720585463e-01 3.900927014956229177e-01 4.362729610649243583e-01 4.134063416180012163e-01 2.889454867068366184e-01 4.175979866260259854e-01 6.607471836886105176e-01 7.233441011253776143e-01 6.915457805943523439e-01 3.370914423116508907e-01 3.207857493249438030e-01 2.648063232603760087e-01 2.110189114944734379e-01 6.591854426997912908e-01 8.493349014038218403e-01 5.036326682702457758e-01 4.326196862705860013e-01 2.776983531841476505e-01 1.572980701382171165e-01
1.281000000000000000e+03 4.144061098761132045e-01 3.483995995658531464e-01 2.359976158161132542e-01 4.982572647201222171e-01 5.800957088230661585e-01 3.651440346950042826e-01 4.033740878344266312e-01 5.406228751059901638e-01 6.460553710978135245e-01 7.731990070391653314e-01 3.114618318285819476e-01 2.910587297834976717e-01 3.196160138179087173e-01 3.915371336869488683e-01 4.327673631574434632e-01 5.924104377707817282e-01 4.530323380781677289e-01 5.612718533546784405e-01 3.220262845856327605e-01 2.695422013017953478e-01
1.403000000000000000e+03 4.416283214951254865e-01 4.335301366322902306e-01 3.467244416458155065e-01 4.489827277362339886e-01 5.857841087745989661e-01 3.895007278450819399e-01 3.528324321511615569e-01 5.462945495424009756e-01 6.466964258279976896e-01 6.531463091273507215e-01 4.066606446873550218e-01 2.314199310339681293e-01 3.820497354866506101e-01 3.538062003264954569e-01 4.321226705939998358e-01 5.270294852263947005e-01 4.243255590015473366e-01 3.644164015929548528e-01 3.991156299102128768e-01 3.817783125153002000e-01
1.637000000000000000e+03 3.823537674183846158e-01 3.896777109068855771e-01 3.267462379905099468e-01 4.148897646011306395e-01 6.198625167791812496e-01 3.856482399257663563e-01 4.287773397824757859e-01 5.272663386148498388e-01 6.565222886448297546e-01 6.926052072305919349e-01 3.075105667844867940e-01 1.723842345075922156e-01 4.369622700369985013e-01 3.171692511777621237e-01 4.957103929737968206e-01 5.171691844275237981e-01 3.877500817582126835e-01 3.559249540188402228e-01 5.469631939774677321e-01 3.586695660269719199e-01
2.905000000000000000e+03 4.224305291155628361e-01 3.839062703195727511e-01 3.441723958028958807e-01 3.928120199083350861e-01 5.799626135046587194e-01 2.704466073226773348e-01 3.808759456328555393e-01 6.521449303862765223e-01 6.748297772900513358e-01 7.239381724040782062e-01 2.952981771336531391e-01 2.485634300436784516e-01 4.446746054604854281e-01 3.672882749053249518e-01 5.423673025772945966e-01 6.021043233638525560e-01 4.417197381129783773e-01 3.096497270357757015e-01 3.844983592076298695e-01 2.793186372718868826e-01
4.285000000000000000e+03 4.274209217915129200e-01 3.715317255722187517e-01 3.066868382203238874e-01 3.409507568653483700e-01 4.979518517114722154e-01 3.709225972359344592e-01 4.248820651103661916e-01 6.310491949986435367e-01 6.574797551505329185e-01 7.510776044072318136e-01 2.856415073020563411e-01 1.899833175264730445e-01 5.849252242652959177e-01 4.342969389132562696e-01 4.010194043723324109e-01 5.177489575135681976e-01 2.991992327253129580e-01 2.069951233740175145e-01 5.312141485375911909e-01 3.823020988893723326e-01
8.422000000000000000e+03 4.242731229280012339e-01 3.694623915174269912e-01 3.546721061607573944e-01 4.520654898853750936e-01 4.804846689943316207e-01 3.144516199252065380e-01 3.713472257360642681e-01 5.797564918710275128e-01 6.679057091868534357e-01 7.805912021539808121e-01 3.449314879179303794e-01 2.400547250043370551e-01 4.701395608290878103e-01 4.131223747625635268e-01 4.827300561022131453e-01 4.854865515576120560e-01 2.673470116521670104e-01 2.358776611488826724e-01 5.693111748086738810e-01 3.405726314686071676e-01
