3.400000000000000000e+02 6.221991309360109801e-01 5.280435979958880699e-01 4.707288145558625736e-01 5.992282405104466525e-01 5.160995566719077665e-01 3.232561833771087634e-01 6.172951463498272950e-01 4.814750061970902162e-01 5.214350472532559566e-01 5.084250959757632415e-01 7.337939348770331494e-01 4.333083219988936863e-01 1.796344334759629180e-01 3.141881698842159398e-01 2.887533069529937824e-01 4.530855208634015363e-01 9.416724126554298913e-01 3.534162958804808463e-01 2.294113589763570882e-01 4.568501068671306786e-01
3.410000000000000000e+02 5.564097283176425712e-01 5.103868872031660509e-01 6.264915355790733331e-01 5.058700743805932820e-01 3.536745420518335181e-01 4.028190719747750115e-01 6.274193307733180180e-01 5.240207412232229522e-01 5.284766837099459380e-01 5.232434619996344516e-01 3.749313527791907630e-01 1.925246481788431274e-01 5.227164669111218354e-01 3.275082207163998449e-01 4.263982840499383475e-01 1.000000000000000000e+00 5.325175413419840353e-01 1.850545117055206468e-01 5.634311426731830608e-01 4.434213511423094611e-01
1.378000000000000000e+03 5.316137569193777335e-01 5.034643506256569756e-01 4.812824274700996940e-01 3.779686216709894353e-01 4.142158670014943200e-01 6.244337584576807876e-01 7.515533067246108478e-01 5.506540834890208957e-01 4.532893631611767948e-01 4.971429550739502878e-01 3.651928355395184789e-01 4.807148991974982688e-01 2.990569783297410966e-01 5.552953618912727096e-01 3.190061095859452744e-01 4.474806224125127407e-01 5.835363189715322418e-01 3.748867733158864901e-01 2.948061568323065429e-01 7.947671157368919603e-01
1.390000000000000000e+03 1.000000000000000000e+00 5.149302890148280687e-01 4.202608689632611472e-01 3.676207478567285469e-01 2.023851787682687253e-01 3.578632882371376445e-01 3.153647936927577722e-01 5.473438307917883883e-01 6.021513378294559571e-01 6.036932678063291480e-01 2.716714497861758004e-01 3.959973993646330737e-01 5.171248007680927516e-01 5.566682270683401823e-01 6.060541089428743700e-01 4.071818157736499244e-01 5.390098803407216144e-01 4.032550102805977366e-01 3.819710847429729772e-01 5.334429590486901018e-01
1.392000000000000000e+03 5.216371202834353404e-01 4.803357139819478538e-01 3.032303056780937811e-01 4.187898240218728696e-01 0.000000000000000000e+00 5.867209060509036567e-01 7.920701828064474759e-01 6.048025675913559773e-01 6.691595466134606651e-01 5.968705948705056441e-01 3.716179373724473045e-01 6.466594232936977438e-01 7.214490800833602835e-01 2.834384041861570669e-01 4.336861529693380457e-01 5.166678309894645604e-01 3.717356126774744030e-01 4.249244427454057504e-01 4.047779207682810076e-01 3.665113529301175510e-01
1.397000000000000000e+03 4.169961250330866398e-01 4.210481383205556538e-01 3.713088787135425117e-01 3.797803113350086135e-01 2.751385723449386034e-01 5.670090930734377199e-01 8.263602527118532048e-01 6.315823144772478859e-01 5.780584913335612418e-01 6.119301144671064341e-01 4.561113562129291976e-01 3.936346124847837080e-01 6.717280137565309062e-01 2.978072000457964164e-01 3.169354720725150454e-01 6.295065550800517107e-01 5.368586197226348222e-01 2.641547112954617527e-01 5.456778906267567564e-01 4.276765040026478948e-01
1.942000000000000000e+03 6.292126688417053471e-01 5.752891477706773005e-01 5.918598165136885747e-01 4.793767117236996111e-01 4.430683817000187208e-01 5.624001045496549445e-01 4.155029759822858604e-01 5.202051714478868050e-01 5.005907130646556347e-01 4.995230239965016139e-01 4.871252235220304150e-01 5.300013092537717574e-01 3.831486917693012750e-01 4.391328102751539952e-01 2.819579445109406390e-01 5.750117918070785095e-01 6.300487319928407270e-01 4.073308290136161136e-01 3.152411816854686077e-01 4.236220002794265915e-01
1.944000000000000000e+03 6.257424382531537876e-01 5.460344144396668264e-01 4.819061882743402303e-01 5.821888380072223201e-01 1.299980764238184427e-01 5.051450299331023963e-01 6.693950552331098258e-01 5.250144425922299574e-01 6.024157123536114655e-01 4.152096578081255207e-01 2.837127141548296261e-01 5.589568448671566880e-01 4.261579772656836074e-01 5.145133429634826117e-01 5.605711846063379244e-01 5.354977926452970660e-01 3.147945370936844345e-01 3.462431036622330982e-01 4.270474388286612522e-01 6.327502545397920564e-01
2.119000000000000000e+03 5.563509707991202147e-01 6.143577184174084937e-01 6.624040302825872084e-01 4.634541765678526493e-01 3.900752409843251667e-01 3.841461954174515414e-01 6.115733198411379412e-01 4.978945712249239763e-01 4.714948155075053826e-01 5.214367956352490285e-01 5.523851547830320730e-01 5.173864801267542557e-01 6.034126598683023923e-01 2.256789221264017820e-01 0.000000000000000000e+00 0.000000000000000000e+00 7.391561069322506450e-01 4.027893094000443708e-01 7.390189551996443340e-01 6.534670312504359257e-01
2.277000000000000000e+03 4.045226643128339572e-01 6.006739159228385860e-01 5.958109259283407289e-01 4.955451082308296451e-01 5.515077480395041976e-01 4.977732848007254685e-01 6.611872852816871315e-01 4.959656038706828918e-01 4.620510916735827145e-01 5.221970405145412997e-01 6.238399118870693316e-01 7.096842633972312298e-01 5.133837754379610985e-01 0.000000000000000000e+00 4.492482163867898559e-01 4.899514028020409695e-01 7.313937944289802262e-01 2.933727393326665545e-01 1.328727819651451814e-01 4.976689589797392288e-01
2.295000000000000000e+03 6.137197740588544725e-01 3.891175492214512532e-01 4.535571292707595847e-01 4.114370603163203799e-01 4.116359798659566804e-01 3.687497004355254626e-01 6.997284513317016952e-01 6.211169833476126723e-01 5.492002860588259816e-01 5.408995403777243638e-01 5.409890635726217756e-01 5.283764920211790894e-01 2.606969384272226908e-01 5.704499832843662466e-01 4.844694918622798885e-01 5.400052128815853170e-01 5.642349378015047989e-01 3.263202047183061949e-01 2.678512320442627548e-01 4.406105710929761887e-01
2.297000000000000000e+03 4.945546661898654328e-01 4.559607180232424506e-01 4.026051857191730310e-01 3.509831761855862764e-01 5.005016607749354085e-01 6.590048684466216500e-01 6.781912904173464929e-01 5.230070414138282553e-01 4.930780047926633380e-01 6.709724971903956448e-01 1.928184472430541918e-01 6.739983923020481660e-01 6.203237758263346890e-01 4.661392027584803643e-01 4.779360284718294216e-01 4.271772534283110323e-01 2.663358538076987525e-01 3.585987316186908802e-01 5.296268986258947375e-01 6.205485316029298870e-01
2.298000000000000000e+03 4.657494272763711973e-01 4.283173687885974967e-01 3.546862075350173948e-01 4.508927154560942729e-01 6.512489085474835182e-01 4.477568162787271544e-01 6.566176070918677832e-01 4.820030345128507587e-01 6.466407767482889035e-01 6.579497590630867254e-01 4.775836260205189032e-01 5.387364026040988296e-01 5.595706464914259604e-01 4.132280880762248532e-01 2.912732351120628782e-01 2.355588827680429320e-01 4.500047398097278828e-01 3.558028419257837083e-01 6.373902748336225388e-01 5.686895390515395166e-01
2.471000000000000000e+03 5.318963385749497785e-01 5.488329653128646290e-01 4.970574884358437417e-01 5.178096622612826661e-01 4.179357674831288283e-01 4.691393216131407029e-01 6.534342464542590712e-01 5.234651662497844526e-01 5.539491158649892943e-01 4.647575744661654462e-01 2.048272544713475862e-01 5.014987423024658275e-01 4.709400525501438728e-01 7.003580239014628450e-01 6.748295246440375594e-01 5.006258618817607253e-01 2.642710566798799898e-01 3.844016254371996344e-01 4.507928014713117881e-01 5.149652464429285148e-01
2.472000000000000000e+03 5.710431107326917610e-01 5.262614777784405673e-01 5.443606342445304058e-01 4.138211499218162337e-01 4.966312935567901987e-01 4.500291868907852488e-01 6.835626854045717682e-01 5.446580537116207932e-01 4.846011603534301493e-01 4.561088229199461996e-01 3.499919496075969971e-01 4.016742651956738408e-01 7.514776880046666330e-01 5.880581381168316080e-01 3.681379682568089451e-01 2.304724293729755735e-01 4.756571538722970116e-01 2.986173606499084032e-01 5.215635347034057734e-01 6.412177532873544195e-01
2.473000000000000000e+03 5.418596416687870843e-01 5.523861244561737438e-01 4.334497303484928232e-01 4.686208181308078591e-01 4.608579396810158491e-01 4.792410258637073150e-01 7.036115424585648315e-01 4.867005658190131645e-01 4.667720825502159609e-01 6.026614274093111678e-01 3.053141565207287411e-01 6.991632402569197824e-01 7.118194863086330093e-01 3.446290295755725652e-01 8.123387995138038609e-02 4.482112408798808456e-01 3.992492371046429955e-01 3.733073710496315201e-01 7.017041040861906609e-01 4.782926704553521757e-01
3.295000000000000000e+03 5.053664715615090453e-01 5.284514571949682216e-01 5.817197005346552707e-01 5.419744675744885276e-01 5.216432617614115141e-01 3.973441180799666128e-01 5.776308830205167943e-01 4.564447185031170751e-01 5.046804667239371822e-01 6.441281251892368998e-01 1.000000000000000000e+00 7.245426090337033775e-01 7.406449836458239844e-01 4.378573403752539228e-01 2.286139859914333994e-01 1.921341384861146862e-01 1.853771351096062114e-01 1.701598850541739261e-01 4.241838704513286595e-01 3.702751066543547021e-01
3.296000000000000000e+03 5.371124664222741707e-01 5.735448320719123139e-01 5.439438310981560276e-01 4.800962969792110790e-01 3.948740279365675621e-01 3.096951979237568264e-01 5.685085540800551840e-01 4.959862269840052962e-01 6.298827902363995923e-01 5.961657869878441707e-01 7.079410798884901990e-01 8.899220568039095669e-01 7.424533303802099971e-01 3.231292524656343423e-01 9.888406906358530868e-02 2.225669173970650505e-01 2.898619356546679460e-01 3.868127519143932380e-01 5.162509833681029336e-01 2.773472887472080428e-01
3.297000000000000000e+03 5.793173656294426932e-01 5.468665569335091625e-01 4.888990625007699209e-01 3.722969053026018993e-01 3.085675216113581421e-01 2.996687018684976445e-01 6.279831186935925791e-01 5.890788807116709158e-01 5.886812265800054345e-01 6.120178334778177964e-01 7.856398701554743180e-01 8.073015145357954614e-01 5.482532941817180872e-01 1.213029411798503959e-01 1.150066213222304540e-01 3.164777264857330796e-01 5.992146081786049461e-01 4.281288104073759926e-01 3.516680168302212528e-01 2.847461530444460043e-01
3.530000000000000000e+03 3.798604645510343381e-01 5.271615631689231529e-01 5.001235956298312191e-01 5.480931173916245847e-01 3.708727103407715719e-01 5.450313279236892461e-01 8.259267012903372951e-01 5.611351013650028863e-01 3.737558972862261575e-01 5.867543629410182371e-01 2.682400513369221362e-01 6.311756198367475257e-01 4.164732758704962623e-01 4.264708809291790637e-01 6.590465309024210461e-01 4.500039312931537472e-01 3.588370204753821846e-01 3.622874483195823170e-01 5.537120063293988759e-01 4.925925004594027268e-01
3.534000000000000000e+03 4.449896763240812625e-01 5.358295897284440779e-01 6.464773297503613181e-01 5.086366934920095728e-01 1.988866216249221552e-01 5.273633252036357133e-01 5.459168332837639470e-01 5.431140534191502001e-01 6.272532246922180033e-01 5.778683564867553857e-01 5.615016199340933101e-01 4.611358219670478875e-01 3.616026336802068974e-01 3.631625610643283153e-01 4.418578819332674712e-01 5.093235211800394291e-01 6.229792693064432063e-01 3.756376002100582645e-01 2.888237465452268560e-01 4.832656227483240197e-01
3.535000000000000000e+03 5.410158328796947913e-01 6.202706249015643714e-01 5.087608347472917236e-01 1.933132779484323938e-01 5.236110711044965615e-01 2.578143225411796968e-01 6.905122691705812832e-01 5.833434538457613616e-01 5.668741126567773403e-01 5.520956842967951195e-01 3.951076076387997627e-01 3.802917056197630541e-01 5.686914408012864186e-01 4.955974167579633161e-01 4.987346350657126948e-01 6.561928168535711148e-01 5.613966189828174524e-01 2.310834385249422862e-01 5.911622047831661675e-01 2.491482159421565257e-01
3.536000000000000000e+03 6.394205973925245479e-01 5.405983735660303546e-01 2.465924752526774677e-01 5.138266180565357333e-01 2.880161329972028006e-01 5.135828016644529148e-01 7.755663732289126422e-01 5.579299035673614959e-01 5.690656984519015804e-01 4.152406015332889555e-01 3.009229744427972530e-01 5.497095484970813128e-01 6.510100921056655165e-01 5.023227694292538015e-01 6.354147267432787016e-01 5.484099095521308698e-01 3.202938636207907641e-01 4.386461198319023813e-01 2.826547763044755524e-01 3.748965838956406782e-01
3.657000000000000000e+03 6.650337921346323178e-01 4.331077605448148127e-01 4.610436785149625849e-01 4.257044694252137829e-01 3.146518334533274230e-01 5.028502143762544341e-01 6.103549469591297294e-01 5.155465211595392505e-01 5.222696120841806566e-01 6.685375295149705854e-01 3.901357761902006227e-01 5.241011496078549214e-01 6.036757881976512197e-01 5.001869296672369902e-01 1.256659849829332987e-01 6.451829285558728921e-01 4.806960487504978730e-01 3.059314819728221058e-01 5.696216980737232038e-01 4.020930526878424005e-01
3.658000000000000000e+03 4.611922065977135388e-01 4.909310504074066439e-01 4.479025705653228440e-01 3.127235578569207974e-01 5.191089316798388476e-01 3.739631718780515590e-01 6.642040409059880579e-01 5.160262680642397903e-01 6.619039718415606899e-01 6.918971922768384353e-01 4.226489044428252129e-01 5.965241914529935130e-01 6.699169672099067885e-01 1.193092101599866200e-01 6.384149540420313018e-01 4.793006651103944860e-01 4.328156793578815664e-01 4.314147012387501423e-01 4.656124826220953694e-01 2.766173222237549023e-01
3.797000000000000000e+03 7.288645032246515720e-01 5.164535599984372283e-01 6.751053460981433219e-01 2.258424366891014501e-01 4.877171314173223138e-01 3.356265492730234334e-01 5.075473615627683621e-01 5.601502312178140430e-01 5.773023216745827302e-01 4.579485094675466716e-01 5.477913857488054816e-01 4.967065651836792828e-01 5.569658951489550036e-01 2.953969281764388111e-01 1.214092978639342707e-01 5.898476218266611726e-01 5.818476730128865348e-01 3.414873233093926874e-01 5.123872226764839555e-01 4.102125624647566249e-01
3.814000000000000000e+03 5.775860321119811180e-01 4.704758326375825805e-01 2.863894232898591685e-01 3.830583394910732631e-01 2.187110989775614134e-01 5.274429310263382131e-01 9.017716122773071774e-01 6.247238475802396884e-01 4.834681561852045562e-01 5.338697303277866180e-01 4.633925241563632280e-01 4.671800092378670666e-01 4.945494426361865536e-01 5.435755058548166208e-01 2.862575399618079719e-01 3.047951238231011439e-01 6.506332792574034407e-01 3.075244316241143583e-01 5.106907942291055713e-01 5.257163159529415486e-01
5.225000000000000000e+03 4.876542682304200738e-01 4.443799576768325266e-01 3.915000436937171036e-01 3.865671796103147817e-01 3.586365966053332022e-01 3.976527538331721678e-01 6.840632229863449210e-01 5.714669762031235889e-01 7.124024527916212879e-01 6.320992851980573590e-01 4.561021747182092412e-01 3.192949690815933272e-01 6.059568911014501236e-01 4.238338522451854939e-01 2.881005273251548426e-01 3.367657044032354441e-01 5.678777360962230514e-01 3.612827022929731569e-01 7.000991498987110262e-01 4.732389974695404566e-01
5.226000000000000000e+03 4.598006908357187283e-01 4.246837612778162629e-01 3.944469386676060507e-01 3.334610650993331538e-01 3.907572895302817151e-01 4.640687401569536519e-01 7.316244907396393105e-01 6.456479142450687325e-01 6.162208047263321165e-01 6.019639419598601382e-01 2.556139593910999874e-01 5.910928976435241289e-01 5.875911803013550427e-01 2.864244050913565265e-01 2.310778023098115364e-01 5.594593103531060319e-01 5.050125270523864174e-01 5.238964776984839089e-01 5.414463142539175378e-01 4.132112895555717924e-01
5.896000000000000000e+03 3.038406964901975704e-01 3.368740638513594288e-01 6.680951158862611372e-01 6.327428228721457826e-01 5.152305440569632244e-01 5.617269319864983679e-01 6.317092097400089923e-01 5.076057309167467668e-01 5.956333561399279608e-01 6.080388966158459807e-01 3.923199479190707661e-01 4.125285390589152890e-01 6.296924310834547400e-01 2.905975283064394232e-01 3.122404590104064237e-01 5.185316031272326764e-01 5.239798929958701112e-01 4.107645271472958326e-01 5.025538472914214960e-01 5.085670930817222102e-01
5.897000000000000000e+03 3.555462151295904483e-01 6.273280824671200184e-01 6.128115682927510743e-01 4.571446334842643733e-01 5.438135689464989042e-01 3.710886068121530545e-01 6.294451330510997256e-01 5.534391893531741546e-01 5.848897473580979556e-01 4.735867836083188509e-01 3.102609241023110975e-01 5.796589328789077955e-01 4.323625123316825469e-01 2.833506940205611779e-01 4.301270531143930875e-01 4.890938988202043203e-01 5.440144020932090596e-01 3.563125576037987075e-01 5.512975696600116438e-01 5.692150867711049944e-01
6.772000000000000000e+03 5.530977898577190688e-01 5.460112379606119060e-01 4.694137836971085664e-01 4.229100989415723322e-01 3.826083412708158327e-01 3.613174170257412721e-01 4.858511610347020504e-01 5.933046137678198440e-01 5.861712820587120509e-01 6.727027508677476675e-01 3.529999730314005157e-01 2.660037380376054084e-01 1.675313648391782151e-01 2.191010774081635637e-01 3.958267112938042565e-01 3.788805216195563208e-01 4.769352170435312011e-01 1.000000000000000000e+00 3.931043398678564782e-01 6.101555371471473199e-01
7.591000000000000000e+03 5.720539253484628883e-01 6.789942625526612652e-01 5.395913647372138078e-01 5.319782330881144272e-01 5.108597053445457226e-01 4.040901631776583347e-01 5.675935529240814237e-01 4.274459050084233325e-01 4.919471542859045754e-01 5.145090990078231563e-01 4.704150650029873537e-01 2.443404491000385481e-01 6.106958803060175134e-01 1.728584215528362333e-01 4.065845676568629052e-01 7.115561736079931698e-01 5.406115932001248625e-01 3.759582997336186616e-01 3.292724287819724927e-01 5.957075796257756961e-01
7.592000000000000000e+03 6.920769015675188873e-01 5.646924340122719821e-01 5.651587783399311116e-01 5.032149837710799822e-01 4.389126410283158974e-01 3.308127300420112826e-01 5.508267838217284496e-01 5.034740879519138401e-01 5.353638749461508972e-01 4.489161090963230683e-01 1.810985268974228957e-01 5.525042315009009997e-01 3.187088287806076892e-01 3.679707895970601994e-01 6.519442250347328160e-01 4.966198722397501819e-01 4.900252102945676924e-01 2.297534671557108221e-01 6.355246602041553228e-01 7.274219128935238698e-01
8.655000000000000000e+03 4.653369585082650084e-01 5.200029650657226332e-01 4.295731762101902551e-01 4.467659259110217107e-01 5.211050638365903875e-01 4.843533265773056762e-01 7.012043312536204720e-01 5.248355272807065930e-01 5.260276507760347497e-01 5.855287936676059068e-01 5.561770300006905199e-01 4.118738266697790640e-01 5.966531769937009066e-01 6.133247577515945625e-01 3.580611557227969532e-01 3.802299528626903458e-01 1.672126092736386238e-01 3.550788852995195866e-01 6.762083374108136535e-01 4.341422073605846199e-01
8.684000000000000000e+03 6.716231339491789409e-01 5.417711190820784228e-01 5.249825756736841154e-01 4.999536433404994096e-01 5.536236908604104112e-01 3.280999458977264527e-01 4.846457105279911581e-01 5.013463668774031934e-01 5.252463142795138484e-01 5.414603370298369800e-01 3.203815877234567622e-01 4.021560953551205908e-01 3.682450305755864406e-01 3.347368688024775496e-01 2.991174805135989878e-01 4.678202444506053270e-01 4.230625932104797871e-01 6.665665506898243997e-01 5.802614813975310870e-01 5.540424902383379591e-01
8.685000000000000000e+03 5.716824414758150397e-01 5.554954047021455343e-01 5.377238063552549630e-01 5.435023708841328904e-01 3.640534851876847666e-01 2.101621460964802901e-01 6.596521619428290517e-01 5.292547877414540691e-01 5.618014041813835791e-01 5.499058750643345261e-01 3.017438603414738796e-01 3.372625901251205538e-01 4.715880645814419792e-01 2.690921670241407382e-01 3.669305444100867675e-01 3.939941980165297952e-01 8.807786377178350445e-01 4.104680163108130331e-01 5.992216441610149769e-01 4.940714359071171624e-01
8.754000000000000000e+03 6.222630843306572457e-01 6.024529603470308858e-01 5.695083157143889796e-01 5.133939884208479354e-01 4.701147493196963234e-01 4.620526241888217034e-01 5.736565693092191554e-01 4.445661943586081688e-01 4.892480250874547409e-01 4.839124780642650170e-01 3.863984989372017953e-01 3.857387582404541160e-01 3.855530866277056545e-01 2.113816961094701630e-01 2.406766518665033883e-01 2.405162937443825200e-01 3.272159865623351371e-01 7.505072255701424888e-01 6.764152610066646032e-01 7.421208301166508647e-01
8.755000000000000000e+03 6.334840790511145903e-01 5.984195861785762682e-01 5.616788789104355528e-01 4.823751859352383153e-01 5.154245509046095908e-01 3.563458262351656969e-01 5.866040698221717253e-01 5.091697303805549080e-01 5.181054547386370057e-01 4.056147164064894395e-01 2.921820155316883771e-01 3.565416076412452062e-01 3.623007758388574473e-01 2.145330076683114040e-01 9.259917825001884317e-02 3.072867765209257307e-01 1.000000000000000000e+00 4.824937382573933342e-01 8.093593241205221389e-01 5.363762950019704823e-01
8.761000000000000000e+03 5.377835204491849819e-01 5.854790931283232469e-01 5.910972211864961023e-01 4.439901323590439430e-01 2.849665763894831949e-01 4.322654368902614230e-01 6.033899186467437392e-01 5.240872131170087878e-01 5.335681888010446183e-01 5.879200149215781934e-01 5.006348947252642345e-01 4.104531618614210009e-01 5.396556352380327271e-01 2.278436818645682427e-01 2.006406968374389310e-01 3.433009896123029314e-01 7.504247747456959106e-01 3.428737393025219626e-01 6.668156171318528891e-01 4.940730242738619049e-01
8.762000000000000000e+03 5.902514120037746226e-01 5.834271026418602624e-01 4.554666699704176258e-01 2.765222976029163560e-01 4.349565826444427574e-01 3.522213391006076000e-01 6.689078415606242167e-01 5.189960404148483697e-01 5.815485549796008957e-01 6.094276344887287200e-01 3.330156498836793211e-01 5.351481102255583044e-01 4.049807476264176143e-01 2.006767508504986031e-01 2.462412307298663117e-01 7.505722924337328017e-01 4.865903814060843491e-01 5.066002333859626061e-01 5.739046503353613105e-01 4.024424579428114157e-01
8.854000000000000000e+03 6.380752833116226652e-01 6.513351174073866989e-01 5.114550882117695485e-01 4.268982994967140399e-01 4.381420841299887847e-01 2.906170645131118668e-01 6.118249115744096578e-01 5.229763180769482211e-01 4.955044505167171542e-01 5.042371223244344058e-01 3.983432253230740905e-01 4.902462419609684430e-01 6.284849271698205175e-01 3.826879919642857120e-01 2.145499698987538006e-01 6.497546866528727261e-01 5.176906700405180528e-01 3.513919127083132143e-01 3.792095508804623760e-01 4.999105796556446157e-01
8.855000000000000000e+03 6.696261510384804438e-01 5.455151981436798803e-01 4.696520848307562113e-01 4.428724945206342634e-01 3.262015493385480580e-01 4.005615171991628864e-01 6.913214075600142561e-01 5.078183959119613178e-01 5.284352979718729415e-01 5.052275985695638960e-01 3.898699510707320792e-01 6.120581735111316757e-01 5.469312566563464539e-01 2.081873842929136409e-01 6.329765447276880508e-01 5.092409821615471177e-01 4.904396083192517630e-01 2.833373353658464322e-01 5.710914793985620852e-01 3.479548441105064782e-01
8.856000000000000000e+03 5.836125208175267920e-01 5.226237761660489367e-01 4.966699932397213857e-01 3.575407858191108623e-01 4.537447310947114731e-01 5.334189403735988266e-01 6.789662190822736143e-01 5.384911752720131783e-01 5.383799667483721851e-01 4.537971099732957536e-01 4.510662147646342657e-01 4.938638202148282752e-01 3.500482238310130834e-01 5.895799649905199002e-01 4.081775335952199102e-01 4.499715136082316214e-01 3.688444514615247249e-01 3.979937306630332849e-01 3.707501136048457768e-01 6.389052801192934838e-01
9.135000000000000000e+03 6.456437145014329859e-01 5.677026116105383657e-01 3.740513859465705582e-01 4.057113132103559172e-01 5.550695386904250794e-01 5.747827419143545225e-01 6.727378301065790600e-01 4.716616556502625235e-01 4.334268917142528599e-01 5.191207873878239676e-01 3.273298979007795984e-01 3.805308470425518563e-01 4.832318637621625945e-01 4.005546342307796936e-01 4.458067371503728893e-01 3.506400444450168963e-01 5.801888280231185524e-01 4.038694982213286155e-01 5.109716308273437591e-01 6.612248603650781043e-01
9.136000000000000000e+03 5.786062920271090038e-01 4.214273397342125360e-01 4.256304943683211772e-01 5.195885838386947730e-01 5.887003425668567713e-01 4.628523744401701889e-01 5.980655944206161312e-01 4.492120242493869986e-01 5.237579840519343000e-01 6.945716440039709783e-01 2.575104575776569482e-01 4.000054065358036315e-01 4.804922866430008654e-01 3.579509534187154118e-01 1.863459197324393579e-01 4.923691865044457217e-01 4.862973930999857641e-01 3.293728268001385184e-01 6.516765561867597922e-01 8.852962973835404314e-01
9.137000000000000000e+03 4.400765270850147681e-01 4.516777699945958569e-01 5.203087359869692508e-01 5.360235479360807576e-01 4.589340094162386863e-01 3.370649485026755432e-01 5.559923677078459914e-01 5.084746075235677676e-01 6.736344817763576520e-01 7.044388830130637880e-01 2.752598389970720150e-01 4.043071927688074996e-01 4.523623329684339778e-01 1.275236843964319133e-01 3.517807698075351430e-01 4.188590544553854600e-01 4.025247580145419057e-01 4.263539112888776184e-01 8.855587250448460068e-01 7.503343209047530493e-01
9.733000000000000000e+03 6.931634568101541216e-01 6.866868731534019332e-01 5.907720732017216481e-01 2.438160325946736873e-01 3.485912009785926968e-01 2.764938586735610215e-01 5.876997075409147175e-01 5.215284970963307565e-01 4.902995719902517036e-01 5.801871025050280295e-01 3.341697054062857108e-01 6.502742031438667469e-01 6.744600514704119920e-01 8.846003475323992449e-01 2.079476345456050257e-01 3.765547910242507124e-01 3.767534127076775929e-01 2.530912477801809946e-01 4.307932646149729150e-01 4.814869350886635258e-01
9.734000000000000000e+03 7.000866454520773274e-01 6.053158920784257324e-01 2.962251468828226986e-01 3.628105200290981380e-01 3.098885951903982416e-01 3.628050710731736683e-01 6.880481115805380243e-01 5.031972550278864809e-01 5.962208923314169517e-01 5.830978086908682467e-01 5.001192590946839100e-01 6.365270963378680813e-01 1.000000000000000000e+00 1.887132695561455353e-01 2.675699234933222037e-01 3.598755824901568312e-01 3.430141560522162458e-01 3.125594116284857726e-01 5.341185378739632394e-01 3.997450324326869420e-01
9.735000000000000000e+03 6.354727016261719763e-01 3.877566589683758558e-01 4.194072106254582155e-01 3.410566489279575619e-01 4.124520996944487927e-01 5.260971174453189514e-01 6.706580391031374822e-01 5.869019484471234005e-01 6.074969323638852448e-01 5.060647438339076487e-01 5.189609186937990115e-01 1.000000000000000000e+00 3.702446084662915915e-01 2.767994282592755595e-01 2.720875099293900701e-01 3.461275536703498634e-01 4.475009362912813482e-01 4.093819684000727377e-01 4.684506776348257850e-01 3.626585114259943121e-01
9.736000000000000000e+03 4.270529462429654144e-01 4.659656222350408439e-01 3.775608424788328699e-01 4.081248901739333856e-01 5.541102713801855373e-01 4.747308936972971516e-01 7.745019970240624163e-01 5.833155844771015230e-01 5.214395536862908020e-01 5.878632400141753367e-01 8.203593652495699828e-01 3.748506284809173250e-01 4.619678780328522194e-01 2.863170968263127336e-01 2.580784405616772803e-01 4.556424363364135477e-01 5.914217201824876202e-01 3.622969545793577328e-01 4.288336111521552918e-01 3.466689176061000244e-01
9.968000000000000000e+03 4.908620995075447246e-01 5.921249024871013678e-01 5.469284581542582790e-01 4.765152771398620812e-01 4.501846013589412832e-01 3.411774203951555839e-01 5.563688321322536323e-01 4.991184949619478228e-01 6.444848934293906373e-01 5.645658167248798209e-01 3.887177777318598371e-01 4.640628330362335796e-01 5.022234062495175566e-01 2.193847473030827444e-01 2.511259625362661230e-01 6.244292781520263125e-01 4.524695283307995641e-01 4.655142646000346440e-01 4.523695994252490693e-01 6.185821797276692680e-01
9.969000000000000000e+03 5.967529300233194167e-01 5.501675096771628803e-01 4.868503561822302705e-01 4.221354906629267711e-01 3.424801007911721928e-01 2.831153437737689016e-01 6.335452047571625833e-01 6.004657977432886762e-01 5.610180295773847803e-01 5.462069439498901113e-01 3.633610441140479597e-01 4.813095919304619108e-01 3.829935314815497982e-01 2.396822303147541633e-01 5.886075416237581681e-01 4.385479606652421536e-01 6.401754938886747848e-01 3.330361522753986225e-01 6.962803257762926190e-01 4.017962958275590468e-01
9.970000000000000000e+03 5.676034489203085620e-01 5.132268180008013880e-01 4.477709972779757019e-01 3.405242229316348679e-01 2.973790639524003798e-01 4.123614433670377832e-01 7.893722734165886656e-01 5.461011321365363269e-01 5.533893921628726398e-01 5.851422269204836768e-01 3.568303916680783949e-01 3.468682827150939008e-01 3.804201073715884340e-01 5.497266746334996679e-01 3.258923622078963023e-01 5.901653615605090275e-01 4.356190214052659271e-01 4.875639767260192547e-01 4.301708371691430610e-01 5.879275065895765984e-01
9.971000000000000000e+03 5.280887676469327996e-01 4.757700873447880952e-01 3.614825529951467553e-01 2.907215323964461584e-01 4.183297496528448622e-01 6.332759717265911137e-01 7.031751384454675291e-01 5.351953075738743459e-01 5.813933454219061270e-01 6.221560442060609653e-01 2.643953527994061248e-01 3.537245735909230193e-01 6.774858260756406736e-01 3.028222423373140293e-01 5.255042881137452770e-01 4.111051613391535353e-01 6.528539913462385602e-01 3.083589134769939011e-01 6.443607336873748981e-01 4.798978469401674052e-01
1.035700000000000000e+04 5.788234791973412285e-01 4.761631340349080643e-01 5.022889562365021598e-01 3.467911857838854583e-01 3.591276831933949421e-01 4.033257887186504353e-01 6.520702732118233147e-01 5.280298646917005456e-01 5.678576957175308637e-01 6.804755372035971028e-01 3.416536846882057277e-01 4.809983380683767740e-01 4.840021141798527271e-01 4.420171207521049750e-01 3.804820179520942980e-01 5.732179676404407509e-01 4.547211977270002037e-01 3.881799016564134730e-01 5.170475207538766105e-01 4.827929705323014686e-01
1.035800000000000000e+04 5.010485388349115166e-01 5.243295506404498374e-01 3.760540431560168151e-01 3.540626598705164385e-01 4.196301696085587007e-01 4.388284369823934328e-01 6.840039315398124264e-01 5.505555592862370062e-01 6.744217702587504970e-01 5.707619361101395894e-01 3.619265651294222841e-01 4.456621374076083497e-01 5.717315149450467038e-01 3.522429380815662592e-01 4.977156337087387250e-01 4.249599323400100603e-01 5.147247920701540913e-01 3.670316921147342426e-01 5.239902068253953216e-01 5.041104616475787781e-01
1.035900000000000000e+04 5.364219990635625823e-01 4.189583310508391834e-01 3.719304524866493544e-01 3.953892918074655149e-01 4.427514597863829171e-01 4.734609777433068101e-01 7.078054805943525540e-01 6.223353158200733981e-01 5.666465906950666209e-01 5.584427160287168679e-01 3.385450421014845612e-01 5.315838899048500599e-01 4.939232170581416281e-01 4.753949168877527609e-01 3.209011716496682487e-01 4.850644011726427118e-01 4.907586546564406960e-01 3.750753904942100148e-01 5.517091235773586844e-01 4.921771221036593258e-01
1.054600000000000000e+04 5.365054824308932435e-01 5.776446560921802975e-01 4.942260300369947235e-01 4.363486569890215327e-01 4.503254804409346224e-01 4.914037114214589996e-01 6.663502101507936537e-01 4.964361207245212571e-01 5.171730483876593176e-01 5.239842967860139922e-01 4.639412365050076814e-01 5.066898196227692663e-01 4.643555777530719020e-01 4.155071140010667685e-01 4.109294725495714617e-01 5.726210512020249999e-01 5.609300533756029772e-01 4.029322578102828012e-01 2.998961280471313384e-01 4.055279819395413154e-01
1.054700000000000000e+04 5.888115599237578879e-01 5.152433212537279594e-01 4.563675212129381098e-01 4.299463565888872463e-01 5.054960858456184480e-01 4.556689825696799145e-01 6.354010143767273577e-01 5.114636268868191227e-01 5.296582839102774720e-01 5.475986801761804079e-01 4.060484901886610709e-01 4.559603800753387892e-01 5.832293436400552977e-01 4.197765695100981187e-01 5.392398714824923056e-01 5.558725048189068207e-01 5.665511747137362830e-01 2.257407515471759052e-01 4.667120851567171935e-01 3.970824261079134443e-01
1.054800000000000000e+04 5.222610773888781699e-01 4.738155773007526883e-01 4.342787172763090675e-01 4.611300458111091682e-01 4.492437023028730825e-01 3.904773953042671719e-01 6.443274045647393589e-01 5.117349623835553141e-01 5.389526196058318508e-01 7.310160250737289811e-01 3.424489633910366981e-01 5.362958156065699145e-01 5.501731550139257187e-01 5.096094023534633033e-01 4.751855814251448873e-01 5.284289283615463129e-01 2.987440139585813559e-01 3.306491437949540813e-01 4.301187441119218580e-01 5.886585523367063866e-01
1.054900000000000000e+04 4.807273883807456905e-01 4.516124344729762763e-01 4.567087112619407363e-01 4.045959866670963412e-01 3.740276927098205584e-01 3.956997361094755083e-01 6.392953073070829495e-01 5.147621156356194660e-01 7.000613951586258654e-01 7.014277151626763240e-01 4.101385036841981857e-01 5.155117238966584470e-01 6.443472454166461194e-01 4.576339368754597792e-01 4.531231063738829223e-01 2.835768989681266006e-01 4.453232940086854219e-01 3.101176059544111241e-01 6.489198637054894858e-01 4.373391413610426270e-01
1.055000000000000000e+04 4.527424278648792266e-01 4.595777306232763926e-01 3.916221653062076369e-01 3.259235741776395079e-01 3.647479999294575559e-01 3.739362078737622497e-01 6.340952360122186215e-01 6.257167900085159884e-01 6.641251914353145658e-01 7.411201489552543542e-01 4.298711331976314831e-01 6.581090957620693294e-01 6.495342533893576631e-01 4.908899909494569558e-01 1.786364932402122185e-01 4.580264437269174760e-01 4.525664776197750871e-01 5.069625464967210116e-01 5.223878374224903975e-01 1.595388314066073787e-01
1.079400000000000000e+04 5.708823361486787817e-01 6.150890802510684541e-01 6.237193067671191749e-01 5.848281945924103109e-01 3.808181066687227334e-01 3.729097688923330156e-01 5.634341113433103398e-01 4.260244085680443549e-01 5.047717243133216236e-01 5.768875072607793086e-01 3.898390458832391992e-01 3.714891823075652244e-01 2.987449503866063116e-01 2.715114471411871899e-01 1.000000000000000000e+00 6.729775811925720053e-01 4.361905462443672055e-01 3.081022976921199419e-01 4.278107015637721000e-01 4.210208856267693145e-01
1.079500000000000000e+04 6.193864713362661201e-01 6.116028929027250705e-01 5.917205167701984347e-01 3.647847912698899409e-01 3.789438068549081939e-01 2.974302266654610949e-01 5.305658720836387010e-01 5.001964980305455555e-01 5.746034314113581676e-01 6.192457063112241089e-01 2.871844433977859823e-01 2.817172188319068682e-01 4.261605833454691350e-01 1.000000000000000000e+00 6.387377651409532620e-01 4.171214440175957661e-01 4.180431093475147075e-01 3.107474313244319997e-01 4.675726645381785840e-01 4.621590926803677557e-01
1.086900000000000000e+04 6.005992749938107167e-01 5.925236162045329769e-01 5.829985571891482810e-01 5.272971557779435603e-01 3.097381311873446119e-01 2.859378552470635548e-01 6.344964662072377637e-01 5.329481298250634547e-01 5.697586264427937364e-01 4.459069000357804291e-01 5.317251253357896390e-01 6.964110577597535379e-01 5.276252747154988043e-01 3.213135104011629606e-01 2.915804396290754275e-01 4.132956156200465747e-01 3.986276257614635998e-01 2.814300186332808762e-01 5.886753699996836176e-01 4.701358127432126999e-01
1.087100000000000000e+04 6.172103110916506985e-01 5.778399497871787860e-01 3.685904084192962449e-01 3.295034729967519782e-01 4.612497057897006481e-01 5.283349726016371983e-01 7.395216122089806055e-01 4.874959902696315295e-01 4.292902433001284934e-01 6.138743947695283198e-01 4.036252687970119934e-01 4.692833251310844500e-01 4.512834027595130637e-01 3.223586742620978551e-01 2.960436589627321591e-01 3.821157504528295279e-01 6.071092087489891043e-01 3.968580314102211348e-01 5.151009651153385382e-01 6.468332380655724689e-01
1.087200000000000000e+04 5.895542470746222286e-01 4.193858548752466553e-01 3.568963780720607049e-01 4.403998450071825443e-01 5.444284944320423314e-01 5.657834017427733064e-01 6.231524791829666787e-01 4.477314437371295308e-01 6.118035011557316771e-01 6.391686326717817002e-01 3.502070096337560057e-01 4.118727624818307453e-01 4.581555212784412245e-01 2.639368088816572144e-01 2.606127945882792396e-01 5.630154713774295772e-01 5.221907061756915214e-01 3.628418422882500605e-01 6.966375414479111239e-01 6.100278599835916582e-01
1.087300000000000000e+04 4.475007094182279488e-01 4.092807202580906467e-01 4.595347108677205195e-01 5.116994905953563544e-01 5.810955718667585312e-01 3.904907157532804263e-01 5.645817473770085027e-01 5.802289587431815887e-01 6.336351640592811085e-01 6.166082415531790595e-01 3.178730583967525058e-01 4.322531321540302729e-01 4.187324056326636179e-01 2.427711996974965536e-01 5.007549700268556503e-01 4.990123351491120296e-01 4.919713888855543615e-01 5.056626354933949630e-01 6.770051491853580350e-01 4.172289631631355133e-01
1.087400000000000000e+04 4.243389759223565316e-01 4.721620885727434991e-01 5.056714921363206772e-01 5.216533491257908661e-01 3.758779178870096382e-01 2.786073921881808690e-01 7.393378188646682059e-01 5.847174937026439201e-01 5.974987736647792147e-01 5.996151115965248080e-01 3.161701873319044953e-01 3.741331136538632030e-01 3.778056759498441552e-01 4.542689589996048993e-01 3.911862940493440188e-01 4.478175010774923526e-01 6.530728235210808696e-01 4.680853993691543868e-01 4.410572765120118199e-01 5.888571330874680099e-01
1.087700000000000000e+04 5.478337816357807810e-01 4.185210745761679951e-01 2.952342939721457893e-01 5.217595465858653192e-01 5.911364116244446354e-01 5.434150401737755098e-01 7.259711803289184973e-01 5.943766603157484285e-01 4.984599720998668659e-01 4.584897024617032302e-01 3.891410640540242105e-01 4.425801986357087436e-01 4.393048491486913898e-01 4.894241675777709077e-01 4.818748136108187974e-01 3.747395437300917176e-01 5.810384296835056084e-01 3.577170982422933077e-01 5.038103609780656411e-01 5.088995872500052808e-01
1.101700000000000000e+04 5.595000498004973899e-01 5.478257892530974393e-01 6.078779420646289733e-01 4.943150992622694639e-01 6.270674734459456001e-01 4.414307510135255241e-01 5.786400028929156170e-01 3.801882371426695273e-01 5.444935386719955694e-01 5.403906730914299628e-01 4.115196811794188392e-01 4.787220257224433784e-01 5.989105680791173558e-01 3.344220788128274835e-01 1.532689024090445606e-01 4.560736470430584166e-01 5.818717169933321776e-01 3.300077743646387951e-01 6.209067782718109552e-01 5.465226732115195940e-01
1.121800000000000000e+04 6.693434441806793700e-01 6.322088152335975098e-01 6.586859381259008162e-01 3.627962503851476783e-01 5.002436270453037848e-01 3.715436789319085387e-01 5.913705711655239394e-01 4.281443293482267709e-01 4.537621893538210105e-01 5.262921304760992403e-01 2.560867688963074373e-01 3.551666530261846644e-01 3.837720319104458433e-01 4.947258229686798403e-01 6.075344870428422972e-01 5.195803288110030227e-01 6.323036845947688223e-01 4.068947021788362761e-01 4.970781944055044366e-01 4.420644598568010397e-01
1.146100000000000000e+04 6.536756874557787533e-01 5.425403144090964469e-01 5.096802831391064048e-01 3.875228599248421446e-01 4.548003440421790056e-01 4.850582715230123410e-01 6.855673166968083709e-01 4.771393360661995153e-01 4.933364961921091196e-01 4.817814438365727869e-01 4.457880602992423946e-01 5.373020121995675247e-01 4.509727754595242444e-01 4.103533676154262899e-01 5.416752438868763786e-01 3.632011161090316631e-01 4.407948176167028609e-01 2.924204723620041912e-01 3.363463167514135765e-01 7.377199391358714164e-01
1.158200000000000000e+04 4.945465819765742510e-01 4.964365258158749405e-01 4.355091020427132031e-01 3.053025969161533015e-01 3.681301339932820382e-01 5.360416154301994585e-01 7.482493739940306865e-01 5.570998991080107210e-01 5.375622127192901667e-01 6.383019491584854821e-01 4.529690084325679322e-01 4.467244425176754574e-01 5.921685403824891170e-01 1.573095230998167726e-01 4.287318707836463294e-01 5.182971397062287044e-01 5.198821655955768728e-01 2.700191701310628023e-01 4.789584469815171830e-01 6.522285767562231440e-01
1.158300000000000000e+04 5.102227626450746012e-01 4.630738917818651434e-01 3.241612102215151170e-01 3.481473948616261027e-01 5.401105209714267552e-01 5.668797708892979736e-01 7.156547980985545898e-01 5.212858670912150494e-01 6.263703209682743855e-01 5.655655458506489985e-01 3.274891159475859514e-01 5.316085490176492012e-01 3.022522803069164765e-01 3.854093672404916293e-01 4.154629822374061865e-01 4.742390364736400743e-01 3.494837644890853579e-01 3.318642476717962309e-01 6.909598951277585721e-01 7.358604579810282820e-01
1.160000000000000000e+04 6.507488559523902927e-01 6.316789277512444567e-01 5.254471590742730847e-01 4.501449356955745662e-01 5.857794636414627165e-01 2.651505001438277387e-01 5.421590446315829315e-01 4.163409166863620836e-01 5.421135892796603573e-01 5.798734624122411363e-01 2.761173268444098161e-01 2.898073753236605765e-01 4.327713419523256388e-01 5.727993636004152789e-01 4.028425178529720374e-01 6.464558391866325193e-01 5.158352427795409589e-01 2.701673803259407314e-01 4.520825789683084461e-01 7.354773140194436065e-01
1.196400000000000000e+04 6.202427502886156407e-01 6.231180955228874385e-01 6.161648166909022839e-01 3.777167113174579316e-01 3.909272061732423920e-01 3.988228736024892473e-01 5.884060986254263659e-01 4.770620503383183331e-01 5.235987291789496734e-01 5.269657038190680431e-01 3.174287802760680233e-01 3.363464182662473934e-01 3.640002056883205883e-01 6.218413783677286810e-01 5.832885065022070936e-01 7.889543931385560871e-01 4.650563699848783705e-02 4.031853698573958367e-01 5.302090551772706828e-01 5.793831697482135779e-01
1.196500000000000000e+04 6.435133677912547867e-01 6.248693336067172588e-01 4.220309775078728287e-01 3.999698782537212671e-01 4.356182946864234906e-01 3.639240527974866302e-01 6.238675284640440299e-01 5.275588028660681550e-01 5.479768970195623146e-01 4.943136394435447833e-01 2.538415097882655846e-01 3.349300319319925556e-01 7.370933906318208884e-01 5.556726853779629938e-01 7.619930949523593400e-01 4.349633581191008486e-02 5.349872112742718455e-01 3.766318339897114509e-01 6.292524691132346248e-01 4.724693366545371087e-01
1.242400000000000000e+04 6.997875143446847801e-01 4.802680916113258869e-01 3.430144112813069412e-01 3.452936475901587365e-01 3.543770335254727288e-01 2.665523716951394562e-01 6.586901808220442245e-01 5.745006236448586545e-01 6.550428693067876784e-01 5.885443574131852262e-01 3.460561055482147541e-01 4.986469421497619625e-01 7.569942759614006755e-01 3.104577896393631020e-01 1.351373188114616541e-01 3.737201056520561560e-01 5.809524529265529535e-01 3.940081721151097449e-01 6.077030879541159836e-01 5.194657837788059229e-01
1.242600000000000000e+04 4.481428104044144489e-01 4.410419781690008145e-01 3.981833724267785923e-01 3.044597454408386472e-01 4.896288528663968465e-01 6.093778911810289189e-01 8.238124443485318471e-01 5.780976017431449510e-01 5.812196386195610520e-01 4.928984020307332070e-01 5.510850087223272409e-01 4.372662009910263659e-01 2.793059134890915618e-01 2.475298447304831173e-01 4.924782157512820335e-01 5.116437325631350008e-01 5.994117033782928594e-01 4.193834285448222454e-01 3.880361097912058965e-01 5.129031719056239558e-01
1.243100000000000000e+04 5.552694489981143677e-01 5.925048672630042201e-01 5.061473970610059769e-01 4.509768938652797821e-01 3.457314836487900278e-01 2.821421841718969592e-01 7.430592693038534646e-01 5.608145699043166621e-01 5.163813772749612507e-01 5.054233356944806133e-01 4.436864316178064649e-01 6.503786009745506913e-01 6.510982076414127961e-01 2.678446688968862399e-01 5.128995693583527915e-01 3.099113423330764894e-01 4.746630611655832666e-01 4.532077986922231627e-01 5.558459215504446549e-01 2.209167640283189460e-01
1.243200000000000000e+04 6.022098380823709407e-01 5.245903033754525380e-01 4.703478617089500435e-01 3.385891157260273454e-01 2.909240143259620992e-01 5.703691292560233439e-01 7.285425752704808300e-01 5.110219289700113077e-01 5.130128128882278649e-01 5.684759874143188174e-01 5.004220897075578600e-01 6.147185256035712086e-01 4.223874904543997166e-01 5.008409332214243115e-01 1.844986262645581243e-01 4.535875600120075068e-01 6.144860086941346111e-01 4.034604304073908798e-01 2.451686157679942579e-01 5.304381788265970510e-01
1.243300000000000000e+04 5.460388529753086306e-01 5.019043260311829568e-01 3.710936481051473890e-01 2.972295422996537595e-01 5.945116745514487100e-01 5.561465340070120833e-01 6.616270554828379558e-01 5.120046008333427601e-01 5.749149997825465652e-01 5.786021502703905250e-01 4.684182689076561434e-01 3.942858817440491603e-01 6.343530394310108456e-01 1.612017771695299917e-01 3.587229287335494399e-01 5.817150623511109231e-01 5.419260027308724359e-01 1.762917443927196903e-01 5.831686174699042269e-01 6.385159249345082610e-01
1.243400000000000000e+04 5.213848187118875765e-01 4.206664304872103077e-01 3.257639821046671713e-01 5.562411144973988808e-01 5.719659649127449841e-01 4.486159380152969778e-01 6.578715332363995749e-01 5.536329151059400377e-01 5.791839287059999952e-01 5.592030644994727684e-01 3.121363721853996354e-01 6.136956345809879698e-01 3.309134169440212103e-01 3.563614016319209821e-01 5.408577190907677412e-01 5.297971697372095834e-01 2.445391965265740208e-01 4.330476317821073673e-01 7.249391618772844659e-01 4.622512883169943021e-01
1.243500000000000000e+04 4.376683419794818453e-01 3.730554173071785051e-01 5.521634750751328591e-01 5.186618844196907441e-01 4.412353990972330831e-01 4.232309239930586164e-01 7.046850717280592757e-01 5.475472206521501128e-01 5.489963513286650887e-01 6.540811841463856080e-01 4.323072812794110931e-01 2.836007708788255699e-01 4.615452515396812894e-01 4.689386170472943927e-01 4.065849863921078278e-01 2.150940094589028073e-01 5.404488085633040173e-01 4.843433913224670651e-01 4.721898639428570577e-01 7.249329492109821693e-01
1.243600000000000000e+04 3.951360531999164594e-01 5.466941132585133589e-01 5.166560949003042857e-01 4.039274141479808899e-01 4.148842452742316778e-01 4.927384457820663255e-01 6.957095350431801162e-01 5.253731869443338809e-01 6.348257868873607990e-01 5.545109424394824016e-01 2.193432886008216398e-01 4.347944672517123910e-01 6.099628858168479884e-01 3.912322977637446297e-01 6.565939328426145805e-02 5.157439083708103000e-01 6.558015864561280717e-01 3.422689123400333711e-01 8.034108296078115163e-01 5.225584867466342986e-01
1.243700000000000000e+04 5.501202876397331964e-01 5.199608039553639260e-01 4.096750770650345319e-01 3.815841367625670832e-01 4.870670880588016671e-01 4.801714088712734640e-01 6.642536694777919637e-01 5.884182966256662484e-01 5.450781370033477291e-01 4.978719753533830117e-01 3.364813589856767151e-01 5.776240839726223264e-01 5.397345892281755209e-01 4.413683015291443995e-02 4.435600862820169854e-01 6.285096503512401789e-01 4.654240775380532047e-01 5.848580432828553999e-01 5.816154394460264498e-01 2.456105042117662229e-01
1.243800000000000000e+04 5.476761542522680104e-01 4.617560254587734225e-01 4.198667419175414195e-01 4.780372669587349410e-01 5.121232974339186006e-01 4.702201017805077154e-01 7.800820542908142308e-01 5.400597368742678928e-01 5.172132346880183862e-01 4.526558267770221522e-01 4.349269305476705649e-01 4.979899262182593822e-01 2.073969741977212400e-01 4.162800424756109563e-01 5.663866035922192621e-01 4.355894048731148160e-01 7.766360046465724531e-01 4.134616719766542325e-01 2.669526325430326974e-01 4.917588763988484102e-01
