1.480000000000000000e+02 2.052430213595563824e-01 1.396931911709463348e-01 6.488377310521292740e-01 7.619971029463651346e-01 6.470179854283768517e-01 5.989494287378601678e-01 6.934909075675900203e-01 6.484263909948199123e-01 5.444258140557566295e-01 5.190747167073367363e-01 2.783246205461044065e-01 4.989028899901986613e-01 6.273139834191515662e-01 2.753182445969224457e-01 5.952508928595994231e-01 2.956864769026115169e-01 3.158536629866208756e-01 5.146384467968723175e-01 8.064265146030814568e-01 3.633401676605036990e-01
1.630000000000000000e+02 3.988880825588718149e-01 3.351655080180949708e-01 2.790962451034261216e-01 2.033260809584671591e-01 6.390232433135337731e-01 6.717162017755174963e-01 8.136841883516552354e-01 5.862674766993113407e-01 6.515279931237112354e-01 6.194394549531758720e-01 2.276657798553453071e-01 5.041866176743613481e-01 2.883901593243954342e-01 3.790113945205139112e-01 5.629147138021575181e-01 6.072724206017822146e-01 3.214916256466758826e-01 5.945439409534762909e-01 5.214153597690428521e-01 4.952930774950253245e-01
1.946000000000000000e+03 5.831462261471919151e-01 6.569651575492784223e-01 2.717133990546544697e-01 5.815274765645651600e-01 5.771484021141116694e-01 5.720388274172367726e-01 8.148209517629482201e-01 4.953049283142214043e-01 4.123668749241736209e-01 2.724704030913014385e-01 2.871164157544334183e-01 5.721695972514241335e-01 6.367655387745839723e-01 4.067488335014453060e-01 1.476086287903371486e-01 4.181443032237412982e-01 3.917334502146895825e-01 4.750827366029225507e-01 6.867261418480554713e-01 4.990678038464086419e-01
2.114000000000000000e+03 1.996553041571784981e-01 2.653446076365615358e-01 3.941224084094511748e-01 5.275482390376408093e-01 5.166994184796644962e-01 6.417955398963810509e-01 8.669568976797282778e-01 6.783902238273005203e-01 6.094550825519262638e-01 5.445809712734849262e-01 4.094395755672500248e-01 6.978686776375775391e-01 7.285026318754443952e-01 3.576205992945351020e-01 1.220107806062202538e-01 6.858603283390015681e-01 5.285699828003264100e-01 4.261182666554123033e-01 3.874884622355306840e-01 1.584762537131908511e-01
2.115000000000000000e+03 2.773756602151718487e-01 4.006221344237308468e-01 4.926959472927311956e-01 4.356276261478935208e-01 5.998874038422761235e-01 6.962778859830248690e-01 8.587811203236520585e-01 5.517370441991150676e-01 5.112572805101442963e-01 5.073073586543035418e-01 6.009032443908963739e-01 7.705870381190700336e-01 5.688674560491654431e-01 1.385075217403818615e-01 7.510276672429749834e-01 5.621534860715174942e-01 6.430169198128410368e-01 3.130297530572561104e-01 1.957463607675889172e-01 0.000000000000000000e+00
2.116000000000000000e+03 4.093412712690498445e-01 4.894017819580844808e-01 4.235993342775594139e-01 5.266895002408672477e-01 6.766667693096588554e-01 7.044601623081502284e-01 6.897185643795652465e-01 4.894949192402264782e-01 4.903694926709074031e-01 4.735260331676746648e-01 5.863896322565077535e-01 5.313208111019702695e-01 2.978086555332506991e-01 7.349807898771908432e-01 4.928601695047165054e-01 6.085096125823196145e-01 4.203126472850307604e-01 1.407039028866987618e-01 0.000000000000000000e+00 7.604223351839977108e-01
2.274000000000000000e+03 2.447436653316424071e-01 1.993558460895533957e-01 3.014238856774535957e-01 3.998545089869387503e-01 7.811106097558331296e-01 7.483683936646023938e-01 7.958417122927371468e-01 6.194884898241368454e-01 6.405739283875331314e-01 6.112849076022571770e-01 1.886202523713777779e-01 5.572374377469119233e-01 7.202252770597115106e-01 6.380714870291770424e-01 5.458005852702074723e-01 4.200501033552829222e-01 1.704732665238457290e-01 3.626986234828370459e-01 4.691873034914482710e-01 6.030972459619416970e-01
2.275000000000000000e+03 2.202669342382567175e-01 3.312726043980135371e-01 3.752634798434905661e-01 6.694922128364756420e-01 7.120414233965477457e-01 5.930781370950231057e-01 7.756783882852034129e-01 5.757219227199927847e-01 5.734379529998814284e-01 5.445439401496593446e-01 4.192015968731807596e-01 6.644712686132968615e-01 7.518004764449108812e-01 5.179744085980504398e-01 3.107874818006090001e-01 1.593921366024267927e-01 4.811571177554213041e-01 3.332098077485498577e-01 6.548601393542231586e-01 3.209157185430754344e-01
2.299000000000000000e+03 4.760217415266559393e-01 4.306793099699009475e-01 4.995274868832013104e-01 6.374760293795429522e-01 4.965537597953356697e-01 4.760876609293220318e-01 6.379615554670560185e-01 6.223059207383548896e-01 6.734428704789583442e-01 2.415663861760015407e-01 4.206274274695688264e-01 5.354145968593937432e-01 5.663091770849691953e-01 2.805382178881696831e-01 9.533192558712853815e-02 4.354795252853457810e-01 4.885393260435439977e-01 4.685183965966308595e-01 6.391237310501177715e-01 5.175946933906860892e-01
3.531000000000000000e+03 5.395327242804346390e-01 5.148979644031441705e-01 5.549108435483161017e-01 3.536027093485499262e-01 5.528364559193184036e-01 6.861217829247587829e-01 7.237629700039832636e-01 4.032408215744639479e-01 5.817980037275157779e-01 4.052159209268120232e-01 4.594926067146286597e-01 3.706519794507586729e-01 5.397676371813309171e-01 6.055926008051736309e-01 3.309959630776058703e-01 3.254974065956163787e-01 4.662749900668143876e-01 3.815083487106155080e-01 5.189157174570822040e-01 5.465337856930100324e-01
4.478000000000000000e+03 4.966209944065247406e-01 2.955099552429650833e-01 4.046045973363098791e-01 7.627026919886457090e-01 6.702402218814254020e-01 6.346376613680920764e-01 8.885221017317280756e-01 5.015294502178416769e-01 4.858782200717033928e-01 2.413626639908900973e-01 3.910394429756099965e-01 5.137076229544155215e-01 5.727843365524230013e-01 3.532148739297151785e-01 2.230977048570419730e-01 5.446227599043048651e-01 5.452172943077078227e-01 3.601460912445114682e-01 5.967877107151481342e-01 4.209393244188484040e-01
4.661000000000000000e+03 5.512769861889469381e-01 5.147467248961822284e-01 4.720643924440812156e-01 4.106113094991243329e-01 4.059112164698243097e-01 8.084847440881488545e-01 5.564660409622114168e-01 4.981767451114723633e-01 5.146028459398189758e-01 5.355703443214868686e-01 3.951459457206920600e-01 4.692079596595679636e-01 3.916071112470523308e-01 1.934040136179211999e-01 3.182788372700497970e-01 5.768513255987383070e-01 6.154193009835935424e-01 4.188796153289010005e-01 6.490836813402774963e-01 4.411953196265741006e-01
5.052000000000000000e+03 3.147929601184467074e-01 3.852462580628246425e-01 4.005024765462697478e-01 6.571944287562760945e-01 7.556300009768344150e-01 4.995726462618453878e-01 7.018122409448734889e-01 5.695518975067477285e-01 5.140062533654057297e-01 5.482027267493526645e-01 5.625843570684415651e-01 4.676381874324388455e-01 5.511706260317920103e-01 4.094387846945887199e-01 3.872755400084044730e-01 4.261549740009984433e-01 5.747650668199202340e-01 2.246014108429672529e-01 4.891164925147305498e-01 4.584403522203900905e-01
5.894000000000000000e+03 3.239615552226446926e-01 3.628618237628858934e-01 2.388448580515191988e-01 3.148847921569083996e-01 8.136580187621369475e-01 7.590541586159107457e-01 7.607974943034765403e-01 6.115971169585185940e-01 5.538131639823251628e-01 5.713783272713353067e-01 3.493552356257675351e-01 4.463336439362290409e-01 5.600191308009243585e-01 3.018622115349339219e-01 5.260972220455961690e-01 4.226012917883759101e-01 4.464560314529554819e-01 4.142725843157137877e-01 5.511297973097287750e-01 5.278515300692986356e-01
5.895000000000000000e+03 3.669554863355925511e-01 2.846932123426187400e-01 2.974522738764721619e-01 6.999903052554339311e-01 7.253022580444122847e-01 5.430956993651026021e-01 7.657951671375684555e-01 5.134502736344364049e-01 5.387009484691832606e-01 6.263655759233567322e-01 3.401999979075952529e-01 5.224118449362551431e-01 4.488859308028897432e-01 5.063071843824401563e-01 3.196103836789656594e-01 4.220356014972546088e-01 5.556425487194430746e-01 3.957261110932357440e-01 5.794840570918935452e-01 4.637057688071446471e-01
6.589000000000000000e+03 4.253905324813025968e-01 3.541100873477183719e-01 3.697781885670669011e-01 7.157851025956060154e-01 5.661793364930454153e-01 4.864704764004568749e-01 7.119783242601095408e-01 5.855709913941339329e-01 4.657871094735361872e-01 5.843841294658449481e-01 1.371530814645162966e-01 3.454310859547271018e-01 5.700148448611188634e-01 5.827698549241964177e-01 5.964543337797304501e-01 4.817905405778665218e-01 2.699675235068770274e-01 3.552044048314612068e-01 7.612860042917943826e-01 5.775664896919907587e-01
7.520000000000000000e+03 5.116656389345300981e-01 4.987595922419376104e-01 5.470281047776919259e-01 5.451220099326400392e-01 4.754805059127191758e-01 8.109089400891235089e-01 7.136221054311936429e-01 4.251444881726787473e-01 4.368455714784970079e-01 4.165570868884671540e-01 4.153752328227142132e-01 4.203539340792004642e-01 2.974884486627380475e-01 2.110275257811631833e-01 3.213158302807046507e-01 5.349784040439559130e-01 6.581476018875006551e-01 4.756425882883683065e-01 6.818918912461234827e-01 4.250271697898719281e-01
7.866000000000000000e+03 3.544312784623939727e-01 2.655084117008433831e-01 3.115358461566051784e-01 3.156653843383991909e-01 7.003600136058658610e-01 6.439539671542051646e-01 7.520525704108413922e-01 5.750831331921560929e-01 6.719834818312544478e-01 6.704829396802493013e-01 4.688823524666608233e-01 5.579507265859880993e-01 5.419081457882513053e-01 2.724608413618875846e-01 2.940793224346489043e-01 3.299432845646446677e-01 7.841030407001088331e-01 4.023695749772391861e-01 4.732202115732288550e-01 3.681541785480583195e-01
8.688000000000000000e+03 6.487248801406941823e-01 5.082933125022451870e-01 3.637537703017500457e-01 5.499912433640443687e-01 6.228661627153192493e-01 6.376547213686418747e-01 7.792461246626464222e-01 4.862554476503546663e-01 4.271921150436089332e-01 2.590149051380994938e-01 2.777294388948329806e-01 4.258931575486374355e-01 3.839618149841519945e-01 7.473151797266165408e-01 4.017015736152741434e-01 5.125943790291843660e-01 4.908356699390374889e-01 3.228547866913817899e-01 4.073105819885287637e-01 6.447514164266376913e-01
8.763000000000000000e+03 6.191961174819984315e-01 5.137511508996326359e-01 3.430362055917292041e-01 4.556886074783941809e-01 4.072825558765389431e-01 5.030986017479996963e-01 6.972143760918286803e-01 5.787675548664376057e-01 6.349377217763113590e-01 3.378415127307847210e-01 4.049366841163929420e-01 3.749539470132400854e-01 3.527795385770320924e-01 2.205111608778838050e-01 7.196722935228884177e-01 4.573406146572653319e-01 6.755859926679446126e-01 4.097198935472278203e-01 4.392783120071118153e-01 4.691848885441452510e-01
8.857000000000000000e+03 5.495662427382256299e-01 5.280521372264074254e-01 3.965874730762142808e-01 4.480900436052029367e-01 5.659592371402546451e-01 4.913363887028237009e-01 7.074205621076559147e-01 5.347791364907883427e-01 4.767021039121355774e-01 4.984895618928851801e-01 3.887862290051189440e-01 3.374193886635675210e-01 7.391852421986142563e-01 4.061063788389766005e-01 3.706470395486083924e-01 3.594581894371216002e-01 5.503239022573865880e-01 2.744445428241727436e-01 7.231002371520564020e-01 4.545311160764921032e-01
8.859000000000000000e+03 4.711053051125375646e-01 4.998021689962102720e-01 5.521863343183225359e-01 4.853890456414405863e-01 5.398939652217953356e-01 5.000479949307821137e-01 6.197600492175250331e-01 5.073966757902976799e-01 6.586160954845458049e-01 4.100866356219324826e-01 5.188466660287456289e-01 5.030213229408424525e-01 4.869082968126407507e-01 2.136304710185513711e-01 4.334748583121434962e-01 3.442896739502170900e-01 6.890266766472227244e-01 3.545037824626111056e-01 5.150815048173588151e-01 4.374420821018071837e-01
1.033900000000000000e+04 6.641951507391742338e-01 5.359187498193503929e-01 5.245909791492444629e-01 5.220175592860440972e-01 5.022095601658080888e-01 5.202189396627279194e-01 6.903001235200795227e-01 4.901169049133589084e-01 5.309170946920861445e-01 2.362260733303687688e-01 5.162587534140224976e-01 4.890070521713091867e-01 5.621440199804667026e-01 4.877479855691103650e-01 3.001105853472675333e-01 3.773655885662354215e-01 2.628389041385046365e-01 2.815587823287368785e-01 7.117753949035178218e-01 5.606772268176175578e-01
1.087800000000000000e+04 4.540286648355605359e-01 3.701079044233619442e-01 5.466201196469661072e-01 5.640307890408058356e-01 5.711542753598997102e-01 5.565213700876481262e-01 7.848104049901719614e-01 5.033250471610557497e-01 4.778274792521373660e-01 4.862236062219603139e-01 3.395540142585610210e-01 4.121809279509439650e-01 6.267660848875588053e-01 4.656868409388999486e-01 2.632143605808222597e-01 5.525288641642840393e-01 4.826482550777252412e-01 3.639057776357624840e-01 5.620087114733094413e-01 4.856663735704000451e-01
1.112700000000000000e+04 5.217803874681878895e-01 5.365023984194180473e-01 5.406070246883377672e-01 4.171184638620164531e-01 5.818200165052682671e-01 6.226635914722182807e-01 6.863377881158663207e-01 4.431859561465177344e-01 5.282088841376763044e-01 4.284283661901675533e-01 5.289104284961956282e-01 6.446787965255961206e-01 5.441790576248546341e-01 2.703621577712620461e-01 3.613744908393403121e-01 4.219947373620444586e-01 5.624240475193629241e-01 3.700517459658280162e-01 3.500727045290270567e-01 4.329426027587199854e-01
1.120700000000000000e+04 4.924045544686112552e-01 4.666004571644954413e-01 4.784746724795415629e-01 5.045905505633191401e-01 4.993917095107415771e-01 5.421777083243425333e-01 7.134902059602703517e-01 5.731524003381751609e-01 4.531999663612679696e-01 4.936539031802565369e-01 4.472667947309474368e-01 5.899040679430767042e-01 5.931555955926127721e-01 4.963325367493483520e-01 2.787526582995337177e-01 3.969487093890711193e-01 3.289398379818242457e-01 3.801416952203990895e-01 4.365313400989351278e-01 5.795444230166642008e-01
1.159500000000000000e+04 5.087845120648037955e-01 5.447772919027652483e-01 4.350176938287739214e-01 4.660268259283021353e-01 5.621110914915751211e-01 5.665513964006464454e-01 7.246598893149024390e-01 4.921940944752353220e-01 4.486129395627646566e-01 5.111984823359493335e-01 2.612432088847066458e-01 3.336670442154727190e-01 8.564469949986440733e-01 3.741888617410576989e-01 5.430176053087473198e-01 3.833612906772254636e-01 3.336684340807788418e-01 3.334209852526746620e-01 7.239777623568712794e-01 5.026281002498954598e-01
1.159600000000000000e+04 5.773728121546659597e-01 4.897457276348816668e-01 5.102641420789294502e-01 5.556361768702764437e-01 6.143708471563731344e-01 5.735042035649156045e-01 6.499245958153161418e-01 4.756742802835940420e-01 5.376593663417889024e-01 3.196952632810133310e-01 2.378711623447948842e-01 7.495109248149149916e-01 4.825281078744374508e-01 4.785051839116404304e-01 2.428999570429800914e-01 2.966397140936813392e-01 4.205772289212354464e-01 4.888900885026038479e-01 5.189435294788276032e-01 6.237167229897569998e-01
1.196800000000000000e+04 5.412199073837248298e-01 5.365264652055505845e-01 4.716730251210803915e-01 4.782285377150219952e-01 5.920656769308733081e-01 5.895236453972136914e-01 7.083288462222835369e-01 4.835521949433513322e-01 4.614796107980677076e-01 4.203206358155716083e-01 4.337167814789657516e-01 7.175373667968344416e-01 0.000000000000000000e+00 3.376054127179684006e-01 3.280419955290902467e-01 5.151504842148530994e-01 4.492021974770527559e-01 4.920005739588464988e-01 6.853383245914698163e-01 4.731847046708519966e-01
1.243900000000000000e+04 4.934349840474610005e-01 4.668754138633271489e-01 5.069037755922958244e-01 4.962265421831584256e-01 4.976048800843808073e-01 6.388259711032699961e-01 7.074370401769223271e-01 5.177589692217052786e-01 4.735395225183093304e-01 4.760663567234830751e-01 4.067581353221657592e-01 2.083362345315941944e-01 5.951216829192174096e-01 5.991335803683027761e-01 3.716760781353339316e-01 7.832540188149416105e-01 5.916479480295502302e-01 2.045012262273178671e-01 5.759714944975878881e-01 2.817561389967129237e-01
