3.390000000000000000e+02 5.858695365911856801e-01 6.049373386942077380e-01 4.976238954955010674e-01 4.375247797390173221e-01 6.274083029919511612e-01 4.860183535202187155e-01 5.670650709494743369e-01 4.766130186000552271e-01 4.661447573991133186e-01 5.039099578879682184e-01 2.916432767862315312e-01 9.805757575630401623e-01 4.720573190920969164e-01 1.491727219695209057e-02 3.439351929655876106e-01 4.033110747287074194e-01 4.861435667722620591e-01 7.121074573410242081e-01 4.992297138237096754e-01 2.119536382677507658e-01
3.690000000000000000e+02 5.857859921231386435e-01 4.945487312023438276e-01 5.948454407070031813e-01 5.645951575565903990e-01 4.966767019623169466e-01 5.445502296116536689e-01 5.430823048336838044e-01 4.771676078852666314e-01 4.927073781701806210e-01 4.867230535157603954e-01 4.064782694410271069e-01 9.541388058925805993e-01 6.840591723957122339e-01 1.290952063616173096e-01 4.000137371136709419e-01 2.815700163627888886e-01 4.436939309567091705e-01 5.463248113818270912e-01 4.203671426331556660e-01 2.243580337828479376e-01
1.940000000000000000e+03 5.249655004768880584e-01 5.482741525148717709e-01 6.162039890901171990e-01 5.404249989439096069e-01 6.000956276806905798e-01 4.709444423328048024e-01 6.350214677448414724e-01 5.573588578872332722e-01 2.743658602491888532e-01 5.082179293179285295e-01 3.579596927061692302e-01 6.442068334697271803e-01 6.157743529610840705e-01 3.668455649119871098e-01 2.100718319161884728e-01 4.844134073290996545e-01 3.749331206877097311e-01 4.099087191702359134e-01 5.913063836955113617e-01 4.670511061739083813e-01
1.941000000000000000e+03 5.673610693077086875e-01 6.142097987103509737e-01 5.609360823609643720e-01 5.684599851145314409e-01 4.928277815110634896e-01 4.170576764520212421e-01 7.288083341874576071e-01 3.378678741390095941e-01 5.205218250773159250e-01 4.824341093653745638e-01 5.142954414307914224e-01 6.033881285049897958e-01 5.349674165601328024e-01 2.059736480011737925e-01 4.239042129681253046e-01 3.709387396858274122e-01 5.754031685087243053e-01 4.443542700678327906e-01 5.366241359851859904e-01 2.716277312034268698e-01
1.945000000000000000e+03 5.880523054204663813e-01 5.365052822100813135e-01 6.333677417875704929e-01 1.917042491253843906e-01 5.682789026242861530e-01 5.075750000263208328e-01 7.084241422452758341e-01 5.957647482387489202e-01 4.610513962291098999e-01 3.572433032360413097e-01 4.011131081050948732e-01 3.736367120747717263e-01 6.091481802276934587e-01 4.999731516839431289e-01 4.238291014865133710e-01 2.816953815510174208e-01 4.396145525451633507e-01 2.902661599123776970e-01 6.575737167314656961e-01 6.216849543688653945e-01
1.947000000000000000e+03 6.816965246428923209e-01 3.691596667305898638e-01 6.251771564362296196e-01 5.756600545798011836e-01 6.278236516534470013e-01 7.156694119801164655e-01 6.595068014868431527e-01 4.527035038822794788e-01 3.258483580371824284e-01 3.619522181794589955e-01 4.461520035740824675e-01 6.088130375357372337e-01 5.596648982394364369e-01 1.314156667223568831e-01 3.259274530273070791e-01 3.787804745044920374e-01 6.517832653150165134e-01 5.043708476327368739e-01 5.604211804722183388e-01 2.878527707260598034e-01
1.948000000000000000e+03 4.348499122036860731e-01 6.515825301576656514e-01 6.336713191192446804e-01 6.350023594644659264e-01 7.924710436946420522e-01 5.004189805905917554e-01 6.090285416165838184e-01 3.971125692476238367e-01 4.175309594010426228e-01 3.771659836584733139e-01 4.794554830287899305e-01 5.406704378358206942e-01 3.019004571198902198e-01 3.213197232719306462e-01 2.808249102673431863e-01 6.363642167452924214e-01 6.987036139629476672e-01 4.156139752931723996e-01 3.263896346240231505e-01 4.403895067658612494e-01
1.949000000000000000e+03 6.641270282173037387e-01 6.330054529370244820e-01 6.567353875254274831e-01 7.444730771448462292e-01 5.315896463198832578e-01 3.865379485014753813e-01 5.029420427763122703e-01 4.462739970119501409e-01 4.068945607308496748e-01 3.211392844853033779e-01 4.288083069232475619e-01 2.935399276617238762e-01 4.868090552011425376e-01 2.771012164988817528e-01 6.143489292195647433e-01 6.861162891836003475e-01 5.790775184155116939e-01 2.434526784876431538e-01 5.022320316668945628e-01 4.565097440485426650e-01
2.117000000000000000e+03 5.014380328175138679e-01 4.510953457249024523e-01 5.282480039975571140e-01 6.144181795680589975e-01 7.085034954709672483e-01 4.752272079569642149e-01 6.151424669507518095e-01 4.847952507508493936e-01 4.741913328289823482e-01 4.899410002586906399e-01 4.225981302345431234e-01 2.904063974863507758e-01 8.875689251673670732e-01 5.018410241247527326e-01 5.805594226616604958e-01 4.137876254312715107e-01 1.965439429862869958e-01 0.000000000000000000e+00 8.693957095783564348e-01 5.788166182597950238e-01
2.118000000000000000e+03 4.798708339223051178e-01 5.455509636129591833e-01 6.289772351138983586e-01 6.619122161297302798e-01 4.954936144072690229e-01 3.857211793365420971e-01 6.229029576560330961e-01 4.830542341584292965e-01 5.028730353550627807e-01 4.645617456780141707e-01 2.115088400975704275e-01 7.922106241691160289e-01 6.057632260496170762e-01 5.281439512162334760e-01 2.872446410571670161e-01 1.779947233070254542e-01 0.000000000000000000e+00 5.980448980422213845e-01 6.087578009122436296e-01 7.305199096776583412e-01
3.193000000000000000e+03 5.788034495699154736e-01 5.887909536680820954e-01 5.976418417174644837e-01 5.835551507625560408e-01 6.381546331640437497e-01 5.427520307053516069e-01 4.840246602466937165e-01 4.678881988491156996e-01 4.233637301169270173e-01 4.333639649574141384e-01 5.148444362351809467e-01 3.359319358053719506e-01 1.733874492118610555e-01 3.662811610676615093e-01 2.921383850024444340e-01 5.736249891431699499e-01 8.188553753716342198e-01 4.416282785462968263e-01 3.143207402303267450e-01 5.764381569471215272e-01
3.529000000000000000e+03 3.658058079356190651e-01 3.681151798382375495e-01 5.427205096399578821e-01 5.180823872005849706e-01 6.253463936014489466e-01 3.992515264489232552e-01 7.524714993290251286e-01 6.466022729590883422e-01 6.100331386115924737e-01 3.793176574550418123e-01 4.842166659220945024e-01 3.391799727908963447e-01 6.541585995945055076e-01 2.516347638377892104e-01 4.272818672344104729e-01 6.758561831426610489e-01 4.614518770662481284e-01 2.593376516893792783e-01 4.890946197770416615e-01 4.889163939485620114e-01
3.532000000000000000e+03 5.314685151899819493e-01 5.601783541657450183e-01 3.765197651250721256e-01 5.174225459758783341e-01 7.027800295054537072e-01 5.387157634332039313e-01 4.991338200192581009e-01 5.574660163696238957e-01 4.203175061795124123e-01 5.675038065855294578e-01 2.932320812780119801e-01 5.214877639414133847e-01 7.560303419366530830e-01 3.266599912439231979e-01 2.128361306864281766e-01 4.552819173721152080e-01 5.285446988501935062e-01 3.848626357320744651e-01 6.197472413248699130e-01 4.565510340753451413e-01
3.810000000000000000e+03 5.932586550954859206e-01 5.668745921023644607e-01 5.352466810102894934e-01 6.155548132982876508e-01 5.847409029695787019e-01 4.227633018395363096e-01 5.255257355419443721e-01 4.863112041640518246e-01 3.724474877738391254e-01 5.717419167436204042e-01 5.311387228527599813e-01 5.885460790117365004e-01 4.827674482820524804e-01 2.850190693056240399e-01 5.054171298259341194e-01 4.484626223450051685e-01 4.688265682020076874e-01 4.650741985606054452e-01 4.136562881554398663e-01 2.902951965782697985e-01
4.125000000000000000e+03 6.544248667284041643e-01 6.777930005183652185e-01 3.476206120161724478e-01 1.272314488994475412e-01 5.003098652436722693e-01 4.588775153699852227e-01 7.069027028393214396e-01 5.991779028241447369e-01 5.140045467625755649e-01 4.299347651507436918e-01 5.683889318993616824e-01 3.591872640678400175e-01 5.521187574239438955e-01 4.037400841583721478e-01 2.794288473499058068e-01 3.974602975814314765e-01 7.038589381796739319e-01 3.716133491300829816e-01 4.638404922226665450e-01 3.845592255956650218e-01
4.662000000000000000e+03 5.392035957666639900e-01 5.053882019965120209e-01 4.415294888027381237e-01 4.009680019988554056e-01 8.424944539508397723e-01 3.028024992004694216e-01 6.453166206624026957e-01 5.147160998081816707e-01 5.471935747248853898e-01 4.958502150978497669e-01 3.625884771286361774e-01 3.701878702088821083e-01 3.534656367027975699e-01 3.028877806656640193e-01 5.195653446324383085e-01 5.893439615162436862e-01 5.691512526872342104e-01 4.721403086510396752e-01 4.906705143930764623e-01 4.624369169594165774e-01
4.958000000000000000e+03 5.092725850305923618e-01 6.419744245176036701e-01 5.012475066598697238e-01 4.992430786083418837e-01 5.142935808692380428e-01 4.112900833688114544e-01 7.329002814835726687e-01 4.427518430347744949e-01 4.841561498544518227e-01 4.931615600649310038e-01 5.175607448225991725e-01 5.662384431722995437e-01 5.061880023132453443e-01 2.983178302768677015e-01 5.361086063903640619e-01 3.290720145998058399e-01 4.820539731063265276e-01 3.627757110855004408e-01 5.180229991511106080e-01 4.123624294410507818e-01
5.053000000000000000e+03 4.043913113633303413e-01 4.284602000428893165e-01 6.443100461447013316e-01 6.767301815757650330e-01 4.904021187763757395e-01 4.856855290508255707e-01 7.256078605069775644e-01 4.985413736727671852e-01 5.370805075185167698e-01 4.231685332962062396e-01 3.753271664094824933e-01 5.415021435933020655e-01 5.777543293954539028e-01 3.951090700373812714e-01 3.498347784447879971e-01 5.699695345365946020e-01 3.160234879971461353e-01 3.684224555993855788e-01 5.279655832001681759e-01 5.179704542860267269e-01
6.326000000000000000e+03 6.857701768103335871e-01 6.315977352716438675e-01 5.291586219087797138e-01 4.402264176359883541e-01 3.780565893236685349e-01 5.043829711214808942e-01 7.448026809206883536e-01 4.336774869600087401e-01 4.929633603620930393e-01 3.325388172174923440e-01 6.174905053476101857e-01 4.204352442556947844e-01 4.748399651987271208e-01 4.439406504536710929e-01 2.999412027991114615e-01 4.198485561770476382e-01 4.436246804081840356e-01 3.359333471576310126e-01 5.203165934426218220e-01 5.039194633541848045e-01
6.591000000000000000e+03 4.421751255246464396e-01 6.808428649060346283e-01 5.368092685316566692e-01 4.644567378735706131e-01 5.279634529691120681e-01 5.909852084256023153e-01 5.959350604491669978e-01 5.557402855204274239e-01 4.164834521251540300e-01 4.421654317169310122e-01 3.655039381000365073e-01 5.983144053484961145e-01 6.367093868654672972e-01 3.169470180333196496e-01 8.420493175723667290e-02 4.096709843108479188e-01 6.669252861777631436e-01 4.141434351737401931e-01 5.951748231461666538e-01 4.130753428077898470e-01
6.592000000000000000e+03 6.840164909851667030e-01 5.516892395449582986e-01 4.876177926086892600e-01 5.031398705938803229e-01 6.136751171764577295e-01 3.563986203076451864e-01 7.248860618322225946e-01 4.405888048969338611e-01 4.591140679793826451e-01 3.970142363318951428e-01 4.773505090983687360e-01 6.231273149421160396e-01 4.859447582729782278e-01 7.232679698949259772e-02 3.266169394064549203e-01 6.590627777724723524e-01 5.806869104344567489e-01 4.467530852312139311e-01 4.740691401747931244e-01 2.862363007294834172e-01
6.796000000000000000e+03 6.689662066715373889e-01 6.670425362346704690e-01 6.815667479808337204e-01 6.549798539720105284e-01 5.844886721790532036e-01 2.634533022343832909e-01 5.445362986751619561e-01 4.353389345295924362e-01 4.086607755139943787e-01 3.488515647202456993e-01 4.563808570387390406e-01 4.255529375877814546e-01 2.328400824782763667e-01 5.364837500600012632e-01 5.239233584652744913e-01 6.189473967505038088e-01 6.679397103897606325e-01 3.521226379437630838e-01 2.821574619398991013e-01 4.329357038538855784e-01
7.178000000000000000e+03 6.678569601164301428e-01 5.845362035695924607e-01 6.246480515800730826e-01 5.461153586819597061e-01 5.578510511481079570e-01 5.756484188977463168e-01 5.520002561272545627e-01 4.306453149065542774e-01 3.998794814533515596e-01 3.795815043890644058e-01 6.933516413774774012e-01 8.514291093158998791e-01 5.976855879281701700e-01 1.715311289136318973e-01 2.480119927866974161e-01 4.332949014125940801e-01 4.691364166831001881e-01 3.145493335287429804e-01 4.729480472225428556e-01 2.062567858064374426e-01
7.179000000000000000e+03 6.236975519868178663e-01 6.477387313754263687e-01 6.014410886645806809e-01 5.688912020925996904e-01 6.431221811199780980e-01 3.346611631869444992e-01 5.736219220263862884e-01 4.487899457342915399e-01 4.301863001123140129e-01 3.936698200051372276e-01 7.369059337902542639e-01 6.375030487767716636e-01 3.776181568323569437e-01 2.854510918315840695e-01 4.039172611449867167e-01 5.023418830169270599e-01 4.778931854346232244e-01 3.846673470635035286e-01 2.564951138168553024e-01 3.522313783754732475e-01
7.180000000000000000e+03 6.686790436575262842e-01 6.171906927620064431e-01 6.063003242928347580e-01 6.260213230794715589e-01 3.754347595558093498e-01 3.474408251912550760e-01 5.867710361476180525e-01 4.618922959256409611e-01 4.305861151000513476e-01 4.632795427258190601e-01 5.243884110685564925e-01 3.820189718429479186e-01 4.702907489986867806e-01 4.295983516288215398e-01 4.656348684806000948e-01 4.862879325965962507e-01 5.553765583825122087e-01 1.982509264088135326e-01 4.162481747003056731e-01 6.302954740930423183e-01
7.522000000000000000e+03 5.926285662210309946e-01 5.907320093698232855e-01 5.050172507786087062e-01 8.020676371655351966e-01 5.825584747951686460e-01 2.960997264149860531e-01 5.993051528659344429e-01 4.680648273923741498e-01 4.273231346319979473e-01 4.068094504010526524e-01 2.124693462654560772e-01 3.406512255641306330e-01 4.475889581721708699e-01 4.396544306017780568e-01 5.682489605884633033e-01 6.046267273398100439e-01 6.584077450359171468e-01 3.359045977706704433e-01 5.066736578568808991e-01 5.002577122316352876e-01
7.524000000000000000e+03 5.898421374228288716e-01 8.054525616616702299e-01 6.311364388899399769e-01 3.789908981088870865e-01 4.534201700408433955e-01 4.334224989090576519e-01 6.192990922175346524e-01 4.824104491121787297e-01 4.193979798393325797e-01 3.613445578395317881e-01 3.039145766334159227e-01 5.142180705895863513e-01 6.484702824458266068e-01 4.941692764294038920e-01 5.351633143811708182e-01 4.085109982578346011e-01 4.680433592830445244e-01 3.782438856276064687e-01 4.791352349410351041e-01 3.903632559079275866e-01
7.525000000000000000e+03 8.252617585456401006e-01 6.580267510689205013e-01 4.512884920685503176e-01 4.846584477829386506e-01 5.053167531928306477e-01 4.432542987022401459e-01 6.538748348397729337e-01 4.668300638942217695e-01 4.187925710887053787e-01 2.477447039248784899e-01 3.897336236150649724e-01 6.022962405770035943e-01 6.242134210845671216e-01 5.121847471409285424e-01 2.999653651077893723e-01 4.404883506349484001e-01 5.050794807040446255e-01 3.425127102732730133e-01 4.266549399851277125e-01 4.287670891396938577e-01
7.526000000000000000e+03 7.109672348287722210e-01 5.388441123537801580e-01 5.754601449722832607e-01 5.566622091819188878e-01 5.456472805898323619e-01 5.243055766904994863e-01 6.510617072919405723e-01 4.800210245190716374e-01 3.342636940961772885e-01 3.478072964719811644e-01 4.652788351690644864e-01 5.914170141113301860e-01 6.537315398452335780e-01 2.847446036996473251e-01 3.494966464082887581e-01 4.842723106997329774e-01 4.659582658104978181e-01 3.107258525807962135e-01 4.774320647407763185e-01 4.505353667749061874e-01
7.589000000000000000e+03 6.024271884864617066e-01 5.739431585403489411e-01 5.151175679535290319e-01 6.654900871122931827e-01 5.152618391142615994e-01 5.086626417618218543e-01 6.653781703392802616e-01 4.742548949188669649e-01 4.054144829901829006e-01 3.537566268472733810e-01 2.780723304676548935e-01 4.297832817728828858e-01 6.769018613855534161e-01 1.078945666366111500e-01 5.107311692867440023e-01 3.296239437893903612e-01 5.320861124590846591e-01 5.726174508392912754e-01 5.727527833662945378e-01 4.866329417671529933e-01
7.590000000000000000e+03 5.999538701161323262e-01 5.474890230989061246e-01 6.926312729496201248e-01 5.092925397918911523e-01 5.488659065812426796e-01 4.791738909110976330e-01 6.200828602507976184e-01 4.413894457872596933e-01 3.910870036088773816e-01 4.701826667194883846e-01 3.331359613012335186e-01 6.420600342675194527e-01 2.738422945577401180e-01 5.017619933103999452e-01 2.109005184446414716e-01 5.106472019386805172e-01 7.797269062446406940e-01 4.175205671210033831e-01 5.423766444032803724e-01 3.106913346660862829e-01
8.683000000000000000e+03 7.192468038696120392e-01 6.471569136587131954e-01 4.982516434786143367e-01 4.769390412673983337e-01 4.931472776222296517e-01 5.021310056650659659e-01 5.566692471932929154e-01 3.753313586288316572e-01 4.803854445574567977e-01 4.938132205415443621e-01 3.302598561604221383e-01 4.324799690988992973e-01 4.441375224657061471e-01 2.267280145506047340e-01 3.713971696923916710e-01 4.168004540278381076e-01 5.080289697273985272e-01 3.237979486962276887e-01 9.529716060179103110e-01 5.425915959370616326e-01
8.686000000000000000e+03 5.860863086018855972e-01 5.677358107524802522e-01 5.818142261595290465e-01 3.807579967961812750e-01 2.467564055238901932e-01 4.750587745164524534e-01 7.024925474644966306e-01 5.577195233392758800e-01 5.718645366134489372e-01 4.050053738731663189e-01 2.558777374157876205e-01 4.367688340750246478e-01 4.157106754852151753e-01 3.417711488692115607e-01 2.813200859044575064e-01 8.275833101372900291e-01 5.472252895100007120e-01 4.276672994127922456e-01 5.391342671002791187e-01 4.332603802094552314e-01
8.687000000000000000e+03 6.017805647818531556e-01 6.070026605478915371e-01 4.359493492182704988e-01 2.853813867371148838e-01 5.274062062389569538e-01 5.472779100241266237e-01 7.491723264975126417e-01 5.689260792596404492e-01 4.456451399175275774e-01 3.702423090317507048e-01 3.299102818965485295e-01 3.837927212696985446e-01 4.814392619416734687e-01 2.545083653776701871e-01 8.116050638878232748e-01 5.129603188807217995e-01 5.688052824556826259e-01 3.838715903367167503e-01 4.716576661161667183e-01 3.891851517580540709e-01
8.689000000000000000e+03 5.618378051422928676e-01 4.539866479315246006e-01 6.139721367662139828e-01 6.353669768426591924e-01 7.176691855610847215e-01 6.844111671965334986e-01 6.610130787618557768e-01 4.736222771620476890e-01 3.273915498205737240e-01 3.042659187543070298e-01 3.240738683406044762e-01 3.569687599977283132e-01 8.602300575756397505e-01 3.793110036949372543e-01 4.296856050967596263e-01 4.631401908948606372e-01 4.322388894468476850e-01 2.919254746589774463e-01 7.065267093351317307e-01 3.860561291456756083e-01
8.690000000000000000e+03 4.984786246562100120e-01 6.294844459950325044e-01 6.722072561394117907e-01 6.950560635084553907e-01 7.389743505871830820e-01 4.819414954545718777e-01 6.253823612858517844e-01 3.886659178787145730e-01 3.520564634591958897e-01 3.624868562193543364e-01 2.743362873890067832e-01 8.082966420515801387e-01 5.240486782664425247e-01 4.125399807750598224e-01 3.731109308481144748e-01 4.110191776232987593e-01 3.938675673221537776e-01 5.103140640463901256e-01 4.263319172800763002e-01 4.074387346166585822e-01
8.691000000000000000e+03 6.419103473939788973e-01 6.597560356026608286e-01 7.094065001413922822e-01 6.936369204532014665e-01 5.081075859529149419e-01 4.065559364544245047e-01 4.878187225909307867e-01 3.964129069367060554e-01 3.908018887177990286e-01 4.258798863751384056e-01 6.036424170244726328e-01 4.799902103423687172e-01 5.416748066754807356e-01 3.419028242941520856e-01 2.969313245380451605e-01 3.661946863587144940e-01 6.731896228882524591e-01 3.010774956211441644e-01 4.399289959376999071e-01 4.470508301877288981e-01
8.692000000000000000e+03 6.860344613778002199e-01 7.076337459816051112e-01 7.331982235050711338e-01 5.180165724922290993e-01 4.610662523017502457e-01 2.308243926698627380e-01 5.187712510566255819e-01 4.384202039067203738e-01 4.670898171263813681e-01 4.130613592190715000e-01 3.970931718992114501e-01 5.487329745809130799e-01 5.280814614841861099e-01 3.144419243297436606e-01 2.857304217772831945e-01 6.867478878544470700e-01 4.357960045448991959e-01 3.408923368640231488e-01 5.296393477680354511e-01 4.474893866300033718e-01
8.750000000000000000e+03 7.599524327917602795e-01 7.020654777051410500e-01 7.080346468308997832e-01 6.197709476451735977e-01 3.820612106671684161e-01 3.515930747727472605e-01 5.663243292120301309e-01 4.262455649012782399e-01 3.539785545597239347e-01 3.338266900739538801e-01 3.641660551087364528e-01 9.524826010949711819e-01 6.828688603571327898e-01 4.953860270047229508e-01 4.316478961157813599e-01 4.000282991446386105e-01 3.970283660634177925e-01 2.818918817791570275e-01 3.980040604969174445e-01 2.430637879133640822e-01
8.756000000000000000e+03 6.389840391665055908e-01 6.026082517143502848e-01 5.458121149904839875e-01 5.362309667875461150e-01 4.229096615341945697e-01 3.913434767518628177e-01 6.904644543914351118e-01 5.375539758917569078e-01 4.570106897029709847e-01 3.202392628633450311e-01 2.671577033982536764e-01 3.310790152221170790e-01 3.610293285392191520e-01 6.265474088058654856e-02 1.707493360855582565e-01 9.295368921537104923e-01 6.363557035569851195e-01 5.714557053546401866e-01 5.790265909359039176e-01 4.689834121786923271e-01
8.757000000000000000e+03 6.310939726639783753e-01 5.773707191998850297e-01 5.794374862581828101e-01 4.370719037483514202e-01 4.382907804020329534e-01 5.263039586691925509e-01 7.180126460552758161e-01 4.835839511163296800e-01 3.668112831314460642e-01 4.534034420886933203e-01 2.455817944749375814e-01 3.264041441979809166e-01 2.200507891875760624e-01 1.369346276119157158e-01 9.164417529909655302e-01 5.859723043436824153e-01 7.466204381595432649e-01 4.049931683513512404e-01 5.015281053561165825e-01 4.805726071676472144e-01
8.758000000000000000e+03 6.099024179721235228e-01 6.046587073722058392e-01 4.881760154901738091e-01 4.525541399475402904e-01 5.792418693626791848e-01 5.696431759540284689e-01 6.415386810535499418e-01 4.186937663525449049e-01 4.890594117185098066e-01 4.298153377693062493e-01 2.158984406807632761e-01 1.746931101495495520e-01 2.552008745029387127e-01 7.660455799536703969e-01 4.350308639968167856e-01 6.214805777041016999e-01 4.783149319679255718e-01 3.170962634851434703e-01 4.645633500922848325e-01 8.743989565620139404e-01
8.850000000000000000e+03 6.078875306637420151e-01 5.523095757054828914e-01 5.617544426971177174e-01 6.515995459055128336e-01 5.636427521688516240e-01 5.762650036857601688e-01 6.204542549167065824e-01 4.509783020134672804e-01 4.289807552876410135e-01 3.183770482792799839e-01 3.218236239924963105e-01 6.515640989527045068e-01 3.698918953427735024e-01 5.571701123723771243e-01 3.844861607595719821e-01 4.475436533320442667e-01 5.587197618670810551e-01 3.518628227600829050e-01 3.370576300667509351e-01 5.909200685050733926e-01
8.861000000000000000e+03 5.902220773017730071e-01 5.409738298813733248e-01 5.493450959303268766e-01 5.130262032301063924e-01 4.281898780188440057e-01 4.630682549908118895e-01 8.264091995442328642e-01 4.590223013517861217e-01 4.558723366583878334e-01 3.848224322678206466e-01 3.643218427556186856e-01 3.606464848103199117e-01 5.805193591074375714e-01 2.203190243913271396e-01 6.414137278898733863e-01 4.712944923575604905e-01 5.201373608626694844e-01 3.615620894375468630e-01 6.401526902360611393e-01 4.103514794780645514e-01
9.966000000000000000e+03 6.055732028184763749e-01 5.519241444215663428e-01 4.323078778387224319e-01 5.834189679685725105e-01 5.678880484826049901e-01 4.895679483817046984e-01 6.542726855074301184e-01 4.647556849469562379e-01 4.217232182855084055e-01 4.916625201524951749e-01 2.075153649676969581e-01 5.453116166522329333e-01 5.775514447906179294e-01 3.844653542659219880e-01 4.108159062464996625e-01 3.787198587495269053e-01 4.083425365435403021e-01 5.177326231550762881e-01 4.939006991182407491e-01 6.208140668145212260e-01
1.079200000000000000e+04 6.230374658657963360e-01 5.667533982741300713e-01 5.223505064789472074e-01 5.864640173170267978e-01 6.283890169788032276e-01 5.779811752303667394e-01 5.876054601931210986e-01 4.646892478327287468e-01 4.081798183056536966e-01 3.590022175968619056e-01 3.797298743443054958e-01 4.415012374377338400e-01 5.283884851137007344e-01 2.312961827113144964e-01 1.514465811155496777e-01 3.881445559859412198e-01 9.940704626829949264e-01 5.125779918561846893e-01 4.373820675406778768e-01 3.774505722148234210e-01
1.079300000000000000e+04 5.938340215889258422e-01 5.533643465876189049e-01 6.188287430973916647e-01 6.088728236767702029e-01 6.205776801970858125e-01 3.636199779978588342e-01 6.065942353957431976e-01 4.436365786460992888e-01 3.961560350044714407e-01 4.920772215149861739e-01 3.462308285184867995e-01 5.069700026306152019e-01 3.947658306417787810e-01 1.366359510553623591e-01 2.896694208127185699e-01 9.644592986844908733e-01 7.056169863574777157e-01 3.223311790112368125e-01 4.252957658514082140e-01 3.862407542705228458e-01
1.086500000000000000e+04 5.022200025296199577e-01 4.995873886504035855e-01 4.833834538753949972e-01 3.290244176513886787e-01 6.349406840839888488e-01 6.199923028263846225e-01 7.671196969785361031e-01 5.649761527487793256e-01 4.345262301179840247e-01 4.086891084607084945e-01 6.005045992434275837e-01 5.847659946623275928e-01 4.109033281169756080e-01 3.200751385964980544e-01 5.240351253855645153e-01 5.857195515086269788e-01 4.486222495155859358e-01 2.990416394493528585e-01 3.770378872993957464e-01 3.549277772689937716e-01
1.087000000000000000e+04 6.218995302682142068e-01 6.057106709261381727e-01 5.707361851734680247e-01 3.375487761571145384e-01 3.296183870833302998e-01 4.424158217248205793e-01 7.111133805516719475e-01 5.658117649220637535e-01 4.806116338834861001e-01 4.091845717582450193e-01 5.594379558509434691e-01 5.206883675291003044e-01 4.942353888518074001e-01 2.956647916144197197e-01 3.353475051761367065e-01 3.969175218462551169e-01 3.975972762154487139e-01 4.452231401562176671e-01 5.436435267389774229e-01 4.615114226098622208e-01
1.101600000000000000e+04 5.825803737249900527e-01 5.382240903795140197e-01 5.281946457372753700e-01 5.887280814874064072e-01 5.135329299105726442e-01 5.997756434428918038e-01 6.501016197935545193e-01 4.524875002410633784e-01 3.311120543704297869e-01 5.333293290161486011e-01 3.791869941981934611e-01 5.469716342557685573e-01 5.194796448736797023e-01 4.713376804171085510e-01 3.624021577202716782e-01 2.911973222449549814e-01 4.877842437869222558e-01 4.386121682886633399e-01 4.646722130858946254e-01 5.718198711134153678e-01
1.119000000000000000e+04 5.970593092494106413e-01 6.530052195153311922e-01 7.517566847056683654e-01 5.828399127096565158e-01 4.711112380717678572e-01 3.718995898577409642e-01 5.987561268584967733e-01 4.319558176955737294e-01 4.163114667776907640e-01 3.904710775871641504e-01 3.312154941458567703e-01 5.501779928567649414e-01 6.494093411266286253e-01 5.682051369520063622e-01 4.028424955299037546e-01 4.990757245099604611e-01 5.619062423355206670e-01 3.203309296758380942e-01 4.929905610010589245e-01 2.539898903173598566e-01
1.120900000000000000e+04 5.397079127133217469e-01 5.547216756522211911e-01 5.158879110260550238e-01 5.507963425090665055e-01 5.716406207477905399e-01 6.045666712803431375e-01 6.095873939378498862e-01 5.143285133432347056e-01 4.125494039702592985e-01 4.234617123539368144e-01 4.506706115410061830e-01 6.281353499334499935e-01 4.357350650035939910e-01 2.975399548553183671e-01 2.065881428514946272e-01 5.132992558651447990e-01 4.477266422481646635e-01 4.865229968471089239e-01 6.932344734804523068e-01 2.948866894623885515e-01
1.121000000000000000e+04 5.821603706932907407e-01 5.473223119096402023e-01 5.839286988688858759e-01 5.576471324786659300e-01 6.461813915135837805e-01 3.947633396123947924e-01 6.771793880349090688e-01 4.460618427553402765e-01 4.535865552921254928e-01 4.015379522222269904e-01 5.086104944912591685e-01 4.333433898747955926e-01 4.745105479939809578e-01 2.080236423556975356e-01 4.700609044479950871e-01 4.488192806597386397e-01 6.919892794066857533e-01 5.278478057439337512e-01 3.433012503392676162e-01 3.291441315780176402e-01
1.121100000000000000e+04 5.776165250587640410e-01 6.019025102245302294e-01 5.933564916501393727e-01 6.261617408726019018e-01 4.342922234457198827e-01 4.991525151949146033e-01 5.809471125573011374e-01 4.776868832322300196e-01 4.359396676605622467e-01 4.306852368926754604e-01 3.563567479154416962e-01 4.773956803899460088e-01 3.911755748519466502e-01 4.985685383029402895e-01 3.919157580755703307e-01 7.011815691913352300e-01 7.588930639886133367e-01 2.642298514575820989e-01 3.873312141390137797e-01 3.549040368199130047e-01
1.121300000000000000e+04 6.618824613033039705e-01 6.914290110367318221e-01 5.258816199053478746e-01 5.798683434216644894e-01 4.457172949776807558e-01 4.741038641742138515e-01 6.417503270429149032e-01 5.074988521847251244e-01 3.082718112485467454e-01 3.659209577759093279e-01 2.639816093858536328e-01 5.599550987204268138e-01 4.868918658331751748e-01 6.054645150417490296e-01 6.431845601070628193e-01 3.196090492275485695e-01 3.558663374232374776e-01 2.668911548948069146e-01 5.829963934364242872e-01 5.998099892854901194e-01
1.121400000000000000e+04 7.244037694516314296e-01 5.779377262895633027e-01 6.411346422656252209e-01 4.790572173114163168e-01 5.484482812938255014e-01 4.780538371513384233e-01 6.909912894182280718e-01 3.861764769495782401e-01 4.237592910165042248e-01 3.270215132624076926e-01 4.156695575782292096e-01 4.424974015729163934e-01 7.124544196065111246e-01 6.050221023414525945e-01 1.831872388634619986e-01 3.286322343449799566e-01 3.497003945174164685e-01 4.089391640584688625e-01 6.432732839981591955e-01 4.644196324680547883e-01
1.121500000000000000e+04 6.277342736109748911e-01 6.715660201677156049e-01 5.529161596710573390e-01 5.760828324318176819e-01 5.604278275006688848e-01 5.592829482524622753e-01 5.208001910084146813e-01 4.741831716287439602e-01 3.933252196082553387e-01 3.542694887090819256e-01 3.379723160324611397e-01 6.663252836973271309e-01 7.313844743919606373e-01 1.600240108505342762e-01 2.042110231823390243e-01 3.311813214817405648e-01 5.494972933642843227e-01 4.627370127868331018e-01 5.107846023366722221e-01 5.352434148470732733e-01
1.121600000000000000e+04 7.023167857299869032e-01 5.938087123120955324e-01 6.311746483447328027e-01 5.728293924476425270e-01 6.282206166871511233e-01 2.899453255497233539e-01 6.377801402946084997e-01 4.448612121099179140e-01 4.083920750055545223e-01 3.332778291533079473e-01 5.054450434306523299e-01 6.809426840133677716e-01 3.164877938218909059e-01 1.795665774905292889e-01 2.056068993170265535e-01 5.181600334749467685e-01 6.191165248113412733e-01 3.658537386363357458e-01 5.861519041797984553e-01 4.608345705325411212e-01
1.121700000000000000e+04 6.329223072706283704e-01 6.538389642027806481e-01 6.279491412516039484e-01 6.320873539098513794e-01 3.512084991781145304e-01 4.643690379313584748e-01 5.952764209775838200e-01 4.557833244984410559e-01 3.892122006240376075e-01 4.249632830080211088e-01 5.474119305651795608e-01 3.128199073362638583e-01 3.560242744806757509e-01 2.042611041815676487e-01 4.722325397904255095e-01 6.167858629381710589e-01 5.171440964832040299e-01 4.435526856410309526e-01 5.331742671904813324e-01 4.260126329481893626e-01
1.137200000000000000e+04 4.701214242263666576e-01 4.973116567850329184e-01 5.386882992282917559e-01 6.254404771598346402e-01 7.305064652663117997e-01 5.059393759593376894e-01 6.416870513650525520e-01 5.072695027066216333e-01 5.263932928141717982e-01 3.050779543334448118e-01 2.107466804994998499e-01 2.555498156567020951e-01 5.418980114896365663e-01 5.520749524209235259e-01 2.909138298369461362e-01 6.385016676231390909e-01 6.583301783269913665e-01 2.845464053458434672e-01 4.587251635769196145e-01 7.078543006181059472e-01
1.137300000000000000e+04 5.273758739506517745e-01 5.607253281494751773e-01 6.486593303908465558e-01 6.911409370411948361e-01 5.383544818432075552e-01 4.363240139222516190e-01 6.627364949068558220e-01 5.263019490846384540e-01 3.421752588760543778e-01 3.571628096952926268e-01 1.787501976850961460e-01 4.642871355866733385e-01 6.264487974724579633e-01 2.308822206264820875e-01 5.273242840897131023e-01 5.756828819872462644e-01 3.530460326804322202e-01 3.046921036709978603e-01 7.188610805613740995e-01 6.365032252704274640e-01
1.137400000000000000e+04 5.887076817659450123e-01 6.506905289324188546e-01 7.174912518461815658e-01 5.303472822117293317e-01 4.754870610407648246e-01 4.761400655814597149e-01 6.958654441889451370e-01 3.956004193347665288e-01 3.947522377474127486e-01 3.735034093222118767e-01 3.406672270077515385e-01 5.631214604295676773e-01 3.684621628346956834e-01 4.823494660573597326e-01 4.845484303406584203e-01 3.223513081490783638e-01 3.947278436654226841e-01 4.985559204536156863e-01 6.749285288503200642e-01 4.149468521320192060e-01
1.137500000000000000e+04 6.702344584030163199e-01 7.051619534091655428e-01 5.685326083359815152e-01 4.774352018972607969e-01 5.188814975197190149e-01 5.279997088661025906e-01 5.087042934643938308e-01 4.351415261253160915e-01 4.111149388992351716e-01 4.325421024012004456e-01 4.409807440693817027e-01 3.536068506373050147e-01 6.340044479217749052e-01 4.829542579182514728e-01 2.064102752137335905e-01 3.831666605076442522e-01 6.866582432115956314e-01 4.976421527233417796e-01 4.677791326240650083e-01 3.359950525855194825e-01
1.137600000000000000e+04 7.330993498435416367e-01 6.067647722922802078e-01 5.397241207773133542e-01 5.377210294854108952e-01 5.975744500548331173e-01 2.733467091188463427e-01 5.823429405337594567e-01 4.585436756144734005e-01 4.803674281735750839e-01 3.755866835193303888e-01 2.756206969805704565e-01 6.035151783786398827e-01 6.291682251181824892e-01 1.905500633958152057e-01 2.797269542931303254e-01 6.612352482099672635e-01 6.799441899973192038e-01 3.421597971624678602e-01 3.757601365229699675e-01 4.940181146361028452e-01
1.158700000000000000e+04 6.106693384410633030e-01 6.293307984306422131e-01 6.109016416009945827e-01 5.413343794386733521e-01 7.323665912666112998e-01 6.193996264715603273e-01 6.487509727546491023e-01 3.492260222896619859e-01 3.298352445043761239e-01 3.649848252420601069e-01 3.509336383087974798e-01 4.343740618040575763e-01 3.108109900893884503e-01 2.580521325598499338e-01 5.200842967983888565e-01 6.837182246904859317e-01 5.066555439818080098e-01 6.563741937730145359e-01 3.708905115503456917e-01 3.305031099203512568e-01
1.159700000000000000e+04 5.331346571566253356e-01 5.529394621267891274e-01 6.014290391574393935e-01 6.088984088832104513e-01 6.300263662311593738e-01 4.702522833364245480e-01 6.316003240120769968e-01 5.445901374328090405e-01 3.691323950608622617e-01 3.506838703978230054e-01 5.527637844375112852e-01 4.359475677381696723e-01 5.940497984873271964e-01 2.069767004157060664e-01 1.535507342561146238e-01 3.863278361597319299e-01 6.371772506481223619e-01 3.620764780707960706e-01 6.653608953223455469e-01 4.571584240902964447e-01
1.159800000000000000e+04 5.846761961235414917e-01 6.176635992223238336e-01 6.445042143615788977e-01 6.152124828481904117e-01 5.154963800458576273e-01 4.346971470445342711e-01 7.256492885473582177e-01 4.176194133873150083e-01 3.920525082581391429e-01 3.488404994763948941e-01 3.639900447333646039e-01 6.063595347152438420e-01 3.963069424882452729e-01 1.607266349437189434e-01 3.163755225748210997e-01 6.547918611833060121e-01 5.279421071433834101e-01 5.193661128664163185e-01 5.455979679093172496e-01 3.491212331294047400e-01
1.159900000000000000e+04 6.315533275268938596e-01 6.386628988823948028e-01 6.346841223870628435e-01 4.980968232641961868e-01 4.598834363003812542e-01 5.564174006820862273e-01 5.298214536858174561e-01 4.257651882155316647e-01 3.786071887972146111e-01 5.284962782858587671e-01 4.677587251757838183e-01 3.746166599551274956e-01 3.227513246898169319e-01 3.009042457902612600e-01 6.171067568869460507e-01 5.055434276153117912e-01 7.056428477280923817e-01 3.968408690150901363e-01 3.882479144451005393e-01 4.249162036120585073e-01
1.174200000000000000e+04 6.274222103111027904e-01 5.759562712912442706e-01 6.917685664614563468e-01 6.689826805541673194e-01 6.002733021759741883e-01 5.075937089778198574e-01 5.667458411322747747e-01 4.035852870516474233e-01 4.117837773385358280e-01 3.176093536307064147e-01 4.616127143796761589e-01 4.108019285527846343e-01 3.070292953823170468e-01 4.534172698478322050e-01 4.597641026138112874e-01 5.177006501067736854e-01 5.162011959043427689e-01 5.564171852573891464e-01 4.014712879404393475e-01 3.707122899889998546e-01
1.174300000000000000e+04 6.090985459102985500e-01 6.915028771213096448e-01 7.066870095792552320e-01 5.952474541013077491e-01 5.608276560417460033e-01 3.446821289969960178e-01 5.264956272066694254e-01 4.519266391040335784e-01 3.663316030489966457e-01 4.203973772297655009e-01 3.008763462821150703e-01 2.738350889586534942e-01 5.665033153915414177e-01 4.150006025097237594e-01 4.140719439246430822e-01 4.703630151583770846e-01 7.193733274710970571e-01 2.778674307766793028e-01 3.922927141169688103e-01 7.503287652625445503e-01
1.195900000000000000e+04 5.538985665415229187e-01 5.306233042798773614e-01 5.528420304421074460e-01 5.413741070452049442e-01 5.690201386098828751e-01 5.023032731722102406e-01 7.081023908268763156e-01 5.366336996791251090e-01 3.902303832949071682e-01 3.703923505699612262e-01 4.351885693671003197e-01 3.295258712449565808e-01 4.359691293768088727e-01 3.567026874685534366e-01 6.564976158463580180e-01 4.092043998626148649e-01 3.577113921911519445e-01 2.685792362013023071e-01 7.227138205411293148e-01 6.138208279025323399e-01
1.196000000000000000e+04 5.622211311583868998e-01 5.774267641700242537e-01 5.773069621631653492e-01 5.577226254659232163e-01 5.438376126734231208e-01 5.443869133474649180e-01 7.111614081501633766e-01 4.309718966585576183e-01 4.071074284014233324e-01 4.021419136318503673e-01 2.407543885034859055e-01 3.888361511271890558e-01 4.785223728170576174e-01 6.044344381856084913e-01 2.833719398195912453e-01 3.249885848626290485e-01 3.462153791471295206e-01 4.987383719044451436e-01 6.476438003219940898e-01 7.318952279429671304e-01
1.196300000000000000e+04 6.366792705567551058e-01 5.983008885404653698e-01 6.155962539446567794e-01 5.862534463241158011e-01 3.676042835023650146e-01 3.573337155513349184e-01 6.131481387628159307e-01 4.534456282702968855e-01 4.557721068511845219e-01 5.015110050617870296e-01 5.444608103723218573e-01 4.034568924324787864e-01 3.498265757039413781e-01 1.980232613322472079e-01 6.168194500024360982e-01 6.182425839913200383e-01 8.113951660574841851e-01 3.370476570121478527e-02 5.458976075159037711e-01 4.695313800800128279e-01
1.196900000000000000e+04 5.628183644636701732e-01 5.098271555921490839e-01 5.111904489680518804e-01 5.706516018376897037e-01 6.251395368040366662e-01 5.366530226580223939e-01 6.290923530623601101e-01 4.792965258406971518e-01 4.472922810992487896e-01 4.376011694086132109e-01 5.660623828713828853e-01 0.000000000000000000e+00 5.007929570394104024e-01 3.250031758783670788e-01 4.566603673554664455e-01 4.397431463900144388e-01 6.833774624524614483e-01 5.096037982753970352e-01 5.379565381691541193e-01 4.133445684278768129e-01
1.197000000000000000e+04 5.417865279953033575e-01 5.432705421726945483e-01 6.019983801761230602e-01 6.039152734884702944e-01 5.757168889685015944e-01 4.231845746319295443e-01 6.261259441387894142e-01 4.711318806478302923e-01 4.659819942637574153e-01 4.338414900266688856e-01 0.000000000000000000e+00 4.324600752232097833e-01 4.354767474582051379e-01 3.909323566410863315e-01 3.040518399075674005e-01 6.023231825444028686e-01 6.372969715824996495e-01 3.601529071502243551e-01 4.230972319918828717e-01 1.000000000000000000e+00
1.197100000000000000e+04 5.685521842763306966e-01 6.096494104079076548e-01 6.288170349314466945e-01 5.559028259274858552e-01 4.538034606974017393e-01 4.135455930270096059e-01 6.108409163004057119e-01 4.823682694648172009e-01 4.592598693801039356e-01 4.412479969058923923e-01 2.975528702493049904e-01 3.658118547636273199e-01 4.800685469791964866e-01 2.359151952540871899e-01 4.754111362360627924e-01 5.487554669767507054e-01 4.400104202171253864e-01 2.767226611403716396e-01 1.000000000000000000e+00 4.707064765295475017e-01
1.244000000000000000e+04 4.992126135723130576e-01 5.351114746792245969e-01 5.257693200910940057e-01 4.854081613386618255e-01 6.729502147111620092e-01 5.325723682487023547e-01 6.766509107752809449e-01 4.868335530658999821e-01 4.961175164675850624e-01 3.970161241489448267e-01 1.615593948896826837e-01 5.601512002918155320e-01 7.307944754608343141e-01 3.547964600290813286e-01 7.732934494343849385e-01 5.638566989032658405e-01 2.765319265410072780e-01 4.169448004714489953e-01 3.118459449811910034e-01 4.973898639083944029e-01
1.244200000000000000e+04 5.755750457578893142e-01 5.448315685911837569e-01 6.638331661497426373e-01 5.476303685449488423e-01 5.214422057321163040e-01 4.246849794338913853e-01 6.589403968428914071e-01 4.531028365473330766e-01 5.109466262312993834e-01 3.630780172929689020e-01 4.596508237641218075e-01 4.096924662074026835e-01 7.718859756401125205e-01 3.981900717087730190e-01 8.562408731627589586e-02 4.717862570197710048e-01 2.680226513243563202e-01 3.499083315025369179e-01 7.571974519552825411e-01 5.385464978916310042e-01
