3.600000000000000000e+02 6.118817405230635442e-01 6.262585102628126510e-01 6.869990374060808147e-01 6.320055736575419525e-01 7.478714506162215114e-01 4.344919346295049722e-01 6.567303190025230997e-01 4.499527567426327423e-01 3.261215212807239694e-01 1.958897172147833488e-01 4.921061249247111746e-01 4.618441277303778070e-01 3.568361209116865385e-01 2.084606188610968469e-01 5.243301508526903021e-01 5.385615046777446624e-01 3.447796378813848817e-01 5.314167397398702475e-01 4.831605565797254531e-01 4.852707150773956091e-01
1.151000000000000000e+03 4.584671556121306391e-01 3.418826167442353126e-01 6.430071913467142464e-01 6.942508460227498901e-01 1.000000000000000000e+00 8.610537988513705665e-01 5.119701615112844939e-01 4.438613951659006185e-01 3.481243637437760885e-01 3.421037466307453312e-01 4.201857781042432349e-01 5.227971668901801872e-01 4.812819099740762163e-01 1.672776507994443995e-01 6.250073128020643409e-01 5.204792492652294822e-01 5.739696945852286181e-01 3.858279859301649295e-01 4.196530560729499482e-01 4.059136204433616557e-01
2.012000000000000000e+03 7.077180608061065525e-01 6.686180632751148600e-01 5.697601495869953903e-01 6.294119040717552904e-01 6.870049475800541483e-01 5.851123482870707049e-01 6.422660433224320897e-01 4.701153263543430549e-01 2.506149926865421929e-01 1.371931990706725946e-01 2.910897934535393583e-01 6.611322287027935340e-01 7.392709000046286949e-01 3.716773195793890983e-01 2.478933183288414832e-02 2.725149818414421832e-01 4.330671755265324552e-01 5.004641042200154155e-01 6.991961003944751063e-01 5.147246278160518829e-01
2.013000000000000000e+03 7.175214683183888109e-01 6.267375399108193745e-01 7.073322102377207488e-01 7.115616078840720782e-01 6.864058396563259556e-01 5.019892075807608212e-01 6.524790299947673677e-01 3.547062906658354220e-01 2.307193834713214542e-01 2.365703516105773507e-01 5.179837448550607126e-01 7.109364461970052451e-01 5.294741293455074160e-01 5.552347731308389725e-03 1.436611736335541845e-01 4.209947944348659821e-01 6.902906346059862752e-01 5.162864229770784963e-01 5.811058384134643040e-01 2.684239149180506212e-01
2.301000000000000000e+03 6.063731170579415020e-01 7.094692948814361744e-01 5.899798341317527006e-01 5.727254312800750258e-01 5.487450980521744182e-01 8.012845526763194837e-01 9.028508652827916814e-01 3.889979477300695154e-01 8.271283169785795253e-02 2.213629859035534941e-01 4.110119560222841861e-01 4.089127577891591425e-01 2.399391542981679504e-01 3.244678300554145189e-01 3.796116911393314086e-01 6.060241829216066467e-01 6.279442040972689210e-01 4.162425822820812193e-01 5.365248549212620066e-01 5.182279002843651616e-01
2.302000000000000000e+03 7.351590754509820247e-01 6.212613638758814893e-01 6.266669210806417034e-01 5.611465738559413552e-01 8.752830524540313739e-01 8.586461894087648039e-01 5.136199766746917250e-01 2.170601767387496106e-01 2.867460993304764005e-01 3.174530788901259726e-01 3.158078247723040133e-01 2.260304126277674630e-01 4.757668653851462315e-01 3.648478544042191296e-01 5.549315550724185364e-01 6.004173014796989616e-01 5.647022322785046899e-01 3.896676813600740696e-01 5.754587816700316161e-01 4.883201570623022514e-01
3.539000000000000000e+03 7.033553770061026222e-01 5.426179817057007471e-01 7.282990906803368247e-01 8.208620365938253949e-01 8.175523189271018953e-01 7.767870318273687458e-01 7.354798689033403836e-01 2.334397958452003041e-01 8.105869685818510584e-02 2.213767404333144284e-01 4.185126367541888159e-01 6.425227728704345775e-01 5.480641170175926113e-01 1.221536760184921827e-01 4.387004015246225297e-01 2.401107253028130217e-01 3.698486840902578954e-01 5.698531417791198317e-01 4.969018206479696165e-01 5.951116355726697726e-01
6.316000000000000000e+03 4.535168175513155653e-01 5.640920972689662527e-01 5.163532726226693903e-01 8.043124737690484638e-01 9.438134287503234798e-01 5.848682402026401661e-01 7.380894470698992071e-01 4.000755125817426205e-01 3.208415070338048181e-01 2.193124016483803118e-01 3.328401601967996837e-01 5.258112707380033779e-01 4.354129524933064155e-01 5.056047704231260154e-01 4.427145975022287461e-01 4.548082428184740955e-01 4.741347899795010923e-01 3.645904294833344217e-01 4.946961859529878658e-01 5.432730080243567405e-01
7.183000000000000000e+03 7.742115010328679547e-01 5.964311273291250659e-01 5.852637193890223299e-01 5.642094683522107523e-01 6.016897546175423717e-01 5.555234146444539833e-01 7.799230266320668070e-01 3.334466695587611218e-01 3.170622651806762615e-01 2.404449449286046037e-01 3.682269271058370985e-01 4.957377475245025034e-01 4.734138680672165811e-01 3.728570251060641660e-01 8.308263716131224219e-02 3.486028553672964048e-01 6.130329382570630647e-01 5.189534016413888118e-01 6.441524898623596229e-01 5.333138733577303947e-01
9.729000000000000000e+03 5.961553137065919161e-01 6.990982712710900326e-01 7.241041912616755782e-01 6.842224757691337533e-01 5.972902594194090531e-01 5.682199015311566459e-01 6.415468175104150905e-01 3.279100298946430181e-01 3.342234288783296203e-01 2.650745302481514742e-01 3.760660799562093870e-01 6.574604425819799980e-01 5.264617151028799791e-01 3.327053205734189500e-01 2.574668065965551866e-01 5.359105060024967893e-01 5.499373061513126437e-01 5.892910273604190508e-01 3.056518016417001937e-01 3.155378384359591726e-01
