1.640000000000000000e+02 3.477239238766711149e-01 3.216480703122110429e-01 2.007198537299904328e-01 5.556312888795428284e-01 6.453875776365664008e-01 6.313288542747874654e-01 7.355751458171965185e-01 5.891306132519851246e-01 5.882338876664724436e-01 6.578038113263728892e-01 3.498967849202337943e-01 2.426276119715955748e-01 4.739184783595944417e-01 4.798929654302649950e-01 4.861807806495367923e-01 2.789300872978436319e-01 7.318977937288109192e-01 3.436211266669348396e-01 4.990543825988992266e-01 6.878349312953589978e-01
1.393000000000000000e+03 4.792479751859092807e-01 3.428544275757615667e-01 4.063340101007608118e-01 0.000000000000000000e+00 5.624541876852769962e-01 6.032848146016195345e-01 7.651080055945805869e-01 6.039349655599209887e-01 5.704285807453046697e-01 7.802056672057250397e-01 4.856158153395672139e-01 6.648443336714676688e-01 4.260885635551234230e-01 4.050794147259446087e-01 4.282273785179053216e-01 3.471937426739329369e-01 5.631023172782377850e-01 2.871590978846844666e-01 3.975420892705249787e-01 5.421995194608402180e-01
1.394000000000000000e+03 3.476972127315053895e-01 4.115628925554842832e-01 0.000000000000000000e+00 4.778521443733945717e-01 5.628812869410062536e-01 5.469642332326567491e-01 7.530296763663260062e-01 5.243898476671374764e-01 7.262740166016445897e-01 8.303681701714005214e-01 5.276479871033958879e-01 4.151951378310260177e-01 5.687677335902255882e-01 4.334442283481006464e-01 2.439998977817653403e-01 5.541214139280323803e-01 4.009433681898559865e-01 2.971480768394501037e-01 6.196372709386138711e-01 4.550239736773640797e-01
1.396000000000000000e+03 1.298821753769870135e-01 4.417676163169244052e-01 4.460495327426343137e-01 4.250646275006048636e-01 4.836736865147546194e-01 3.551364801594974474e-01 8.003669553445084128e-01 6.699146635882556877e-01 7.380620479639641296e-01 6.394020191922457075e-01 4.386372751631395506e-01 5.784769444413128126e-01 4.071435009835543961e-01 5.170378032357637599e-01 3.030365391632077743e-01 4.067500240638638465e-01 6.442570285390774032e-01 3.872373242145991101e-01 3.559135790660861165e-01 4.808763104057170445e-01
2.112000000000000000e+03 3.483776613803128419e-01 2.636257940431261937e-01 9.055576694669915938e-02 2.201609406366022148e-01 4.852616031076759651e-01 6.471174746610302009e-01 7.652494498207598195e-01 6.512690951478575796e-01 7.806080911890681540e-01 8.333204838485741561e-01 2.994380882282715595e-01 5.848428087082711002e-01 5.084916159656165391e-01 5.305480414997413297e-01 5.319557842332642839e-01 4.193320225923709010e-01 2.475522742058521575e-01 4.818343817622295910e-01 4.888649775971921074e-01 4.815005016173609098e-01
2.113000000000000000e+03 2.795716387424261318e-01 1.718831014164591553e-01 2.098903343724018156e-01 4.139576695181270138e-01 6.120345477991664396e-01 5.512513837451399334e-01 8.240401185619159463e-01 6.796525215774695816e-01 7.770009840675367041e-01 6.463396208651275288e-01 4.540907715638240472e-01 4.840190108605930686e-01 6.742871776968669684e-01 5.263159630726175209e-01 3.253861829101505898e-01 2.384471845547738167e-01 6.584988720345769098e-01 3.576664264733646625e-01 5.386108182215125773e-01 3.203403418161585026e-01
3.528000000000000000e+03 5.844240810999502544e-01 3.039539272464094055e-01 2.724634549721908217e-01 4.960060374639136960e-01 5.140391351951206778e-01 5.721407869672479052e-01 6.044828217997981756e-01 5.608212281144023814e-01 6.792685839102111656e-01 5.873914858466744437e-01 5.493686771257820789e-01 6.028623941434640976e-01 3.438950785183150227e-01 4.859256249871879429e-01 2.508112448022029040e-01 4.844874885410704879e-01 6.795836102062283723e-01 3.270179117109016653e-01 3.433049644341615303e-01 4.234659071547240972e-01
3.663000000000000000e+03 2.291551257889564708e-01 2.241588043764789207e-01 1.145810935912225242e-01 2.667426296184566281e-01 2.961254589261816950e-01 4.212284991744170703e-01 8.065287480643723583e-01 6.806220690790708572e-01 9.293504465320736596e-01 1.000000000000000000e+00 3.304932707834854488e-01 3.636239954249719242e-01 5.370630210947109351e-01 2.555930516483008730e-01 1.110271377623962413e-01 6.386402315698769261e-01 5.026987087293118828e-01 4.708698387912469974e-01 8.079276920311878607e-01 4.423738303912561065e-01
8.013000000000000000e+03 4.830642783427624987e-01 2.142471274500462319e-01 2.124542716451208180e-01 1.677122898285176300e-01 2.448095029205331064e-01 4.642621362176013178e-01 8.527718337903391621e-01 7.186634911835000361e-01 7.176670568288622265e-01 8.314679533409686796e-01 2.409934723097943987e-01 3.360048192901153863e-01 5.332430073336734688e-01 6.708711308085651970e-01 3.309406466040168970e-01 4.625814605649959388e-01 5.110181221603846691e-01 4.830189283678136825e-01 5.967635473413545055e-01 4.165790932760450871e-01
8.014000000000000000e+03 2.448276842291224054e-01 2.757492505730942400e-01 1.741427433985767159e-01 2.178623903645731108e-01 4.408843941035422431e-01 6.977517752890293190e-01 9.320647025426559429e-01 6.411966931257406799e-01 7.855801068607679571e-01 7.084269934949651848e-01 2.613569061434061203e-01 5.061927855615692140e-01 8.046556947957942407e-01 3.176330937658084497e-01 3.783541366582489074e-01 4.909465418264031822e-01 6.584172592896873066e-01 4.354834291204771612e-01 4.647888927123963732e-01 2.608120940731387671e-01
