7.340000000000000000e+02 4.889256118670786133e-01 7.548820385507548636e-01 7.712398191643804468e-01 7.475994608994016577e-01 7.991123994507530748e-01 8.908026209211272750e-01 6.857757154268405708e-01 3.612899918765636875e-01 1.866949073358427080e-01 3.604713025156283668e-01 1.083411693769664036e-01 3.597986166857068402e-01 2.427706447590891603e-01 4.422031862058202201e-01 4.371066102845865831e-01 1.519325818357711577e-01 3.191996900472568455e-01 8.497490384429036148e-01 5.314756406785524634e-01 5.009470296768258057e-01
1.024000000000000000e+03 7.106505949213373086e-01 8.786620997467916583e-01 6.277989959439815859e-01 7.512353338776691647e-01 7.330543343816122714e-01 6.952508755200879076e-01 6.277594321354794671e-01 5.748743405199946421e-01 3.498721744997037586e-01 0.000000000000000000e+00 2.700553340172816008e-01 2.966093370908021165e-01 5.183797925060562584e-01 3.622190201071653903e-01 3.472525525279179237e-01 7.600542416961661996e-01 3.675504385954246889e-01 4.567989222113266745e-01 3.461282997989842958e-01 3.330368598031969163e-01
1.025000000000000000e+03 8.465223913082627893e-01 7.134092747096900666e-01 7.796617237218047558e-01 7.628931441040356365e-01 7.417892412675578528e-01 7.780604286491742405e-01 6.525406396991551006e-01 5.031353374204413642e-01 1.039721676952109174e-02 2.334826306396959594e-01 3.272216047761946633e-01 5.303513854736017219e-01 3.275870275281736466e-01 2.579529708850978875e-01 8.199162321026004507e-01 3.641788789184833841e-01 4.777139729282360303e-01 4.225561767075174946e-01 3.156995110180866870e-01 2.779962376537778446e-01
1.384000000000000000e+03 5.912691194728897370e-01 6.507752258574348581e-01 5.605970350369429145e-01 7.085893732432753112e-01 7.815745720899333060e-01 7.775754772943901383e-01 8.239270364638719979e-01 3.665727153705770625e-01 2.932774947729879789e-01 3.881256469320348290e-01 3.534176972434581177e-01 2.605406994524646080e-01 1.038306335800536773e-01 5.274668074255557393e-01 3.996107038803166089e-01 2.625255247082060595e-01 4.330771657010183961e-01 4.710593032789422430e-01 4.596819655828611184e-01 6.414212829666877669e-01
1.478000000000000000e+03 5.651856557680937643e-01 6.612897694301654861e-01 6.604332302750716144e-01 6.637590962101210801e-01 7.361059895098251982e-01 6.830272502117016309e-01 6.581274294850332218e-01 6.840608865203340327e-01 3.967588669178849781e-01 2.042287744476696809e-01 5.031082003496999411e-01 1.220036155047341392e-01 2.819011209098205573e-01 2.574622745401514701e-01 1.570883741093789809e-01 7.781583630391853967e-01 4.928538064413178765e-01 5.373010872517015590e-01 4.251704048271529590e-01 5.058065228118270307e-01
2.287000000000000000e+03 6.386413303524681728e-01 7.845800734334390514e-01 5.172770881757912109e-01 6.977622142156462148e-01 6.618260725142380840e-01 7.786146773467910176e-01 6.816668533041975175e-01 5.047667498313119783e-01 3.338365463984223624e-01 2.860503174182441044e-01 3.628078961614227826e-01 4.317578089705029765e-01 5.412734505657520456e-01 2.893407231571743510e-01 2.190986374018207838e-01 4.813530683061281734e-01 3.579814828882195710e-01 5.268531251086305822e-01 4.369041700275179130e-01 3.406385007130534603e-01
2.288000000000000000e+03 7.390481682868251800e-01 5.784534187554353224e-01 6.910139902678233970e-01 6.649804364128105716e-01 7.938359975195562468e-01 7.967063465022382607e-01 5.404352221523551769e-01 4.466592176146630400e-01 2.435135617788402040e-01 4.213247813289085486e-01 4.970234248782195996e-01 5.898680838262913007e-01 2.665786772969487850e-01 1.738006043031466996e-01 5.821138042281954750e-01 3.807729772296947757e-01 5.883496570636097545e-01 5.953940075977527391e-01 3.415383503607203330e-01 1.620445422512323541e-01
2.796000000000000000e+03 6.158470258120239960e-01 7.213248350044556556e-01 6.157173516684978365e-01 7.044861148758810865e-01 7.908580460925558331e-01 7.617334698560742634e-01 6.803460680530708515e-01 6.996442752158135159e-01 2.177569433859236625e-01 1.926990663626005074e-01 4.312191714899142880e-01 4.839391569622030764e-01 4.408296696136290160e-01 1.830801144480663223e-01 1.721520173962202138e-01 5.201296682519268577e-01 4.418438650665942879e-01 4.880415488238025179e-01 5.410050410315401237e-01 3.023699023935532137e-01
3.044000000000000000e+03 6.362635314027303979e-01 6.105511273006153372e-01 6.250120514491032120e-01 7.058256447150517143e-01 8.546909970494832587e-01 7.619779110251170273e-01 6.824137479036264109e-01 5.746999321462396004e-01 3.314396820114389741e-01 1.963365797162374138e-01 5.469009041730350518e-01 2.377786003918271884e-01 1.236991189177151507e-01 3.052927742680399126e-01 2.861560388571496860e-01 4.323171207539301397e-01 5.659891466643948155e-01 1.985173783425470129e-01 4.163535369056092228e-01 8.134369837274828541e-01
3.045000000000000000e+03 6.051570234539731530e-01 6.889065045905472529e-01 7.129379434765902301e-01 8.329965107708315886e-01 7.925271411120154985e-01 8.131523892361424144e-01 6.289217065479026925e-01 4.563717184039439712e-01 1.719485312499544338e-01 3.222201489332269242e-01 2.775365815269642544e-01 1.216054617833804280e-01 2.766438426375360526e-01 2.202969202880698529e-01 5.200250065819702616e-01 5.748973240882323532e-01 2.170896569063588966e-01 5.479493042756437005e-01 7.943254798541157236e-01 3.997604616716061710e-01
3.046000000000000000e+03 7.012270398511190050e-01 8.057083609431369142e-01 8.728266663939338033e-01 8.280334665640741720e-01 9.127130756206878193e-01 7.975536088978067983e-01 5.420920525589075778e-01 2.779247716180894279e-01 3.131479882657007274e-01 1.464668211290585942e-02 1.269887566871451823e-01 2.454329759056964044e-01 1.523227015050841737e-01 3.535779703834150411e-01 5.890597106504408265e-01 1.929820196357811823e-01 5.182025347505776480e-01 1.000000000000000000e+00 3.475613372622694541e-01 5.679957150919119346e-01
5.561000000000000000e+03 5.044469032588240198e-01 5.999876496080221999e-01 6.937457475435462317e-01 6.955775362689082808e-01 8.085184816558534937e-01 8.476813182614635345e-01 6.668795798697011445e-01 5.494541447157801350e-01 2.977484909802842195e-01 3.291832603543560221e-01 1.816405810085413297e-01 1.882015735155697922e-01 3.368951450872469944e-01 3.242776528132563230e-01 1.728049774475569345e-01 2.179533618117992233e-01 4.562894564087383587e-01 7.415121147286575232e-01 6.603126139560875352e-01 6.108645013948509339e-01
5.562000000000000000e+03 5.758023928344074838e-01 7.262599475635774793e-01 6.759210806028885798e-01 7.669534011016555519e-01 8.627147959003139688e-01 7.659511427619412061e-01 5.755579331261453380e-01 3.862651677536878547e-01 2.738211471331092328e-01 3.743978217541593101e-01 1.950450089843817347e-01 3.103919544825164412e-01 2.621738644901635551e-01 1.193901390376240074e-01 2.752564805173354223e-01 4.126493887547749706e-01 7.189500832391099161e-01 8.285738496620506099e-01 5.405079046588358027e-01 4.432340149053831668e-01
6.567000000000000000e+03 5.818378774494533667e-01 6.477844329738933205e-01 7.585485036177544993e-01 6.886534523044764988e-01 7.807890747374639506e-01 8.031325304097566287e-01 8.099786856086531595e-01 4.719402254737380953e-01 1.629365122113163589e-01 3.168006533625415955e-01 2.909608395370271161e-01 3.139222073513634470e-01 3.444553135597457905e-01 5.579782137363074046e-01 2.736837920512099065e-01 4.562290974503477869e-01 5.166480600250432653e-01 4.593464063726113711e-01 3.442419056768456498e-01 4.312867991669205869e-01
