3.610000000000000000e+02 5.000195466121006849e-01 6.087104813084430743e-01 5.999828758042924370e-01 7.388043645211508359e-01 6.085107906017540591e-01 7.289879693036360742e-01 6.198499719497692073e-01 5.557886665230397094e-01 4.062273661078432130e-01 4.694480604407129110e-01 3.455815829835893749e-01 2.024553957383380121e-01 2.115339589593334957e-01 4.498022746078257361e-01 5.527228828988098863e-01 2.381042294586633856e-01 6.556711185772486905e-01 3.579242254661142431e-01 3.377632127961076036e-01 6.425761823947032658e-01
1.023000000000000000e+03 4.317154334934598103e-01 7.216709901168257835e-01 8.172746075682095768e-01 5.959294697354442505e-01 7.277436321365009508e-01 6.957952291009182888e-01 5.607976806722420049e-01 5.579301846506626861e-01 4.076438307100641034e-01 3.802687175765246952e-01 5.490149526429168869e-01 2.242005035213246733e-01 2.777994263674541386e-01 5.107470812851692132e-01 4.636005529974486228e-01 2.511888141227225923e-01 7.368823629932359509e-01 3.285226138900881887e-01 3.500264023561334703e-01 3.462935434126909184e-01
1.864000000000000000e+03 7.499411795364075983e-01 6.561770266148883035e-01 5.528276991480878255e-01 6.201919276994742880e-01 6.801666294671092627e-01 7.054128772050890506e-01 6.897438946265003201e-01 3.379021628618319451e-01 3.525967148890513103e-01 4.594928089768570145e-01 4.535633539844023954e-01 2.965726428576603846e-01 1.844940606908333225e-01 4.350842265896667782e-01 4.600767659079079142e-01 6.224668245890410123e-01 6.309111109497265168e-01 4.518285595920428777e-01 2.311024762263051979e-01 3.741775457494240786e-01
1.865000000000000000e+03 6.396619465928857773e-01 6.194563197623051964e-01 6.284952193698448708e-01 6.900094407394490315e-01 7.153133619967029233e-01 8.164195998407166588e-01 3.717710151577442446e-01 4.807924037088975311e-01 4.068604978706374942e-01 4.671127454086009823e-01 3.395838177451163675e-01 1.871649347612235892e-01 4.213996895952482058e-01 3.517222759223964657e-01 7.080620855324950558e-01 6.378831380217467872e-01 4.904625068080261663e-01 2.615863490996028218e-01 3.657257952717133387e-01 3.257808262229618945e-01
1.866000000000000000e+03 5.958164662804362743e-01 6.718798160149949128e-01 6.758463280165918352e-01 6.987587281338895062e-01 8.304648906303612188e-01 4.400023946528615060e-01 5.072298914335698905e-01 5.379938103969830188e-01 4.018824687576956767e-01 4.756735276169268833e-01 2.025703603059592905e-01 4.085459885963581006e-01 3.012876636834686539e-01 5.039246829560353191e-01 6.753293750983552224e-01 4.598051351916771501e-01 2.572276168281713571e-01 4.306005420991336208e-01 2.966302456413551503e-01 4.666457723112121814e-01
2.283000000000000000e+03 4.823467121557518666e-01 5.297003516450111693e-01 5.138470505618865092e-01 6.738954486990922366e-01 6.752056332723036514e-01 8.286351609234312576e-01 4.904541591751503948e-01 6.148493520542199775e-01 4.380687577243856934e-01 5.733699455711773751e-01 5.273815500880957297e-01 2.068824852489702659e-01 0.000000000000000000e+00 3.529127583690775394e-01 5.831944875622451230e-01 6.596373962439231464e-01 8.603414445625831020e-01 3.799381702830274543e-01 1.802016399825518977e-01 4.721267524978980390e-01
2.286000000000000000e+03 6.240061063840824929e-01 6.476063865293726352e-01 7.271901432926446418e-01 4.922380044620546791e-01 6.789328426728730159e-01 6.540014857917264557e-01 6.482612943834670238e-01 6.209035955309768484e-01 3.649363560650867311e-01 3.727354297380119363e-01 2.880684014663725256e-01 3.368961396009811371e-01 4.316352280753443238e-01 5.662611004370893264e-01 3.955298650286564466e-01 1.412216447503217842e-01 4.983128219424331484e-01 3.492451022436195984e-01 4.215813088141507903e-01 4.675841990377270774e-01
2.289000000000000000e+03 5.726026328699463930e-01 7.415487016418533806e-01 6.670239038285656896e-01 7.764429422534718794e-01 8.254734335955623559e-01 6.451295978303778211e-01 4.847404615302177699e-01 3.307240479375673781e-01 3.701868979851564712e-01 4.779259980476033842e-01 6.339137141386549379e-01 2.667786943479243389e-01 1.235712446380004131e-01 4.330243699842709071e-01 4.560378360968049827e-01 5.787924614588174643e-01 6.268996611980154343e-01 4.182038912768702987e-01 1.547485006031568688e-01 4.483501687532309710e-01
2.290000000000000000e+03 6.852923994597969193e-01 6.922905635107277078e-01 7.404135270653606771e-01 7.686917694020481973e-01 5.939904804991222864e-01 5.496926191864934808e-01 3.318758283160064826e-01 4.741691544366687938e-01 4.009814540998756782e-01 5.156317824226513968e-01 3.163960112632822619e-01 1.261550490495570165e-01 4.297833279145115148e-01 3.564826444777253744e-01 6.793017329020542006e-01 6.497709888763273378e-01 4.666468455633718260e-01 1.499108076727177774e-01 4.475955506692272379e-01 4.051673413332230189e-01
2.452000000000000000e+03 4.884967616722866723e-01 5.362031695423187250e-01 6.196240633539850107e-01 6.696502726163903185e-01 7.938200989583119593e-01 4.940917315877262350e-01 5.263002762404302981e-01 5.339724811449264585e-01 4.832273617224571161e-01 6.396344131512501363e-01 4.382244492371215050e-01 1.769844347205110080e-01 3.237734254552480651e-01 3.535612552578719647e-01 7.782765661135806479e-01 7.181140645543658829e-01 5.049888966504161303e-01 1.972320224894150986e-01 3.286351154372813554e-01 3.073456685617008688e-01
4.481000000000000000e+03 5.627466903736307868e-01 5.573346240230828696e-01 5.684531576923155249e-01 7.668865181576807188e-01 5.779294700702548582e-01 6.796251222523348456e-01 4.460059449443511959e-01 5.056333274365911734e-01 4.867937521350688135e-01 5.906789721076596278e-01 3.640690268609281244e-01 2.127437127124828797e-01 4.024289347381518889e-01 4.063444263577331017e-01 4.810389454371976625e-01 5.131851607828373796e-01 3.699352944017595957e-01 2.531325422613410758e-01 5.647510744825610107e-01 3.747477929166086463e-01
4.555000000000000000e+03 5.978857073104061337e-01 7.112499389346340628e-01 6.652698192123051024e-01 6.235381831132313923e-01 5.088995443111888894e-01 6.677138179232635640e-01 5.362942563368657822e-01 5.197321451978086371e-01 4.461665490138737034e-01 4.648695329885458860e-01 4.198518032007653167e-01 4.261355389120816684e-01 2.137509443541336929e-01 3.853028825958547676e-01 6.944036461126179560e-01 3.858871363538226573e-01 6.147046032840267626e-01 5.522034715526394910e-01 2.133635804247109025e-01 2.688320331875043157e-01
5.037000000000000000e+03 4.734366925709709850e-01 5.952168782932786284e-01 6.046547944163950250e-01 6.225400279767169254e-01 6.885129811337314942e-01 7.089727278113576725e-01 5.107685462858502223e-01 4.829885295624227748e-01 4.877070882040033251e-01 6.086280791503743126e-01 3.347301006716547622e-01 3.732616722033924028e-01 3.410261797595137145e-01 7.564876695702347220e-01 3.808019868387033102e-01 4.910513052482531338e-01 3.872614317361016134e-01 4.155960027149413483e-01 2.751631733169979666e-01 2.422200827056015804e-01
5.038000000000000000e+03 5.411704299458766076e-01 6.087501726409066949e-01 5.669809423754409439e-01 6.281737586067226431e-01 6.332099737349324853e-01 5.464571967511813178e-01 4.653481508768671504e-01 6.053624977723189859e-01 4.988436256981167438e-01 6.184236665271239941e-01 4.205087671947825290e-01 3.561906296815586792e-01 7.799789934757618282e-01 2.912484788414162473e-01 5.767840719827134199e-01 3.972452500907770467e-01 4.505100437161803084e-01 3.288651422191007923e-01 2.369548503095798564e-01 2.303011410905124734e-01
7.184000000000000000e+03 4.832814528785055463e-01 5.440823210454072134e-01 5.581957254168670168e-01 6.462660970433515839e-01 7.284920742917322389e-01 8.699709602099664485e-01 4.665467677101657329e-01 5.544771436804876164e-01 4.401026259903936255e-01 5.545928714322579944e-01 4.220993018255420060e-01 3.370333966843760409e-01 3.699207575122241409e-01 1.752038442821047537e-01 3.782679391306518202e-01 5.947794901484962926e-01 7.124782594987035811e-01 5.905547315811887632e-01 4.136509596748652040e-01 1.868440305800600221e-01
7.538000000000000000e+03 5.543493733142499380e-01 6.947766574014688779e-01 6.313325811796267617e-01 7.431721097391782438e-01 5.084636444393114685e-01 8.128591652306798032e-01 4.713911964268754917e-01 3.793579633137732499e-01 4.398890087758098311e-01 5.370005699174498215e-01 5.622134216192330447e-01 4.397105218641583768e-01 2.133145335531044240e-01 2.703982731624083313e-01 5.536922049542767343e-01 4.397534339615682963e-01 5.278910926870289400e-01 4.784597905353871194e-01 3.201143835874752375e-01 3.143322541510294998e-01
7.539000000000000000e+03 6.412824599166209172e-01 6.538365170853635000e-01 7.025523738261773010e-01 5.108260449485647614e-01 7.949659936753566969e-01 5.273184019930342581e-01 3.771751442895295292e-01 5.619355142198505515e-01 4.497571953671387068e-01 5.433761134418915173e-01 4.990113267966958532e-01 2.224605394796376201e-01 2.411159289547815110e-01 4.280560517912937457e-01 5.334724632351535156e-01 5.444452204648357885e-01 5.272946806941060105e-01 4.052248355749343833e-01 3.115441231140630429e-01 3.745642627128823454e-01
7.602000000000000000e+03 5.034996933166893118e-01 5.333165362541749666e-01 5.380865959368203999e-01 6.721385473127483579e-01 7.706984636015673518e-01 8.402781388536901819e-01 4.991398013577829640e-01 4.816424416956012755e-01 4.391405803440667777e-01 5.733883213793393718e-01 8.171733546131869641e-01 3.607360758722859551e-01 1.428354677351876822e-01 4.047816507575345280e-01 4.217004591716819739e-01 8.291579334943740553e-01 3.561125789755095195e-01 2.067104815873357648e-01 8.977541632704515162e-02 4.766727741270222474e-01
7.603000000000000000e+03 4.955919413478768187e-01 5.556266452075188100e-01 6.209235501257479584e-01 7.014245255573017257e-01 8.082877480505878953e-01 5.417914027772536834e-01 4.713767007797960984e-01 5.469653931781914835e-01 4.722472995507396853e-01 5.963216270281099796e-01 4.543638723596826190e-01 1.659765910321614468e-01 4.316823309396755626e-01 3.547227607544641281e-01 1.000000000000000000e+00 4.128949446403977763e-01 2.599939782732494375e-01 6.107373443702774490e-02 5.105901090937720044e-01 3.258469164201420187e-01
8.008000000000000000e+03 5.790848178139580416e-01 4.879739768924780674e-01 5.814265449467748148e-01 6.649855903125349021e-01 6.865817998496099861e-01 6.834594669976907788e-01 4.218751317673523626e-01 5.497558525942193297e-01 4.636005316736679371e-01 6.388765329005556826e-01 3.542571814234178329e-01 3.419424046324860411e-01 3.381167658745612425e-01 3.482856946314869528e-01 3.914614034092991357e-01 3.096194449874314913e-01 3.377571707244153565e-01 5.239036702046571126e-01 6.136525037465175858e-01 3.733737627909649581e-01
8.748000000000000000e+03 5.655866057583566198e-01 5.857965191131108140e-01 5.915148799001563873e-01 6.093584961990845539e-01 6.770745831357870559e-01 7.113780486910480372e-01 5.113693349118567655e-01 5.434323625919417200e-01 4.431566209550547586e-01 5.470182741992754005e-01 4.790256219486677125e-01 3.060054516849955997e-01 3.015318185383116800e-01 6.757442543324212458e-01 6.106721546316163929e-01 4.925570723721214295e-01 4.251781307090539697e-01 2.848499065059372781e-01 2.365260939123988992e-01 2.358547935873504808e-01
8.749000000000000000e+03 5.510247395734944043e-01 6.181787805005057868e-01 5.782654129201352244e-01 6.444497993207138897e-01 6.682469286838613742e-01 5.725911932249287961e-01 5.524568074931882622e-01 5.666681926184808926e-01 4.590499164780427743e-01 5.521945666616240311e-01 3.610865342510166109e-01 3.249798359307855544e-01 7.106390821577976968e-01 4.783221858992223741e-01 5.947970506986325345e-01 4.496661451910011764e-01 3.216533092884872325e-01 2.804115901586248794e-01 2.377657965305229881e-01 2.547802682012367814e-01
1.025900000000000000e+04 4.972276854868545870e-01 5.359627036668611622e-01 5.343056757721680317e-01 6.635162082917828164e-01 8.356700833486989666e-01 8.302279265349691295e-01 5.350231427320050193e-01 5.445285131939732182e-01 4.357108207763303875e-01 4.817417732004448672e-01 3.934178163066497924e-01 2.238210003285740768e-01 3.006087931842472694e-01 3.782365220619615664e-01 3.986458750662818518e-01 3.993296746447820289e-01 8.363829271266572940e-01 3.028010829701402451e-01 4.040023026990561261e-01 4.218549281971125109e-01
1.026000000000000000e+04 5.178836903637736855e-01 5.764217111126175297e-01 6.397493920116729127e-01 7.816460853527374963e-01 8.322586826321698439e-01 6.110635225831568818e-01 5.642472338264641341e-01 5.665993655103158666e-01 4.074727733287857867e-01 4.094643422231062924e-01 2.516956261843001919e-01 3.006284494583718603e-01 3.447365900463177368e-01 2.956027184021136622e-01 4.713801136122137136e-01 8.124865397954016411e-01 3.155415860055204580e-01 5.088436970762667544e-01 3.994686236344419661e-01 3.815688376630244072e-01
1.026100000000000000e+04 5.475465586432795018e-01 6.669733318690082013e-01 7.445261898194930339e-01 7.732654970553967111e-01 5.502860181752733393e-01 6.381712935981125323e-01 5.826981213576453156e-01 5.237668135421432725e-01 3.386430986854333525e-01 4.656907385917213871e-01 3.159480547639727521e-01 3.308279759021064970e-01 2.425357595126655386e-01 3.359432932899434343e-01 8.382412236636228586e-01 2.984569916203024253e-01 5.081600553017431299e-01 4.796063772584198137e-01 3.476952294607963401e-01 3.955663247965981455e-01
1.026200000000000000e+04 6.213691628555940705e-01 7.599804776019047914e-01 7.348342524380703233e-01 5.484093302143504545e-01 5.817264075039234594e-01 6.568556574809557569e-01 5.352164308940648985e-01 4.293001446688352596e-01 3.881810224494155470e-01 5.080660315596853271e-01 3.564729179630766742e-01 2.349530981640594318e-01 2.937478174881739124e-01 6.110680415279099442e-01 3.688144500197252929e-01 4.904744783975580336e-01 4.930661732293054600e-01 4.174169176599980546e-01 3.695122698318512589e-01 3.643254053099619361e-01
1.026300000000000000e+04 6.992664625031130843e-01 7.519746666547196812e-01 5.261823299588702652e-01 5.741473648319036505e-01 6.062799669904266331e-01 6.044456633381544153e-01 4.352864835507155861e-01 4.968199938561149165e-01 4.270184543349360706e-01 5.764905781423320663e-01 2.808987819482486326e-01 3.133098410023069658e-01 6.313613895018858058e-01 2.882709355499535886e-01 5.882787014276489312e-01 5.136892490856903581e-01 4.642761104114017101e-01 4.860770438983033626e-01 3.631830839386094856e-01 1.753893582285686314e-01
1.078300000000000000e+04 5.383962025375113036e-01 6.293822895299779896e-01 6.324824159853515981e-01 7.150070093446866393e-01 6.307233130753377992e-01 7.061397596870679916e-01 5.882491742278709301e-01 5.882661594164489971e-01 3.543283340601470210e-01 4.648149014786918110e-01 3.947456691861101485e-01 3.058958031341590389e-01 1.777858869697465372e-01 1.689896305295779666e-01 7.574977857954240390e-01 4.394067527033729825e-01 5.582306331800698240e-01 3.518585040865037650e-01 4.315361893191830278e-01 5.014486855338942117e-01
1.078400000000000000e+04 5.928770390681318281e-01 6.620051996432914088e-01 6.842134729031150719e-01 6.158891367314877074e-01 6.718935550998677009e-01 6.670358958054546372e-01 6.075091531736471762e-01 4.537273229137632202e-01 3.898309351704895565e-01 4.743533946845207017e-01 3.298758643859060480e-01 1.668633115882523221e-01 1.138949206395894753e-01 5.508489077475781093e-01 5.016608296459693639e-01 5.360281520164659197e-01 3.591912145557559222e-01 5.395772129704693443e-01 4.670787281996988116e-01 4.375671220696803476e-01
1.078500000000000000e+04 6.230427450326996297e-01 7.124562824709663733e-01 5.959335252829572882e-01 6.527993153188926811e-01 6.283900587598202359e-01 6.930713482699515371e-01 4.679501137927526977e-01 5.052572179388955531e-01 4.011744304000958161e-01 5.015979322269505936e-01 1.815812573925523199e-01 9.551009887935384135e-02 5.087020536507161905e-01 3.563152926815075783e-01 5.789148147348591733e-01 3.373775708998226208e-01 5.372806931803253416e-01 5.751949254153789770e-01 3.975434266700754171e-01 4.680159232132513614e-01
1.113400000000000000e+04 4.301855531882999850e-01 5.888979025170182346e-01 5.258604914822742060e-01 6.506329790537924707e-01 6.651021481987756667e-01 7.692526918619190246e-01 5.615389433468127578e-01 6.233714584200390485e-01 4.578590172898988619e-01 5.462368566798729841e-01 4.310047874289081316e-01 2.302655634984810407e-01 3.538184625115228243e-01 4.273874957082245962e-01 4.669199203833117040e-01 3.839068816054640454e-01 6.729363573484055117e-01 3.612840711581939424e-01 2.919275544098378639e-01 4.374935537410372666e-01
1.113500000000000000e+04 5.637820981221428607e-01 5.710860251565262891e-01 6.302947875951525614e-01 6.495627838419761879e-01 7.592673341075318882e-01 6.435963825156651996e-01 6.507933671726173763e-01 5.987630668660417488e-01 4.674563305133513369e-01 3.250739322149503452e-01 2.450294936231489917e-01 3.391580762443348607e-01 3.799483821081712787e-01 3.320620556955835023e-01 4.381368281391380681e-01 6.271257559876158849e-01 3.575039266420541040e-01 3.232550201544093782e-01 3.979067521254520123e-01 5.444180136619243271e-01
1.138400000000000000e+04 5.803293054313014565e-01 5.908077151423053452e-01 5.379595945977498905e-01 6.103583968920985869e-01 7.389337058478027132e-01 5.884365363668131454e-01 4.843122469230805582e-01 4.978835941006051757e-01 4.875246561708079240e-01 6.275233127102752828e-01 2.072875420190445350e-01 3.156444077736102471e-01 5.576193952850350133e-01 4.082857183095685571e-01 6.284083183459696631e-01 4.507029040177720769e-01 5.305882367092027430e-01 2.418573683969740262e-01 3.298245894680458812e-01 3.604207854675232636e-01
1.158800000000000000e+04 4.899317210279387491e-01 5.399589150922228242e-01 5.167586415220585261e-01 7.102030016567001391e-01 7.524659552028140075e-01 7.024206967768210630e-01 4.646516142806190186e-01 5.442991015224827311e-01 5.031145937552305991e-01 5.801632425619427380e-01 3.151710602993588184e-01 1.612579321912318286e-01 2.421492259428795202e-01 4.404657016651325474e-01 7.040425793580737945e-01 4.072311374061410860e-01 8.331276639706775011e-01 2.353070408757692300e-01 2.157127181790262638e-01 5.535705376197656014e-01
1.158900000000000000e+04 4.955016177061931093e-01 5.296081998091066723e-01 6.488675971532462672e-01 6.789738381228570541e-01 6.253760030642818712e-01 4.950148313392043753e-01 5.309414179651724686e-01 6.263642508514494223e-01 4.733336483976409159e-01 6.330959700557600156e-01 1.860550125248749131e-01 2.378902703593055168e-01 4.107325756110015158e-01 5.186094003738827007e-01 4.772895790880570810e-01 8.062865574428661475e-01 2.433306596684759460e-01 2.257355970370839293e-01 5.222037799050983642e-01 3.294605582826916623e-01
1.166400000000000000e+04 4.890067997579249370e-01 4.887311639000572194e-01 5.453054199564695281e-01 6.980572474233122104e-01 8.806815371169057771e-01 7.620127817347676080e-01 5.109740871938729390e-01 5.009474065321312120e-01 4.324104853987439379e-01 5.772537717560524140e-01 6.167437280026178970e-01 4.016886916637686378e-01 1.653618917133209132e-01 2.389946850077356300e-01 6.674067776810858055e-01 5.296741280337287083e-01 7.356650617820399418e-01 6.367107591020300106e-01 1.394245968269947622e-01 1.713148888346682497e-01
1.166500000000000000e+04 4.521015269083558108e-01 5.543422603443011187e-01 6.363945151945709089e-01 7.789716120058605142e-01 6.984503723945526543e-01 5.457282388964963538e-01 4.836290560791627891e-01 5.300822102263216262e-01 4.699250743461864666e-01 6.400019623465623697e-01 4.607549123698699289e-01 1.712656123810650244e-01 2.070108969707863400e-01 5.178291546516957666e-01 6.269961799177822259e-01 7.557183717372470966e-01 7.044924290970101532e-01 1.247918090691856052e-01 1.716747960138568230e-01 4.040273207609231809e-01
1.241900000000000000e+04 5.107358955461211991e-01 6.015544964455695753e-01 6.160424165824202047e-01 7.164158291692612757e-01 7.114383499465293248e-01 7.438849763484717270e-01 4.992075845665914779e-01 4.687250491568406563e-01 4.224846009927374912e-01 5.482362529175810462e-01 3.451913720711461409e-01 4.874390277273346617e-01 2.990386843930660232e-01 2.809665773620483309e-01 6.014834859084891017e-01 4.301654420885336894e-01 4.899232470889029467e-01 7.048441952821067336e-01 3.220115600290525681e-01 2.010127658943393902e-01
1.242000000000000000e+04 5.586904199304300045e-01 6.338089976526805058e-01 6.707476366993828654e-01 6.638344197544262526e-01 6.991652850448802914e-01 5.511303740593808120e-01 4.658553653924612514e-01 5.322765269940203936e-01 4.552962639940960621e-01 5.458546035840201593e-01 5.326962382074776903e-01 3.046271816657409315e-01 2.435244231992967634e-01 4.513052553443575032e-01 5.084662369300289031e-01 4.892491784604233174e-01 7.498687512226437368e-01 3.932316005903573330e-01 1.936454893801438926e-01 2.925970820487365232e-01
1.254000000000000000e+04 4.268320261606760591e-01 6.741602335737151286e-01 6.415756679050721445e-01 7.184582452298589050e-01 8.097211671921281662e-01 7.959637002750089563e-01 4.918881944545506202e-01 4.585859122200343641e-01 3.829685488580518715e-01 5.191177811688749699e-01 3.336091163818981076e-01 3.543627271802902157e-01 4.684115180813830381e-01 2.982400136194343077e-01 3.340757384097259863e-01 3.273902826890706108e-01 4.652375585603950592e-01 6.105745645811818667e-01 5.181454203096748090e-01 2.952999216712484665e-01
1.254100000000000000e+04 6.114400665087215136e-01 6.477912634915083956e-01 6.625820569734369725e-01 7.306657184192525412e-01 7.507593049911993610e-01 5.320681495290150442e-01 4.453930032668285133e-01 4.699685213783936777e-01 4.222622313987697273e-01 5.293754140565751776e-01 3.936958785530822458e-01 4.858827937470419633e-01 2.628699463429390870e-01 2.520699749743660623e-01 4.083785530486906956e-01 4.658250736397830383e-01 6.501990694308038554e-01 6.915083353269211308e-01 2.842690287619637490e-01 2.797750558705029977e-01
