3.620000000000000000e+02 5.601486852970498642e-01 6.138954240080018998e-01 6.856069313837162005e-01 5.761081335748096111e-01 6.723699742132057677e-01 6.800646755377744990e-01 5.529036063775187859e-01 5.049746648568315122e-01 3.801424388934482868e-01 5.753318044692767863e-01 2.226865183347152555e-01 2.000492703944498352e-01 4.117837993253058437e-01 3.999488886025116541e-01 3.083864078813706167e-01 6.235865984060975364e-01 3.625483082266215407e-01 3.982370250340748763e-01 5.949898633363358558e-01 4.181370147427154738e-01
3.640000000000000000e+02 6.390335275867539133e-01 5.667735109430279694e-01 5.948169222207069229e-01 5.928620621460829465e-01 5.355388381531996922e-01 5.589980157591384335e-01 4.745006576682481159e-01 6.110791904845940259e-01 5.040168898625803084e-01 5.866945665508566110e-01 4.520055529759377522e-01 3.718392480246738852e-01 1.825575037758989105e-01 5.082669207299039815e-01 4.324344068139009956e-01 4.099007264472880885e-01 8.321234993801781554e-01 4.966386907745379276e-01 1.627665578237008637e-01 3.157589741576155018e-01
1.474000000000000000e+03 5.326335594823007336e-01 6.268902405246783438e-01 6.624306448585389751e-01 4.143692484854599178e-01 5.592305059923607935e-01 6.944041789847720247e-01 6.403331929212678908e-01 5.973779062568337350e-01 4.830289164993657458e-01 5.170300264325496942e-01 3.615690123556983271e-01 1.905317387791707617e-01 1.733160590356035494e-02 1.000000000000000000e+00 7.047023750977075007e-01 1.856995893841904277e-01 4.006391121687156720e-01 2.890684879795409334e-01 1.168866506531629768e-01 6.546065726106744531e-01
1.861000000000000000e+03 4.881186715818646160e-01 5.606987141293532373e-01 6.435747579329699208e-01 7.944090600082089892e-01 6.131738016701578919e-01 5.801152202135277935e-01 5.523075075273867762e-01 5.657721281494587640e-01 4.329166302968013302e-01 5.642770933192706728e-01 4.276969104369744423e-01 2.411833654565962437e-01 3.563572808121058810e-01 4.306143369581101887e-01 4.399422371244258168e-01 2.245837370327042060e-01 5.158573403138854152e-01 3.643601789752307085e-01 4.600982781449431402e-01 4.814400209540478093e-01
1.867000000000000000e+03 6.243783949503690645e-01 6.966166679552525665e-01 6.640000561220593678e-01 7.682971498783492947e-01 3.313649818973423700e-01 5.705919612207621672e-01 5.490194440294238198e-01 5.132556199763889104e-01 3.962485924571587659e-01 5.660124637488699317e-01 4.135154285093556314e-01 2.788207825783493021e-01 4.504738097942415642e-01 4.710666697325611163e-01 4.991248624349008400e-01 2.372688310608995210e-01 4.176065221239037561e-01 3.218300700467330300e-01 4.165789863649037583e-01 4.269267247705113566e-01
1.868000000000000000e+03 6.520475983935731801e-01 6.944754948788365301e-01 7.382749237351032834e-01 3.839817042457481788e-01 5.078921295019367399e-01 6.277402485065659565e-01 5.317492456958935465e-01 5.142014749423164943e-01 4.842091766403655573e-01 5.310098652917648598e-01 3.131806973361211943e-01 4.649043894599130811e-01 4.517725508569291892e-01 3.740372604050128391e-01 3.190653722620014343e-01 4.178767476091247990e-01 3.410084260567637915e-01 5.351740372108985122e-01 4.091384810251018078e-01 3.576527186153414251e-01
2.006000000000000000e+03 5.056454712329668810e-01 4.777415577619407716e-01 6.739461869023964935e-01 5.838155245747924660e-01 6.865206549047514484e-01 7.185643221971514949e-01 5.760824570059320804e-01 5.767505495975542296e-01 4.227820733424453303e-01 5.877707078134535301e-01 2.232474327557191496e-01 2.306861693644852440e-01 3.785849835022446763e-01 3.645632303281496345e-01 1.994484598625997085e-01 5.162823453811657970e-01 3.854600707088249867e-01 7.087500469160670225e-01 5.609538691170606883e-01 4.115883550924975820e-01
2.008000000000000000e+03 6.068087757202620391e-01 5.450923740398645467e-01 5.740112531323129375e-01 5.974788561665391740e-01 5.258189158351544990e-01 6.111019942584382525e-01 5.056940762726676031e-01 5.979464167207776404e-01 5.076790519018564707e-01 6.014174173452296879e-01 4.376390998469451565e-01 3.502496028046879761e-01 1.035894115446189673e-01 4.514212970046825313e-01 4.744188606966823762e-01 7.577547151969248329e-01 8.175475388805195642e-01 5.137754465369508416e-01 1.344278010567918902e-01 2.271783551072920626e-01
2.088000000000000000e+03 4.389840613548279813e-01 5.691064996386520081e-01 6.202260666700124547e-01 5.505968878680497225e-01 5.088453607277844126e-01 6.438617188933758451e-01 6.952509542887512772e-01 6.984685254903453266e-01 5.490167973255377643e-01 4.591639317565764933e-01 3.387368831685312887e-01 5.753091518434837459e-01 3.168111807577521644e-01 4.492615336505432211e-01 5.900453655123664154e-01 3.671202775567536936e-01 2.062949083894811408e-01 3.763952580299730344e-01 2.602848056566594015e-01 4.890346642525509324e-01
2.285000000000000000e+03 5.160241987923795959e-01 6.562042913085180951e-01 6.047866066001900132e-01 7.484669854355044949e-01 4.583494633284619368e-01 6.990053414055018566e-01 5.653026572791876037e-01 6.158282776266508218e-01 4.704473641115040627e-01 4.285519736566139604e-01 0.000000000000000000e+00 3.028428332476077456e-01 3.851670677260470299e-01 5.144179344080372918e-01 8.596143601733822193e-01 3.733273945922976900e-01 1.683629522607937856e-01 5.483311162871274957e-01 3.354186984380940206e-01 5.005052814628095925e-01
2.291000000000000000e+03 6.526497525929889632e-01 7.686199314669085458e-01 7.442405640947318268e-01 5.975516340444755325e-01 4.892360265292876598e-01 3.898920989485540889e-01 4.954268795939028580e-01 5.256180975195944294e-01 4.424293319817990122e-01 5.545827026224499079e-01 1.461113284859017203e-01 4.266431081963322769e-01 3.135197484883419650e-01 4.926410306769213321e-01 6.993985113906960871e-01 4.480225115515130141e-01 1.493526689644307792e-01 5.612183544566373694e-01 3.762211867280560451e-01 3.847498184642560437e-01
2.453000000000000000e+03 5.039086783550793536e-01 6.364371886623609864e-01 6.265189824730241774e-01 7.281952258575998815e-01 3.851799122946015785e-01 5.808124669380372307e-01 5.347598994379608728e-01 6.135152402810362116e-01 5.373838037629939945e-01 5.280890216618215893e-01 1.914764338626478157e-01 3.079877379384706737e-01 3.019508063720858226e-01 5.519699751453569503e-01 7.475298725185119952e-01 4.713078895627721421e-01 1.908960860171816931e-01 3.753752560952482442e-01 2.788258348193273783e-01 5.556584733440473878e-01
4.554000000000000000e+03 4.872906051972820118e-01 6.410208187389213608e-01 6.931786549342366932e-01 7.013471102925180611e-01 6.488288166994177208e-01 5.828467285889149530e-01 5.948370102097152445e-01 5.270883952457456889e-01 4.074511786906706567e-01 5.317807033247006210e-01 3.013927333532231967e-01 3.814251792892130455e-01 4.146376828969816630e-01 2.549121778225685309e-01 5.148878625850105140e-01 6.229097267598761034e-01 3.851483115925866674e-01 5.803150999789027376e-01 4.283448281629536059e-01 2.224579398276321229e-01
4.556000000000000000e+03 6.653712644942727517e-01 6.970233360736860506e-01 6.049310023683943660e-01 5.259661988491571849e-01 6.317787568055637237e-01 6.151216790253603017e-01 5.401450388927463431e-01 5.828953463785264688e-01 3.938573561515034127e-01 4.940398271622043480e-01 4.685318814826762712e-01 2.136543303562333795e-01 3.585543164190729826e-01 5.206824190250525231e-01 4.652361433996500262e-01 6.103330374951222437e-01 5.874560592942027482e-01 2.284387194380743391e-01 2.586675469309094866e-01 3.542685752100482866e-01
4.557000000000000000e+03 6.471932075979819343e-01 6.348344646727022145e-01 5.055816385804148272e-01 6.140347436473523324e-01 5.543758110707448505e-01 6.103135622583011344e-01 5.993650141915939367e-01 5.047499810952716937e-01 4.145547724801254552e-01 6.185320074436629900e-01 2.143790580719951988e-01 3.243324445905076958e-01 4.533492857601493786e-01 3.155993587389421262e-01 6.193779802585157590e-01 5.194722253395384071e-01 2.070659620005959045e-01 2.575301909057146066e-01 3.071110603241805626e-01 7.193945734648057311e-01
4.558000000000000000e+03 5.872204124126927383e-01 5.350619205133076983e-01 5.765776994746921735e-01 5.410172374045124633e-01 5.333592666064101984e-01 6.648295685722404036e-01 5.053962929385341640e-01 5.226606391485062453e-01 5.195761959097844329e-01 6.746753216026045719e-01 3.337107443053717870e-01 4.337920970011010513e-01 2.587048830678487232e-01 4.348678608553617764e-01 5.572586996961100825e-01 1.938064855543911447e-01 2.478665453503301752e-01 3.396082641113110645e-01 6.469925012139229326e-01 4.143998472929308896e-01
5.039000000000000000e+03 5.574977095154900475e-01 5.808492613640576785e-01 5.790103847236175438e-01 5.917810630468839372e-01 4.387923249046509211e-01 5.028194425995722305e-01 6.022884097076736110e-01 6.265101826357667436e-01 5.122524710869711395e-01 6.406374580491549509e-01 4.132989547902913285e-01 8.517713840789801205e-01 2.677216452259899016e-01 4.496623761488026672e-01 4.951564124222851970e-01 4.722751035372095840e-01 3.678858834183299509e-01 2.790192266930485165e-01 2.309377988378046587e-01 2.226259524550725510e-01
6.793000000000000000e+03 6.950034129396445159e-01 7.117375169877785401e-01 5.992081786354975792e-01 4.722327858997453220e-01 5.336700817854133083e-01 6.555596635688918372e-01 6.239412548947272930e-01 5.893310568802311300e-01 3.616622932744055774e-01 4.856715146675456563e-01 1.843680407646489661e-01 3.855828930465954874e-01 4.187238836500363770e-01 4.423785084619590857e-01 4.233682245975319280e-01 1.321818953842751609e-01 5.656340945121944852e-01 5.117774603796941824e-01 4.291459232652992672e-01 4.630370074572310313e-01
6.794000000000000000e+03 6.710663464165413927e-01 6.436483737831839580e-01 4.709360550546797808e-01 5.530726070702628450e-01 6.260735566808979247e-01 7.211658713188781045e-01 6.211555621379598602e-01 4.753024807991952927e-01 4.173612445706362251e-01 5.441841580796115130e-01 4.055099001603637565e-01 4.110103296393871064e-01 4.013059225343620917e-01 3.049610374967955395e-01 2.070030748228604278e-01 5.357584262833884337e-01 5.174061588419081037e-01 5.287838522451586698e-01 4.263501194219215251e-01 3.075991953412326452e-01
7.181000000000000000e+03 5.010230963397659387e-01 5.612342024111288685e-01 6.061708728875984109e-01 4.923268170328270465e-01 5.444423193224621205e-01 6.653619752293309375e-01 6.465763414493260752e-01 6.644496115939437786e-01 5.842409770965505400e-01 4.469595980847934080e-01 2.867785809760827198e-01 3.081953378057165627e-01 3.848356091013085956e-01 4.255731664966182493e-01 5.124699757473446526e-01 4.880208649172229074e-01 1.562010774456777384e-01 3.024212717401474904e-01 4.649275196102347629e-01 5.624694624154535916e-01
7.540000000000000000e+03 6.126610764503997997e-01 7.247016104179946350e-01 4.932655640996126967e-01 7.449317976300865451e-01 4.467205510912684585e-01 4.292680031274895280e-01 5.787448637297896159e-01 5.817194020331570847e-01 4.603286262427770392e-01 5.823082804859268657e-01 2.546267815400360401e-01 2.423659686944245051e-01 4.049903155863723847e-01 4.000367245793866600e-01 6.193647679553830887e-01 5.246690974421398534e-01 4.301789259991505854e-01 3.767036584068180760e-01 3.594687124811862255e-01 4.249614237358208535e-01
7.604000000000000000e+03 5.088226636618172760e-01 6.240723448522836891e-01 6.411143676955890491e-01 7.235071580015970394e-01 4.247037271140985393e-01 5.030115217970551056e-01 5.341856265055690001e-01 5.851684514730312037e-01 4.882013666962823906e-01 6.359510351686966656e-01 1.867671093441762020e-01 4.290219248520474316e-01 3.119511103544124753e-01 7.250623234845685605e-01 4.753582876377153710e-01 2.541065373833086283e-01 5.785808545681874610e-02 6.544448882987473626e-01 3.028079511517176026e-01 4.932774092079576511e-01
8.676000000000000000e+03 6.305243853827182665e-01 6.627436768718092397e-01 4.388523646355657615e-01 5.317800428970943516e-01 5.668524099871015132e-01 7.249116808894928710e-01 6.115676872871976810e-01 6.080323534023882592e-01 4.586120034372443421e-01 4.902689533627028196e-01 3.045210354865020563e-01 4.160743116701534627e-01 5.226175586828910591e-01 3.445251042427119881e-01 3.831306829677310066e-01 4.307885826825057496e-01 3.451117525326157787e-01 4.754804209934536119e-01 3.810351773217268700e-01 3.852805335393492125e-01
8.679000000000000000e+03 5.092666113510726511e-01 5.570560525439015587e-01 6.109950745118947202e-01 6.050399110606092812e-01 6.409396547161655411e-01 6.650199761908577312e-01 5.206887914168922826e-01 5.612730955165635693e-01 4.718473998511616418e-01 6.138707713625188855e-01 3.538727567495801307e-01 2.512862307486752322e-01 3.517986207885926975e-01 3.199001320266685600e-01 5.764061773107194142e-01 5.071378783154116832e-01 4.910428524472428835e-01 3.879886161370131314e-01 4.192418299497581713e-01 3.934813138439126612e-01
8.680000000000000000e+03 5.215559598958634524e-01 6.290358410453568139e-01 5.667823237153450933e-01 6.078857812576820008e-01 6.000018209905406685e-01 5.749872936778135379e-01 5.642832311318561889e-01 5.985778847019593840e-01 5.144119902107575637e-01 5.459618528428609174e-01 2.699188725112490750e-01 3.419808744480483664e-01 2.712316045935031505e-01 4.143983181025429618e-01 5.590320125648289284e-01 4.657431862412041434e-01 3.902661923451367088e-01 5.138301255340479434e-01 3.619532398082236924e-01 4.458751191132057645e-01
8.682000000000000000e+03 5.483937277049039105e-01 5.917642573803657546e-01 5.396255567196509562e-01 4.867325299418679418e-01 5.489141735515467024e-01 6.688920822419032186e-01 6.654906233372140933e-01 5.735812310837945516e-01 4.215975486554409124e-01 6.635520332989459646e-01 2.496103726972638825e-01 3.261369957545285914e-01 3.241333408437535590e-01 3.440459895216990138e-01 3.965621830827974481e-01 4.452666964841629493e-01 3.899461034399880899e-01 4.528113038935774881e-01 3.083780021148593842e-01 7.286384802723213650e-01
8.753000000000000000e+03 5.662018308872650563e-01 4.884097079469627567e-01 4.904617691600461349e-01 5.426295436672257111e-01 5.803331445030389668e-01 6.487842192665794760e-01 6.362474651808007753e-01 5.854826447427375902e-01 4.857706106635714116e-01 6.677031102004874485e-01 4.960844938698155682e-01 3.921607047511851407e-01 2.795123792668627316e-01 2.965442475330121175e-01 3.785484821108205389e-01 3.091294921510965299e-01 1.562761284930605232e-01 2.364719832976100722e-01 7.539036434027682754e-01 5.025587991434120605e-01
1.026400000000000000e+04 6.972783659051415839e-01 5.689562388394154846e-01 5.563407613385921158e-01 6.001878693124599318e-01 5.489583356358074262e-01 4.989196532269707385e-01 5.132370254538535237e-01 5.547594740529396828e-01 4.929896547680139296e-01 6.129875013066762302e-01 3.495461259321354652e-01 6.580304360797781804e-01 2.510234425817060022e-01 4.407170592785559782e-01 5.891287446924178273e-01 4.634412368725360221e-01 5.159277284006917874e-01 4.547564363824503908e-01 1.687748772464819080e-01 2.450411159206775380e-01
1.078600000000000000e+04 6.585740245310347518e-01 6.249711543705154249e-01 6.218306018550843195e-01 6.093024600954409786e-01 6.495042127255087339e-01 5.271895595334480378e-01 5.147353959009570712e-01 5.128841456143046207e-01 4.200992796132197449e-01 5.889678071613544397e-01 1.118908930296103471e-01 4.994393477567909967e-01 3.075402985969517000e-01 4.137436164908147584e-01 3.971222798362932793e-01 5.052892992344406586e-01 5.777236560440672797e-01 4.787586197883973438e-01 4.280431069781042708e-01 3.285725668326867632e-01
1.078700000000000000e+04 5.851014924357472724e-01 6.474252830814852810e-01 5.802550090996383414e-01 6.248566047533888890e-01 4.401154869077302800e-01 5.785770375007325272e-01 5.218531584082504171e-01 5.374391093465241687e-01 4.983146226051927141e-01 6.316824958982475424e-01 5.218496822270948243e-01 2.980129975523515551e-01 3.721905227529936910e-01 2.869620973750786064e-01 5.593286445082550351e-01 5.488118403119353061e-01 4.852695893022901941e-01 5.289268631768262452e-01 3.033178328813708746e-01 2.398167891411075447e-01
1.138500000000000000e+04 5.469860693505523841e-01 5.599092167374439821e-01 5.682678388009847481e-01 6.815740633283765559e-01 4.993168893377893380e-01 5.304129779049082671e-01 4.933738212496475706e-01 6.165595632935072512e-01 5.244055845674796545e-01 6.405342816593823096e-01 3.278833090658194727e-01 5.425715174794101259e-01 3.576104007039094812e-01 4.441920437214110229e-01 4.974730199689512133e-01 4.926913189928096570e-01 2.346394173086575607e-01 3.752816873845012946e-01 3.258627982865007211e-01 3.859742524563666843e-01
1.138600000000000000e+04 5.103656569283852029e-01 5.740859922185128639e-01 6.199452939124673323e-01 4.766345485312794006e-01 4.068155822114700171e-01 5.247914921713209280e-01 6.057485127092870902e-01 6.529844877031114603e-01 5.263041699539811047e-01 7.055147430149230070e-01 5.829747875147498481e-01 3.618673585694828776e-01 4.177620410296951636e-01 3.693580780940066144e-01 5.629758826276548556e-01 2.376251940373689808e-01 3.930615725266538574e-01 3.932144448200876607e-01 3.665434190746211240e-01 3.184864100468829395e-01
1.159000000000000000e+04 4.816407668447409418e-01 6.425670626354978987e-01 6.127507083628470630e-01 5.710627313495046931e-01 3.560257323536700214e-01 5.617834383057029868e-01 6.115903799777793193e-01 5.798841957581730711e-01 5.163791734834409786e-01 6.860213701478005133e-01 2.480617503810039759e-01 3.903066066646758148e-01 4.682063555131099064e-01 3.346994669217662199e-01 8.196201201515208590e-01 2.263452716528135678e-01 2.155146100142669718e-01 6.452562112865252164e-01 2.952423612602991243e-01 3.974490675370903059e-01
1.166100000000000000e+04 4.184849756498959517e-01 5.133697705724985516e-01 6.403121521131356353e-01 5.142371559475596987e-01 4.785883975317008487e-01 6.652713575693691705e-01 7.055564855364243604e-01 7.775529375047581793e-01 5.259366062574346579e-01 4.907025344380265830e-01 1.761003856198071482e-01 3.674224314880059072e-01 5.351763283010815275e-01 5.210588497603314551e-01 5.167246582580736769e-01 1.752512845958410503e-01 2.046930221927321103e-01 5.199963564243303971e-01 3.676229899887524244e-01 5.067888323769752512e-01
1.166600000000000000e+04 4.953347017390882234e-01 6.230481327144661297e-01 6.966703733865325932e-01 6.189568995833507614e-01 4.072001806582338235e-01 4.988625247207695290e-01 5.002313522439272298e-01 5.670354746747688912e-01 5.164667128177903299e-01 7.039576803695921647e-01 1.885915164672103406e-01 1.927016644819981861e-01 4.793051206073649095e-01 4.494080337926505408e-01 7.903653229517932921e-01 6.625464097630201499e-01 1.203175183359969092e-01 1.521519521088737503e-01 3.706121150499733230e-01 5.403480433500148505e-01
1.176000000000000000e+04 5.795240510303388826e-01 7.032374501991871529e-01 7.125308746216725275e-01 6.195543511903641720e-01 6.047480527837078013e-01 4.185962953732936809e-01 4.290016472937752123e-01 5.144873779181972084e-01 4.733039419289878369e-01 6.334527916042899109e-01 8.234395697732469488e-01 5.439900637426539065e-01 1.599337132673357142e-01 4.791683929274606069e-01 3.645624648149343727e-01 2.536118988643755179e-01 3.416834877180667251e-01 3.683930095395668292e-01 2.626199431686164210e-01 3.834403884450524602e-01
1.176100000000000000e+04 6.417811785740631381e-01 7.193561054400233745e-01 5.787246225180457948e-01 5.776029916657778873e-01 2.890242312869388819e-01 4.703788703525965120e-01 5.128938696386471374e-01 5.991137039166184453e-01 5.310348472814533372e-01 6.269895685868623891e-01 6.217353604860631489e-01 1.680981579619288402e-01 4.859711632040891738e-01 2.876573100510156911e-01 3.521853001569150710e-01 3.661114437314394454e-01 4.150797485333717618e-01 3.223116816237860394e-01 3.856164539236301425e-01 5.478492538832451242e-01
1.242100000000000000e+04 5.778441920891288497e-01 6.740353089971168332e-01 6.116003704264134644e-01 6.432156245765474623e-01 4.438169288680973157e-01 5.027261628059813692e-01 5.238086009166126322e-01 5.672915930007661478e-01 4.463205094642183623e-01 6.623255424861996810e-01 3.406014319250887934e-01 2.449275886302355876e-01 4.305716008447806331e-01 3.813999604055806070e-01 5.654617900618889026e-01 7.402197052012658984e-01 4.174188251315265052e-01 1.980499870327362411e-01 2.810142040046186285e-01 4.529885428907506340e-01
1.242200000000000000e+04 6.036524380924104261e-01 6.114725255994447606e-01 5.823000923866805678e-01 4.307384535275394222e-01 3.695133852136398001e-01 5.568427078778407369e-01 5.513884465692880932e-01 5.460682820068579746e-01 5.446689189594045022e-01 7.494584081695939703e-01 2.670373414100563614e-01 4.279354037542404954e-01 3.405147039164905243e-01 4.107228841560718879e-01 7.858167668344951950e-01 4.022261280138184070e-01 1.993279194872284998e-01 3.166858980674109869e-01 4.210275691433921219e-01 4.011135507580701476e-01
1.254200000000000000e+04 6.044054823794743347e-01 6.846748921324169457e-01 6.937765335536484335e-01 7.053666582389859219e-01 4.468544981124495941e-01 5.012243569014322997e-01 4.765375944968578970e-01 5.407703070523393052e-01 4.447933224499212579e-01 5.813272670471283377e-01 5.351199426147056348e-01 2.685046784396082353e-01 2.136729015572322865e-01 3.094139749255886418e-01 5.470786191262664300e-01 6.496409657858116526e-01 7.413427943831519817e-01 3.390394121041956921e-01 2.710477207765661367e-01 3.094282340677610432e-01
1.254300000000000000e+04 6.347168114273717965e-01 7.124718872139907955e-01 6.697679024841101114e-01 4.647392213078350154e-01 4.075928494827141813e-01 5.357159574213838926e-01 5.516067576242797976e-01 5.707402745555334445e-01 4.914270576090516984e-01 5.772296730747576987e-01 3.072395500371901123e-01 2.167536359646379807e-01 2.784761838849846849e-01 4.149587608328641486e-01 7.303926364679657057e-01 7.413789118511089349e-01 3.653938843496048472e-01 3.203387322493832512e-01 3.007080630762469786e-01 4.162824247286083801e-01
