1.382000000000000000e+03 3.974810007469840589e-01 5.835457776687963394e-01 5.812817114314087208e-01 6.322198468283414252e-01 5.706635362936783862e-01 7.527705537410057657e-01 6.884342450756781862e-01 6.507606904106324475e-01 5.959340223800356773e-01 3.443750504680864188e-01 3.052944279567802455e-01 2.995879625592619555e-01 3.930130274692428816e-01 3.596228188136026405e-01 2.536553475968027493e-01 7.844747105406452148e-01 4.091263126422023944e-01 3.192499530023203413e-01 4.048906327468294042e-01 4.741766257288322350e-01
1.383000000000000000e+03 5.532548370542055283e-01 6.138690797169309432e-01 6.050288214635014539e-01 5.662239212879525141e-01 7.275716404358318901e-01 7.773020134627064426e-01 6.721712800242325425e-01 7.775397753697772529e-01 2.796545089158775643e-01 3.468514436383454136e-01 3.032957141760529995e-01 3.660602303232131649e-01 2.984182467722296672e-01 1.753326581048876287e-01 7.885098265053329669e-01 3.705183254148458616e-01 3.028639283033542351e-01 4.699834790857079780e-01 4.194062448957878719e-01 5.369326371676159670e-01
1.476000000000000000e+03 6.259702681399155200e-01 4.358271358609203117e-01 5.173126034101669379e-01 6.132429051002319387e-01 6.663638899446986397e-01 6.757985780261174247e-01 6.278496559158530665e-01 5.453357625375886419e-01 4.609502739928627579e-01 5.831761068206331444e-01 1.317372615685583927e-02 9.723167369371238378e-01 4.557108660896584951e-01 1.805602168183745859e-01 4.299334379100202552e-01 2.681205346924188104e-01 6.300586050612559663e-02 7.597529127088934464e-01 3.769872055895562291e-01 4.442584693089575154e-01
1.477000000000000000e+03 4.441579533113820810e-01 5.725122493890765218e-01 6.055984739809002759e-01 6.614581014313293261e-01 6.558537465378274645e-01 7.290645584890917963e-01 5.773426855620040765e-01 6.121147328503381280e-01 5.076566986747029775e-01 4.531591761207011682e-01 9.295198088033895800e-01 4.141648416477477501e-01 1.101247237656686612e-01 2.888590871712319874e-01 3.115698811922963385e-01 5.458928024943542762e-02 7.148049035304709919e-01 4.162146775731677684e-01 3.820951620734528431e-01 4.055619885996075147e-01
1.686000000000000000e+03 3.206542305291328887e-01 4.475443038374872784e-01 4.844117401998436767e-01 5.424688079243559224e-01 8.822253759751298441e-01 7.567511912752573622e-01 7.228866073795614522e-01 6.256517136949290014e-01 4.983198980802622802e-01 5.974834723583898333e-01 2.288720184139104719e-01 4.792961049722895828e-01 2.916406373865541024e-01 3.637366480301260641e-01 5.746517949657288238e-01 3.309310334515029872e-01 3.253865850631558199e-01 6.461922007028936266e-01 3.764909144747863867e-01 4.115925162344252763e-01
1.860000000000000000e+03 4.679595435041296048e-01 5.247951462897487707e-01 5.442311745344370344e-01 6.970356414737197692e-01 8.891457588631859199e-01 6.851433056319795600e-01 5.338031078610988578e-01 5.580611597971026905e-01 4.534573872604448219e-01 5.302216041714958861e-01 2.648837496578579365e-01 4.239683968235125056e-01 2.641703194065291305e-01 4.132929940565923665e-01 6.184380396126203383e-01 3.959366567991545738e-01 2.439155987959152616e-01 5.305264767609565446e-01 3.272484494604021577e-01 5.161924054826322328e-01
1.862000000000000000e+03 5.486809417425606572e-01 6.875740091599452652e-01 7.754380052527041212e-01 6.204405307993959839e-01 5.371442599503207793e-01 6.452541763866271873e-01 6.000786830642982350e-01 5.751854678999106518e-01 4.912259308569558169e-01 3.083493362170667274e-01 2.726971971019558350e-01 3.632394418582909346e-01 4.057723667852269345e-01 3.289045925318909713e-01 3.056346982105562771e-01 5.109919125078604685e-01 3.845599807291361638e-01 5.988161729003772527e-01 4.597800904327446481e-01 3.803634839889661889e-01
1.863000000000000000e+03 6.496076043915872678e-01 8.013488041362389902e-01 6.072430249472280384e-01 5.538616105577259807e-01 6.106680220321584196e-01 6.923834046713771562e-01 6.043030815529996103e-01 6.483539376054036074e-01 2.558905735347916655e-01 4.097055035324423944e-01 4.011705594145624776e-01 4.170348742131598230e-01 2.952582594111902159e-01 2.298892220473571779e-01 5.857411617126592196e-01 3.856363377907636170e-01 6.348146346755130232e-01 6.001889328797443968e-01 3.644149269790578627e-01 2.427514034937451326e-01
2.004000000000000000e+03 4.516471483257741282e-01 5.534129618101570891e-01 5.195994786313742342e-01 4.828793011893252607e-01 7.958954680268041093e-01 6.836443337473585569e-01 6.715700695033237633e-01 6.489730343126249856e-01 4.587415789958697032e-01 5.558496154738666872e-01 2.106277571665555182e-01 3.949697138810844277e-01 2.381969744155850166e-01 3.139151158755494886e-01 6.256964645387971258e-01 4.885861176268143646e-01 1.423031288297134378e-01 5.825700293271541819e-01 3.525001929979548754e-01 6.408740621359400036e-01
2.005000000000000000e+03 5.153979790483179668e-01 5.426791396840967563e-01 4.488426210310876852e-01 7.258065455099741436e-01 6.176679361925364597e-01 7.398005940139664727e-01 6.537292891774421077e-01 5.771364468920494595e-01 4.592068817418823445e-01 5.163426434336934046e-01 3.766765126325241075e-01 2.001671421512029869e-01 2.382494776599604069e-01 4.147030173865012270e-01 4.988464805847288019e-01 1.205392016358196733e-01 5.350988793993785020e-01 3.755991068266259503e-01 5.444383276058301080e-01 6.002316853936532359e-01
2.090000000000000000e+03 5.886291004625814338e-01 5.437015059553396146e-01 4.727190095706784723e-01 5.551101301073216865e-01 7.333809303605779428e-01 7.885884413191858178e-01 7.153569858333250764e-01 4.681111083572965792e-01 4.413316138842654501e-01 5.079323404182347623e-01 3.576286831276259126e-01 4.391756701521916106e-01 4.180281178752046078e-01 3.332625250286555540e-01 2.948455504722076737e-01 3.983306868913972787e-01 3.149863532234195018e-01 6.116647432907301729e-01 4.255842444650954071e-01 3.905601892974992495e-01
2.282000000000000000e+03 4.775577279210960202e-01 5.177735483633848501e-01 5.098402802148848112e-01 5.576295657676662021e-01 7.364614724264985091e-01 7.345635038239315406e-01 7.551974206641495213e-01 4.999517755833613464e-01 4.898358436854022835e-01 5.358699018570610706e-01 3.577043914569073002e-01 5.111340813242679637e-01 2.221376873671895291e-01 6.437893912902181714e-02 4.941286645408655143e-01 5.372301979708922204e-01 7.047140738765718115e-01 8.540116189386954826e-01 3.297506842898875190e-01 1.976090879852834270e-01
2.795000000000000000e+03 5.227630940314837993e-01 6.213124202184435729e-01 6.585207375577492028e-01 5.990984104955355827e-01 6.891020247286424594e-01 7.581359588626972457e-01 6.344296294263808145e-01 6.207793908041888686e-01 5.101798385401072888e-01 2.452895957292549056e-01 5.041257664060995181e-01 3.737242222810673864e-01 4.484062742541888302e-01 4.438497907499709405e-01 2.324317967463074841e-01 7.879143546716857460e-02 4.994964070799596256e-01 3.970420157635632941e-01 3.707686589320924320e-01 5.438069771245062078e-01
3.043000000000000000e+03 3.952506448681423756e-01 6.635296335957541203e-01 5.556133527838057473e-01 6.300282381541919552e-01 7.173558314051262652e-01 8.302224704274726585e-01 6.535123420802978478e-01 6.404116942243032184e-01 4.306806742308954550e-01 3.854245085757824762e-01 3.257609351239910134e-01 6.051290820838628459e-01 2.928365981768342174e-01 2.063943351848543384e-01 4.812944142848806783e-01 2.596390399669598614e-01 5.293455201561958479e-01 6.454144009692082129e-01 2.316726889166052794e-01 5.118356218456908691e-01
3.537000000000000000e+03 4.508211338904469789e-01 3.168901288847142395e-01 5.347263474540288053e-01 4.436213665644291870e-01 7.091897791528869455e-01 8.800890263455968254e-01 7.900910114238609561e-01 8.058791080195139012e-01 5.609902988256438849e-01 3.473472229448207327e-01 4.072880102534843783e-01 4.227202965184015393e-01 4.043811235312157470e-01 5.057679299522414018e-01 5.442160390326923336e-01 2.002387119290162942e-01 4.924009315093413885e-01 1.389320315208141254e-01 2.440164678493291495e-01 5.711013716379855776e-01
3.538000000000000000e+03 3.367939058923131168e-01 5.779535716692479896e-01 4.361213625282573392e-01 6.830453489889305452e-01 8.965227876532648743e-01 8.988794310966065071e-01 8.442134148272287808e-01 7.366472412252066393e-01 2.868953483578143282e-01 3.543348611045902818e-01 4.642329095914501380e-01 4.164180115776320301e-01 4.905744306339420713e-01 4.080794355525541595e-01 2.833056899965540887e-01 4.909290670928931344e-01 1.470693486404857642e-01 2.744173763543278355e-01 5.476229006645934039e-01 3.484649240483184141e-01
5.035000000000000000e+03 4.965189672251704711e-01 5.461467184552781795e-01 4.856479565501154450e-01 6.321672275180082456e-01 7.139429920554863918e-01 7.325253623358769506e-01 6.816895228041710553e-01 6.491132608523361158e-01 4.192915313586367265e-01 4.854534210530775384e-01 1.945734908363739579e-01 3.270596251702261870e-01 2.993939516213554031e-01 3.962327726043803344e-01 5.000716124639605908e-01 9.605050412526567882e-01 3.013012073518153700e-01 4.718279612151430880e-01 3.081026706243886748e-01 3.563321191274753663e-01
5.036000000000000000e+03 5.059930066104718627e-01 5.079487446273834861e-01 5.833669753391618196e-01 6.562330402179759048e-01 6.728084158193731179e-01 7.462740574478892164e-01 6.495307343249568932e-01 5.199210318072964299e-01 3.926262298615469937e-01 5.915963501817953496e-01 3.507427135234549298e-01 2.923695444550166167e-01 3.566063110545909520e-01 3.636115268044352034e-01 9.952481223883163919e-01 2.932274968927740533e-01 4.823676360993152668e-01 3.568097183352638146e-01 3.313715171199988485e-01 2.813970082900203451e-01
5.560000000000000000e+03 4.778102946161146281e-01 5.116552967504329752e-01 5.513510005484986154e-01 7.117486206240376534e-01 7.144955731550849398e-01 8.014834197368500002e-01 7.369898415611779718e-01 6.325796983966780473e-01 4.169388899032676621e-01 3.536334165936305118e-01 3.402786765299701255e-01 1.783420475172574349e-01 2.174341182926397831e-01 4.032116744087237414e-01 4.762602579559234162e-01 1.080177657961848975e-01 2.447480075724343673e-01 4.833489905101998607e-01 6.067500680456884288e-01 7.562673897658801492e-01
7.182000000000000000e+03 5.271333635694730457e-01 6.272184524641175596e-01 4.646092388885074143e-01 5.346614308561593587e-01 6.042467909979979401e-01 7.193320645162454285e-01 6.769847259772301395e-01 7.525780178014437327e-01 3.655584263747511109e-01 5.187770331855552364e-01 3.177132831064242158e-01 3.649422051400523226e-01 3.725210737623956270e-01 3.598000096575899587e-01 5.282134358177300593e-01 1.473681957006074683e-01 2.926841319530404384e-01 5.645237289332412089e-01 5.054924324078278186e-01 4.718602561500162551e-01
7.536000000000000000e+03 3.571976572460673904e-01 2.798491634871442257e-01 6.330571022600131048e-01 7.931063404925953186e-01 8.040410646870295164e-01 8.974298038656596255e-01 5.917385281361547955e-01 7.719194904146520209e-01 4.183434134589771869e-01 4.294905945296754735e-01 2.917855123933746908e-01 4.403331210790506489e-01 4.954381268374027925e-01 4.451606913225798490e-01 3.355433513016032321e-01 2.763319928862898456e-01 4.753043705660925933e-01 4.114843688259839372e-01 3.890325193918457436e-01 3.926437136227672320e-01
7.537000000000000000e+03 2.733338089635596879e-01 6.270801072749279115e-01 7.176426257257016994e-01 7.106908361430475107e-01 8.582596227198647787e-01 6.285342962960027702e-01 7.653591173019334004e-01 5.046253079731658486e-01 3.317235914214485826e-01 5.564701878682984937e-01 4.714017878393258476e-01 5.013142967787850290e-01 4.138210169916263781e-01 2.471498775929826808e-01 3.498812729400028187e-01 4.626729349385752532e-01 4.255434765546690090e-01 4.819297716494041484e-01 3.689606616592054911e-01 3.247154042764611170e-01
7.588000000000000000e+03 4.017107994479077182e-01 4.776807810901924634e-01 4.722341569914442205e-01 5.085142747464980184e-01 7.470286942173554046e-01 6.920656064322279200e-01 6.765514691341402154e-01 6.775924979973604323e-01 5.216248677098859199e-01 6.104016198009500904e-01 2.054572288812067660e-01 2.599006220803888323e-01 3.202681274392111810e-01 5.212098327537014741e-01 2.803030247732399838e-01 5.843644292186187528e-01 2.740519424929833692e-01 4.790626611998913820e-01 5.694868453729081681e-01 4.217164122957925976e-01
7.600000000000000000e+03 5.240103997801898172e-01 5.340316203110195836e-01 5.079496161504652996e-01 5.394948019332697076e-01 5.992511524396156863e-01 7.633037481881438380e-01 7.228965321882031558e-01 7.427207405169173882e-01 3.992585156697736615e-01 4.711401883065037266e-01 4.803934150397564107e-01 5.907390491469388660e-01 6.336049900268796442e-01 3.336518517022463715e-01 2.177995710838079857e-01 3.953663139360574230e-01 2.829108328273843287e-01 6.865726811162062848e-01 2.485560757465054282e-01 1.798246894859545364e-01
7.601000000000000000e+03 5.054115146098477895e-01 5.395090662534967052e-01 5.097056078809156787e-01 5.792154592724690909e-01 7.285956088725730195e-01 8.062667265596499266e-01 7.615552347015589474e-01 5.043588473825466600e-01 3.881776108619916510e-01 5.339762711574118637e-01 7.062181105851859098e-01 7.301496996095109271e-01 3.368065170507771322e-01 1.823418570690280849e-01 5.199711435492826439e-01 3.257514451741653771e-01 8.078780219332570844e-01 3.192251212899255286e-01 1.914528147848325590e-01 8.839569668235169875e-02
8.005000000000000000e+03 1.998724593044357845e-01 3.856144475244503433e-01 6.010639003787248136e-01 7.439713257393288925e-01 6.046311374423745111e-01 8.062462021562535330e-01 7.666110559684873316e-01 7.332773537109409379e-01 5.403298221179708705e-01 4.915375271558614645e-01 3.117623103273562957e-01 6.218034025773654383e-01 4.154030169008291473e-01 3.740321653077812725e-01 5.286062817041680129e-01 4.563173937748920550e-01 4.275351190987952132e-01 3.246957007033217657e-01 2.762394084213870005e-01 3.104040290758039999e-01
8.006000000000000000e+03 3.436618694038142685e-01 5.770231123783632343e-01 6.484277399856110957e-01 5.281386063468030967e-01 7.121572124234717416e-01 7.992137611026637334e-01 7.015105614592856975e-01 6.476371819934981788e-01 3.720321098569165930e-01 5.566395941529509450e-01 6.369805848881057164e-01 4.029914225856827126e-01 3.251374817419906971e-01 3.768640180376219284e-01 5.068648269541751183e-01 4.022500000372697393e-01 3.216961562353734538e-01 3.017749531708195376e-01 2.829230423790090598e-01 4.409358093297836012e-01
8.007000000000000000e+03 5.173149874923744784e-01 6.377247016163902771e-01 4.674548941665111479e-01 6.343034694425423448e-01 7.303717604623930493e-01 7.477817224101410698e-01 6.295069712355183533e-01 4.390393333814816001e-01 4.440756911026824127e-01 5.669860229061626233e-01 4.274501032942157330e-01 3.186162106229284419e-01 3.354820245531807688e-01 3.681543144830781711e-01 4.651080525912044128e-01 3.119994398985695971e-01 3.062420788007503281e-01 3.192987705872167292e-01 4.096375718588035619e-01 6.415949614947957791e-01
8.586000000000000000e+03 4.927311233490163644e-01 4.873067254000352788e-01 5.187778922430307249e-01 6.125043309831413874e-01 7.615022839669788324e-01 6.742733559702487334e-01 6.382531771294701617e-01 6.834131079983054580e-01 3.803688233219587600e-01 5.894708795162216797e-01 6.860442551688935575e-01 3.289298377350945990e-01 3.247956853811546640e-01 3.570319562380731004e-01 4.200137863913383507e-01 3.744306666733136502e-01 4.956367233830399344e-01 4.355749166225509339e-01 3.866093788633260808e-01 2.455423950386716181e-01
8.587000000000000000e+03 4.587364933041430670e-01 5.398107546875756668e-01 5.671994727352286381e-01 6.961022274287240741e-01 6.027241268872269853e-01 6.998545266016752420e-01 6.881572695258286743e-01 4.694191567844052115e-01 4.879814727898775240e-01 5.733833809523594116e-01 4.120031296950109057e-01 3.757301086541446344e-01 3.684677706041686873e-01 3.493125996893217122e-01 5.019758311764122016e-01 5.554118643329694072e-01 5.226259473472147921e-01 5.523749174016554520e-01 2.622224699400345083e-01 2.449540487528139576e-01
8.677000000000000000e+03 6.237911177097767990e-01 4.907953888076155846e-01 5.177381514747445568e-01 5.699639134749698854e-01 7.012075977915082081e-01 6.978230744562676779e-01 6.326900368161354482e-01 5.981441490323501364e-01 4.156747512160187119e-01 5.381480379131059477e-01 4.476460340006439553e-01 5.310834668411665849e-01 3.060063038192193940e-01 2.825820337239053348e-01 4.989566649790748709e-01 3.399662692287576671e-01 4.936388399451465125e-01 4.713201387802071207e-01 3.628679479512170181e-01 3.274331943813440504e-01
8.678000000000000000e+03 4.757289954221561312e-01 5.558692771627548046e-01 5.464053430491663255e-01 6.687241125996061797e-01 6.578350049952234047e-01 7.140387009926041362e-01 6.154637513296752349e-01 5.340062116102994860e-01 4.542889031867931027e-01 5.779643049502034557e-01 5.695119983092832294e-01 3.064035098023576986e-01 2.407905946163010347e-01 3.695285564708248871e-01 4.142099253318243801e-01 4.846502309396432118e-01 4.927099589451339745e-01 4.473875935851770458e-01 3.102551439235376463e-01 4.252980496452354875e-01
8.764000000000000000e+03 4.032943004868623782e-01 3.525991105518076485e-01 4.558800948783977569e-01 4.874746919355438801e-01 6.505377959295930435e-01 7.566418899641444984e-01 7.837950241901573412e-01 8.353737959876070818e-01 4.871570252345166496e-01 5.736587722907333653e-01 2.766485442835069919e-01 2.067752841423265431e-01 2.277225979320417204e-01 5.938252426196166667e-01 4.742740460690725302e-01 6.164784963897540493e-01 4.843315640501166253e-01 3.228874176303324628e-01 3.339162550946073726e-01 4.760600274781791041e-01
1.101500000000000000e+04 3.841357017869869717e-01 4.765614386712096473e-01 4.573166527311353091e-01 5.425386794508931798e-01 6.995401872319947367e-01 7.141688784827248115e-01 7.557633528050500260e-01 6.833915962052578008e-01 5.151332528758798546e-01 5.684583584607116880e-01 3.678367215976253157e-01 3.772866107092627819e-01 4.164686503073972701e-01 3.937374214719136511e-01 6.205973928371297799e-01 4.251961939762403664e-01 2.178305984085553704e-01 4.179431422300082244e-01 4.209914163088120942e-01 3.293947197371613345e-01
1.113300000000000000e+04 4.908659942032017609e-01 4.495461990227733740e-01 5.693557521680776556e-01 5.640835506229248120e-01 6.988302863959667821e-01 7.199779498695566549e-01 6.964600073159621374e-01 5.612137908208125747e-01 4.921179883348584805e-01 5.533167775760029494e-01 4.977073025813927853e-01 3.929613810475248714e-01 2.310187173470167887e-01 3.831314276949805975e-01 5.725204470812015334e-01 3.903116446372323356e-01 3.839958585564823279e-01 6.364974078822136505e-01 3.026386379787219250e-01 3.052852095827938705e-01
1.127300000000000000e+04 4.162079429950575893e-01 5.605967296948975997e-01 6.993982516059944476e-01 6.849926818184378652e-01 7.210542901483479872e-01 7.759057326181422187e-01 7.433612245006405717e-01 7.089826050395824364e-01 4.357238562249483027e-01 2.076532003922638703e-01 3.145992069003524794e-01 3.700869461196755195e-01 5.437524409673212267e-01 3.629822106779760915e-01 3.814342949421090645e-01 3.014595566721413045e-01 2.842393401384923912e-01 5.402765278387311465e-01 3.078073631844737146e-01 5.429412310403025632e-01
1.138100000000000000e+04 4.340232399967744459e-01 5.292470030372216083e-01 5.470708713545342494e-01 6.756535290506475722e-01 6.710163419278339925e-01 6.883384305088333655e-01 6.543299073289956524e-01 7.090469055006684007e-01 4.374982596998440720e-01 4.913986605201894342e-01 4.620760875532785028e-01 4.118506990091330144e-01 2.410006595219783831e-01 2.161221071736321997e-01 4.403649796541481698e-01 6.614735763580549266e-01 4.502554873369740696e-01 5.050704685202603850e-01 3.321811202500274396e-01 3.962034179427563751e-01
1.166200000000000000e+04 4.825421595516305451e-01 6.522264945724220997e-01 4.785755451721381837e-01 4.757204631497549685e-01 5.953657028199228485e-01 7.785210058314010473e-01 7.912932267469059422e-01 6.681509083312607844e-01 4.007369191441257361e-01 4.795208587729002381e-01 3.695485712668829525e-01 5.071461685568263711e-01 4.637219009437615336e-01 3.574760394020961574e-01 2.369636479919724759e-01 1.871366640023938988e-01 5.014191749336912585e-01 4.180848465819377857e-01 4.487728237484536198e-01 4.343235299162707674e-01
1.166300000000000000e+04 6.009116387188581099e-01 5.097535262520482835e-01 4.467537740632080423e-01 5.723255209499259477e-01 7.428209620034231797e-01 8.791649285884546305e-01 6.786129259456569196e-01 5.031350484338074081e-01 3.933607520697542381e-01 5.163826695180792070e-01 5.859266618445383434e-01 5.101383227738047754e-01 3.490405000695291360e-01 1.898414393176424131e-01 2.865658454297886348e-01 5.318969844459250362e-01 4.742766487588963020e-01 6.216886397717354962e-01 4.394866265881399725e-01 1.293498631870829696e-01
1.171000000000000000e+04 4.206337964075334002e-01 4.981145236197125348e-01 5.101006707433759502e-01 5.894249731815008886e-01 6.244108742480094509e-01 7.922917434714673579e-01 6.810763168806489576e-01 5.910819200414088037e-01 4.980890021822861335e-01 5.818528025885617572e-01 5.089704869085051042e-01 2.056550771410444733e-01 2.221149958036624794e-01 2.322216429157176465e-01 1.734060643310951777e-01 1.727424284997753079e-01 5.600954860159600424e-01 6.370391252769264101e-01 3.821289329571614379e-01 8.489617595297755948e-01
1.190100000000000000e+04 5.148099292472561039e-01 5.338008090757037083e-01 5.233623749300654326e-01 6.323979272499937743e-01 7.343482420713145498e-01 7.393697557770821938e-01 6.683093645833575458e-01 6.979443548318271517e-01 3.996665729470817996e-01 4.248781554705873820e-01 1.952604831930953300e-01 4.379650873799593169e-01 4.338106702181739882e-01 3.667704672426292389e-01 6.330296730704781938e-01 2.604867235132160008e-01 3.501051203219388008e-01 5.205782256814422970e-01 3.177848440277336595e-01 4.845854268695656275e-01
1.190200000000000000e+04 5.093894012852752118e-01 5.584603113863800816e-01 6.018084451399223767e-01 6.919438881681707620e-01 7.061661909746959065e-01 7.510326227676871191e-01 7.192080991424545378e-01 5.099347552200897971e-01 3.501167188615891268e-01 4.872844709731990465e-01 4.416922064114784385e-01 4.103589976237052572e-01 3.087676737122818649e-01 4.410404672969424067e-01 3.166234303518378757e-01 3.209056231586661090e-01 5.063590026120750043e-01 3.512528155351980486e-01 4.321116157913094669e-01 4.253607216582931949e-01
1.197400000000000000e+04 5.208582403645134473e-01 5.180417280248589273e-01 5.180556784849920104e-01 5.754692297186768668e-01 6.711235138130567934e-01 7.535904652673791615e-01 7.217846152131504045e-01 4.928189561706673993e-01 4.473250910437749917e-01 5.753706281697963387e-01 2.856310072532559641e-01 4.347701143443429284e-01 4.280331461656711745e-01 3.368367178143438223e-01 3.760915638382800741e-01 1.000000000000000000e+00 4.574936233771970118e-01 3.528145001556137195e-01 2.372846230761184172e-01 2.483306005070028966e-01
1.241800000000000000e+04 4.209388974544447382e-01 5.561995698085802076e-01 5.940742001557929308e-01 6.724307673514164918e-01 7.966932743826150576e-01 7.685777732458195510e-01 6.842133641243967057e-01 5.124058500500111579e-01 3.845092767542427348e-01 5.220973208396153531e-01 2.719596409093943956e-01 3.050154908202840076e-01 4.657713037517636212e-01 3.284279124936479444e-01 3.697709104260257784e-01 5.199980272370778867e-01 4.242988885858282599e-01 4.557960376982470585e-01 5.229078667119937407e-01 3.319915615345223059e-01
1.253700000000000000e+04 3.810456312009997126e-01 3.923674781984838322e-01 4.414046355077243522e-01 4.538734439620049632e-01 7.938505554038831624e-01 7.986847385039469449e-01 7.498019190225390096e-01 7.545415491035156741e-01 5.650133122790159668e-01 4.958230912107477462e-01 1.484583312552194834e-01 3.168591626621654056e-01 2.455821079991803990e-01 4.155616454894837108e-01 6.348734499454443680e-01 7.507968397901011448e-01 4.287958442363902778e-01 3.260267554966683745e-01 3.381805840055506773e-01 4.669447125699884849e-01
1.253800000000000000e+04 3.798048341327474042e-01 4.697948276625497632e-01 4.193594559699547752e-01 7.215196073784392317e-01 7.584562865806813159e-01 8.248994433981915453e-01 7.638440758864685209e-01 7.180606811558586378e-01 4.033406160504311444e-01 4.622927250094424623e-01 3.046807503246081184e-01 2.079372692788356847e-01 3.390606932623311254e-01 4.218288409431712460e-01 7.290245347449498814e-01 3.692417063667565724e-01 2.927493666273952022e-01 3.573788107822135629e-01 3.968904273399356253e-01 5.462961624830194873e-01
1.253900000000000000e+04 4.428074116653509806e-01 4.483210485188383609e-01 6.668536562606593998e-01 6.917002787404558095e-01 7.889481160464655307e-01 8.387750033057613797e-01 7.232874852861354009e-01 4.986917276092313611e-01 3.719068023377443688e-01 4.727019220459041660e-01 2.124368216894784445e-01 3.101497603477507137e-01 3.591916904420102141e-01 5.007004798528543743e-01 4.097117510332311530e-01 2.635829605513242968e-01 3.375346033637137144e-01 4.551650102428398958e-01 4.803812286831978806e-01 5.570823280667305255e-01
