3.630000000000000000e+02 5.683910018371429729e-01 6.960058624468004052e-01 5.393403628081967494e-01 6.321831257424980199e-01 6.181830607341189943e-01 6.106076746976366598e-01 5.037924619510107949e-01 4.745625458682404818e-01 4.792741670873856275e-01 6.003085543961057535e-01 2.329601075937571264e-01 4.271492990651239996e-01 3.765656880970427722e-01 2.337346728368582260e-01 7.005630885177441813e-01 3.677670275480138806e-01 4.258080373331699087e-01 8.112304047093167325e-01 4.034681914289550142e-01 1.752296703424376101e-01
3.660000000000000000e+02 5.727258688025158584e-01 5.830800994915091851e-01 4.965680998828499448e-01 4.755911154806207186e-01 4.285447681969823952e-01 6.886011053896585743e-01 6.547970255578812182e-01 6.271201865145472620e-01 5.530284840859694961e-01 5.576771521284873412e-01 2.351261220773347982e-01 5.610430694500813109e-01 3.222515604963616664e-01 3.975346954269149413e-01 9.619453526807476562e-01 5.769231684412406969e-01 1.851287340941734916e-01 4.042729033483314360e-01 1.784912056859708496e-01 2.982134202528644584e-01
3.670000000000000000e+02 5.399939727181617410e-01 5.218201884363435905e-01 4.420004898460700438e-01 4.355600078925915830e-01 6.238047430005038141e-01 7.209167128940660030e-01 6.303839965878086371e-01 7.041184679009877545e-01 4.608200269171617292e-01 6.380673506361503877e-01 5.571416142286240714e-01 2.961414256571798798e-01 3.371642248211921267e-01 6.649008402125446970e-01 6.005833594323861657e-01 1.693095538784264997e-01 3.867690687706775154e-01 1.517888831542843209e-01 2.632126219492447738e-01 4.825565903626805597e-01
3.680000000000000000e+02 4.807914816660440738e-01 4.625031808585746140e-01 3.936485618661864083e-01 5.778691886508950937e-01 6.491812915193294620e-01 6.814604676509378178e-01 7.016845418189047168e-01 5.698200056077377118e-01 5.259178947351500488e-01 6.801214675733266990e-01 3.567646700852301067e-01 3.714298042813423684e-01 7.094571817672187253e-01 4.775650426641535606e-01 2.702042354015628534e-01 4.186163690398722603e-01 1.788431926246318027e-01 3.291711829463687122e-01 4.911750517011632122e-01 2.701986488691223154e-01
1.475000000000000000e+03 5.816343798753527139e-01 6.780185248623693539e-01 3.919533148779267839e-01 5.462972521661210168e-01 6.405879464647490362e-01 7.122754733171932084e-01 6.054395247754195131e-01 6.161498840878149030e-01 4.288122723001292491e-01 5.507676593724528669e-01 2.112473578031637267e-01 0.000000000000000000e+00 1.000000000000000000e+00 5.106084269734376679e-01 2.594814840124136657e-01 3.856068530433168218e-01 2.925980553192013001e-01 7.479662297873350407e-02 6.074120031712935130e-01 4.237870864142725957e-01
1.869000000000000000e+03 6.372407313739530954e-01 7.459173383534324353e-01 3.629484944657720424e-01 5.049800736058001061e-01 5.560729748360691005e-01 5.896294868132189171e-01 5.160902626067985777e-01 6.171013629225858832e-01 4.409647476314815240e-01 6.752193577295914073e-01 5.206010428718998995e-01 4.786502416811843075e-01 3.544602201831649202e-01 2.457354063895757779e-01 5.066097889924326969e-01 3.538720804018107291e-01 5.828154727972166826e-01 5.379819758952075759e-01 3.508103028586189165e-01 1.955979373054186343e-01
1.937000000000000000e+03 4.293495712832100519e-01 5.764557612343640391e-01 4.525914705071281685e-01 4.240297115769307013e-01 5.321066292769548456e-01 7.301186107383845769e-01 6.584471518490417896e-01 7.071948484791732437e-01 5.346942426251806157e-01 6.416139637442855870e-01 3.909629899254447594e-01 2.121327201164771581e-01 5.392317967516756516e-01 3.722772400634715151e-01 6.894245364208503313e-01 5.480118224628067747e-01 4.442601897482899576e-01 2.526812261374587476e-01 3.531283573468620984e-01 2.629212959518490988e-01
1.939000000000000000e+03 4.381265255705193429e-01 4.074971461306981513e-01 4.569027044124998604e-01 6.050589018436117739e-01 6.367209978046448615e-01 7.631563125837536044e-01 6.628459877999316463e-01 6.601606226801213229e-01 6.089600772737003842e-01 5.162513564059864057e-01 5.603975129151490542e-01 3.200218755980507312e-01 4.618855789660811784e-01 4.334429085264960291e-01 4.837300846857717773e-01 2.461606637318149715e-01 4.253740248727324036e-01 2.585259444648431160e-01 3.631051347989491807e-01 3.983771424484096602e-01
2.007000000000000000e+03 4.471131057870207370e-01 6.755406750838202079e-01 5.355674508578860404e-01 6.315869173193356945e-01 6.515357611567034191e-01 6.247586992024516395e-01 5.697304457564845714e-01 5.221111709692243252e-01 4.831368076754731233e-01 6.194536200542387627e-01 2.687187060286145845e-01 3.964611458115567810e-01 3.415790385957095388e-01 1.538939431285255011e-01 6.013271753883743242e-01 3.950821698919317893e-01 7.663751706145425224e-01 7.679782721093781905e-01 4.012565113323647847e-01 1.391319007980156286e-01
2.009000000000000000e+03 5.204432782247654377e-01 6.062563789818958826e-01 5.715104291255302948e-01 5.295493433749460799e-01 5.483915159624190849e-01 5.708804489549778038e-01 6.147418409849222387e-01 6.575365270660870065e-01 5.110885344259374907e-01 5.644989803985550614e-01 3.895127311579559271e-01 9.630750781546935924e-02 4.319587589114511905e-01 3.569522411670691953e-01 8.296986161617238009e-01 8.079975201161710974e-01 5.472467065320044677e-01 1.089243065658284521e-01 2.190006692838350477e-01 3.653936660967857519e-01
2.010000000000000000e+03 5.614002438376048953e-01 5.921303777954605163e-01 4.951193446854993407e-01 5.333148112444376920e-01 4.801744308284116580e-01 6.790810486850238359e-01 6.655845875294444935e-01 6.502217668831480335e-01 4.689129067496695114e-01 5.663039132012573917e-01 1.088164439974418779e-01 4.115913302948001062e-01 3.009866947687170335e-01 5.815097517035900943e-01 8.212251693519323492e-01 5.030291724738072956e-01 9.878743440419061883e-02 2.134390715787226611e-01 3.275817673990302215e-01 5.561300080705782189e-01
2.011000000000000000e+03 5.667003618351518224e-01 5.435714403900218095e-01 5.212787960470083304e-01 5.037140558830273118e-01 6.466098308630073843e-01 7.607771261525166917e-01 6.797297556756005665e-01 6.139457394562964909e-01 4.857963383641126787e-01 4.545917519406381113e-01 3.952234281889511758e-01 2.621972067488175240e-01 5.046813969552572665e-01 5.481774858609217427e-01 5.148163609245761663e-01 8.427866410177932421e-02 1.870043036736426800e-01 3.448772293089608643e-01 4.751442884990125792e-01 5.035165280330494708e-01
2.280000000000000000e+03 4.295172792437829123e-01 5.049170867947754271e-01 4.963258966111026571e-01 5.456698553422654197e-01 5.920736747380193066e-01 6.725680327956956583e-01 7.208213789847879305e-01 6.752273426715600380e-01 5.930572739312660602e-01 5.032577526445870530e-01 7.042387913803470345e-02 3.667817010607791750e-01 3.302646627193516760e-01 5.282682176767107274e-01 3.626996083642128332e-01 0.000000000000000000e+00 4.364287036723494828e-01 5.329935939480707763e-01 5.205300033610813504e-01 6.791151147006778688e-01
2.281000000000000000e+03 4.644143312635707344e-01 5.087487697510293394e-01 4.930318897829696345e-01 5.494520805213348735e-01 5.843560212957230604e-01 7.795229199986168922e-01 6.678703680274361565e-01 7.450811104849827116e-01 4.021230125335213956e-01 5.905140292730891582e-01 3.716930270733728170e-01 3.068772897153351775e-01 4.744189928271618228e-01 2.525843816444512391e-01 7.882614609474437872e-02 3.986047913481037264e-01 5.181505792407218314e-01 6.377260518940361944e-01 6.055917146325678901e-01 3.314568576156633473e-01
2.351000000000000000e+03 4.278075704335628227e-01 4.992794293272860839e-01 5.027243040882874991e-01 5.238226472870514128e-01 4.627065939243852899e-01 7.852072830607870202e-01 7.541764615115280623e-01 6.842253717974543514e-01 5.343770847347932840e-01 5.455168602340523254e-01 1.942930488414696677e-01 3.996493774008494371e-01 2.934523783826828436e-01 5.062142753245009175e-01 7.003862590885143735e-01 4.168599516737402921e-01 1.851638001710984860e-01 3.711474143177688756e-01 3.689255528029268816e-01 5.114126183976915874e-01
2.352000000000000000e+03 4.610378658811231101e-01 5.160987063639368433e-01 4.744324585322298726e-01 4.491609580925611245e-01 7.278342280732362779e-01 8.188374698564376830e-01 6.791430092127981322e-01 6.676325885817021577e-01 4.414377484474943381e-01 5.770707511798300882e-01 3.978015687604334327e-01 2.656138059666337536e-01 4.452422617991488862e-01 4.814051774578890219e-01 4.529563494779567101e-01 1.677258227019638448e-01 3.514102759337643378e-01 4.165069584946907155e-01 4.499522639735198948e-01 4.699082045932658769e-01
2.353000000000000000e+03 4.695512047956875157e-01 4.839853812000551314e-01 3.976774941160199917e-01 6.507015886902578483e-01 7.600459147835620932e-01 7.267549700638707977e-01 6.544233421722828181e-01 5.358739655788078426e-01 4.650276216601721968e-01 6.593734776593915825e-01 3.025116645106784574e-01 4.638299889033214440e-01 4.675006193691356726e-01 3.425464090757058266e-01 2.535334667381626828e-01 3.576264994800253949e-01 4.461921266906387351e-01 5.913473928335056806e-01 4.539719001999114045e-01 3.161567428013234982e-01
2.357000000000000000e+03 5.308383322511612823e-01 5.134302508093748774e-01 4.815278799609401528e-01 3.836185969521377359e-01 4.370787103764964265e-01 6.804570745802985821e-01 6.502566415657907717e-01 6.968636642002856707e-01 5.756717317604590489e-01 6.548543745488062395e-01 1.834869115423588271e-01 3.239172591193665296e-01 3.925290705877207409e-01 5.521853176203093128e-01 7.389330932311429789e-01 4.188377572066050436e-01 1.878787443806065882e-01 3.601502879274315894e-01 3.089057403141751701e-01 4.908728121257537880e-01
3.191000000000000000e+03 3.809180114721030797e-01 3.280887299296290083e-01 4.721087666875322109e-01 5.795351268583143201e-01 6.787081014654817723e-01 7.775265202415709842e-01 7.556077158432221719e-01 7.377561656316974359e-01 4.470992626913956602e-01 6.566757274464404270e-01 2.421787004800591003e-01 4.361502771752466812e-01 5.070776104765271075e-01 2.625375006009040835e-01 1.687948102071409884e-01 4.286051652607160145e-01 3.392688586037860832e-01 5.297548989972482580e-01 5.758683305571936639e-01 4.298954891290979741e-01
3.192000000000000000e+03 3.066338383091205544e-01 4.735806233075856575e-01 5.098154897069469005e-01 6.020123264215729852e-01 6.957528679081000922e-01 8.024973199467348994e-01 7.201927671978064494e-01 5.351590894940164711e-01 5.306580405726591954e-01 6.411948058415997131e-01 4.792501230403851120e-01 5.269469069572457753e-01 2.233764863547291202e-01 1.286135748872986317e-01 5.072149859216876777e-01 3.433980339975230001e-01 5.638313826568231990e-01 7.788271930471541982e-01 4.131987047037316008e-01 2.050462436691746215e-01
3.195000000000000000e+03 4.699765611700882917e-01 5.362304707621043942e-01 5.644687389193452365e-01 5.990135339125522984e-01 3.719133740182391512e-01 6.532688070431790228e-01 6.025094095819014672e-01 6.636732762028976218e-01 5.410342072023693882e-01 6.416195380035403240e-01 8.541987078497707830e-02 3.483880758803408750e-01 2.734098324910139155e-01 4.619499572320759362e-01 8.592362356653305833e-01 5.413964286890715627e-01 2.058106061188220426e-01 5.482787871435729210e-01 2.588345289837858387e-01 4.821135850111784027e-01
3.196000000000000000e+03 4.942886332758744672e-01 5.749715537798537612e-01 5.478658908439870689e-01 3.811327509474496389e-01 5.672084675719927249e-01 6.524042195625689988e-01 6.605680293566095207e-01 6.797189356053597864e-01 5.305037468183823046e-01 5.961845025262574316e-01 3.362389508678685357e-01 2.361245021121159415e-01 3.869832535205202650e-01 5.741191347328902239e-01 5.489551511155514874e-01 1.775891459774349979e-01 5.071407943007141261e-01 2.517152052439217691e-01 4.119406410045998723e-01 4.830245782231964990e-01
3.197000000000000000e+03 5.245504794956266092e-01 5.576826922744738679e-01 3.424899859871484153e-01 5.326479593819156699e-01 5.626804732961860900e-01 7.147926420912774637e-01 6.752108084369956575e-01 6.632313490947296941e-01 4.877792054088326834e-01 6.376310641516361732e-01 2.737923946239074757e-01 4.045726308862662712e-01 5.743937800291777362e-01 4.173194472489017426e-01 2.651518220520702740e-01 5.134751645983068880e-01 2.724477035033197048e-01 5.375792197197141187e-01 4.697120409763351212e-01 2.413407841147385269e-01
4.136000000000000000e+03 5.231710735699616199e-01 5.502477892418041749e-01 5.669802519206413871e-01 6.488972106030495013e-01 7.123146013958141509e-01 5.520523101817934597e-01 5.291397134483968312e-01 5.629777767343864259e-01 4.951877670489264194e-01 6.127939358156085925e-01 2.292758767596154434e-01 5.925549125033945375e-01 3.923778275365543688e-01 4.061776547537363502e-01 5.365396214444232426e-01 3.652005003760875335e-01 1.684452954771990807e-01 6.795138724442016942e-01 3.330254890547635349e-01 3.137758996763717056e-01
4.482000000000000000e+03 5.207828700763377228e-01 5.893838636421809829e-01 7.161733204281244269e-01 5.566689129125081958e-01 6.164869720115477847e-01 4.897178527978720552e-01 5.036829050966095123e-01 6.175031562486830161e-01 4.925666417905590899e-01 6.085873213320677211e-01 2.445647050571377323e-01 4.144523516256389262e-01 3.812390595350772515e-01 3.610897754318823094e-01 5.890334522517305382e-01 3.724199595416353148e-01 2.685947951906807463e-01 7.606546081714855578e-01 3.597628909934685870e-01 3.117715803239055061e-01
4.559000000000000000e+03 4.984909289044898717e-01 5.921487153167405149e-01 5.007619865032372219e-01 5.160327272507734264e-01 5.910676377369888934e-01 5.509030548565626573e-01 5.169551549795463607e-01 6.570795403434844806e-01 5.650031787024946128e-01 6.672002171735309517e-01 4.849282416999117773e-01 2.671518779712385716e-01 4.205707760704677223e-01 4.248338036154021835e-01 2.820897921707584133e-01 2.602052642740855237e-01 3.685433259431651343e-01 9.012156838797407143e-01 4.043784371771708686e-01 2.288366900110320734e-01
5.033000000000000000e+03 4.865540053022300859e-01 5.223907199952106950e-01 4.882079275734103607e-01 5.435245484771628055e-01 5.137980201074611175e-01 7.115863172266964076e-01 6.724310032545448568e-01 6.431705920748981287e-01 5.193096455995197536e-01 6.009727280144548933e-01 3.344718819407819788e-01 3.492553326030516936e-01 1.732495303604829617e-01 3.579739470797382861e-01 4.507327934615874554e-01 4.613941950655790492e-01 4.315257326081838318e-01 9.381671106102510427e-01 2.552711596535119920e-01 3.974283820206056528e-01
6.321000000000000000e+03 5.680056994822034744e-01 6.432908533704804199e-01 4.357611521655103681e-01 4.667960578934000071e-01 4.317222731752062836e-01 7.543818539894131536e-01 6.730240322293294941e-01 6.242014643574618216e-01 4.867835348104776472e-01 5.787452665411771946e-01 3.488134854604889035e-01 3.112963879941197387e-01 3.236333171351100102e-01 3.487102326196981905e-01 5.772060163402182864e-01 7.768058596722556830e-01 3.612823046256719572e-01 3.699627476350653144e-01 3.814116275533833145e-01 2.943573514453018403e-01
6.332000000000000000e+03 5.358108589685561807e-01 4.393021379223622791e-01 5.348367270716950506e-01 4.690022951208221436e-01 4.761341605139807198e-01 7.319677173451630825e-01 7.024833450744757402e-01 6.064745701080402895e-01 5.542610310913393956e-01 6.126423449410880462e-01 3.432453141526686236e-01 3.191386423293425811e-01 3.652392209733151263e-01 4.241958001915990817e-01 5.221528698043561567e-01 4.991064435144196287e-01 4.084998529651012178e-01 3.552135059548132134e-01 3.529052269914683126e-01 4.233440352593491052e-01
6.333000000000000000e+03 4.192097507632832065e-01 5.547261138912790157e-01 4.340208473155062752e-01 4.711728903788128253e-01 6.756350474447537779e-01 7.724237218473484212e-01 6.065922502294096574e-01 7.040980764121343993e-01 5.092070406174478148e-01 6.135239752411140168e-01 3.509862540000107667e-01 3.694845500971502550e-01 3.955222513198645151e-01 3.871993753580267317e-01 5.686350923021303849e-01 4.039288308252779736e-01 3.714590259517967508e-01 4.332878700985509091e-01 4.015839963958212078e-01 3.343969512832947744e-01
6.767000000000000000e+03 4.871215711568515627e-01 5.213006841074977471e-01 5.634972297472844449e-01 5.370728993514598537e-01 5.880875865693168114e-01 6.398033046418274417e-01 6.333361694220757121e-01 6.236039469382127498e-01 5.092912558325543015e-01 6.153752358293221869e-01 4.274073000520024479e-01 1.098131931856390631e-01 4.112425409656410014e-01 6.088454362662376607e-01 6.761952531025249291e-01 5.445119469151230573e-01 2.788595531911299275e-01 1.195367511217430012e-01 3.150901279885998663e-01 4.599880654777690481e-01
6.768000000000000000e+03 4.796022137977779543e-01 5.713306521593516374e-01 4.871443020223382714e-01 5.485773076253811498e-01 5.461865932323169970e-01 6.836751604327334642e-01 6.149151932071589277e-01 6.341879478178769070e-01 5.047519160929708759e-01 6.339591354933192813e-01 1.372857050093935771e-01 4.248851775247676210e-01 6.055243814635710153e-01 5.075553370874517078e-01 6.208938146008655679e-01 2.849866662579988441e-01 1.270436204125573731e-01 3.832390321105767494e-01 4.422709591473726332e-01 3.574401099491226197e-01
6.769000000000000000e+03 5.266940482684795422e-01 5.090471790689004017e-01 5.052525780712062708e-01 5.234288740253175698e-01 6.112149603468034487e-01 6.710390764613068937e-01 6.333528234873067042e-01 6.347928696787925595e-01 5.265192337081386897e-01 5.765354759946967889e-01 4.254324997733439639e-01 5.768310462958063933e-01 4.499846124365665112e-01 4.295810325088099679e-01 3.364814012542284294e-01 1.173459626155938934e-01 3.664809548136754858e-01 5.231722309338497912e-01 3.161059370109469691e-01 4.039945301566234548e-01
7.519000000000000000e+03 2.483477483671245600e-01 4.104858407427490752e-01 4.250290259147516125e-01 5.668667559299499503e-01 6.666987436317576288e-01 6.961251782017064960e-01 8.988274171436503313e-01 7.476439188054051499e-01 4.941171884769248179e-01 6.568671397797284373e-01 4.010332294310176016e-01 3.993383460939260998e-01 2.888530265487476156e-01 2.157036702042654797e-01 3.561357623223835311e-01 3.630394469835894755e-01 5.037264447367483244e-01 5.843410141400653401e-01 4.393846282543530934e-01 4.787169881252211767e-01
7.521000000000000000e+03 3.748766641022647783e-01 4.761906100668794051e-01 4.988684684027281935e-01 5.102783531269082795e-01 8.966157499543226939e-01 7.495283331819314609e-01 5.495805198025316418e-01 6.269595260180713669e-01 5.221086994018586669e-01 6.346246227537668538e-01 3.335467108795596713e-01 1.711636325161715877e-01 2.324110982641511280e-01 3.361207315933254502e-01 5.847225907995025063e-01 6.234418647832312699e-01 6.143103844055655127e-01 6.086893623978281154e-01 3.112705613982422737e-01 3.588754332724513052e-01
7.523000000000000000e+03 4.547830163383163038e-01 4.583058945589129074e-01 7.006719139690058551e-01 5.983653815867935322e-01 4.510385195676867021e-01 6.411176434759137122e-01 6.214832670587183694e-01 6.297944666881872822e-01 5.246948934737146741e-01 6.160106797958397884e-01 2.404527892386895682e-01 2.798430027633593831e-01 3.810332861547868211e-01 4.839195211278476960e-01 6.328639282594938908e-01 5.873432678600595258e-01 3.616660582884954622e-01 3.876581950476799543e-01 3.529823257658281643e-01 3.356236749691816623e-01
7.599000000000000000e+03 4.620961511177551495e-01 5.563197110423537817e-01 5.017746657660299148e-01 5.374873087572699104e-01 5.488244584442473206e-01 6.599906060441671496e-01 6.845123498488361324e-01 7.063547202927478175e-01 5.760626984784289473e-01 4.833243567153325260e-01 1.862702668118519644e-01 4.403384458594636341e-01 5.705246440687783416e-01 6.382988123021070548e-01 4.462328794958550504e-01 1.342076545333490412e-01 3.958735706886933325e-01 2.682852541422024450e-01 5.181254877194296782e-01 2.597980398993682272e-01
8.009000000000000000e+03 4.470113918627687810e-01 5.815775812253257682e-01 5.996359329642051428e-01 6.192868231541729385e-01 5.919398052800488585e-01 4.393390351777080038e-01 5.298858715205928549e-01 5.666916994681603370e-01 5.215326930625749924e-01 7.703890075022366002e-01 3.676178253651830596e-01 3.341501249923223837e-01 3.068275319997040285e-01 2.861515722045490095e-01 3.792665578332132248e-01 3.292510111335263945e-01 5.387232542387114798e-01 8.102102557894760304e-01 3.486248055829797021e-01 3.969208162683603991e-01
8.585000000000000000e+03 4.702592323054253232e-01 5.334169046848238338e-01 4.663823445240679599e-01 5.666556628164559628e-01 6.634654338603218626e-01 8.072144620373040702e-01 6.209965512107737950e-01 6.417895949772705055e-01 5.430762034347410561e-01 4.745431236311495327e-01 4.276628916504907063e-01 6.106876040656494808e-01 3.088737180568312812e-01 3.428911150568644817e-01 4.591601710848662865e-01 3.250975269057308492e-01 3.553764612471594919e-01 4.473100080046270022e-01 3.381946775712036946e-01 3.889729445383109940e-01
8.681000000000000000e+03 5.861047766169404927e-01 5.948161346214104750e-01 5.757761425642392572e-01 5.823490227326524327e-01 4.957562292468887244e-01 6.307838349457545180e-01 6.101731038470112889e-01 6.616857529330419929e-01 4.573451931254314262e-01 5.155735464203189400e-01 3.628219029777314808e-01 2.606773252329334656e-01 3.729091954667527187e-01 4.034275334024050030e-01 5.220828962648459415e-01 3.735839880670640545e-01 5.212983781032634045e-01 4.322859043249009936e-01 4.117127507275266107e-01 3.663272962561618940e-01
8.751000000000000000e+03 5.619350328642120918e-01 6.284676124981244394e-01 5.964024376283523221e-01 4.913804510233330536e-01 5.411718640542887426e-01 6.378136617683910492e-01 5.923000371280541243e-01 5.871023468605359730e-01 4.980140720151693956e-01 5.601234160822137209e-01 8.562098394677840618e-01 5.137518658483252176e-01 4.576142762083650339e-01 4.220316638944220933e-01 4.341219806731664854e-01 3.298312853019646496e-01 3.085986280328534281e-01 3.022472392590112023e-01 1.670732456487242779e-01 2.369270423635080058e-01
8.752000000000000000e+03 5.821180302745236901e-01 6.173554613729899110e-01 4.625859377999076427e-01 5.308503372956858701e-01 5.681630016282003259e-01 6.571674685165218577e-01 5.934235272313496123e-01 6.353455819341695676e-01 4.669926829292869730e-01 5.875464638717264876e-01 5.444706814147797225e-01 4.597127738806421338e-01 3.871235440026933872e-01 3.179633797818509633e-01 3.995505137021118092e-01 3.027324572128711200e-01 3.099578019302686727e-01 1.509427461865751885e-01 2.218559637833501519e-01 7.959759274382159910e-01
9.150000000000000000e+03 4.401895705992349139e-01 5.494270051194137805e-01 6.098854610090783668e-01 6.692865977550411793e-01 6.058007939636442796e-01 5.686571048854720534e-01 5.268553623962646260e-01 6.794022878014622790e-01 5.946166625809061745e-01 4.930652965024608370e-01 2.809481994347934886e-01 4.807045287145014223e-01 2.387826248238180404e-01 3.283811575469063326e-01 4.347215510821324513e-01 2.491929511476279058e-01 3.179330305031259907e-01 8.154573815681691595e-01 3.544528569654055161e-01 5.167928957537469836e-01
9.151000000000000000e+03 5.045180943688473141e-01 6.151188892852047507e-01 6.123203999833362055e-01 5.648062856959235045e-01 4.598845432614050988e-01 5.664708964248347245e-01 6.763901531146709889e-01 7.510102019359151670e-01 3.957435823618212778e-01 5.728701018540498513e-01 4.938618999714479707e-01 2.220669772028352196e-01 2.758006631901716021e-01 3.088546910251508404e-01 3.125258356084130162e-01 2.993375510800251882e-01 8.161656736425010328e-01 4.128427916400449482e-01 4.696138827245130987e-01 4.296812343256735667e-01
9.965000000000000000e+03 4.287550254141122563e-01 4.903618549914869895e-01 4.602724778417624507e-01 4.501423474907861322e-01 6.792375015805194316e-01 7.402452713649912974e-01 6.744471695914615594e-01 6.771310402752162005e-01 5.195301729399980362e-01 6.309312439195735589e-01 5.333864623946918959e-01 1.603073257010100838e-01 4.016989702665426099e-01 4.254566117441515027e-01 5.229632028490801554e-01 4.577052834174699658e-01 3.179515522673521111e-01 3.137410787812888735e-01 4.892531203808150875e-01 3.423999488670443347e-01
1.026500000000000000e+04 5.524133760463961762e-01 6.049100455733258386e-01 5.902227692924285618e-01 5.651900768044584300e-01 4.296458036514351764e-01 5.968511259285094184e-01 5.843035699361373014e-01 6.524138137732822251e-01 5.324413846836157926e-01 5.462754446993760560e-01 7.128555225530573969e-01 2.540472108124184336e-01 4.204789133791561606e-01 4.429169380036533932e-01 5.420232070173213179e-01 5.156040509103363423e-01 4.847518575898162596e-01 1.612862411486700176e-01 2.363076030360702073e-01 2.897006345306095132e-01
1.026600000000000000e+04 5.655282034646891276e-01 6.153558918820944967e-01 5.352923514531258142e-01 4.469769794237179461e-01 5.221964750712408954e-01 6.524859200953454508e-01 6.668805473588987898e-01 6.853358442644250648e-01 4.571493733718181574e-01 5.513108872291661022e-01 3.149945922360971595e-01 4.720452157727659248e-01 4.575467424452150378e-01 4.367721020213910510e-01 6.353610322784853937e-01 5.264672627492900103e-01 1.934958633210756285e-01 2.910496403737525828e-01 2.998568520259685677e-01 3.652798229836613508e-01
1.026700000000000000e+04 5.696308555347600056e-01 5.602137517921670362e-01 4.191112084053581488e-01 5.135809245769614728e-01 5.836667048029695604e-01 7.385724654696653735e-01 6.960844576416538310e-01 5.783559298922592573e-01 4.576056284425089049e-01 6.054599086630195748e-01 5.047378113174360026e-01 4.624470168567954564e-01 4.054125734252733704e-01 4.669205322603965924e-01 5.902892436635182039e-01 1.953556293657803533e-01 3.005104970558527544e-01 3.500085291933504594e-01 3.437520611983871932e-01 3.389004926641894788e-01
1.026800000000000000e+04 5.218572355649173655e-01 4.528606478410201475e-01 4.785131818718645902e-01 5.593178122586207612e-01 6.879759353365412222e-01 7.684881261614754377e-01 5.795059160293795086e-01 5.765855862309572366e-01 5.047325425087170192e-01 6.273090350926999736e-01 5.328803729390896304e-01 4.414027874818227670e-01 4.720954879299721907e-01 4.633861600967276728e-01 2.929226688780518506e-01 3.246434112751145906e-01 3.948633600538620225e-01 4.508501373289004466e-01 3.412450752586008162e-01 2.702594310436004510e-01
1.078900000000000000e+04 5.618230491931667236e-01 6.100421611445602244e-01 4.263832399173149157e-01 4.950189802189007282e-01 4.952147870568074373e-01 6.005231168730638114e-01 6.466406839750665769e-01 6.819034162607681138e-01 5.514147769337672811e-01 5.722810341426696201e-01 3.636026848388613786e-01 2.103765985390978477e-01 3.407740817072503758e-01 4.123607100073963805e-01 4.936470254234572863e-01 4.815949270420012973e-01 3.269301702734688231e-01 2.098918591946333789e-01 2.888190227021137368e-01 7.900295720953103285e-01
1.079000000000000000e+04 5.644600487538028455e-01 4.608951026857849853e-01 4.628485661522362959e-01 4.911846096175261911e-01 5.171729157819768830e-01 7.147611095247399238e-01 6.914493305442435123e-01 7.044550072257247386e-01 4.758649507842762638e-01 6.085369149581840720e-01 2.233458299106972911e-01 3.233951574147779229e-01 3.615800406940684053e-01 3.488604597449456168e-01 5.256994899823885792e-01 3.055954600379071073e-01 2.022305151646835164e-01 3.161491234756079738e-01 7.148777064106975887e-01 5.110574530855285236e-01
1.079100000000000000e+04 4.408742655742079464e-01 4.941865054503505883e-01 4.596561707835448707e-01 5.089383015177968428e-01 6.608619734821029601e-01 7.654647663882332420e-01 7.158554467325813908e-01 6.030038894575598940e-01 5.088613114820438321e-01 6.086241986364264722e-01 3.482792241780673925e-01 3.581050762720928149e-01 3.070761192436876064e-01 3.833178976131810800e-01 3.750543945702450865e-01 2.009330741592999237e-01 3.228572618423437568e-01 9.588059696961344081e-01 4.766824365142632303e-01 2.942530610637139610e-01
1.088200000000000000e+04 4.192246658067838028e-01 4.779272852506128988e-01 5.419150925949736131e-01 4.823951965090100269e-01 5.075291479781168791e-01 6.632841048505176973e-01 6.380561424628183875e-01 7.169551961772632209e-01 5.770390522083278517e-01 6.463116797360677346e-01 3.048540821972443027e-01 4.607471815509652791e-01 3.559686702807751124e-01 3.932608141509442157e-01 5.942287199418425647e-01 4.924869807541448763e-01 2.933978403723935813e-01 6.372870713740718118e-01 2.626633278920353920e-01 2.992371103971566138e-01
1.113000000000000000e+04 3.755610146728567411e-01 5.094854963404708004e-01 5.644343700774389072e-01 5.568129375579371487e-01 4.700827273810412876e-01 7.317426744255541848e-01 6.209790117734701465e-01 6.901014879934699309e-01 5.249375441482403426e-01 6.614749344101028550e-01 3.531073645127830174e-01 3.833174612183943841e-01 3.428256086883236797e-01 4.827046976848449189e-01 5.704973241641694282e-01 2.966875070427822947e-01 4.598053508885913687e-01 4.972919053323708316e-01 3.199889947523792411e-01 3.302145001724183793e-01
1.113100000000000000e+04 4.672827103149688743e-01 5.691474958501331338e-01 5.021722794505557586e-01 4.518010538147964605e-01 6.568068458596176828e-01 6.661762488875638821e-01 6.825233681105676853e-01 6.522181240985517325e-01 5.441044734119747650e-01 5.447700739909281387e-01 3.952357209128426474e-01 3.259820537069151314e-01 4.354900909272648724e-01 4.035638074506649464e-01 3.552517768239255580e-01 4.280692000923755902e-01 4.922484210617886768e-01 3.614449317187653499e-01 2.986622849486715303e-01 4.987387385489432390e-01
1.113200000000000000e+04 5.221661311930414495e-01 5.193580626631639774e-01 4.115348458534238141e-01 6.069139054134806699e-01 5.843719182613751340e-01 7.429734985857253671e-01 6.490675719328877769e-01 6.845177761445495612e-01 4.435617482636921016e-01 5.885673815610693582e-01 3.660676886596755941e-01 4.533201017876827277e-01 3.812121288021704246e-01 2.692396780340298168e-01 5.093952564123757076e-01 4.948916900399317753e-01 3.872110348888116449e-01 3.605240179858147931e-01 4.817086603475061457e-01 3.143115188164335994e-01
1.118800000000000000e+04 4.508193580617436136e-01 4.563822810888539250e-01 4.575575471824139817e-01 6.116435087544600524e-01 7.944146986129783095e-01 7.383930212438017948e-01 6.170412200171334627e-01 6.027302136907084495e-01 4.997335751651141855e-01 5.918398675624558791e-01 3.332661630734740088e-01 3.292656265647385117e-01 2.883856109773843546e-01 4.131809463817266437e-01 6.152269062175630410e-01 5.942198733147052714e-01 4.295420816837076106e-01 4.216639429399772210e-01 3.701516891495930661e-01 2.901811354379982277e-01
1.121200000000000000e+04 4.716694238368904224e-01 5.307737668882067661e-01 5.826397693343841055e-01 5.077738079115707848e-01 6.490278362307174698e-01 6.335299876494068227e-01 6.455797363936547351e-01 6.480993232862131137e-01 5.474788691414630426e-01 5.278627623465230734e-01 3.708355931844052877e-01 2.388529982443281796e-01 4.310172822126122627e-01 3.715384743262066247e-01 7.528131412944241152e-01 7.101107361047388489e-01 2.568613093398444125e-01 2.675954692866251428e-01 2.444625688652555529e-01 4.253472321508151577e-01
1.137800000000000000e+04 4.653536440836771870e-01 5.411867280416006176e-01 5.775364685373860496e-01 4.494772240488486004e-01 5.571392979386439182e-01 6.812633292129124385e-01 6.979717277910622020e-01 6.495350766948524424e-01 4.889793656677930422e-01 6.108853351027112577e-01 4.386698924012001899e-01 1.827503762177249413e-01 2.344104599915828036e-01 4.913931246890219651e-01 6.446428462072666399e-01 3.457842439747053631e-01 2.416667669877044233e-01 4.006783109988916736e-01 5.448370093763420519e-01 4.083031583542601206e-01
1.138000000000000000e+04 5.411627254091568862e-01 4.401009246731361624e-01 4.877352694071466765e-01 5.700866265861511684e-01 7.092252496570655707e-01 7.077384930328567414e-01 6.092672588700700498e-01 6.340931426140448135e-01 5.451670258735904495e-01 5.191516283663752951e-01 2.417585637381230446e-01 4.483649435783393922e-01 4.256684883941381226e-01 2.949049385644154642e-01 3.035935402097268421e-01 3.865072395340544698e-01 7.105259908755304776e-01 4.531499426478680648e-01 4.181425088685571390e-01 3.655137921310044891e-01
1.158500000000000000e+04 3.047141239606436236e-01 3.740808875096012787e-01 4.946576682236540345e-01 6.089544581400825329e-01 6.739129848349795227e-01 7.287102102315672347e-01 8.009063013485455684e-01 7.712335308833987435e-01 5.476143799939817702e-01 5.196270220546662655e-01 1.706686056184445466e-01 3.186370168183456086e-01 3.237468487386273019e-01 3.386082739028740685e-01 3.040693289959884860e-01 3.254533891940914470e-01 5.671219910165538058e-01 6.588007792028806042e-01 3.428998977357816669e-01 6.560308064799494909e-01
1.171100000000000000e+04 4.523844836135875735e-01 5.134960147424120214e-01 5.252395853112379331e-01 5.658337638103003719e-01 7.227207183729043027e-01 7.256747400612304499e-01 5.699860892236647825e-01 6.094476345335946288e-01 4.673314106134455748e-01 6.390500510363485986e-01 2.621492146598367601e-01 2.473097426821801448e-01 2.107044939582828069e-01 1.437578934206112380e-01 2.785736277827587926e-01 6.070996858338895130e-01 7.374672813647835667e-01 5.296667158472485593e-01 8.753340070058924782e-01 1.706899648241939904e-01
1.176200000000000000e+04 6.669339931587835446e-01 6.125695478549062489e-01 5.552628422100236438e-01 3.448379051061059575e-01 3.750337477391570418e-01 5.814189673723607621e-01 6.181792474543477134e-01 6.910785592411644584e-01 5.357192510390486051e-01 5.842814252253849538e-01 2.005645508990398229e-01 5.091310519689923320e-01 2.537258580946282760e-01 2.677246951606674363e-01 4.497970750940889495e-01 4.211205347881564198e-01 3.466436228610357273e-01 4.948336419740493874e-01 5.304987811187243940e-01 4.944187972274474152e-01
1.176300000000000000e+04 5.729435954952191157e-01 5.850273722109864405e-01 3.314299145586521722e-01 4.053228626238611909e-01 5.047520142956134492e-01 6.920333440699786287e-01 7.094593007255075578e-01 6.910261524286401835e-01 4.924198929304020589e-01 6.566869638202038617e-01 4.812093551776439604e-01 2.137588806595782098e-01 1.918670607452516719e-01 2.966304265542734075e-01 4.383816312295883977e-01 2.955974550305360271e-01 4.497547956704167071e-01 6.135892956470140325e-01 4.178031975507190965e-01 6.047201930510012202e-01
1.176400000000000000e+04 5.338629863520184538e-01 3.633434087421641978e-01 3.662885831346799903e-01 4.847017112803942984e-01 6.140743073632771720e-01 7.710415993377619515e-01 6.885027221770645411e-01 6.131015076799610775e-01 5.432615322335105912e-01 7.077915750220059588e-01 2.413816128338061584e-01 1.862017389829394853e-01 2.560859241319107804e-01 3.249440869040453594e-01 3.714156534473002647e-01 4.426737379026675079e-01 6.422302075793115961e-01 5.296779567093066188e-01 5.725439943286138034e-01 4.526919879310175587e-01
1.176500000000000000e+04 3.422951424854507874e-01 3.857664785820680287e-01 4.301360396631504490e-01 5.602151122372800440e-01 6.993307756943467624e-01 7.365766498132647611e-01 5.957293215884532644e-01 6.724229609871249513e-01 5.825837882762269215e-01 7.365223538920298019e-01 2.178283650612284073e-01 2.596682721132044791e-01 2.928907411966494845e-01 2.803981180482772451e-01 5.219963776890241824e-01 6.387178395644415030e-01 5.650447252515654606e-01 7.754359238725008208e-01 4.358978799442167484e-01 1.975039163758508798e-01
1.176800000000000000e+04 4.251186205402176510e-01 5.196319825931993153e-01 4.828475854521261934e-01 4.385603504196380342e-01 5.486575565504806518e-01 7.139354191308689979e-01 7.054653828300990748e-01 7.070424135065401794e-01 5.142120709430808567e-01 6.487466035042459556e-01 2.443168970838337783e-01 3.318443145253252013e-01 4.671976905677855396e-01 4.329959882148010086e-01 8.016132400058089136e-01 5.329406189325631704e-01 1.733441804913908035e-01 3.252647380709896563e-01 3.462848620174278635e-01 3.536729549414411866e-01
1.189700000000000000e+04 4.926289170689795993e-01 5.557220375853837435e-01 5.005675867105732202e-01 5.774187360713677331e-01 5.738039106154130264e-01 6.259585588343502538e-01 5.832595650294932765e-01 6.415165570160786812e-01 5.345860463847371680e-01 6.136536748338511371e-01 7.340352693160200337e-01 4.415363520683954213e-01 5.086673556101841687e-01 2.170936503582704680e-01 2.590043391873955159e-01 4.707240469274819317e-01 4.825409153972001763e-01 3.463729913664162496e-01 3.791544282973038360e-01 2.104268958165129710e-01
1.190000000000000000e+04 5.163200273402834828e-01 5.317637057367837761e-01 4.866083055756086906e-01 5.380168517928095584e-01 6.460946028857332823e-01 7.515440242953795869e-01 6.487463133937064752e-01 6.416005157324585761e-01 5.327675019818335356e-01 4.726908819963694386e-01 2.487823624163855996e-01 1.875142515420273048e-01 4.643353455243601768e-01 4.909327262966655114e-01 5.292214574183402576e-01 6.109461885088108835e-01 2.855474048377352747e-01 3.658713337238760355e-01 4.397067032940887854e-01 3.587280789989454877e-01
1.196100000000000000e+04 4.407794455380784071e-01 5.047078316364169703e-01 5.160338971956253129e-01 5.660480639881640963e-01 6.675414179335737996e-01 7.554940833087163687e-01 5.652694523794206116e-01 6.059643064754870467e-01 5.182413485516377261e-01 6.246408452689264923e-01 3.227387584326599224e-01 3.475622284508440574e-01 5.592366168140442406e-01 3.253347954587637592e-01 3.545686317632495976e-01 2.811296197150761067e-01 6.893864650541001726e-01 6.041190222551756639e-01 5.883059695850866300e-01 0.000000000000000000e+00
1.196200000000000000e+04 4.583295024894130654e-01 5.194234676775483228e-01 5.041138609081142752e-01 6.005626793133307384e-01 6.774932223478933313e-01 5.964689957927311603e-01 5.864489322979817842e-01 6.371555562228726766e-01 5.063705324682082898e-01 6.549757030783077694e-01 3.718438850344683577e-01 5.618306534869678126e-01 2.809848253246751693e-01 2.584275080279993531e-01 3.508823614736266694e-01 6.588734418223667344e-01 6.194569487603358571e-01 7.698638593068591884e-01 0.000000000000000000e+00 3.828912782932269443e-01
1.197200000000000000e+04 4.815660656563220954e-01 5.606298802475467857e-01 5.363344294177967431e-01 5.269804447404389247e-01 5.791669054571736419e-01 6.713732414915966062e-01 6.571962375636066778e-01 6.750391792151924086e-01 5.578173973974304145e-01 4.842283835955969451e-01 2.750769749813116727e-01 3.201901745097642249e-01 2.451437916054012844e-01 4.363053242139547927e-01 5.898302745942562986e-01 3.622563548921881038e-01 2.839862825955092318e-01 9.421690166269944822e-01 3.418020666801678820e-01 3.030317627684672166e-01
1.197300000000000000e+04 5.219369641047040265e-01 5.584563454362282409e-01 4.906379567425599997e-01 5.553828662227366930e-01 6.032781495936068161e-01 7.244588099042797991e-01 6.822160652321700436e-01 7.112819261147668159e-01 3.950217879583537428e-01 5.414296231976217788e-01 3.564585425762468174e-01 2.463121462891362801e-01 4.135862634835940632e-01 4.415812305134255156e-01 4.410153254141758739e-01 2.886243125439050261e-01 1.000000000000000000e+00 4.220189521823973777e-01 2.907010082369576032e-01 2.425374687297003895e-01
1.254500000000000000e+04 6.399164089747788609e-01 4.883242811689799123e-01 4.168781531740966551e-01 4.680742887296516219e-01 5.567309871801972010e-01 6.560633032601806969e-01 6.507495403085608032e-01 6.287653800740234944e-01 5.238390909127839112e-01 6.201054683371558518e-01 2.928368394793063878e-01 3.716107748887022555e-01 4.991377268885358043e-01 5.706730560432606847e-01 4.186715407900701291e-01 3.156478116820256030e-01 3.515165515937952456e-01 4.722239301557398239e-01 3.454762741202224152e-01 3.227291826664476782e-01
1.254600000000000000e+04 4.678233235055543338e-01 4.576619248422185149e-01 4.436847331568138930e-01 5.461612892138818509e-01 5.948595896878859923e-01 7.258288207427704419e-01 6.405576833068471476e-01 6.726999886620427249e-01 5.230598081336654825e-01 6.467693142562050967e-01 4.041841166190774937e-01 5.092992739281233527e-01 5.536053587164807555e-01 3.101372789586959722e-01 3.903876983708562398e-01 3.482288172652107106e-01 4.931290517963062281e-01 4.208813609352770602e-01 3.055288432833366818e-01 3.012870653841972501e-01
1.254800000000000000e+04 4.266452848053469693e-01 5.044003549917424056e-01 4.966223190583009539e-01 5.939167470027126861e-01 6.028486189554159713e-01 7.149484398796145390e-01 6.399386515182919899e-01 6.605974940005385765e-01 5.232005441952453095e-01 5.895312999788411279e-01 6.510227937938439791e-01 2.935752143744581599e-01 2.700974724261555049e-01 3.343845987691130284e-01 5.905038502133159728e-01 4.683826965130805098e-01 4.104174129976945751e-01 3.611940206484073324e-01 4.479652430908386829e-01 2.317215653180088875e-01
