3.650000000000000000e+02 5.319253679083183473e-01 6.171883814053048534e-01 5.585042523654671909e-01 5.278997319750268202e-01 4.712723478666787646e-01 5.264552035146586872e-01 6.203351258069460528e-01 6.447037015977474805e-01 4.919311643826145275e-01 6.554119532629204548e-01 4.400767510232920787e-01 1.970096904319798004e-01 5.267467762205393367e-01 3.448526008981435687e-01 5.180878716390824312e-01 8.737714718955584825e-01 5.658661039889485433e-01 1.680460284667545656e-01 3.221572655164287591e-01 1.808438220113004757e-01
1.373000000000000000e+03 4.016449920835264975e-01 4.960469212266918615e-01 4.974339249267177299e-01 4.871325215658001140e-01 7.353912516735067184e-01 6.604693839989316251e-01 6.335994860013069996e-01 6.717184181675109889e-01 5.164122507546814456e-01 6.632541230237746221e-01 3.984072890181101778e-01 1.980248285463626634e-01 5.096841090373449568e-01 3.974527076423130523e-01 5.975442894620880407e-01 4.409648559206956198e-01 4.496388577065226766e-01 2.075590507979831745e-01 4.673639379222784274e-01 3.192751014445955882e-01
1.374000000000000000e+03 4.337646818608682509e-01 4.816878542229922622e-01 4.075176227680939456e-01 6.291548357406634429e-01 5.269521106555355994e-01 6.479307553488207194e-01 6.340299825749693419e-01 6.136283548321850301e-01 5.255585999281487952e-01 7.721626875043128280e-01 2.287437001751012333e-01 5.279944801778228003e-01 3.708665767075358111e-01 4.473261177689282220e-01 5.177988415182185333e-01 4.489123753634235436e-01 2.196596315932786980e-01 6.121059982778521702e-01 3.062348886187710728e-01 3.448450888816936843e-01
1.375000000000000000e+03 4.272402148364529695e-01 4.070219559651368502e-01 5.468212932963227857e-01 4.724083602302211471e-01 5.210302836935458703e-01 6.562210195931174050e-01 5.791418349179078273e-01 6.324705978923497174e-01 6.286581669049272625e-01 7.558291371500421851e-01 5.365725487345932576e-01 3.527211540850512250e-01 3.969263281252034536e-01 3.650303530201569613e-01 4.943141297947916124e-01 2.064990908083887133e-01 6.054053501699784290e-01 3.400718104078024329e-01 3.107851133973641988e-01 4.129001133802218670e-01
1.376000000000000000e+03 3.670050165332521819e-01 5.348269731921398984e-01 4.032806152197829230e-01 4.701886932474306224e-01 5.345189315295857391e-01 5.971633682361116024e-01 6.014182153579928913e-01 7.733238250993420548e-01 6.154738113740872985e-01 7.338702273614275962e-01 4.035850956334067208e-01 4.219298808118631117e-01 3.467354283148254557e-01 3.811074767690440512e-01 2.979372721423319548e-01 6.190743149847250937e-01 3.740608506112890197e-01 3.888278939335418349e-01 4.070879769849509167e-01 3.653225339050545362e-01
1.377000000000000000e+03 4.755752033366555387e-01 4.082998762409321691e-01 4.045849418000526110e-01 4.844565182463774211e-01 4.651614469573944755e-01 6.258032328080219697e-01 7.546862147479930227e-01 7.586564736218043281e-01 5.979497759101610743e-01 6.507800873605800174e-01 4.855944824576018393e-01 3.735739151853798568e-01 3.710634168583235581e-01 2.345742410840807035e-01 7.210528936126053834e-01 3.963138363525620100e-01 4.349566239319628269e-01 5.475392094917139740e-01 3.656213779588102786e-01 2.019960540469767363e-01
1.870000000000000000e+03 6.712962787561455036e-01 3.964110045539049332e-01 4.641721051440935719e-01 5.307156437393867332e-01 4.927119901142864578e-01 5.596177474810185570e-01 6.146729402053934255e-01 5.484231072275037588e-01 5.634433050264769927e-01 7.377883114598866587e-01 5.216653892049357699e-01 3.623597891746859201e-01 2.038133549954102008e-01 3.793387448434004661e-01 4.324900764257053609e-01 5.772529468305354072e-01 5.701253204831775445e-01 4.352355287727518451e-01 1.878131983585387965e-01 4.488436873012971451e-01
1.871000000000000000e+03 3.846829232983058344e-01 4.922000414874161400e-01 4.929474144848838280e-01 4.858328308758523839e-01 4.616374459323417945e-01 6.754655260297849351e-01 5.461300807849420735e-01 7.177972816221336316e-01 6.231945162729530807e-01 7.394741892269920402e-01 4.158789453753348186e-01 2.121384404275862834e-01 3.646246838090900777e-01 3.352483376555763783e-01 6.718218466353311769e-01 5.867425947305314748e-01 4.801910737319792233e-01 1.990515682016253396e-01 4.441474010282030482e-01 3.388451312172171548e-01
2.278000000000000000e+03 4.398561821952859385e-01 4.952927505562766952e-01 4.454992860021618206e-01 5.446074596507607390e-01 5.917099123833482466e-01 6.748612473759870722e-01 6.309361155412498423e-01 6.354079378252418531e-01 5.780640954776716800e-01 6.572940417156786230e-01 6.253036146046073718e-01 3.680662600607043089e-01 7.704959846307861404e-02 4.371023303383032022e-01 5.454024620530225631e-01 7.284669262840502979e-01 3.301146861875809413e-01 3.721826306031646332e-03 3.799879271530097746e-01 4.904862623335601857e-01
2.279000000000000000e+03 4.450352666411022673e-01 4.491366959556324923e-01 4.768481089419009944e-01 5.328402992394442039e-01 5.665574599865252914e-01 6.621820966899186756e-01 6.107366876114573850e-01 7.110483769003983490e-01 5.309013401582065583e-01 7.033637152491980515e-01 3.964772802122978335e-01 6.360452996830033567e-02 4.043760910740917258e-01 3.998969545522914615e-01 7.817418570793029930e-01 3.240501150068257341e-01 0.000000000000000000e+00 4.675818319151256452e-01 4.600983537057781181e-01 6.014816249047537644e-01
2.294000000000000000e+03 5.410538406673829348e-01 4.883707086917052909e-01 2.831148244657432644e-01 4.556545949076156732e-01 4.916440058185088668e-01 6.184280478603797482e-01 5.858775007357448494e-01 7.074577154676727764e-01 6.623235209225785125e-01 7.217253219207598880e-01 5.366107626518656915e-01 5.282702786282185148e-01 3.667358935391357710e-01 1.830648577356534801e-01 6.640849885563407939e-01 5.012823685911373950e-01 4.918786251865469028e-01 4.629975711981895725e-01 2.819384114536084840e-01 1.602936916951301916e-01
2.355000000000000000e+03 3.797691445778070829e-01 5.772969313706265426e-01 6.014293137782364962e-01 5.770241365162861458e-01 5.997932518410864500e-01 5.334833129285614373e-01 5.406729032614792096e-01 6.608589673152588384e-01 5.428917885904771534e-01 6.906230533948256589e-01 5.651488017538629505e-01 3.424972751318997033e-01 1.590429418946955054e-01 3.492597014923525256e-01 5.567896849008566740e-01 6.668322227663384671e-01 6.754020274213771158e-01 3.946030660642755872e-01 1.802954661515892842e-01 3.136023451904415560e-01
2.356000000000000000e+03 5.074249037415198282e-01 5.830905406408453118e-01 4.994750785351248501e-01 5.311278661562569559e-01 3.793092272398120302e-01 5.528004755369070322e-01 6.305470869175103799e-01 6.568468662642336087e-01 5.558811917295991556e-01 6.940011907145604564e-01 3.998751840714179773e-01 1.661035949530691447e-01 3.351965310176913126e-01 4.355390382246135950e-01 7.705345566086301279e-01 7.005973223104378089e-01 4.420932252076404945e-01 1.909196829324225353e-01 3.146317577067285209e-01 3.367368704821805392e-01
2.358000000000000000e+03 4.597889651490141283e-01 4.813060820016042962e-01 3.266489878245505407e-01 4.103601192443953605e-01 5.730256392345542960e-01 6.834177484833164895e-01 6.758046391124846730e-01 7.074668222314242083e-01 5.284325285276170181e-01 7.971528637447272692e-01 3.255990339722493743e-01 3.641038271410794724e-01 4.932116772439955055e-01 5.090699718481472846e-01 4.558177962189329802e-01 1.708154141205760757e-01 3.416904476892829723e-01 3.336116946284684581e-01 4.328131801896665798e-01 4.539465240971841675e-01
3.186000000000000000e+03 4.700920788321703570e-01 4.437455050305409987e-01 3.893705242291085056e-01 4.884191486557190598e-01 5.629553174530422810e-01 6.650815963641247830e-01 5.368678643742001988e-01 7.124353228392462656e-01 6.042945973618977229e-01 7.539720644155083473e-01 5.647076736345154613e-01 5.870955713338945614e-01 3.363447424743612468e-01 1.767016859943790763e-01 6.169361748903650078e-01 2.921191416766249493e-01 5.873768548566744574e-01 6.653039160858446044e-01 2.517656640382107680e-01 1.261739058465551899e-01
3.187000000000000000e+03 3.993281815563874959e-01 3.949339241755808749e-01 4.206509122712442927e-01 5.059364993290342838e-01 5.489824771958980998e-01 5.524491481658612146e-01 6.889723299614226582e-01 7.427890149659117647e-01 6.154774827836057005e-01 7.600679827549261525e-01 6.546899974892529395e-01 3.554857914098539795e-01 1.340726585687683492e-01 4.745348942498598399e-01 3.834470800740610308e-01 6.008034987646063696e-01 7.282061896641094378e-01 2.969058233240128852e-01 1.256170516599142140e-01 3.910898376274801191e-01
3.188000000000000000e+03 3.503759089968984108e-01 4.129769115697201065e-01 4.256517032347975071e-01 4.827690172484833675e-01 3.926168898237342719e-01 7.107012666853810279e-01 7.103163090600109753e-01 7.475270715809182454e-01 6.133124521923530859e-01 7.654962415173871548e-01 4.235780419413587849e-01 1.432212558436049277e-01 4.892881991657644369e-01 3.073118143557742044e-01 7.172391319653484976e-01 7.701655689181787778e-01 3.430439065373094842e-01 1.093507834898867492e-01 3.995978800575499812e-01 3.476961367648684353e-01
3.194000000000000000e+03 4.469994938607056434e-01 5.161166847808591474e-01 5.317390320484366439e-01 6.277701061263287752e-01 6.616221769593827462e-01 5.083701309217871778e-01 6.130997280267610483e-01 6.184038418035771034e-01 5.359739056531021006e-01 6.608778184129228128e-01 2.706309880869657292e-01 7.355685625290205032e-02 3.713596215667457900e-01 3.322163046224075877e-01 6.627106995641754983e-01 8.546389624388375239e-01 5.933422188697793365e-01 2.179323921655887952e-01 4.566765325895585925e-01 2.906989823483243640e-01
3.524000000000000000e+03 3.839196908781271067e-01 7.812524253093301452e-01 6.361040270529803031e-01 3.308362073590651597e-01 6.030853165247971326e-01 4.222727208988978909e-01 4.713588474030576680e-01 6.885063789914868115e-01 5.659963199650828169e-01 7.429013720472550375e-01 2.493706129739341470e-01 5.356957583338465279e-01 5.078199000934631169e-01 3.993425904527559411e-01 6.674797626344379786e-01 4.868300918116058029e-01 2.106010143508263432e-01 4.506869700600358852e-01 2.213702244279722176e-01 3.200294589233952380e-01
3.525000000000000000e+03 6.820340997195377675e-01 6.208626700817581057e-01 2.775390438395649029e-01 5.413989472633593536e-01 2.497307105368836988e-01 4.828080671246648414e-01 6.669088395964221094e-01 6.944459952011901027e-01 6.078784616310324296e-01 6.499830044931561579e-01 5.463733304276618963e-01 4.926571464445287929e-01 3.485493848744626866e-01 4.720590683254236031e-01 5.312225452546899263e-01 1.993423630776646471e-01 4.453053968595077072e-01 2.198341015323240499e-01 2.894342273714359259e-01 4.169729294978712364e-01
3.526000000000000000e+03 5.686711456904338657e-01 3.207017974367958324e-01 4.996954734278731269e-01 2.904766268558312547e-01 3.610466390705571182e-01 7.306081637164000275e-01 6.986638236849709305e-01 7.747449119733114120e-01 5.417476023260781037e-01 7.718062739256664750e-01 5.714991117630000561e-01 3.822943230839778717e-01 4.828330996524563545e-01 4.211800653095127966e-01 2.998547857242653825e-01 4.761588569027043749e-01 2.537248040821297179e-01 3.691671205428844749e-01 4.230515025523624573e-01 2.753241169088583296e-01
3.527000000000000000e+03 2.977608671690440967e-01 4.951637866560816281e-01 2.371800280217220003e-01 3.473338182533762808e-01 6.319890032212411857e-01 7.346370506401085354e-01 7.560125561704174046e-01 6.592353820627970817e-01 6.320456382404304740e-01 8.540281701707114204e-01 4.615475215339976400e-01 5.467141905472363561e-01 4.348651002091982187e-01 2.453658437529210590e-01 5.976626223090859558e-01 2.895496331986627259e-01 4.329986355941367604e-01 5.976097594628628773e-01 2.868783159813712569e-01 2.191786228795464253e-01
3.656000000000000000e+03 5.274937769923288000e-01 5.552426869283423327e-01 3.432248167109823167e-01 4.784723840608974266e-01 5.268456134728776163e-01 5.672827141593089761e-01 6.867393497434207683e-01 6.412419428395372822e-01 5.710878422888964190e-01 7.122784193606070957e-01 5.171247574859475504e-01 3.544092854307421825e-01 3.612638321827655874e-01 4.227410190646027077e-01 5.990010957877613951e-01 1.661284911984147739e-01 6.149903255577761074e-01 3.704691884387202316e-01 2.609352352585322388e-01 3.804303981502571430e-01
4.483000000000000000e+03 5.421922843682026594e-01 7.165656952678676195e-01 5.134625033479452982e-01 5.796814099664435727e-01 3.690935067053005003e-01 5.469523607590601744e-01 6.162248873062352583e-01 6.189909003103378771e-01 5.040671128359330844e-01 6.132502225324898415e-01 4.432518627719106985e-01 3.804681791637459232e-01 3.218297914690113615e-01 4.310887582960376552e-01 4.405173555538660080e-01 2.651204311629915544e-01 7.870276282322532513e-01 4.367427400583135388e-01 2.920920993664127829e-01 2.969839449779655416e-01
4.658000000000000000e+03 7.819648823389799830e-01 6.496656034514847189e-01 2.863925611871992460e-01 4.264577018221554217e-01 4.478667007509871123e-01 5.774745955948380471e-01 5.391817929975207813e-01 5.682604212140036637e-01 6.665194895838890687e-01 5.628145577671467281e-01 4.928083768116550134e-01 3.913917582860401145e-01 4.439014154756463770e-01 3.919856773547767959e-01 4.786001375176517914e-01 2.959407584426174687e-01 2.515879572258481467e-01 3.358659006061113783e-01 4.072796115128796135e-01 4.340265125692970294e-01
4.659000000000000000e+03 6.146125216331759233e-01 3.549762499701032414e-01 4.218332983850090478e-01 4.783170164159216142e-01 5.193709175233242048e-01 6.189663480239907534e-01 5.924399320617906861e-01 8.804787607941977345e-01 4.827322572265407841e-01 6.749150490585926754e-01 4.342763367669917329e-01 4.615978311386569333e-01 3.677850214374968618e-01 3.612460047975368793e-01 3.789852405157326243e-01 2.597604885401309516e-01 3.591752650726133811e-01 5.253408747244824317e-01 4.187851879784199038e-01 4.005172047905248833e-01
4.660000000000000000e+03 3.465838732057545113e-01 4.494911845544275475e-01 4.392174683042806005e-01 5.015892806116470926e-01 5.292973935620387538e-01 6.451520723982715477e-01 8.952310609221186821e-01 6.045719750171473228e-01 5.630818272544858560e-01 7.159770632948758706e-01 4.924292176087313733e-01 3.671943378545525771e-01 3.226493185077224934e-01 2.784850767778145886e-01 3.334993728844963257e-01 3.516848632299152122e-01 5.433640324902877516e-01 5.252574794859919960e-01 3.758050740054941774e-01 4.456002025892269458e-01
6.320000000000000000e+03 6.815673204644336902e-01 5.941888818483538337e-01 6.059541882564223325e-01 4.421222126159078947e-01 4.342014902784345765e-01 5.083067558110372364e-01 6.604117727699968521e-01 6.444240307687563174e-01 4.768827476400826493e-01 5.677981602190299570e-01 4.031100677135375787e-01 3.065287919213771639e-01 3.002334741893528669e-01 3.488670048557173109e-01 4.576066287079716410e-01 4.925519447576495735e-01 7.747544697546229209e-01 3.337808898763929832e-01 3.024439028672789020e-01 3.915725115850882676e-01
6.590000000000000000e+03 2.555921768806133643e-01 3.401943977832172505e-01 6.120610749371346859e-01 5.600066519229823792e-01 5.881991794589892519e-01 7.346175866377481212e-01 7.593724433169357635e-01 6.433918329082243259e-01 6.210622598433112040e-01 6.421822227204995182e-01 2.291414233906032827e-01 3.576089142170773560e-01 4.580411351998833203e-01 4.790370565520890578e-01 4.706527787426428300e-01 1.461223197738611423e-01 3.671064209643720155e-01 6.206891108267982293e-01 3.929549352572126453e-01 4.293149635349542970e-01
6.770000000000000000e+03 4.553360152654664095e-01 5.017418669278286281e-01 4.556574579204767383e-01 5.466411911851070116e-01 5.597523247459490481e-01 6.632801880650645021e-01 6.086450313841592630e-01 6.403069512566804677e-01 4.570347313745066753e-01 8.003385699212675064e-01 4.984213495992049214e-01 3.629760186637467911e-01 3.184756850994264199e-01 2.037082806968485427e-01 1.590755593429846737e-01 2.809950686821010568e-01 4.320150632493297560e-01 2.915910986941015470e-01 3.145030141625366205e-01 1.000000000000000000e+00
6.771000000000000000e+03 4.445127479548934835e-01 4.512377896226987262e-01 4.709048950654001753e-01 4.992024368593461769e-01 5.413990833250567070e-01 6.286802322665703269e-01 6.083690011736239134e-01 5.410094295119215468e-01 6.546500268665280675e-01 7.717134919818133820e-01 4.231714360405517406e-01 3.437537849452352856e-01 1.690556617700002817e-01 1.275885375608822314e-01 3.794270029799872712e-01 4.565050200918739365e-01 3.290728598457935417e-01 4.035158269981674040e-01 1.000000000000000000e+00 2.719711586259744296e-01
7.586000000000000000e+03 3.156125398542661831e-01 3.646434611141068927e-01 4.518680968102535278e-01 5.589597270355662895e-01 6.181514292844140224e-01 6.845528727811270864e-01 7.834829058847880834e-01 6.913045815549518913e-01 5.766314872219574506e-01 6.918258691857684939e-01 4.471899849539526239e-01 3.275018921120485538e-01 2.087700131939634607e-01 3.295601908398760327e-01 5.236354271832929230e-01 7.056401837016332834e-01 2.267428575430044113e-01 6.306660810041692100e-01 2.624990691446227320e-01 4.419210120965745281e-01
7.587000000000000000e+03 3.288640911699465263e-01 4.455152173788004544e-01 4.798126764307329428e-01 5.425465789613063139e-01 5.645596058752563318e-01 8.219214098099559829e-01 6.601978405378294834e-01 6.996593515186316781e-01 5.550356191779421966e-01 6.490305318677003221e-01 3.341247847186745723e-01 1.865345034537553570e-01 2.708803556685568381e-01 3.652843511264698417e-01 7.236287419718514524e-01 2.096101736088282763e-01 6.165521498828955282e-01 2.733994801927542850e-01 3.943955471173262728e-01 6.173486364178601971e-01
9.153000000000000000e+03 5.249340472282471026e-01 4.862650431457254396e-01 3.600838139529303761e-01 3.961958825702325271e-01 6.022340558518615161e-01 7.677796082818938439e-01 4.212025620874746412e-01 5.368340791856207606e-01 7.036605304573636532e-01 7.814893776251669033e-01 2.557734664839478866e-01 2.217127495806918147e-01 1.521091606948044017e-01 2.416301023696216244e-01 7.457346274667224773e-01 3.585781633107161803e-01 5.420925695189535709e-01 4.355606536684503705e-01 5.709802983563642131e-01 5.089134430549386856e-01
9.154000000000000000e+03 4.419962353241779218e-01 3.773699889376663230e-01 3.446670140818783312e-01 5.475318911243645115e-01 6.910133000991586227e-01 4.334015776858365365e-01 5.114873578498096984e-01 8.855707825344820705e-01 6.469907737751379173e-01 7.485055521276033907e-01 2.386346231701640952e-01 1.360951803229541179e-01 1.870889681060214360e-01 5.332961412222394504e-01 4.174481583440435295e-01 5.104735783064173749e-01 4.363339678019331203e-01 7.311931823322515012e-01 4.660542406482166555e-01 3.834475970125610922e-01
1.026900000000000000e+04 4.246878812586357133e-01 4.968675225368180404e-01 5.103978241104449864e-01 6.301964573206396691e-01 7.108707194447543287e-01 6.260408380689630459e-01 5.672744737840641482e-01 6.303582874794114721e-01 5.172405322157838103e-01 6.516103121662873976e-01 5.097339873655751807e-01 5.154612602770807239e-01 4.678940607599141877e-01 2.319653926814319034e-01 4.246321142083285261e-01 4.199318068576640695e-01 5.066658967238532041e-01 4.467381840411013272e-01 2.725672514699437055e-01 2.955792425516277633e-01
1.035500000000000000e+04 4.882433767968485938e-01 4.774471220066860422e-01 4.814818683488522044e-01 4.663353047460038203e-01 5.898809734758553303e-01 5.985635254315185838e-01 5.905054723495317681e-01 6.623311378673776284e-01 5.655284068308930046e-01 7.279126152250074977e-01 3.593107559102303727e-01 3.964103653329246191e-01 3.155632849087836589e-01 3.769028948648356914e-01 4.775546396932640603e-01 5.030810097371584133e-01 4.302912439083251828e-01 5.320684665117267897e-01 3.060125635833668700e-01 3.751231276723914765e-01
1.035600000000000000e+04 4.293486185918288789e-01 4.805640512854976176e-01 4.028440027255311140e-01 5.301375666124318320e-01 4.694240336795902913e-01 6.155714319932381606e-01 6.382753520897329613e-01 6.931052191140245622e-01 5.938258677901616656e-01 7.597267999128433091e-01 4.296654801003898516e-01 3.159936865186549482e-01 3.428995514910304077e-01 3.533531112806884145e-01 5.709325134163391047e-01 4.234126554299505463e-01 5.557682933567578143e-01 3.616999598682990591e-01 3.549399586166338549e-01 3.567783292718321730e-01
1.078800000000000000e+04 5.936634199204434692e-01 5.977129266366639770e-01 5.813140770360125664e-01 4.450322444279706247e-01 4.863438266437475899e-01 5.720528152084669582e-01 5.350962937611207781e-01 6.306843456125014180e-01 5.278546252118357929e-01 6.483816713362922091e-01 3.449735414557828506e-01 3.950007333165070911e-01 2.587003815914687421e-01 4.308687559475975482e-01 6.408009326486867607e-01 4.998951675183931354e-01 5.801072919313396969e-01 3.773301283296336961e-01 2.372790100099944066e-01 3.520508898016145305e-01
1.088100000000000000e+04 4.198214979405512914e-01 4.592411919383431740e-01 4.719066983228665246e-01 6.086305912366194448e-01 5.203488319001892126e-01 6.217732882087732005e-01 6.266090857338955100e-01 6.560729518821105666e-01 5.787418313767378475e-01 7.043176354179608856e-01 4.772320614443495979e-01 2.591073596372227561e-01 4.302197025132962205e-01 3.715214119183493091e-01 5.079006742196686686e-01 4.997644973524770773e-01 4.752928124919256758e-01 2.643648993131845759e-01 4.685913099260212156e-01 2.644776640032922010e-01
1.101400000000000000e+04 3.948480051397769697e-01 4.099060193575412292e-01 4.625658602475474224e-01 5.093206342679056364e-01 5.858753829341063479e-01 7.665603572451293868e-01 6.643871463122754673e-01 7.594343162885484055e-01 5.485219644792621585e-01 6.298616316094591827e-01 6.880131186518834152e-01 2.996930215216588866e-01 3.356807933360002050e-01 4.063645386511385293e-01 4.860008954130397019e-01 4.990739175711738640e-01 3.849205435543177622e-01 1.814612809829610207e-01 3.133307624563006488e-01 4.064176214015117194e-01
1.112800000000000000e+04 3.986846386734365644e-01 4.656655560684576645e-01 3.982477200350181268e-01 5.766740865625969992e-01 7.181509745486880369e-01 7.130535811408453828e-01 5.680752114858526047e-01 7.074677668695062982e-01 5.252046711276813218e-01 6.880841763034456493e-01 5.636249381259861302e-01 3.963087813762767864e-01 2.872249616831011876e-01 3.747162754166111220e-01 4.643643395162453391e-01 5.297575879673783739e-01 4.588225036640782850e-01 2.511074111000237141e-01 3.269372557659463996e-01 3.823222308882265885e-01
1.112900000000000000e+04 4.220165866531038201e-01 4.083618309597311091e-01 5.087803077196758617e-01 6.348973440504102062e-01 6.172310964677033551e-01 5.939573026586655313e-01 6.895113847261469253e-01 6.417876571170337829e-01 5.600969047789109423e-01 6.480197552614460621e-01 4.597253426398911769e-01 3.091920874413395248e-01 3.653924214533878501e-01 3.647950574578373018e-01 6.328263523399363377e-01 4.837843260735276707e-01 2.843649726806993794e-01 4.233542710285851940e-01 3.839908299794793645e-01 3.271064159223234791e-01
1.118900000000000000e+04 4.232877658881924465e-01 4.727273248092905278e-01 5.533290542523393585e-01 7.080272719431470740e-01 6.652963986491131632e-01 6.618852622947101194e-01 5.895489422405266744e-01 6.183806242948688414e-01 4.813293305814080880e-01 6.193823308667713023e-01 3.616041775353692755e-01 2.885405781684367010e-01 3.836602604361933344e-01 4.559602639652047817e-01 6.607385194780438509e-01 4.242536424542046047e-01 4.415460725627011196e-01 4.593189157349122920e-01 2.755446509390605536e-01 3.251606080334641935e-01
1.119100000000000000e+04 4.955238952157497989e-01 6.243946473429250466e-01 5.306257043078643765e-01 5.116107364546987890e-01 5.070517951973538828e-01 6.307661243424941278e-01 5.629060754624837237e-01 6.111885793464083561e-01 5.081907685444120304e-01 6.804946558278599511e-01 4.422959878440907433e-01 4.580754341312414102e-01 4.869429218399569659e-01 3.825363850623509365e-01 5.271879558617972306e-01 4.953855720862009315e-01 3.491008932281506882e-01 3.852963255133081688e-01 1.669803897407634574e-01 3.688256493655188151e-01
1.119200000000000000e+04 5.646000599635310202e-01 5.409309110870904602e-01 4.626563065057363033e-01 4.837422418143854652e-01 5.337985888079657126e-01 6.038078556599957292e-01 6.009275091163861493e-01 6.319930235601443069e-01 5.630045405695712768e-01 6.476689888402794582e-01 4.905629966729704305e-01 4.934105812188962492e-01 3.469165487274597504e-01 3.878867539733135139e-01 5.606665200587165332e-01 3.435321956029396828e-01 3.991105975035206255e-01 1.523308816103625951e-01 3.472028692165930464e-01 4.416427295582217583e-01
1.119300000000000000e+04 4.872123366371684527e-01 4.698035129761601869e-01 4.259395111720132299e-01 4.932851764305850595e-01 4.853734571780699558e-01 6.347555974481148278e-01 6.126520153946714009e-01 6.959966104362760309e-01 5.260897023811234030e-01 7.896175616001291919e-01 5.033286213529675202e-01 3.293070416409635826e-01 3.358046658649861405e-01 3.958583017906133206e-01 3.978069316590576165e-01 3.714503696738172822e-01 1.441050408397419047e-01 3.995508258302042370e-01 3.989616699213829332e-01 6.130270599105366314e-01
1.119400000000000000e+04 4.334451207109576987e-01 4.429871366820580803e-01 4.418406223222784979e-01 4.625914709292658356e-01 5.336854907747252685e-01 6.555353225404920714e-01 6.876433233993080041e-01 6.526815678790707231e-01 6.589556805902283543e-01 6.647023361470087988e-01 3.403575724192642871e-01 3.175950587394155700e-01 3.435914009492580523e-01 2.807070494302303931e-01 4.230535863286516984e-01 1.374868075867126949e-01 3.921441359706938634e-01 4.730324880433978141e-01 5.534630073517901039e-01 6.269826145512666926e-01
1.119600000000000000e+04 3.947570727822884984e-01 3.974196371010867979e-01 4.109572528947323944e-01 4.806397423539753300e-01 6.135036404585423320e-01 6.467595380375203984e-01 7.952697726496423813e-01 6.453324146342169776e-01 6.180603701265925398e-01 6.821222256264217743e-01 3.413250054353056395e-01 2.083684194884269092e-01 2.460349262285449756e-01 1.484382698369836606e-01 4.216406217294468295e-01 4.382152620381188357e-01 6.973722600929721516e-01 7.216133972190275081e-01 3.982691484114185831e-01 5.122887222404226559e-01
1.120100000000000000e+04 3.512478821107775095e-01 5.478830038769813005e-01 3.756830049409372596e-01 5.768455282306440557e-01 5.172492943364136453e-01 7.447533430485265837e-01 6.160728320083338483e-01 6.510064022395419814e-01 5.684228337294993105e-01 7.343437365772750303e-01 2.987338538306537061e-01 4.336539293271686191e-01 4.629228461087542823e-01 3.545557569012244281e-01 5.841920816513715975e-01 2.069362773047629389e-01 4.771716906440519601e-01 4.586574265513615467e-01 3.471401847308813737e-01 3.892199239458011273e-01
1.120300000000000000e+04 3.417177421449748009e-01 4.891497570279020879e-01 3.942232697756337112e-01 5.637693250453243987e-01 5.066795032244866270e-01 6.396841001467982180e-01 6.609742360462923516e-01 7.256376997883042801e-01 5.829332156478833626e-01 7.539266119384729903e-01 5.471549024959148078e-01 3.483357889317815759e-01 4.357331504486486318e-01 2.281965021776682367e-01 5.758162564021067631e-01 5.097220796864234682e-01 4.809234062094523421e-01 4.944280453570257250e-01 2.527960775946089811e-01 2.724771335364722935e-01
1.120600000000000000e+04 4.141029299064529212e-01 3.757337305126491334e-01 3.758084136767999572e-01 4.914993856388931714e-01 6.036677169604941495e-01 6.949110361314160267e-01 7.104791376582076934e-01 7.324718238987268926e-01 6.255546272982217548e-01 6.572672340506205968e-01 2.459280529392472991e-01 4.773526288952082419e-01 4.703235059589399580e-01 4.633681354360291160e-01 6.644840684810944254e-01 3.557869153663450468e-01 3.688560807715765555e-01 2.450426511494813997e-01 3.718059200292267996e-01 3.172384214612896658e-01
1.120800000000000000e+04 3.493463043749298613e-01 4.265754013156609070e-01 4.677525192977792790e-01 5.253598216335964022e-01 6.529347010618108405e-01 7.479139984192406665e-01 7.526533033337531320e-01 6.412230032528944967e-01 5.704132662612957372e-01 6.272404330183841692e-01 4.827190298340999219e-01 4.143625560245241535e-01 4.373659154583101616e-01 2.995572909933868488e-01 4.125374135653161467e-01 2.350616498655058173e-01 4.473827626027891413e-01 3.272895804362326855e-01 4.276301817151768603e-01 4.628563330401072040e-01
1.137700000000000000e+04 4.826558293279795131e-01 5.016472855465909930e-01 5.273632565523781457e-01 6.312007886696637815e-01 4.588534750241355931e-01 6.455532094003229027e-01 6.285168224351342925e-01 6.990436899633627466e-01 5.188251813004625124e-01 5.958436562173865525e-01 4.499009265801855451e-01 4.018113057821749434e-01 1.870916678436584657e-01 2.751080622767951844e-01 6.607723669297091984e-01 5.750504400683278394e-01 3.459185042425664824e-01 2.304237165940338505e-01 3.297727857400984952e-01 5.722704105621121418e-01
1.159100000000000000e+04 5.711095919463455850e-01 6.047836618178710211e-01 5.066010559695801607e-01 3.522953075417677438e-01 4.319214768142163319e-01 6.460587415239891218e-01 5.565621387930833608e-01 6.326685349526217639e-01 5.602910630768459521e-01 7.105982104140797784e-01 4.268626515159216206e-01 4.805481443802117614e-01 2.996796210495860646e-01 6.091420203591185745e-01 3.065145811718153479e-01 2.204250671568994679e-01 6.800592636583496775e-01 3.488423636417306573e-01 3.787411366793880241e-01 2.407042845112395413e-01
1.159200000000000000e+04 5.484619435117792374e-01 5.194029271088149713e-01 3.145331850040497534e-01 4.246164622654872711e-01 5.532143575052709261e-01 5.968960398611421470e-01 6.239976527099287962e-01 7.023360384782658672e-01 5.903065155277398279e-01 7.221225784877933762e-01 5.523704423222544069e-01 3.235314748183794054e-01 6.352333373282598172e-01 2.424839814211915412e-01 3.183235455374593958e-01 7.081323750472412470e-01 3.933268782826517262e-01 5.059276245270154515e-01 2.429817837943090975e-01 2.044025738509657186e-01
1.159300000000000000e+04 4.800292939054444097e-01 3.488601778606622017e-01 3.851148797188609363e-01 5.239042980851433828e-01 4.960577687651261392e-01 6.760971706418453797e-01 7.013945898859896833e-01 7.457373503407463966e-01 6.029192762576136566e-01 6.774182409130797833e-01 3.818982290941004276e-01 6.985507210399599654e-01 2.146682675975592480e-01 2.522670535271203662e-01 8.172018329944251702e-01 4.194435924041367003e-01 5.691912203520159697e-01 2.921305341949546053e-01 2.072242686473171891e-01 3.053567741788794088e-01
1.159400000000000000e+04 3.323147421324215145e-01 4.052299148804890949e-01 4.693568560935842959e-01 4.699707170846417204e-01 5.841307710765666350e-01 7.540126081749735087e-01 7.396792250113117806e-01 7.552493891050165997e-01 5.570198970613277067e-01 6.641541745252516060e-01 7.173048816609809419e-01 2.002414162409612008e-01 1.985637323164426149e-01 5.848346413915331832e-01 4.748269494909264643e-01 5.361975815643721388e-01 2.906438783014406724e-01 2.035254848237656733e-01 2.797109116946693841e-01 4.807039068163313500e-01
1.166000000000000000e+04 4.300704957658011973e-01 4.361789147480173989e-01 4.865653197397789009e-01 6.878431848189000553e-01 5.272596646676060983e-01 5.720200266107938747e-01 6.045855253163666676e-01 6.970565963936651288e-01 6.070936113322349392e-01 6.293041337219338338e-01 1.209727448117481341e-01 1.778077162412993739e-01 4.101370707138495275e-01 6.113178405544713589e-01 7.793152772579048371e-01 5.041500470113389198e-01 2.028414617467939607e-01 2.313507214307851667e-01 4.555286770374308847e-01 4.302053204017819987e-01
1.176600000000000000e+04 3.425284976479610055e-01 4.212433528198171739e-01 4.758136497479700799e-01 6.010463116643433024e-01 6.226503750733419773e-01 6.058267051035063355e-01 6.350890990591875340e-01 7.029651978820236069e-01 5.918557411248155375e-01 7.105969427493658008e-01 2.813555699553094147e-01 2.847283030330758358e-01 2.319806771979183446e-01 3.785709006967639678e-01 6.883096267948096703e-01 5.399277283946868344e-01 7.939301577634978457e-01 5.434398737090228027e-01 1.831781395574499649e-01 3.084367986486729052e-01
1.176700000000000000e+04 3.798732260613704170e-01 4.720214050433410580e-01 5.243928307689162960e-01 5.519239530697412910e-01 4.733656661695705981e-01 6.614449279554021066e-01 6.778705660497328367e-01 7.250894335420603465e-01 5.756354623328018283e-01 6.394021609693645303e-01 3.055568192949775774e-01 2.207685680144524376e-01 3.354459267311421522e-01 4.971380052595891774e-01 5.928901672858695182e-01 7.522129708260195669e-01 5.526687890253718649e-01 1.712193090681979890e-01 2.851707269772663644e-01 3.704457478912001056e-01
1.195800000000000000e+04 4.247601833905810809e-01 4.261076490865931543e-01 4.264803960187250054e-01 5.384065099930378517e-01 6.206826433241432461e-01 7.278442619556528825e-01 6.708504847348029099e-01 7.144134337062264528e-01 5.805569955205431842e-01 5.973085677166706242e-01 5.715881547634732440e-01 4.251452636511245387e-01 2.139056118641539384e-01 3.176382242200517236e-01 4.915334443736449899e-01 6.875264377455582165e-01 3.507912213746224306e-01 2.523590947722991751e-01 2.345308918016749122e-01 5.121840267271822178e-01
1.196600000000000000e+04 4.812329280711993840e-01 4.001979485623280985e-01 4.058535438537533291e-01 4.973089380197473486e-01 5.128445683987098436e-01 6.680614637362962682e-01 7.042027214451749284e-01 7.446399652144053416e-01 5.809509951593926358e-01 6.559412335742050848e-01 2.227099746010736403e-01 4.931026696923170305e-01 4.437633139947855798e-01 5.899799682441863036e-01 0.000000000000000000e+00 4.297105937995975289e-01 4.032071978187980466e-01 4.926468317569492328e-01 3.180574849793380565e-01 5.103801008166345410e-01
1.196700000000000000e+04 3.752700126750273535e-01 4.243700420962584485e-01 4.450572459799450042e-01 4.837146927654228934e-01 5.746857749199635323e-01 7.576591856715731987e-01 7.389531774528971253e-01 7.260810760714589973e-01 5.379436746273137393e-01 6.622827529066812602e-01 4.905977626476125675e-01 4.157494972982047066e-01 5.330333214057060287e-01 0.000000000000000000e+00 4.667296072925314343e-01 3.647493268274364375e-01 4.733154786483680376e-01 3.474890369061705564e-01 4.511122616854214562e-01 4.765026559139941553e-01
1.242500000000000000e+04 3.644721987155204457e-01 3.366112528186089303e-01 3.570581179604963018e-01 4.318289783262979076e-01 4.134417954766020364e-01 6.960009726934314189e-01 7.606336574629931624e-01 8.381919236357477931e-01 6.352597337000098765e-01 7.626021455866984766e-01 4.113892976689980108e-01 5.705068637101976536e-01 3.103923552076872094e-01 2.067779371350738638e-01 3.972925447776847196e-01 5.387224926897639099e-01 4.863000799066314883e-01 5.310783411947296306e-01 3.909069772628774309e-01 2.619030346119830543e-01
1.252900000000000000e+04 3.246543892391552388e-01 3.467355518303699147e-01 3.828122738558787375e-01 4.497588243458804369e-01 5.790158984349004223e-01 7.968527478819545928e-01 7.413533876213864726e-01 7.540172652005899812e-01 6.056023988708334471e-01 7.185860249755791074e-01 3.452361916206390657e-01 2.265937198230529304e-01 2.702170223486306533e-01 4.947444986927507782e-01 5.329292814408258527e-01 5.644044702859849494e-01 5.777065170998632038e-01 5.617454542576538756e-01 1.871753467927688153e-01 3.799384289741902787e-01
1.254400000000000000e+04 6.568568113367354577e-01 6.896259854214296103e-01 4.443429675667489587e-01 4.323614569265574192e-01 4.491208102184328088e-01 6.186258958790691320e-01 5.823416954824239822e-01 6.324457496870969919e-01 4.868751642029960358e-01 6.161327911364828935e-01 2.385999121554467084e-01 2.707262580439360189e-01 3.766572657126374679e-01 5.303825903000389808e-01 7.873873464748963880e-01 3.535688980214442001e-01 3.258792418517297840e-01 3.459464397191621132e-01 3.871463240488875468e-01 3.721369623227008816e-01
