9.820000000000000000e+02 8.588178241791717404e-01 9.007961999368909733e-01 7.103554462012645621e-01 6.866259215985912601e-01 6.186945491113118312e-01 5.302055293204818165e-01 3.302198947218503711e-01 1.724936077560818015e-01 8.466858161068342714e-02 1.583474413946706072e-01 5.770515593801921472e-01 2.705157253412920348e-01 3.222905103301024754e-01 4.949365204127900708e-01 3.789340228200008820e-01 2.869463132870722077e-01 3.836099957922756154e-01 1.662910470359415249e-01 2.313883899246327314e-01 2.090929733680551017e-01
2.322000000000000000e+03 5.700985158200437830e-01 5.747042430894671039e-01 6.588151413985083860e-01 9.455781668173426358e-01 6.803539069698057995e-01 5.867171646783239103e-01 3.586290824157750134e-01 2.619663442167506351e-01 1.383059090022007442e-01 1.911165954377093690e-01 4.847485083698684361e-01 3.680610725755134038e-01 5.271610154339007037e-01 5.969705484907392723e-01 2.622845212390772507e-01 7.478097493100495374e-02 2.094425528913357037e-01 1.883353207516429983e-01 2.860534567369659165e-01 2.587476784840643251e-01
2.331000000000000000e+03 7.624190954556826494e-01 8.525290054826594188e-01 6.995323651006538634e-01 8.800972049415425325e-01 6.348491602275054824e-01 6.104570932291796259e-01 3.125441203442383409e-01 2.003033450480066757e-01 6.795431454818315342e-02 6.997801996859434603e-02 4.621074366743919137e-01 3.092236060404386366e-01 1.550281136849091523e-01 5.410704363321582333e-01 4.844436758745891414e-01 4.849301691676078940e-01 3.343924038158987977e-01 3.159669856640490715e-01 1.416536541322971632e-01 1.505675080326190352e-01
2.332000000000000000e+03 8.301642144950881486e-01 7.913057518344700503e-01 8.192180414499007357e-01 8.742965622931424541e-01 6.765440956312279708e-01 4.977669211225622115e-01 3.558782321646387636e-01 1.440668849679641317e-01 7.923972936484459384e-02 4.442850463637832564e-02 3.015192167723467209e-01 1.483518900942791541e-01 4.657747715032645730e-01 5.223626034893789072e-01 4.914302149519579888e-01 4.146965826834817515e-01 3.466840054240208913e-01 1.473690948319915373e-01 1.632973864192766300e-01 3.169761802014791074e-01
2.334000000000000000e+03 8.927503029917079891e-01 9.175190184512118652e-01 8.780995855596039901e-01 7.891125734783270840e-01 6.243949980638574537e-01 4.949867809602920277e-01 3.203312189801765797e-01 1.362130275746864239e-01 6.123253099083722506e-02 3.750534677731329897e-02 4.072651505025804419e-01 4.027928957898425089e-01 4.253540996395266949e-01 4.287392508730605289e-01 4.096198849637397998e-01 1.716170371015880991e-01 1.478297154289367477e-01 3.362824810178029478e-01 2.876869524926694566e-01 2.147734308598315267e-01
3.709000000000000000e+03 6.459814454369258163e-01 8.359647415538159487e-01 7.422183779640204593e-01 8.608553280461431756e-01 6.313977868109216240e-01 5.704143360125116802e-01 3.457507668589030470e-01 2.014362245462180678e-01 9.961301244581255432e-02 1.240322587584362923e-01 4.546161481749854683e-01 5.975069845021963033e-01 4.290360836726985205e-01 1.718372096052189768e-01 6.226652268571760684e-01 3.062916407935337149e-01 2.474795808574074274e-01 3.058987387725888851e-01 1.388254427528662627e-01 8.883928528357117049e-02
3.710000000000000000e+03 7.905005016635483495e-01 8.061660160270360809e-01 7.728080168754585255e-01 8.403811457348044911e-01 6.141200162264390805e-01 5.164490034307311905e-01 3.391121736478337478e-01 1.552403233732438104e-01 1.171900751847914229e-01 1.253462696719510050e-01 6.102718132578268673e-01 4.324046009248962430e-01 1.597688683018310407e-01 7.026117502126583148e-01 3.463646822722007412e-01 3.352187937214631819e-01 3.549142183675574325e-01 1.548041559168247538e-01 1.039725765407703006e-01 2.084091822920121628e-01
3.906000000000000000e+03 4.189848164306582690e-01 8.465225415195694048e-01 7.801002667475595009e-01 8.647911527691521938e-01 6.802092063918481202e-01 6.608507172448995215e-01 3.991542799804592145e-01 2.310846268312620744e-01 7.361437448874785794e-02 7.872907030043782561e-02 4.973836802475135044e-01 6.751589355522935598e-01 3.319041529549309200e-01 1.281834557436780375e-01 6.231960247197502190e-01 3.509189836431952925e-01 2.361046123217331871e-01 2.953043542988307846e-01 1.910780463419579356e-01 4.126582730992210679e-02
3.907000000000000000e+03 7.818985741768585962e-01 8.240390228805410944e-01 7.564401007724683712e-01 8.844881357822320656e-01 6.896975512064272840e-01 5.656053938214911092e-01 3.540060933020385270e-01 1.168400280813765429e-01 5.437347486140398783e-02 7.636296910255316317e-02 6.898919913559543593e-01 3.356010645717072971e-01 1.211442268837766151e-01 7.039538592381688886e-01 3.890318481464417610e-01 3.221968151693501148e-01 3.418550123821553766e-01 2.125825595705109761e-01 5.006514947554272649e-02 2.333317372127350908e-01
4.055000000000000000e+03 4.865539256889277464e-01 7.758302074026622863e-01 7.558164711647090694e-01 8.966740906608290373e-01 6.333570943848422230e-01 5.662417725706535565e-01 3.654051457203856268e-01 2.358983978293502648e-01 1.501378759331080670e-01 1.518030091133947823e-01 4.149830113320756575e-01 6.318476088662480228e-01 3.607448402483781624e-01 2.712748406683208602e-01 7.849460189680090849e-01 2.692484098554175920e-01 1.839949227724206049e-01 2.990619261623905234e-01 1.354794813695694711e-01 5.371330128769763457e-02
4.056000000000000000e+03 7.207315218905465670e-01 8.011857234453658716e-01 7.884400141923834093e-01 8.235848442553679316e-01 5.953891405990004992e-01 5.259342724618530918e-01 3.595033927707412813e-01 1.907273747815885767e-01 1.336587472823929090e-01 1.174983436630312045e-01 6.364179562003118296e-01 3.585933907983378521e-01 2.440653345756393922e-01 8.724945122590950231e-01 3.062948293792733812e-01 2.547835851781000138e-01 3.398781637740731498e-01 1.479278633027712175e-01 6.199340104774656024e-02 2.156182543066812451e-01
4.673000000000000000e+03 8.382431020467447924e-01 8.418761153947275089e-01 7.529782457864968581e-01 8.669380841882210476e-01 5.719872741029433660e-01 4.389777805877248529e-01 3.016575798876768855e-01 2.011277624603555469e-01 1.498794727493207857e-01 1.287954984944681969e-01 4.576990030747991600e-01 6.159565851441776152e-01 3.173232564058305338e-01 3.940008949063714128e-01 3.251390846123512479e-01 3.625392486843770357e-01 2.914822073218456544e-01 2.415452487480695132e-01 1.862688429128395995e-01 1.529742075745616492e-01
5.507000000000000000e+03 7.848387851951038607e-01 8.474962397823013749e-01 7.941712972616832289e-01 8.187718253547108249e-01 5.691223039924184768e-01 5.135484143574381433e-01 3.413788266109575864e-01 1.787494694318149946e-01 1.100928000121019629e-01 1.238293225020037497e-01 1.880109451333605297e-01 3.982639687405206130e-01 4.329377086366764105e-01 4.827453863961784220e-01 5.415648045261988175e-01 2.621520762783190461e-01 3.326481994805707831e-02 2.976501746664018677e-01 3.102995631172018043e-01 2.782005582839800484e-01
5.508000000000000000e+03 8.197561040799692389e-01 8.799835546184581192e-01 7.539193253295969344e-01 7.794388232295441643e-01 5.733001026036943504e-01 5.276206840153891964e-01 3.314642152529100882e-01 1.797175909058245369e-01 1.322000943590076749e-01 1.012298285200497194e-01 3.789736211876550964e-01 4.057824336547177779e-01 4.056184139833435287e-01 5.699763423820746189e-01 2.806864407179327503e-01 6.632631454264226178e-02 3.140488823868964330e-01 3.171057985933452561e-01 2.947013718844654351e-01 2.033354708104530284e-01
6.196000000000000000e+03 5.889819403632597927e-01 5.751663991497097950e-01 7.361075963289952506e-01 9.708397723201890317e-01 6.636058417707351165e-01 6.178501053657564634e-01 3.568183488516924462e-01 1.674390288337733457e-01 1.930071298108250177e-01 1.397085377576342824e-01 3.317136664931605861e-01 3.787483510981741186e-01 4.713613052526724467e-01 6.226017818602551657e-01 3.429523919992429337e-01 3.147632192323746581e-01 1.859158469196319219e-01 2.331314096788823231e-01 2.299532693180005583e-01 2.147210655812236135e-01
6.198000000000000000e+03 7.389214730707613921e-01 9.203314282762324883e-01 7.721683132165966246e-01 8.581201799920702422e-01 5.558391371886370891e-01 4.527901372871906971e-01 3.649460502729960920e-01 1.728889723972442394e-01 1.249872631681628043e-01 1.304122453975877227e-01 4.677713556188704547e-01 5.439837004514266328e-01 3.393621420101222141e-01 3.861530746967784533e-01 2.919319533012179058e-01 3.360770307177184946e-01 2.753602879050117136e-01 2.618327330753228432e-01 1.743290484897479231e-01 2.219554015688645077e-01
6.510000000000000000e+03 7.736032591913979406e-01 8.874880139558514180e-01 7.275684618692634942e-01 8.527307719551439069e-01 6.397207938928543003e-01 4.486214518198031187e-01 3.067167657231162359e-01 1.726601405120138655e-01 9.985358316823887692e-02 1.761360559873529630e-01 5.104712133402401486e-01 3.111104396562851537e-01 5.692219859821063821e-01 5.627015268226305267e-01 3.803711554080627111e-01 3.227517673454380898e-01 3.355471151212219838e-01 7.517895935951472708e-02 1.283302576077116341e-01 2.124593689535332064e-01
6.511000000000000000e+03 8.471809885193122280e-01 8.038403766932996630e-01 7.774059905005901161e-01 8.644379967746624871e-01 5.006466035087465682e-01 4.786459263704588296e-01 3.200580862234030377e-01 1.638607904484752908e-01 1.818164956302972257e-01 1.467155346570271079e-01 3.192490229444183703e-01 5.726963503555030366e-01 5.074437025045984706e-01 4.312835507990084860e-01 3.619407044441344534e-01 4.395794325441926276e-01 6.007082655459358017e-02 1.432634613638198162e-01 2.444369396548226880e-01 2.441262715430993213e-01
7.097000000000000000e+03 7.303289071978636970e-01 8.367969213273535045e-01 7.565627749120894530e-01 9.154781645532574785e-01 5.977310377831464017e-01 5.295272572502409680e-01 3.068585227073570842e-01 1.745921263103590026e-01 1.546313752463728264e-01 9.553031925568407356e-02 1.886843756090740842e-01 4.194488482234555726e-01 4.671732514747272136e-01 4.454263893031520927e-01 6.599495771553918200e-01 4.093571494915167475e-01 1.172466648922879523e-01 2.432582162668071868e-01 2.046277934599183279e-01 1.938833662205239894e-01
7.100000000000000000e+03 9.103378364408990508e-01 8.554093599158929528e-01 7.592073235242835505e-01 7.650349890502277095e-01 5.837903612395205499e-01 5.779888726917290498e-01 3.357963353547247509e-01 1.599765020340261634e-01 7.875281945956606744e-02 6.760579797130022994e-02 3.559983378959657441e-01 5.824550159278556460e-01 3.887310537637473917e-01 2.153753576702885641e-01 3.437081506903006956e-01 2.819735172514853949e-01 2.257737156526751776e-01 4.082822440647649320e-01 3.239023536881759369e-01 1.078973410374411412e-01
7.237000000000000000e+03 2.629407262987399352e-01 7.730853068431501329e-01 7.891153733970691642e-01 9.279254784174909565e-01 6.600074154447105323e-01 5.861788428268066564e-01 3.931164202315010070e-01 2.401083650436928452e-01 1.742028066638283135e-01 1.833083721653690212e-01 1.836717931198988685e-01 3.947284308444478085e-01 7.987971385113418199e-01 5.761085995583757891e-01 3.124106133363047100e-01 2.557926592826317846e-01 1.962504704062420224e-01 2.064821154291415217e-01 2.757638254273264700e-01 1.452653598879755648e-01
7.551000000000000000e+03 6.214571514862115009e-01 7.001699541981043495e-01 6.606336425713532634e-01 7.406848599641894237e-01 6.785813224022227974e-01 6.861569348558674841e-01 4.198987789991571185e-01 1.952593744635771900e-01 1.227512691266329087e-01 1.304264058369856427e-01 3.745965619102588628e-01 1.494454471396554351e-01 1.615489928406475817e-01 2.893786799460575931e-01 3.794729615717979954e-01 3.164250680127306814e-01 7.883955514579054080e-01 3.752049440675613301e-01 2.069728707081033847e-01 1.931515866634451184e-01
7.552000000000000000e+03 6.819037443612172567e-01 7.372185586668643653e-01 6.711235262272382540e-01 9.172222494332837872e-01 7.414499845883959495e-01 6.165517894881898942e-01 3.417120921215944240e-01 1.862243940065306802e-01 1.334309963631256368e-01 2.791197980660705888e-02 1.505439283999958633e-01 1.601231710044314915e-01 2.579414134062751884e-01 4.206727529364063800e-01 3.477850334211497474e-01 9.561591699292369961e-01 4.325509304565369195e-01 2.237153602304679523e-01 2.167258484062503654e-01 2.055105849009080665e-01
7.930000000000000000e+03 2.632373972343084456e-01 8.664808555345323571e-01 6.537993696336037441e-01 7.848079292182826849e-01 6.911620217457091764e-01 6.320528017607619509e-01 4.152118961209489978e-01 1.992419532977271757e-01 2.323201488926563696e-01 1.994399313642148397e-01 1.380431186271472710e-01 6.083257459932924771e-01 6.242515169334724723e-01 4.908401274985709772e-01 3.578077259976578106e-01 4.523349699924306688e-01 1.217777978859801713e-01 1.117302162546325722e-01 3.284952517101511482e-01 1.365478462149892214e-01
7.931000000000000000e+03 7.840789618835005692e-01 6.796003703284275721e-01 6.628098945118137131e-01 8.809135144389415029e-01 6.470086580196813264e-01 5.716122013129838475e-01 3.132181115246558401e-01 2.560074475372512981e-01 1.710672176654314536e-01 6.417303683570717288e-02 5.919684780092446807e-01 5.981352553359106095e-01 4.212418251952350645e-01 3.844040464654371325e-01 4.600747425351654485e-01 1.712334461276426856e-01 9.469134079334901033e-02 3.437821764600922925e-01 1.472107451466798667e-01 1.256262442951030511e-01
8.075000000000000000e+03 7.903233068343451517e-01 6.546971337764402321e-01 5.959078830160187135e-01 7.183543078307819130e-01 6.929326056666823552e-01 8.075230379413949056e-01 3.649220505131574588e-01 1.660029179429330648e-01 8.511787574267518086e-02 9.598181482329071201e-02 3.694280711991535515e-01 3.741158670998424585e-01 2.693841908766292925e-01 4.707817390611359620e-01 5.720205976102620271e-01 4.163720926875565942e-01 3.634194998250512842e-01 8.247496950008817440e-02 1.866149612244232814e-01 2.542457305442105131e-01
8.076000000000000000e+03 6.521339674195399949e-01 6.839025590249681041e-01 6.616074928085158291e-01 9.488831537853225084e-01 8.735835814110122222e-01 5.590558721578849921e-01 3.218916197926462996e-01 1.584285901813757558e-01 1.050058375024307822e-01 8.306896038890325407e-02 3.711190991453646171e-01 2.632309058779974675e-01 4.123521570529758429e-01 6.265329262539166555e-01 4.362378400901228415e-01 4.561255060852897336e-01 6.285631931941755568e-02 1.991302597484098658e-01 2.817791828084813543e-01 2.242693490183485239e-01
8.163000000000000000e+03 7.530020920405541274e-01 8.611206990819795237e-01 7.243735046503555486e-01 8.886304553095163428e-01 6.751491318491481541e-01 5.181687806568040511e-01 3.324907804816028545e-01 1.937231861731988081e-01 1.249518710293995860e-01 2.688013779023855701e-02 3.420700018973185652e-01 4.001460453234708670e-01 4.425151743449749486e-01 3.193509281257703170e-01 2.195566446683883677e-01 4.749615515986521097e-01 2.400131984463345636e-01 2.820596956044688630e-01 3.197543552245918907e-01 2.065113659288490555e-01
8.164000000000000000e+03 8.306748988199146311e-01 8.083435497781698009e-01 8.194072743669844616e-01 9.198490747637249054e-01 5.769607175545370392e-01 5.158349278312841513e-01 3.446525854373216902e-01 1.929988709692163351e-01 2.740253691096826080e-02 8.516124804906050061e-02 3.920032319110172692e-01 4.268748762310288214e-01 2.772236408043154965e-01 2.380812945635080446e-01 4.842808805363602032e-01 3.086612033334541483e-01 3.065772657803749746e-01 3.373543653958423483e-01 2.255431028740533250e-01 2.343122481260131174e-01
8.165000000000000000e+03 7.844539758122190953e-01 9.047401038390671113e-01 8.498832916002221349e-01 7.892228958892300028e-01 5.750916937696307629e-01 5.310773524289629233e-01 3.443754964852634992e-01 1.004459281959352163e-01 9.029341968687099040e-02 1.395893453005564167e-01 4.214827844399993140e-01 2.695218452868106129e-01 2.094058182196024132e-01 5.283502654930943843e-01 3.352597689303396522e-01 3.883721855924370803e-01 3.783428411141064873e-01 2.395626243100523467e-01 2.583469914809515822e-01 2.482522957356641524e-01
8.443000000000000000e+03 8.042069481944593701e-01 7.755256387348206104e-01 7.193567337170804210e-01 9.230083876635658546e-01 6.136041336725832629e-01 4.916000545965398261e-01 3.286674262361319876e-01 1.909793509910026887e-01 1.135448803059499329e-01 1.195803306834399421e-01 4.015726173995985970e-01 3.839299382093021573e-01 4.896782708037351051e-01 5.743972217861516016e-01 2.493832865428753931e-01 2.611515776788800869e-01 3.163351339961630870e-01 1.957440206041353992e-01 2.734305807229258090e-01 1.752576557285665526e-01
1.029800000000000000e+04 8.020078811409172559e-01 8.250114347799408776e-01 7.303534761034377043e-01 8.082600094225224074e-01 5.884490139900736549e-01 4.917875800840865730e-01 3.041697983841100683e-01 1.627685605179396977e-01 1.807634965386020198e-01 1.662176777107229331e-01 3.737734264072635759e-01 2.985176112137015725e-01 3.298087564308843644e-01 5.972178730763333387e-01 2.215721504313542811e-01 2.552412892373719377e-01 2.849711059812740643e-01 2.430726556182829234e-01 3.675846269069127370e-01 2.512591629599746912e-01
1.072300000000000000e+04 6.906843214750554294e-01 7.568501897301278536e-01 7.182873491723578141e-01 7.548157304126826839e-01 6.263152254453339118e-01 5.891119297937547072e-01 4.298917504985333982e-01 2.891187685814646802e-01 1.098803388635356260e-01 3.138116257550236515e-02 2.022617748521279013e-01 1.975699550137751392e-01 1.925236469359724312e-01 2.205748275910114908e-01 6.167831732593184180e-01 6.882414697994069241e-01 4.821843619844053408e-01 2.660630450233489319e-01 2.254117948461939469e-01 2.123247849889897121e-01
1.072400000000000000e+04 7.439428202646330979e-01 8.086463292358716526e-01 6.978619377358076248e-01 8.612545362261428972e-01 6.537294521001993930e-01 6.389843346690150527e-01 4.380283745344227264e-01 1.829840294342013896e-01 3.676937529605859428e-02 0.000000000000000000e+00 1.846612506273660748e-01 1.769475799124990145e-01 1.836836245703158954e-01 6.442887402926018581e-01 6.557233882973526606e-01 5.631493433976375584e-01 2.728636456295489565e-01 2.266860387410028488e-01 2.218537909415559672e-01 2.302122344980580826e-01
1.072500000000000000e+04 7.859184545814393852e-01 7.836094121700929449e-01 7.952090922248781224e-01 8.932758019413694628e-01 7.007036191461070151e-01 6.454173107518064167e-01 3.358563857770949790e-01 1.102823327166905648e-01 0.000000000000000000e+00 6.653075256432393336e-02 1.703001268555133785e-01 1.740354557464860452e-01 5.496032905421239789e-01 7.012289618691990301e-01 5.579633004950413921e-01 3.409180769411062628e-01 2.339604258899637690e-01 2.298388768115280922e-01 2.478936987141636683e-01 1.653439456418897557e-01
1.188700000000000000e+04 7.842611590799632992e-01 7.996450236684646828e-01 7.145625468858687324e-01 8.702737408486005410e-01 6.374832296442959345e-01 4.673457410868678275e-01 3.118650811718454152e-01 1.622778445877259001e-01 1.278691706780492876e-01 1.883152705595443621e-01 2.254070989423221649e-01 1.571958292124095713e-01 1.058863465243200935e-01 3.432122317497767194e-01 4.272319444826622181e-01 5.154138588470638105e-01 2.289890177464616872e-01 4.749579361424403623e-01 2.884213974811451475e-01 3.585571249038304043e-01
