2.990000000000000000e+02 7.120367049813641769e-01 7.155093148555129456e-01 7.398616754671074602e-01 7.381457977324472619e-01 4.943915452014632228e-01 4.587148626821560549e-01 4.336386597148310651e-01 2.275987557138765827e-01 1.874606352043381163e-01 2.482627040885608816e-01 5.181730656741839747e-01 2.406202255527934430e-01 3.588712546731913644e-01 2.974117843766408420e-01 4.049016883570722980e-01 5.006106126882635676e-01 2.878681721444655839e-01 1.102782995818091527e-01 4.842853463820877558e-01 9.755929895643807026e-02
3.000000000000000000e+02 6.742168903859510065e-01 7.929194625576811983e-01 6.448305040771181718e-01 6.461108334175593715e-01 4.928260750595664930e-01 6.146051692613595518e-01 3.566837905461616165e-01 2.315280512838847060e-01 2.424110378250604048e-01 2.397291709084943268e-01 2.642751395581013352e-01 3.843892072206631649e-01 2.894771862063783563e-01 4.866931617691948042e-01 5.610928163776243149e-01 4.101703632499885677e-01 1.190613951397372500e-01 5.661257937413511909e-01 1.246797234989920206e-01 1.195800246357276164e-01
3.790000000000000000e+02 6.256148472461463550e-01 7.200032270776910437e-01 6.024578123124592066e-01 8.101831260820020475e-01 5.704387452511878731e-01 5.162804961498452805e-01 3.527630597135449353e-01 2.331929315430021910e-01 2.082036065925665924e-01 3.010634684343571621e-01 3.824732322468215040e-01 2.957585569002467163e-01 2.592979059449624923e-01 5.888701618891122314e-01 6.521083964989061732e-01 1.046212225718530925e-01 2.219289743103997903e-01 1.890723710763897725e-01 2.079069796368330780e-01 3.497454464005178010e-01
3.800000000000000000e+02 6.642969024814900925e-01 6.389776792480768020e-01 6.979837551055714240e-01 7.313356054789265093e-01 5.387611641738958568e-01 5.045062414043378629e-01 3.519280091424933921e-01 2.405811245663413700e-01 2.876216222874637407e-01 2.690894267146987651e-01 2.953900366635652808e-01 2.551055806851475483e-01 5.177448694419614084e-01 7.180197361858543514e-01 1.500392923862723105e-01 2.949705956871038204e-01 1.975317229966108978e-01 2.236177090119172428e-01 3.899748337341839566e-01 2.192704539932928687e-01
5.340000000000000000e+02 5.089987557873349999e-01 7.390499776936148013e-01 6.207981105732570670e-01 6.766792581844210952e-01 5.416376015922298448e-01 5.678405461216070593e-01 3.919609026257936391e-01 2.512329337147240493e-01 2.673034930820363808e-01 3.149899941268831105e-01 7.585201851133365203e-01 3.729587297708386595e-01 1.765491104785902599e-01 3.679174840472104746e-01 7.106597666800059665e-01 6.175593857619986471e-01 2.014750535593737291e-01 1.836876591737403308e-01 2.787724210611395442e-02 9.159821773147085178e-02
9.870000000000000000e+02 7.310072882341763778e-01 7.264376973981243601e-01 6.345893456805468125e-01 6.679133916409591976e-01 5.779506442422536194e-01 5.488897889208431691e-01 3.291629495127649241e-01 2.015218492740691314e-01 1.536154783905807064e-01 3.594114001286486393e-01 4.196988833680295738e-01 6.378585023910123830e-01 3.676821247601776421e-01 5.726913683308739733e-01 5.234013287926542191e-01 3.378425219161254600e-01 6.284748274789145328e-02 1.110914121894201328e-01 3.570135104664640818e-02 3.205419294329759916e-01
1.210000000000000000e+03 6.808920282908036414e-01 6.871077646139550632e-01 6.222700542950723168e-01 7.289040976408441841e-01 5.202260258383417657e-01 4.576255893952900777e-01 3.233941508729750169e-01 2.095112881770031521e-01 9.849457965404458115e-02 5.701203656053945856e-01 3.739027216818465171e-01 3.303629721522041707e-01 3.722926957193620767e-01 4.600006646294502732e-01 2.711963995882655243e-01 4.657686628765304593e-01 2.684701944076278712e-01 2.426591262408468730e-01 2.110111135892591694e-01 2.825512310875817890e-01
1.647000000000000000e+03 6.339750794455627503e-01 7.034248879497950746e-01 6.462969802494199500e-01 7.069411630455924023e-01 5.363054252881169770e-01 5.435161110837383180e-01 2.665381048348036686e-01 1.789053813059732767e-01 3.797816639880122747e-01 3.314112641231152789e-01 4.834842942950786093e-01 4.469868247749403944e-01 3.378110082010974402e-01 1.179065256083174779e-01 4.807368603771722815e-01 4.318232037846099214e-01 3.338933125892925569e-01 3.386499154196644934e-01 2.387097799688343291e-01 9.409760951056626854e-02
1.922000000000000000e+03 7.297445581807693316e-01 7.368335059265581632e-01 6.517283852941999633e-01 7.501316785528987507e-01 5.658764596237368938e-01 4.967685169691484770e-01 3.349004918386228602e-01 1.571576140666869070e-01 2.412555328648129660e-01 3.004154286786601680e-01 3.711278877481057337e-01 5.594594420981248151e-01 4.092060899821863273e-01 3.856478771485569168e-01 1.406293755024772552e-01 4.641645577226598540e-01 1.894560190919457598e-01 2.812449729112568853e-01 2.801183875179502070e-01 1.948972930632144884e-01
2.862000000000000000e+03 6.751664335874688616e-01 6.447554509845417892e-01 6.291329646378431839e-01 7.175154441731171895e-01 5.152005837903541607e-01 5.567265478282951152e-01 3.754145579897533169e-01 2.435479519401400894e-01 2.627128660969872964e-01 2.827581919677609190e-01 3.960754531489573127e-01 4.450806258347059230e-01 4.347608213560816837e-01 3.255841017583053221e-01 1.999407843089346382e-01 7.059763129247603741e-01 2.737334099099510420e-01 2.640326854994435868e-01 2.054457883050486156e-01 1.226411633905551135e-01
3.155000000000000000e+03 7.068982382517697838e-01 7.015093718059901562e-01 6.655836818764632179e-01 7.288152248129966537e-01 5.488389207901903655e-01 5.044444634296340046e-01 3.614510999388034218e-01 2.012117880387057356e-01 2.586797174249926834e-01 2.660126016093455892e-01 3.122035831108185833e-01 4.988805163853221036e-01 4.758850522415646322e-01 3.055683809677989249e-01 2.317449360533585523e-01 4.640479414917667578e-01 1.764280300787427480e-01 3.087745767788372953e-01 3.608554892380430590e-01 1.314268289806181100e-01
4.049000000000000000e+03 9.816275030716028471e-01 9.277945794219314424e-01 5.712758510048840943e-01 5.601072928409659424e-01 4.783948905902181692e-01 4.091430112676876507e-01 2.286881178431404149e-01 2.759939369474416759e-01 2.578687342770297208e-01 2.898589854310822389e-01 3.887681155010708767e-01 4.569258148542463815e-01 4.868937565347604690e-01 3.088143208664269057e-01 5.598855943603281426e-01 3.326928477645906823e-01 2.293632301374641524e-01 3.543671234371004730e-01 1.625772189883246954e-01 8.206473009494436033e-02
4.050000000000000000e+03 8.881147035593516259e-01 6.522213949298549807e-01 5.035096500284855781e-01 6.548521985549882185e-01 4.652516815911552084e-01 3.884677101021064560e-01 4.204611367633290797e-01 3.184176060265811459e-01 3.078217111236074000e-01 2.676160935547414743e-01 4.327946778070764222e-01 4.542003361556288255e-01 2.580195734600181368e-01 5.861079777747312258e-01 3.415530890537994413e-01 2.834167385136708850e-01 3.798454261628416151e-01 1.625229923209811911e-01 8.357427786044824281e-02 3.364632949286803232e-01
4.174000000000000000e+03 8.249289047548827858e-01 8.095774586055282107e-01 6.700784245755654345e-01 6.515763910414903437e-01 5.133724096792063873e-01 5.114496527855241226e-01 3.362340051173072220e-01 1.661678455889545603e-01 2.495320484823213281e-01 2.457413966596449506e-01 2.431586852394115594e-01 2.542246838415088139e-01 4.011695548177139359e-01 3.282518975844075926e-01 1.383011579283324188e-01 1.000000000000000000e+00 2.147067636013052783e-01 2.438527090405479547e-01 3.276709471350244263e-01 1.773447746280084614e-01
4.175000000000000000e+03 7.705667813891464712e-01 7.374016661882569768e-01 5.767289646043640694e-01 6.867137393326878669e-01 5.575400167617208247e-01 5.078883732874036605e-01 3.085830425971036184e-01 3.006615544454238620e-01 2.502576513378071410e-01 2.361889277101925089e-01 2.606239069493234140e-01 4.033826194024278666e-01 2.979897689966059526e-01 1.595464256190735619e-01 1.000000000000000000e+00 2.953088301625007572e-01 2.745771315845896288e-01 3.614496531283364344e-01 2.038241142379532689e-01 7.950815934284855002e-02
4.622000000000000000e+03 7.465921459132067728e-01 7.186658814405511020e-01 6.676457341439933080e-01 7.128400277437229038e-01 4.908267972925963174e-01 3.618832897455845909e-01 2.510527457854369593e-01 2.614912444129642299e-01 3.288766944912890344e-01 3.974000042174730685e-01 2.792073884270195872e-01 3.138433760999843614e-01 3.106561117130411387e-01 3.077769897261288801e-01 2.841157317311151509e-01 5.431222132808072312e-01 3.665623076358378585e-01 2.870114553469816920e-01 2.869625831754901713e-01 2.543255287042115453e-01
4.623000000000000000e+03 6.583855983819937308e-01 6.992009034669095513e-01 5.998019150730785620e-01 6.195564200672238897e-01 3.787714774190932832e-01 3.772420946339928860e-01 3.749595413881836037e-01 3.517229596962466731e-01 3.867810071301874264e-01 3.915556166956040141e-01 3.006531590239622798e-01 2.929121666421239389e-01 2.611786404165654107e-01 3.007606238405955423e-01 5.356455458951031590e-01 4.429753893224794292e-01 3.044406997822025618e-01 2.955955845916615754e-01 2.716019253403612055e-01 2.407422731174400643e-01
7.229000000000000000e+03 7.779243930160074649e-01 7.807981124757472635e-01 6.741386446000647847e-01 8.022028909419232079e-01 5.847591939931269245e-01 5.022011720339017993e-01 3.122462897765211909e-01 1.635221139020307524e-01 1.875074243910471172e-02 3.912975033605240460e-01 2.504252936614916880e-01 4.359720207012365845e-01 3.182587279893883125e-01 4.502442562452167452e-01 6.025103571329198937e-01 4.018579627016850564e-01 6.639760127209601293e-02 1.579625655030038045e-01 1.980319463176635486e-01 3.828550611429105688e-01
7.337000000000000000e+03 6.794656229944783243e-01 7.361296549199534134e-01 6.671544256187741384e-01 7.229049296621976595e-01 5.511449590042931668e-01 5.035043614309829829e-01 3.242245917756867435e-01 2.438557551774731547e-01 1.987318837276243200e-01 3.183270605324042823e-01 3.800351478436680974e-01 2.523511813539353055e-01 2.980657245316148951e-01 6.088584296467035584e-01 3.965669313188884826e-01 1.409621697518008143e-01 2.897015753515775893e-01 2.892972715133185213e-01 2.247264712075870974e-01 3.350600739661053207e-01
7.338000000000000000e+03 6.886919750643534233e-01 7.154792960104630062e-01 6.260447057810308857e-01 7.174652952737119449e-01 5.347523938677526401e-01 4.787344413712572022e-01 3.691636161230262836e-01 2.393527369172659958e-01 3.143130913672841920e-01 2.409068291653393423e-01 2.476996863188541953e-01 2.880947959758247134e-01 5.270449494666001877e-01 4.305260863528201365e-01 1.798907961194289862e-01 3.665696315843363640e-01 3.164937055217836304e-01 2.371426954808023568e-01 3.674755745259570272e-01 2.525032198059690702e-01
7.566000000000000000e+03 4.641402061767071485e-01 5.939385141171970028e-01 6.380838157543937683e-01 7.187791728356671683e-01 5.790740432356074052e-01 5.407014423896762123e-01 3.932822855673437368e-01 3.028832143851596381e-01 3.347340471927962025e-01 2.829685419622376408e-01 4.912400571707088992e-01 4.059352290362716609e-01 4.050707896527271923e-01 3.529230957458843188e-01 2.701717147158371191e-01 9.806618439872390181e-02 2.964115692603352947e-01 3.118032474056551262e-01 3.129383281687915241e-01 2.393327764103657385e-01
7.682000000000000000e+03 6.929927144298930752e-01 7.180082079042972021e-01 5.795205935062071045e-01 7.239133065667227029e-01 4.960759180821631698e-01 5.215499086658502703e-01 3.372589410582932934e-01 2.251529593724374279e-01 2.669295110343923305e-01 3.506282705612043804e-01 4.776936822872566712e-01 3.765973017125269773e-01 3.233196719759203752e-01 4.016383315146027644e-01 4.286730408279338933e-01 2.595118238234290220e-01 2.726915696011185664e-01 2.871546254507478246e-01 2.207129685380634088e-01 2.230092504722934466e-01
7.683000000000000000e+03 6.720676483071458263e-01 6.266419402957923435e-01 6.263528251169208083e-01 6.432551985716689069e-01 5.524646973696990537e-01 4.940193275999529288e-01 3.512655786501522881e-01 3.038126502705718046e-01 3.483960730365627811e-01 2.549801593832186075e-01 3.620765178783832972e-01 3.057124794722131389e-01 3.412956131989094977e-01 4.555747495910508205e-01 2.816710270981016007e-01 3.383389976156162549e-01 3.055471113465655364e-01 2.270506470338997107e-01 2.384729192710584866e-01 3.565101009364314844e-01
7.830000000000000000e+03 6.000428272265768692e-01 6.223206724175505133e-01 5.985351921307331402e-01 6.547769378540744256e-01 5.664430717785218228e-01 5.721686336101063919e-01 3.631229395366096235e-01 2.487617656966165935e-01 2.234231513439718930e-01 4.018273722092632894e-01 5.223519325675115565e-01 5.054636113637870354e-01 3.312836410332996029e-01 2.538677265405955841e-01 2.657561232335732271e-01 1.548426874022102717e-01 3.996248080884433063e-01 3.728258686467875171e-01 1.854594121337279355e-01 2.236516317436611778e-01
8.059000000000000000e+03 7.701064259448231475e-01 7.766662947171372178e-01 7.030514473800101305e-01 8.662604879006392533e-01 5.246765273163245258e-01 4.779786621244164202e-01 2.713310911581808815e-01 1.721245920475291125e-01 2.327025312120819533e-01 2.465287359551033564e-01 5.471982284369326655e-01 4.077321026640061130e-01 4.333959900748668992e-01 3.644636612429297817e-01 4.035425437196621390e-01 2.516798977484296373e-01 2.774703368268909287e-01 2.462281137209693660e-01 2.947567063148520683e-01 9.524706428008135328e-02
8.060000000000000000e+03 7.180123890278994336e-01 7.441953060566930400e-01 7.555209257156062508e-01 6.744528608153517180e-01 5.032299891707519013e-01 4.089819552695900806e-01 2.974415226922027533e-01 2.666426287080235213e-01 2.321963654203782201e-01 3.529995642926218036e-01 4.437788262113062654e-01 4.641735552110029528e-01 3.533007508709835598e-01 4.868853702717824139e-01 3.156719048240481662e-01 3.989614405122594576e-01 3.025237835868324621e-01 3.490690435319195872e-01 1.226114444722082863e-01 1.308022988869796677e-01
8.061000000000000000e+03 6.927498596150539756e-01 8.009068679031430271e-01 5.763468861317941894e-01 6.498863323527460656e-01 4.365956226328421286e-01 4.436146871779719225e-01 3.882430986620202806e-01 2.688325455304711453e-01 3.489003978644089621e-01 2.905742823482537207e-01 4.907128506171344329e-01 3.693226581800714281e-01 4.550900557181307704e-01 3.722492137686825853e-01 4.492782378170160351e-01 4.166171023946143581e-01 4.267082059518466086e-01 1.441160022580240119e-01 1.589516272979266398e-01 1.251240132070867705e-01
8.071000000000000000e+03 7.435160974632657460e-01 7.735588268331008432e-01 6.505245849861487351e-01 7.742318641878919161e-01 6.000927263555764224e-01 4.174169455250446581e-01 2.666988670922200710e-01 1.518253297830128301e-01 2.358043441897233472e-01 3.721749109466532257e-01 1.596543207631481442e-01 5.837314420024662942e-01 3.224440671150974325e-01 2.891375886134632811e-01 3.915656566078657419e-01 3.699132343250627897e-01 1.772005651366394263e-01 2.869109679558611847e-01 3.677124989101583918e-01 2.465432242162019505e-01
8.173000000000000000e+03 6.429854899644852351e-01 7.305579545106645201e-01 7.357853193817573967e-01 6.260883811144738464e-01 5.347042689127488035e-01 5.116408345049765494e-01 3.418042187049181724e-01 2.511537081759118162e-01 2.462427206464108398e-01 3.024224125905225491e-01 4.043247702794717791e-01 4.307605232813809804e-01 3.532845056044233156e-01 3.986279078511483775e-01 4.223511514914988219e-01 2.214611156858921903e-01 2.804376309809388235e-01 3.505771997018143349e-01 2.213198371764040773e-01 1.853240029657561017e-01
8.541000000000000000e+03 7.137762140771898300e-01 7.258338326738771329e-01 6.604437886207998876e-01 6.945349442153495589e-01 5.243144538463742066e-01 4.565935868955054433e-01 3.661996933125383769e-01 2.302848527014153546e-01 2.412760442614355350e-01 3.151112809858305774e-01 3.405471404687928638e-01 3.160615555054450132e-01 2.534651208420114488e-01 3.232035319892395120e-01 3.606893819967718073e-01 1.509270214173333013e-01 3.371881288727016646e-01 3.002645370156597493e-01 3.031108051384189817e-01 4.091828311267436402e-01
8.542000000000000000e+03 6.757872966866002029e-01 7.044466520211903893e-01 5.947184866910246726e-01 6.771994568356144439e-01 4.840522575438789277e-01 5.262911468054031205e-01 3.537584107222921381e-01 2.769247032276521692e-01 3.077909537101938819e-01 2.922191757943960466e-01 3.065940732669314439e-01 2.417787485353401766e-01 2.777818471513521237e-01 3.869735080437914365e-01 1.862291310035730507e-01 4.155142710833423236e-01 3.253341510427941730e-01 3.165418669001031637e-01 4.438589533948341104e-01 2.527923424133000085e-01
8.543000000000000000e+03 6.493481106762922783e-01 6.298581947602693853e-01 5.697639474602675946e-01 6.146607726815094264e-01 5.478244025632778014e-01 5.046798710226979567e-01 3.919246881557518214e-01 3.344078140361123608e-01 2.772007684489014023e-01 3.146402107487945021e-01 2.401065338386202397e-01 2.715293771622199759e-01 3.397996274785758386e-01 2.054153348871653462e-01 4.356028976082947923e-01 4.122969717734037975e-01 3.546414437023034383e-01 4.751773918623617976e-01 2.802798992327339977e-01 1.842677796375347676e-01
8.555000000000000000e+03 8.061283774247608447e-01 7.805569326177371758e-01 7.527470139069669663e-01 8.540451890343935260e-01 6.196108510010381876e-01 4.639694387351895877e-01 2.759122265246028993e-01 1.456154156952614021e-01 7.601466421499825099e-02 2.900235327759880244e-01 2.852259132910240913e-01 5.133469881136948354e-01 4.605168600309342830e-01 3.466829076724539105e-01 3.868684473419761183e-01 4.172295399486050660e-01 2.688239444710827097e-01 2.662107395186672498e-01 1.401424912006088708e-01 2.311023259372131378e-01
8.722000000000000000e+03 7.306719048708082420e-01 7.911178558006672912e-01 7.046187326507240556e-01 7.391518543509111305e-01 5.609844895461542080e-01 5.058870858540758242e-01 3.373079456710162960e-01 1.435184909544944265e-01 1.884451510134838581e-01 2.917910026356565489e-01 2.741053220024984860e-01 3.629808439458120373e-01 3.212198672957665702e-01 2.733920886331092648e-01 2.549133065741988613e-01 3.332550776558006467e-01 8.072041869344120935e-02 4.511633980391890342e-01 4.991332171556990271e-01 2.362740257203705674e-01
8.724000000000000000e+03 7.012858628583429343e-01 6.869075126267940590e-01 6.305992303500144169e-01 6.958682307366903519e-01 5.235571596569674746e-01 4.174122645397688736e-01 3.540149707474743446e-01 3.204148662335133402e-01 2.317315341679510310e-01 3.372497045845666563e-01 2.343906005049285757e-01 1.725685532892984320e-01 1.813381144944345436e-01 2.973789091420548369e-01 1.177031344843082750e-01 4.859217283923161212e-01 4.734779403551146459e-01 2.050159088362356052e-01 1.445814585397116880e-01 7.149978049108589584e-01
8.725000000000000000e+03 6.379002802200174349e-01 6.705396518691829622e-01 5.921382651080555615e-01 6.721550060450016684e-01 4.414773467729298795e-01 5.085359809545434429e-01 4.354897744137740112e-01 2.651903639383456635e-01 3.286709196470916083e-01 3.061520105439168860e-01 1.746602025707330030e-01 1.806360056209340148e-01 2.663146413118244182e-01 1.335390092772986703e-01 5.076617824118745403e-01 5.923174778417167330e-01 2.203291938248644888e-01 1.573001388445155746e-01 8.028371161368218489e-01 1.067119594547770584e-01
8.726000000000000000e+03 6.217444691253077860e-01 6.299645872378437650e-01 5.676338368841166160e-01 5.606446422674318253e-01 5.320085982144612258e-01 6.057535801081679327e-01 3.826905603373364495e-01 3.561293826328240653e-01 2.940489972731313850e-01 2.700714432171285595e-01 1.735805702799335382e-01 2.526692342890833332e-01 1.151896451276491484e-01 5.420338781952156459e-01 5.835606686373412400e-01 2.809178407317576287e-01 1.488452349330811608e-01 8.395480532640888782e-01 1.135408559246626481e-01 1.622946548448838400e-01
9.271000000000000000e+03 6.677538777182147056e-01 6.041786379967217790e-01 6.239457208071856886e-01 7.755067193006568438e-01 5.428431784597890220e-01 5.281073175176402845e-01 3.957004961021431400e-01 2.099405963164467370e-01 2.371949160430321113e-01 3.182722685188066891e-01 3.379330873060526486e-01 3.652702999714977916e-01 2.515175475697642438e-01 4.548469268413840028e-01 4.293191099077687256e-01 2.483961745387266162e-01 3.761673437826870137e-01 2.635351725379726506e-01 2.304444935455761401e-01 2.828563319892772321e-01
9.281000000000000000e+03 7.580216729326311187e-01 7.697471277297919245e-01 6.793899589200691480e-01 7.957212437266314442e-01 5.067277563424991138e-01 4.368617272922243333e-01 3.402724787942812967e-01 2.388138620417342983e-01 2.298257731864079556e-01 2.370362880445991138e-01 4.752393863931571594e-01 2.742782411917280561e-01 2.680673067655723329e-01 2.937422030824852204e-01 2.317136535983350398e-01 3.268282622316335262e-01 6.791618049231142873e-01 1.473081167924601698e-01 3.719535259202864652e-01 1.772536363648468671e-01
9.282000000000000000e+03 7.179776129170755139e-01 7.272596862980728050e-01 6.950295597735387521e-01 6.576100910094538898e-01 4.670327708922176191e-01 4.977693798358447386e-01 3.641137944038055352e-01 2.685857727882691171e-01 2.269602455073144176e-01 3.028734816287952936e-01 2.867760148889901273e-01 2.761700407587747153e-01 2.730433418898832176e-01 2.698686674302168687e-01 3.720509862032082005e-01 8.600655559268125527e-01 1.566908006779614282e-01 4.181384860259768077e-01 2.085304462356850352e-01 1.861325637624520191e-01
9.283000000000000000e+03 6.937327748257446913e-01 7.581024254567911846e-01 5.781190416251860142e-01 6.202224513754682755e-01 5.402767332811231338e-01 5.382863202859450302e-01 4.015533736561792133e-01 2.761473581602709726e-01 3.082501990325061114e-01 1.825577422764794455e-01 2.744038646349556410e-01 2.671173797328253996e-01 2.384155984155765240e-01 4.086620111427501922e-01 8.462169660882479238e-01 2.176530892817632457e-01 4.816454255634947113e-01 2.229279403645746671e-01 2.065995462324882181e-01 1.702930419027102737e-01
9.341000000000000000e+03 7.389246872298620428e-01 7.279282123984425201e-01 6.284173130662269458e-01 7.099808829158024137e-01 4.275813752912382415e-01 5.490484368118840885e-01 3.899318367757379500e-01 2.939619572781966839e-01 2.166091782381059094e-01 2.449821492362778130e-01 3.657343572952128086e-01 4.018055308804258097e-01 2.811531295383119522e-01 2.167441946317352486e-01 3.113834812548387232e-01 4.499220931274363067e-01 2.415808812864357613e-01 4.279751030367521247e-01 3.515914618453099272e-01 1.559896172437261475e-01
1.090900000000000000e+04 7.066098859907098406e-01 6.610937715688657290e-01 6.370902943603686808e-01 6.836964734919012132e-01 5.378112803218125793e-01 4.842826459278452567e-01 3.534652729993500442e-01 2.589076915299778903e-01 2.403504540293964209e-01 3.367129990535218664e-01 3.530116293108633840e-01 3.461659962257589429e-01 3.445798446982260566e-01 2.041898439250290909e-01 3.100525042295751987e-01 1.395922909710045623e-01 1.580614033055920131e-01 2.551588664575756837e-01 2.135230878863588477e-01 6.618425979114868074e-01
1.091000000000000000e+04 6.161778905065792289e-01 6.783348802933043542e-01 5.817779763378775337e-01 6.924964774484712038e-01 5.099778115518921462e-01 5.088464753129905427e-01 3.788344239090090104e-01 2.742560490412183638e-01 3.290102960924412567e-01 3.025456719310693487e-01 3.174641688088782887e-01 3.109436236859398073e-01 1.644069447025665598e-01 3.132370699879838405e-01 1.635491506691774399e-01 1.953382991500644261e-01 2.506222974725650365e-01 2.075921055878896526e-01 6.839568224036304267e-01 3.744412616593063570e-01
1.091100000000000000e+04 6.300720263820710487e-01 6.211566636020545706e-01 5.886485026396207632e-01 6.537455860497902727e-01 5.335807828970300370e-01 5.383858042736978655e-01 3.921912269573852305e-01 3.575620676266794140e-01 2.913561054568186148e-01 2.441271971044391143e-01 3.128797920567460422e-01 1.636101072056715122e-01 2.797759925901739386e-01 1.838191260630298307e-01 2.361255669219050890e-01 3.312317895070947538e-01 2.230903057190929406e-01 7.415506761999522967e-01 4.205146793698324448e-01 1.624610892867448531e-01
1.165000000000000000e+04 7.265136947220086627e-01 6.254684173004149139e-01 6.904107450903133048e-01 8.251445446268582673e-01 5.856414232757202187e-01 4.820728491340492972e-01 3.345984142168079711e-01 1.730602799646582812e-01 2.534167573290040942e-01 2.721492975352126087e-01 4.591703031270869539e-01 5.758463619760991747e-01 3.684429028177667598e-01 3.417995404213380328e-01 1.315516693676128113e-01 1.136418688451812653e-01 3.333226006984240652e-01 4.009817211403156056e-01 2.631777839299237476e-01 2.026115145550259622e-01
1.165100000000000000e+04 5.939797544070172242e-01 7.425582568848161369e-01 7.273064609062089847e-01 7.673486114009195891e-01 5.159607334512914534e-01 4.941304356117633967e-01 3.053303735253450335e-01 2.939110982754156165e-01 2.675457460776715091e-01 2.541153675053348104e-01 6.296302380007002819e-01 4.002441621195411692e-01 3.359539142751073459e-01 1.694024513528913645e-01 1.810775939727504169e-01 4.742194961152154109e-01 5.164727152345378602e-01 3.163696455591291090e-01 2.539731247507795997e-01 4.626924090933152295e-02
1.198200000000000000e+04 6.893923748524117823e-01 7.168505374638864946e-01 6.016955561313215295e-01 6.712541634745854413e-01 5.148483325950531375e-01 5.749304935761572199e-01 3.856012706241911947e-01 2.547062141744933506e-01 2.504113066242480978e-01 2.466137751408546686e-01 2.479244190137256387e-01 2.442866479663520218e-01 2.268587536440287711e-01 4.164961692225706558e-01 3.293640404523788812e-01 6.495719329770608397e-01 4.570362251115265839e-01 2.037849869335328912e-01 1.818854846094367650e-01 3.271355202534615425e-01
1.199600000000000000e+04 7.393506920556869311e-01 7.331770153908534482e-01 6.059792385564967132e-01 6.829385780832935016e-01 5.266525320724405601e-01 4.968132826597687068e-01 3.664880092077683060e-01 2.899451631896204917e-01 2.384502892709214061e-01 2.420523973971518972e-01 2.475317642135947682e-01 1.925718591798541990e-01 2.968323439798079555e-01 7.301325204522772783e-01 4.553705865333395608e-01 3.483942820435670384e-01 1.978812854818464695e-01 2.315479964491592157e-01 3.427772934970466645e-01 2.415195792364822902e-01
1.221700000000000000e+04 6.366832346792643538e-01 6.459370943816479249e-01 5.824652450778042834e-01 6.330862229185973966e-01 5.024871931730890973e-01 4.663339951782624060e-01 3.620079936697954692e-01 3.369454696617262823e-01 3.540941707387482151e-01 3.220795289115615523e-01 3.305939225691723604e-01 3.739073190897731491e-01 3.511549045582527118e-01 4.510319809937444746e-01 3.112426803066915548e-01 2.362247610798594855e-01 1.994607453466722136e-01 3.782496370216327786e-01 2.935836100931286663e-01 2.647082928298528648e-01
