1.682000000000000000e+03 3.496506603547069325e-01 6.679612434769609530e-01 5.518039876643926478e-01 5.380156774622888438e-01 5.484539322256547500e-01 6.055949069423074427e-01 6.602803506969695535e-01 4.883036994985862633e-01 7.827949241563303406e-01 4.552708894646504967e-01 5.043554433527405179e-01 5.452670104541443852e-01 4.717297433738421031e-01 2.741722415501016696e-01 1.787983240384101169e-01 4.646796722652990486e-01 3.431204367828561419e-01 4.154790993741893090e-01 4.534343044837244596e-01 1.776282273658525146e-01
1.926000000000000000e+03 3.225254677796631775e-01 5.702145336345243454e-01 4.067827682146737400e-01 4.666476740753330299e-01 6.859423007758483903e-01 7.849104492435846625e-01 7.611402359326805422e-01 6.175347151399899204e-01 7.245803377913382359e-01 4.582418407846411412e-01 1.414918181807105768e-01 6.329106187095884239e-01 3.282902188042521319e-01 4.309017054812296355e-01 4.538729805231315195e-01 3.679345984545567827e-01 1.263906685445899680e-01 3.784633857443725491e-01 3.501558149755717442e-01 3.855609918671947245e-01
1.927000000000000000e+03 2.749373684899797388e-01 5.790957827336195018e-01 3.414864359421694862e-01 6.599467417262985247e-01 8.311158176235400319e-01 7.280458084689531706e-01 7.616568183149289295e-01 6.067220843741586433e-01 6.203004487287943070e-01 3.662208850808667537e-01 6.236973706038445586e-01 3.129369827255089609e-01 4.485272852357581330e-01 4.234762799046075110e-01 3.283069420854232701e-01 8.983177418209992160e-02 3.250951555093440914e-01 3.635841226097024093e-01 5.255951091630154393e-01 3.292035007760560905e-01
1.983000000000000000e+03 2.924637697746536591e-01 5.906461113703488364e-01 4.652388071191803087e-01 5.879574446682814814e-01 5.719444147361557595e-01 6.033528431861919783e-01 6.265793240818294807e-01 5.323262584029632150e-01 8.209899773801094813e-01 5.562437135042401781e-01 5.745884963809824164e-01 5.483081782047309893e-01 4.539715149376208903e-01 3.256969723614058787e-01 3.655804369641743046e-01 2.111300734564017789e-01 5.755449779536306876e-01 5.363995904761282851e-01 2.758513282813108147e-01 4.894542652967812102e-02
2.341000000000000000e+03 5.310249718191316637e-01 7.172681380988084054e-01 5.100311497718917897e-01 5.510019930509042485e-01 5.233011505598343938e-01 5.565698067695475926e-01 6.027131032494535967e-01 5.543720536692998690e-01 6.764309634077576572e-01 4.177812790140802424e-01 6.804610573370013515e-01 5.811279083656628597e-01 4.347837297148143265e-01 2.652750382074817170e-01 1.293734750697784208e-01 2.410188355242264824e-01 3.800033492813181257e-01 5.283665190456965366e-01 4.856820978373443398e-01 2.109813811770752112e-01
2.641000000000000000e+03 5.852402953020415799e-01 5.282381773402595737e-01 3.832083688454683279e-01 5.327215021066216138e-01 5.453442732927464842e-01 5.194056184173115875e-01 5.244010706079038631e-01 5.218767371967362179e-01 8.893015682964600099e-01 6.488372610978974109e-01 5.712706396146411958e-01 6.642583100364799487e-01 3.347682018889517885e-01 2.632452671750767914e-01 4.310407434415611805e-01 3.022418620563576686e-01 4.131896580283037634e-01 3.661302469825795103e-01 3.627052594037974420e-01 1.432343629810246544e-01
2.642000000000000000e+03 1.973155631309621016e-01 5.488234013436481540e-01 4.055501813924148324e-01 5.625118276392188088e-01 5.391490948402039018e-01 4.716805771573527317e-01 6.485765752341589030e-01 7.619913679559375819e-01 8.675881968677559009e-01 6.510045068108053501e-01 7.294888978515968736e-01 3.671570764359310401e-01 3.072356498998312091e-01 4.462347187341769161e-01 3.012232984830535698e-01 3.341060239954452005e-01 3.560309189460399981e-01 4.255376080111977211e-01 2.194667218024674293e-01 2.820492195404676328e-01
3.569000000000000000e+03 5.839364721357168664e-01 5.234506627001307422e-01 4.061717157314942428e-01 5.446801327060485365e-01 4.376468024245619426e-01 4.502772138788974643e-01 4.132147462494925039e-01 6.951932061349656022e-01 9.144024884563178857e-01 6.751614902811295948e-01 5.698223973324746394e-01 7.133620047143108822e-01 3.355848898082953169e-01 1.598766810415757078e-01 3.710362113397315253e-01 2.940914609219418829e-01 4.376653975735604885e-01 6.609543044821312163e-01 3.522437622116068590e-01 7.083646768723084186e-02
3.571000000000000000e+03 2.263216958697523151e-01 5.588980227538568046e-01 3.389028655643447907e-01 4.930656621583506816e-01 3.385311468806398438e-01 7.435408136859210648e-01 8.865194113269626586e-01 7.447915306387952183e-01 8.218495762744565392e-01 5.820243163364740013e-01 4.317798480692860430e-01 1.995886451304932363e-01 4.647082554100523955e-01 3.184240708827705268e-01 3.683606888988739114e-01 5.251557060905411856e-01 4.201056829318561836e-01 1.603582944491068474e-01 5.770837092729410589e-01 2.027163012519661023e-01
3.572000000000000000e+03 2.203715445355838853e-01 4.956633474826411812e-01 3.423677676590591301e-01 4.189043304375311139e-01 7.464478319117423544e-01 8.150300849340786913e-01 8.514263055771976729e-01 6.685865450792960463e-01 7.530600208109490268e-01 5.416316882826684997e-01 2.229312670299504195e-01 5.227965211498363240e-01 3.650300277825310746e-01 3.764373491969565944e-01 5.168622868072811904e-01 3.349945433006041862e-01 1.618300597456623358e-01 6.523263253395383821e-01 3.046389494130773978e-01 2.368977840004017621e-01
3.573000000000000000e+03 1.439530632865672621e-01 5.106059446324615614e-01 2.713145637066037286e-01 6.838882195219551097e-01 8.404001825495013289e-01 7.985745424818786464e-01 7.927881049228828747e-01 6.158129413942312613e-01 7.153536510380338331e-01 4.214337242294134422e-01 5.225540144954858857e-01 3.625740456229565312e-01 3.975323249854317842e-01 4.909932303024444611e-01 3.030372870683256670e-01 1.185669601287216018e-01 5.686998871276808254e-01 3.236762252550110519e-01 3.231644562445438740e-01 3.314723571009842717e-01
3.903000000000000000e+03 5.924737427222387387e-01 7.256221133184946881e-01 1.531623373182134651e-01 2.734433589391014330e-01 7.470822482729893022e-01 7.015933507658131951e-01 7.307932536942601809e-01 6.464006595784970166e-01 8.103082552812143069e-01 4.896400916311541285e-01 1.654192418225540195e-01 7.599699456377664308e-01 5.794483723935404118e-01 3.694011851530273893e-01 5.144957179416552728e-01 2.252468618499439967e-01 4.543336972624449632e-02 6.206666086831725826e-01 2.921077762413362144e-01 1.706094714910028343e-01
3.904000000000000000e+03 5.238646319410078522e-01 3.727843271111777601e-01 1.329293262105648854e-01 7.094608920785351325e-01 7.633825499420860972e-01 7.152486446199580739e-01 8.088099313699769199e-01 7.131180054100723087e-01 6.803042415248780062e-01 4.497206998361687469e-01 7.818195996778848356e-01 6.308070168614432482e-01 4.005434861753732201e-01 5.008335996818986668e-01 2.073899019176792535e-01 3.646253161153582834e-02 5.552874250844408444e-01 3.211306916999140948e-01 2.378686372618145639e-01 2.306190606298634260e-01
4.177000000000000000e+03 2.369990278621396940e-01 5.744917132720703812e-01 4.619835092020323497e-01 5.640120291243634343e-01 4.570549438655095997e-01 7.227291352463162122e-01 7.526381187754651592e-01 5.827119928412970440e-01 7.998316776776731585e-01 5.288152577617450945e-01 2.563923993517941424e-01 4.652215637810487581e-02 8.895545940837892296e-01 2.240889116033276118e-01 2.686084784056928521e-01 4.020057324392482534e-01 3.019809323210445040e-01 1.176446947334449655e-01 6.855692407135050015e-01 3.807570837427513011e-01
4.676000000000000000e+03 5.940353543449592433e-01 6.857971227486775456e-01 4.000363247063146166e-01 5.491530688221740730e-01 6.015144927640176942e-01 5.691509116514326116e-01 5.473259397167298257e-01 4.839590363059156908e-01 8.261767571835646473e-01 4.280938527253200787e-01 4.502049825117827586e-01 3.715846861142018120e-01 4.197592615356395274e-01 3.829357441824731700e-01 3.475269533130994071e-01 2.996143246864792498e-01 3.488340177155356825e-01 2.629807579053537459e-01 4.276736416694714715e-01 3.626118851114981112e-01
5.094000000000000000e+03 2.817594291967759901e-01 5.535843721069931833e-01 4.242916152661669327e-01 6.396843282693616128e-01 8.120553006160036169e-01 6.958626567617528513e-01 7.215278298901712795e-01 5.732163969460091213e-01 6.017800574414181591e-01 4.327430438116351419e-01 4.100121263929820681e-01 2.205957105045013578e-01 4.822547645221267332e-01 4.029509783841332404e-01 3.453565037215945432e-01 2.944049134246765620e-01 4.632826168005378942e-01 2.566953548291206477e-01 4.830269727505341892e-01 3.101605833364636799e-01
6.191000000000000000e+03 6.290644736727764030e-01 5.176050653500151588e-01 3.200519507229023786e-01 5.028691689581091806e-01 4.311706789971455622e-01 4.952498253089258062e-01 4.826110272351767372e-01 6.789350392582089722e-01 1.000000000000000000e+00 6.472240103009254675e-01 4.600558986183349020e-01 5.367292268205294814e-01 3.752728668687417279e-01 3.607873873567133960e-01 3.072061844628170557e-01 2.445961018241590290e-01 3.612707348071019786e-01 4.888436494958313117e-01 5.186996617463575099e-01 1.839190136751833460e-01
6.192000000000000000e+03 1.880163715041717198e-01 4.990687210292342191e-01 3.764545939536856900e-01 4.962140636520703807e-01 5.213360098865514880e-01 4.362192260349407880e-01 8.152725413659488440e-01 8.835861315057753629e-01 8.719421418473383145e-01 6.397620895122410056e-01 5.973945898652075481e-01 4.224261769836981095e-01 4.220436016881811137e-01 3.212424767869110354e-01 2.464150495761650850e-01 2.962495383224204581e-01 4.742332261741823429e-01 6.021123210943227777e-01 2.846429257747948860e-01 1.930883072989538762e-01
6.210000000000000000e+03 3.372764572579469711e-01 6.198639313793098404e-01 4.620489894736817815e-01 5.948883343095869858e-01 6.230242219558795869e-01 6.376235180595722918e-01 5.350986177422516477e-01 5.525058366825654765e-01 7.440372128491590242e-01 5.368475715547100791e-01 4.477893293061867008e-01 4.564138802421104368e-01 6.213695027259790171e-01 3.928692020349645042e-01 2.337067625997745202e-01 3.056535897582799977e-01 3.473868267627872597e-01 3.725383975290011973e-01 4.070603874696311353e-01 1.927370696287041829e-01
7.243000000000000000e+03 4.097954355284349481e-01 6.340812360809927606e-01 4.487062401260988320e-01 5.696913609644848053e-01 5.558249702956687965e-01 4.905234178151524072e-01 5.321396974374371647e-01 6.028062151122052237e-01 7.898198977200752147e-01 5.854583021446285729e-01 4.680966386653172551e-01 4.743274152308402658e-01 5.925739222096436665e-01 3.277262549468866193e-01 9.478588788952488353e-02 1.233539501105118813e-01 3.351332688693877682e-01 3.730495966226741178e-01 8.145605774799591359e-01 2.622423645095312561e-01
7.244000000000000000e+03 3.485265045960204144e-01 6.005129869866493442e-01 4.427320287081241701e-01 5.644647899863279861e-01 5.018767663005373469e-01 4.724789686471001504e-01 7.239169172204693581e-01 6.519834157851240874e-01 7.737698886761453787e-01 5.687845901855704822e-01 5.515261614774482624e-01 7.231781302026552005e-01 3.993055654012095945e-01 1.069904488183461289e-01 1.324063903791115326e-01 2.872592800047472639e-01 3.817750604528309388e-01 9.608600007571251878e-01 4.220391021072042448e-01 9.329219694112091121e-02
7.245000000000000000e+03 2.934490841369374881e-01 5.920305372430146873e-01 4.328198271231558647e-01 5.276147723411386270e-01 4.776611079484056055e-01 6.618070830677101890e-01 7.686691346495622135e-01 6.301728324582051011e-01 7.458478924853558789e-01 5.574579475729598554e-01 7.909224226426949667e-01 4.466385233291235712e-01 1.288618349056523393e-01 1.367488295862496483e-01 2.854075452883859665e-01 3.084891884922120742e-01 9.051715535720370465e-01 4.891049871245627956e-01 1.428682628420024636e-01 2.784103935087424708e-01
7.826000000000000000e+03 2.325945550017453345e-01 5.801262761312302452e-01 4.451257095183842605e-01 5.087997697620560977e-01 6.421701184760424397e-01 6.060050643335077591e-01 7.015068393836744187e-01 5.255726964314065830e-01 7.840224641692834506e-01 6.443442192446582339e-01 4.903662291528290695e-01 3.946151058878076268e-01 4.405876492785230081e-01 3.344145491556970162e-01 5.082196781743797409e-01 5.013323058802938714e-01 3.918362493299128446e-01 2.589742045241227864e-01 2.662181531743795793e-01 1.186847100456439458e-01
7.827000000000000000e+03 2.485985076889889178e-01 5.843862003168063257e-01 3.577291671675927875e-01 6.046674233568642975e-01 6.001421999867561086e-01 6.236726094527575981e-01 6.249746146437858973e-01 6.258651007153254175e-01 8.353167373154983810e-01 5.682404101512725791e-01 4.097949536190632069e-01 4.693379578015150488e-01 3.659551005073156671e-01 4.987709901510224419e-01 4.733659516697805714e-01 2.986189714691723784e-01 2.382828570317024053e-01 2.974242701195830563e-01 1.652793156795258622e-01 3.864322026757623374e-01
7.828000000000000000e+03 2.559529847910911871e-01 5.101797644569127099e-01 4.683654409041386746e-01 5.793203764353899166e-01 6.195587349840427915e-01 5.470969112367027876e-01 7.279830177020046866e-01 6.800401556504971357e-01 7.317064108037296677e-01 5.731586348522629271e-01 4.771672814463767121e-01 3.709723693681633017e-01 5.358987208426996274e-01 4.559497115553377555e-01 2.740393344829700761e-01 1.785177507278067621e-01 2.661819213473452517e-01 1.855101941824234546e-01 5.446483289929000549e-01 3.905385713782238422e-01
7.829000000000000000e+03 1.448072831432643537e-01 6.046139209192551434e-01 4.389037388241938675e-01 5.909836299750845789e-01 5.396183047125420185e-01 6.510358257203466836e-01 7.824960987640757759e-01 5.721577663678493186e-01 7.379361969750813932e-01 5.818567523831844612e-01 4.165852363814818160e-01 6.245076180349315997e-01 5.304396413316398995e-01 2.863450954792609027e-01 1.799343046749876662e-01 2.207931489583572771e-01 1.907875697557807892e-01 6.300392390099873730e-01 5.996239565744233557e-01 2.061768320512977759e-01
8.565000000000000000e+03 4.407993334568733323e-01 6.561586523301425888e-01 4.940870287458333787e-01 6.145715968673192142e-01 6.154118538438569930e-01 5.103615927627354054e-01 6.449593134435401831e-01 4.273908855080009173e-01 7.121714896924405958e-01 5.003774506448521731e-01 8.425280945099608010e-01 7.306790286211338747e-01 3.797043683873988495e-01 3.116099778607980819e-01 2.240158938972068026e-01 2.335040677134564147e-01 3.435511882049118171e-01 1.463569714884038753e-01 2.357478075695417785e-01 3.783108830014876856e-01
8.566000000000000000e+03 3.852285013470790886e-01 6.419447270551702500e-01 4.971367781337172054e-01 6.039677488995529586e-01 5.265869229757511594e-01 5.910012370679010862e-01 5.494333858270468163e-01 5.753861275814791121e-01 6.604956075484100797e-01 5.665698408950325948e-01 8.663023662081478227e-01 4.650254416976972172e-01 3.942779239761852739e-01 2.554009326142144265e-01 2.558625384615902387e-01 3.053996454149135453e-01 1.736588616800119611e-01 3.179111287908960581e-01 6.258655401113398797e-01 2.227049436357355916e-01
8.567000000000000000e+03 3.637092781452511692e-01 6.443458186529141818e-01 4.847296860259387996e-01 5.486946053339003537e-01 6.098531363792822901e-01 4.936889556968654391e-01 6.996432001488124275e-01 5.214936486276616767e-01 7.512248163889138075e-01 5.289423966822106582e-01 5.278143799476707754e-01 4.539387855298326335e-01 3.063177845840376334e-01 2.722482063042492295e-01 3.121745029859519516e-01 1.511243731173325666e-01 3.201777717183442729e-01 7.306086850617549144e-01 3.501081186425886171e-01 3.909735586506539184e-01
8.568000000000000000e+03 3.705481353375988385e-01 6.358921359643613380e-01 4.238959004049138724e-01 6.025257462055562119e-01 5.125229065172997034e-01 6.496366059782299196e-01 6.482268102899331197e-01 6.188937884896468233e-01 7.027012293447395530e-01 4.925513475330921542e-01 4.639968366865698801e-01 3.021215777003871117e-01 2.935255409725837650e-01 2.996885963320372603e-01 1.360338091355914603e-01 2.407603726617585094e-01 6.494627181983565478e-01 3.796052028247968169e-01 5.539697493606772216e-01 4.424765131455796752e-01
9.262000000000000000e+03 4.706188130767524624e-01 7.206460647250123586e-01 5.023708178897793308e-01 5.432993469634969097e-01 5.013947183959635012e-01 4.463303602894888589e-01 6.117649730305179112e-01 5.482446789894396266e-01 7.625380871309510589e-01 4.968627386147234093e-01 3.068787688698676464e-01 6.393204945433971220e-01 3.311117705869298100e-01 2.636494929774095830e-01 2.978245212291329436e-01 2.744886693257124755e-01 4.243026439239094838e-01 3.085427488208020708e-01 7.278200504582215125e-01 2.367460050290755291e-01
9.272000000000000000e+03 1.792324832457358741e-01 5.871115274808438311e-01 4.935284226288808584e-01 5.492549038554950247e-01 5.667733429868989647e-01 6.284036926825180558e-01 5.486634174299830358e-01 5.757492154609485935e-01 8.718362894384206196e-01 6.283784465173672951e-01 3.962869109274305690e-01 2.090904428006305493e-01 3.725332296196590676e-01 3.436521486114709756e-01 2.102131461555243053e-01 4.055721334560990488e-01 4.080680254449182698e-01 4.058261694961395327e-01 5.007795897448006350e-01 4.146838178293015820e-01
1.162500000000000000e+04 3.696766488960245844e-01 6.521835821412776957e-01 5.099736791326130447e-01 5.900744766325021207e-01 5.932079403144463470e-01 6.134559938701152904e-01 5.866492680689081585e-01 5.997445119508650890e-01 7.288023013969453512e-01 4.187190472216231196e-01 2.855025409569030836e-01 5.917087095585650269e-01 4.742891522968522011e-01 4.250372111059807501e-01 1.606700377918594824e-01 1.354058695927355116e-01 2.972904008140202503e-01 6.130118137117899213e-01 5.714609226031087674e-01 2.735133532081914232e-01
