5.500000000000000000e+02 4.301830296580403945e-01 8.113836382253181156e-01 6.091523958070058642e-01 7.992592964820398604e-01 9.116131318480336088e-01 8.482965283113879096e-01 4.832143913796142498e-01 1.579006462023309076e-01 2.634708035191711262e-01 2.468750717882237655e-01 6.782657346556503208e-01 4.163303960057171405e-01 1.464273732974378239e-01 2.204593773130702483e-01 1.058268205220107561e-01 1.680255393084314486e-01 5.861007078560721562e-01 1.000000000000000000e+00 4.669453248476592711e-01 2.382459599055204436e-01
5.510000000000000000e+02 6.807216411143872659e-01 7.833542448886975373e-01 7.589498864455638261e-01 8.311972694160162378e-01 9.473332444751382253e-01 4.938930110159753251e-01 3.410261028249922388e-01 1.748051786038386235e-01 3.741461367958709427e-01 1.490510801134644070e-01 4.974620029583333158e-01 1.499912909070308942e-01 2.792950073597500471e-01 1.226407575815820772e-01 1.830258697262188428e-01 5.001850152908078329e-01 1.000000000000000000e+00 5.778643977091888484e-01 3.932353975116153477e-01 1.649926633466269610e-01
1.043000000000000000e+03 1.000000000000000000e+00 8.762522774775510781e-01 7.604115879033638281e-01 7.992430886870846019e-01 7.361005444307984202e-01 5.919792849651173139e-01 6.264357245792172568e-01 0.000000000000000000e+00 0.000000000000000000e+00 1.231956933572960905e-01 4.010639607403012064e-01 4.763327645885681583e-01 3.029942780276855818e-01 2.561006715790746791e-01 4.703778887071456416e-01 4.140007346713452940e-01 3.757870106432872337e-01 6.499561793910050289e-01 3.146007227659113892e-01 1.376791709476603842e-01
6.203000000000000000e+03 5.429412106624389445e-01 8.608322801799543900e-01 6.417999380139438603e-01 7.386650561513172786e-01 8.118263617364074314e-01 9.045659999890218739e-01 4.600866416352225041e-01 1.228069192034205587e-01 2.694907911156816938e-01 2.103774718964160073e-01 3.824236871101689972e-01 3.771292092898215764e-01 3.654711504335336758e-01 2.303844729035089411e-01 3.239099187014561898e-01 3.075897452069922822e-01 3.842441581018392061e-01 4.439479986593427574e-01 4.289009871714163924e-01 4.474218292333485003e-01
6.204000000000000000e+03 7.493446520895267193e-01 8.078783501285696778e-01 6.852525119320249658e-01 7.656642808921828580e-01 1.000000000000000000e+00 4.648687308189533574e-01 2.998752367446600453e-01 1.757582132548461407e-01 3.187464732308668003e-01 2.633538982352983115e-01 3.960051784507248041e-01 3.831114172347742097e-01 2.551226300647095324e-01 3.189036235421469634e-01 2.911631261698539030e-01 2.957968036326298344e-01 4.068412400489042069e-01 4.732773068021880469e-01 6.499076984880972629e-01 3.026313231150389305e-01
6.205000000000000000e+03 6.831020530807282443e-01 8.538180424222882037e-01 7.263165529537989329e-01 8.912873647864800741e-01 5.573460308302414790e-01 3.153966020583355845e-01 3.670549269964010763e-01 2.399003982507159627e-01 4.042815076764104121e-01 3.285838461419671175e-01 4.268175741684467894e-01 2.680316127780861257e-01 3.713503033186787983e-01 3.022286130464718057e-01 2.954640651353857006e-01 3.298306188014731299e-01 4.563564008981057518e-01 7.419961967495641852e-01 4.624421779581798786e-01 1.753356047990772271e-01
7.107000000000000000e+03 6.999518329350771229e-01 8.201648754175463463e-01 6.533908277504755224e-01 7.131700573171962931e-01 7.745265656525377462e-01 3.816648302008227023e-01 4.345378834847124505e-01 3.216807197710794819e-01 4.223519970576105065e-01 3.031921139056561465e-01 5.723214164938205117e-01 4.425265307861966368e-01 1.400945154907742851e-01 1.104850478265506086e-01 2.669317500573902824e-01 5.741159481500672790e-01 7.416337556450798285e-01 5.781196803128784145e-01 1.385534552752584470e-01 2.648098555629573858e-01
8.082000000000000000e+03 7.469891808693991386e-01 8.517041454065991113e-01 7.286816615236608730e-01 7.605931238605434519e-01 8.526982446391295767e-01 2.806531927407925342e-01 4.165762540099058886e-01 1.905311131212888420e-01 3.809698734768151573e-01 2.687456185250626239e-01 1.847252405979064038e-01 4.120252039645256326e-01 5.550121064597949294e-01 4.400522631553633879e-01 2.638291223838230004e-01 5.123177752567650289e-01 3.575246181767482989e-01 1.012211663575255998e-03 5.958157098790830553e-01 2.713378931451881360e-01
1.018400000000000000e+04 6.663163919138910263e-01 8.645178939889067715e-01 7.655741237270101696e-01 7.701747610231355345e-01 8.868626799796230920e-01 7.790646096551554489e-01 2.434873539951111499e-01 1.341779970023665725e-01 2.440039013205006213e-01 1.672935189324685212e-01 2.394741536473031784e-01 4.527705741695018937e-01 3.562799077140988424e-01 3.163911754025237610e-01 1.979813431274212998e-01 1.621888963489018232e-02 8.417099753894418113e-01 6.942380702756674182e-01 4.067699867517309831e-01 3.325181553318023453e-01
1.018500000000000000e+04 7.302030226709822491e-01 8.976318161003978835e-01 7.022169495204062528e-01 7.954830077956716039e-01 8.426610702748507098e-01 2.189972721184723081e-01 2.862081048433895436e-01 1.245012868220366081e-01 2.354975062754878223e-01 5.090966454802240415e-01 4.227837856437324238e-01 3.276857689751127012e-01 3.135535961790105186e-01 1.689335026290596786e-01 0.000000000000000000e+00 5.871677477325114580e-01 5.725861440484777409e-01 4.018015364063559081e-01 4.308526650417702775e-01 4.872966864924433983e-01
1.072700000000000000e+04 6.553601360566305711e-01 8.342094035182588962e-01 7.482732566669765273e-01 8.082593700067857156e-01 6.346037845627080509e-01 3.983569957384468507e-01 3.264938309906251779e-01 3.068672008443810162e-01 4.331175212967676713e-01 2.900388667183586566e-01 6.848831875269140168e-01 7.272363685848793891e-01 5.512324668530379501e-01 3.096088779061812457e-01 2.786606973855133562e-01 3.013128136894572817e-01 4.414050892510205659e-01 3.463632497015649014e-01 1.726559700445619294e-01 9.009525700971211803e-02
