1.323000000000000000e+03 6.517510942606256075e-01 7.528030837622803340e-01 7.484569231898174912e-01 6.234327794464054051e-01 7.138705422202590301e-01 6.385316667200082730e-01 6.357955648567880091e-01 5.003927128027073623e-01 2.972973432286400430e-01 1.098479696947306100e-01 6.852143778189282441e-01 4.479648723493493412e-01 2.402705569202142621e-01 3.269705734031523869e-01 2.233001877940362090e-01 1.282159504766035851e-01 7.644415708272130905e-01 4.417322800183309806e-01 4.234287179649629529e-01 2.369047223087876186e-01
1.928000000000000000e+03 3.135583762303845168e-01 5.400478240992602208e-01 5.831577798573556182e-01 7.674102181240858300e-01 8.001967203029924924e-01 7.556319654861094470e-01 7.772885815982902846e-01 5.246715658188773057e-01 5.187394044804670701e-01 1.680096951379038972e-01 3.567367173366484678e-01 5.182686254710254792e-01 4.966784303637191145e-01 3.453488969975015976e-01 9.237193469932188095e-02 2.694542509819060072e-01 3.597310846459556566e-01 6.133742517923973514e-01 5.098371115889607230e-01 2.720819520883294151e-01
2.634000000000000000e+03 5.283192929390523318e-01 7.552412816096295556e-01 7.192059274564390758e-01 6.986359695369566136e-01 6.220528206793709547e-01 6.263424669202579675e-01 6.649539842833983583e-01 4.986455420512422854e-01 2.534561443673034042e-01 2.243544803448678515e-01 3.388287803224995232e-01 5.669099835280255739e-01 4.982457110594604721e-01 3.085158983743033767e-01 2.947014082067128116e-01 3.061268520624593203e-01 2.766265153476734628e-01 4.844177224084960098e-01 5.399101782091541013e-01 1.892783324694587987e-01
3.576000000000000000e+03 4.933874900195613922e-01 7.872329984219624821e-01 6.529157284321425170e-01 7.134544688297806969e-01 7.376052077578618693e-01 6.755017071887785551e-01 5.557479153728803745e-01 4.586308209932059565e-01 2.896637963316411324e-01 2.285123636581320450e-01 6.843399649586823230e-01 3.793713154332526427e-01 1.355911686414485451e-01 4.466149917589761764e-01 2.420185890714050825e-01 2.837071832069912314e-01 5.269861677904160713e-01 2.853116534592053388e-01 3.176913181961618093e-01 4.314348342297904537e-01
4.058000000000000000e+03 6.710962816668055719e-01 7.861902390957323794e-01 6.148680604344111122e-01 6.723464584971490243e-01 7.219344414196605664e-01 6.071850488117040978e-01 6.363817929411133001e-01 4.465703412683172946e-01 3.870590711816946361e-01 1.193491633556622300e-01 2.586115694077341098e-01 9.697242956160564420e-01 3.001820711958477217e-01 2.469400114758514286e-01 4.016029630231374159e-01 2.082475679561411053e-01 1.213285675997363838e-01 4.778707615536783027e-01 5.794524050824599870e-01 2.641544770516954244e-01
5.096000000000000000e+03 3.305807175164282019e-01 7.067923487972088692e-01 6.686800374498548249e-01 7.063768315586174129e-01 7.524563883858153002e-01 7.040335644196231701e-01 6.419346113956613253e-01 4.827033927301911942e-01 3.579962245549402899e-01 2.689838352798341603e-01 5.490982708095492049e-01 4.784588317762104026e-01 3.754144687259881041e-01 2.731026556902927394e-01 3.369827900729596148e-01 1.854133423895181765e-01 4.837997888022657622e-01 4.934997174058521341e-01 3.599357767345168768e-01 2.891824600278463109e-01
7.103000000000000000e+03 5.926105711506264306e-01 7.947843188245551360e-01 7.145108124402681504e-01 6.978175903135206415e-01 6.589542438282687264e-01 5.642551900601096015e-01 5.542281554031861512e-01 3.758114620396639793e-01 5.043909910311753508e-01 1.391795679439314093e-01 1.661582191444130330e-01 3.441261576400344024e-01 2.932178097298896446e-01 2.726271465539683581e-01 5.147366333224615564e-01 4.515762671722922117e-01 2.148765684647084562e-01 2.041091942445971141e-01 4.144417830582993179e-01 5.891385265146174000e-01
7.339000000000000000e+03 4.239535672898793739e-01 6.452196743159408499e-01 4.958348197815641845e-01 5.960000057955037178e-01 5.567632798891798407e-01 6.532611111858843689e-01 7.014274441426372464e-01 8.224959941769379723e-01 7.891093388186520841e-01 1.122346971372992219e-01 2.561061481178726340e-01 5.217633448024248111e-01 3.212993684566162744e-01 1.036828562383474012e-01 2.817277266957900483e-01 3.197572326021707600e-01 3.346807887977474860e-01 6.105499320308550582e-01 4.043081551732402579e-01 5.464562961953803866e-01
7.932000000000000000e+03 3.691284052554058004e-01 6.792927263286825390e-01 6.716676401915665506e-01 7.364868739445777912e-01 7.456840108318780747e-01 5.151128862586423773e-01 7.355319656312272469e-01 5.214008402253963448e-01 4.065400313028535995e-01 2.419451529890485619e-01 8.643857582311037513e-01 5.266750827958339709e-01 3.737129944177676188e-01 4.444809983972597967e-01 1.878731861631215139e-01 1.708866235566797731e-01 6.373387273749953064e-01 3.187196102849124135e-01 2.602581431918536414e-01 1.485846109906357460e-01
7.948000000000000000e+03 4.615479589779871716e-01 6.625258122325864418e-01 4.992843022034749723e-01 6.740381410095656056e-01 8.176623620199106046e-01 8.523297670110525637e-01 6.224212765698132754e-01 4.982038968889509478e-01 5.111235915968952437e-01 1.601885117851123419e-01 2.176749654629962505e-01 1.234195137327809000e-01 3.406724299713151383e-01 3.970116588387899714e-01 6.230567153551738180e-01 6.020953722052360124e-01 2.865414662289069159e-01 2.445542097428051731e-01 3.870859367336808021e-01 2.738806291100875367e-01
8.078000000000000000e+03 4.602074547638331237e-01 8.861794188633834723e-01 1.000000000000000000e+00 6.974493707076934168e-01 5.995510696248251836e-01 5.071772910084806352e-01 5.490724487157621070e-01 3.437214359210044035e-01 4.749560373230830579e-01 0.000000000000000000e+00 4.801940558577816320e-01 6.316634740285780314e-01 4.182347999955043916e-01 4.060341463841927179e-01 1.062005971429869355e-01 2.590886138128470906e-01 4.962721494819323231e-01 4.686781421198473740e-01 2.213945211677931513e-01 3.264604984986419489e-01
8.187000000000000000e+03 4.385328288370939909e-01 7.212031493045886199e-01 6.208548238049172996e-01 7.560077250637278201e-01 8.587885578003221498e-01 6.709401511581548627e-01 5.444127175543450603e-01 4.126849727115101674e-01 5.399418673519716938e-01 1.050670479046798278e-01 3.256252521190411420e-01 3.799144197924937960e-01 4.399718309311436704e-01 2.284467638109658472e-01 2.249289109819181953e-01 3.401546950992023755e-01 2.878440841554032459e-01 2.862848267093108801e-01 3.835681499430372843e-01 6.730473006998903829e-01
8.557000000000000000e+03 5.963433598637467581e-01 7.995438772465864874e-01 6.325284782036127984e-01 5.775113166306141688e-01 4.875283444222526796e-01 4.813892915376167814e-01 4.907413449499394287e-01 8.083454271355522414e-01 4.317520286910693228e-01 2.943792123099029934e-01 5.047888739664767588e-01 2.710262699814965925e-01 3.374745275771663944e-01 3.436640603695144125e-01 2.849541731306998726e-01 3.169995562369533615e-01 2.221501251716962999e-01 4.441330311341210590e-01 6.105761822678000827e-01 3.801080813602602526e-01
1.030400000000000000e+04 4.097265369523903078e-01 6.593543100453557182e-01 6.176685388296730972e-01 6.825618472171273154e-01 7.596597965953736376e-01 7.194742427207266866e-01 6.786649555874866291e-01 5.195968468641313232e-01 4.130340539737425432e-01 2.285670914644763740e-01 4.336575523932185150e-01 3.734595087513618017e-01 5.616110946985669594e-01 3.795482371366621366e-01 1.291785604300525747e-01 2.089886616333774261e-01 4.100434389622559239e-01 4.511600722189136881e-01 4.641803828834428769e-01 3.543068849330576198e-01
1.163100000000000000e+04 4.319864341814661501e-01 7.764268847127800965e-01 6.455118544078877196e-01 6.192312543509443934e-01 6.411341791305072979e-01 6.614205881109765928e-01 6.518296575537512183e-01 4.731744939769835789e-01 3.906521265084081929e-01 3.125549083173304044e-01 2.513294634390909610e-01 4.991254637502113289e-01 4.695624235037361704e-01 2.998762739496602103e-01 3.103051797211716090e-01 8.417137611156917665e-02 3.592479168711024684e-01 6.170470677789607894e-01 6.091609377687017268e-01 3.042726884285785749e-01
