3.750000000000000000e+02 4.078862730339383180e-01 5.867476489209958457e-01 6.228151037675331292e-01 6.279893989962413992e-01 4.556675900517017652e-01 6.226198118238910340e-01 4.423396536170970950e-01 6.155801113624733700e-01 5.068185105880801400e-01 5.233534063013016713e-01
3.860000000000000000e+02 4.347052066162434003e-01 6.172463825866434384e-01 8.362232525958219753e-01 8.348085085660752469e-01 6.156734442297594478e-01 6.087574639381192476e-01 5.923189845965248779e-01 5.290177456598115224e-01 0.000000000000000000e+00 3.841608483667108831e-01
3.870000000000000000e+02 4.860364571476619155e-01 8.001500673030754740e-01 8.181412186988508140e-01 6.807247781735185077e-01 5.816593939711340866e-01 6.853149443623899328e-01 5.803691573333515930e-01 0.000000000000000000e+00 3.433601697582185919e-01 3.798437084407925157e-01
3.880000000000000000e+02 6.520613143054460048e-01 7.861474054020388680e-01 6.807971144471062219e-01 6.538961107310471421e-01 6.681634190190595124e-01 6.769787686118674541e-01 9.373863612106003978e-04 3.748284748341407235e-01 3.410259299671236644e-01 4.209752839836798377e-01
3.890000000000000000e+02 6.556671655747583483e-01 6.818784709692655710e-01 6.766322608447785658e-01 7.509578670907769427e-01 6.848320958142752879e-01 1.634272853543969894e-01 4.389689889503445852e-01 3.953614978509054634e-01 4.080497412553881209e-01 4.462199953023563426e-01
3.900000000000000000e+02 5.569204005587317097e-01 6.724823940142855561e-01 7.582732090855645035e-01 7.583140634439998751e-01 1.161570461964643031e-01 5.620475765772685595e-01 4.535356052175549824e-01 4.607309909514927804e-01 4.293707621688230835e-01 5.051620734984204608e-01
3.910000000000000000e+02 5.338380080781925940e-01 7.288116922991202395e-01 7.465758722661687274e-01 2.464945255098661137e-01 5.278779736994054783e-01 5.541492124491683713e-01 5.024020985965459429e-01 4.628405125934573761e-01 4.755045891567786787e-01 5.443153978520491876e-01
5.360000000000000000e+02 3.145505683048611112e-01 4.064750091900388163e-01 4.644525661408776540e-01 5.964023289399237315e-01 5.438023894753430953e-01 5.714907269646055665e-01 6.504617604312814549e-01 7.288063971912780437e-01 5.471155385839423513e-01 6.938383409621422526e-01
5.400000000000000000e+02 3.182081712188556955e-01 4.283047744207754137e-01 5.608718901851325045e-01 6.811733798302572751e-01 4.659631185725801594e-01 6.570640509909247973e-01 7.004101224645506996e-01 5.552435435833624755e-01 4.642676988743992816e-01 6.706680947033791806e-01
5.410000000000000000e+02 2.938019454410422115e-01 5.297810163662612926e-01 6.502745980084716493e-01 5.198703479776127789e-01 5.978573100887217828e-01 7.518941211148544301e-01 5.730854161831476778e-01 4.704048516621193166e-01 6.313875550999213937e-01 4.858947589256832345e-01
5.430000000000000000e+02 4.396490827950812474e-01 4.611205440803864963e-01 5.867771106916691570e-01 7.003052352484376852e-01 5.464539583155967328e-01 5.235754309776987636e-01 6.527228684984737184e-01 4.055410532951406744e-01 5.956481103454731585e-01 5.404160752882325447e-01
5.440000000000000000e+02 3.209218323970876030e-01 5.502324721666486118e-01 6.646946647817315590e-01 5.861921635556736065e-01 4.486475456729066558e-01 7.043398895759669376e-01 4.047631542034075269e-01 6.093406777779551975e-01 4.836493696544021947e-01 6.552461302477543548e-01
5.450000000000000000e+02 3.906076686135888099e-01 6.080818275381801863e-01 5.485325739760513741e-01 4.876068285845710504e-01 6.292635512756412641e-01 4.598478894837536024e-01 6.126487829958516818e-01 4.733203312729495904e-01 5.975119896678581233e-01 6.239238828328379505e-01
5.460000000000000000e+02 4.531361571745951555e-01 5.167203864306362249e-01 4.725993464693371560e-01 6.583210350484043349e-01 3.798862743474942238e-01 6.678908742151906663e-01 4.800026806275062286e-01 6.119928122860746056e-01 5.769692975104163679e-01 5.921980077965532940e-01
9.720000000000000000e+02 7.151599387932628948e-01 3.684271188627608606e-01 3.241368139416295202e-01 2.956375890103897786e-01 4.303217133609874567e-01 3.736461995150617832e-01 1.322368505629397117e-01 7.507416314245328737e-01 8.453466739926027707e-01 1.000000000000000000e+00
9.730000000000000000e+02 2.422135852234639508e-01 3.216470191672463619e-01 3.036981998197185173e-01 4.920097713310329635e-01 2.922924160731695808e-01 2.290158912570341154e-01 7.914984486624515592e-01 8.861941007617033517e-01 1.000000000000000000e+00 9.353734829205545553e-01
9.740000000000000000e+02 1.561202651156391452e-01 2.542833092177096965e-01 4.259772997847016685e-01 3.115820818896178346e-01 6.403447704558776210e-02 7.736222749829394507e-01 8.692641354781377450e-01 9.886721241219474932e-01 8.683001371652768752e-01 8.511440000127515892e-01
9.750000000000000000e+02 1.070230969464461834e-01 3.754101572131118836e-01 2.768939957158723097e-01 1.302292780665142702e-01 6.750071610199528394e-01 8.622727190224129812e-01 1.000000000000000000e+00 8.627638751121421423e-01 7.901231181426142669e-01 6.269621706750330148e-01
9.760000000000000000e+02 2.267974256664584132e-01 2.555422407818329633e-01 1.268559768109093211e-01 6.731144264762779494e-01 7.898141879959710288e-01 1.000000000000000000e+00 8.798192861745122162e-01 7.946814741833999607e-01 5.565667040069998128e-01 4.465482268267533250e-01
9.770000000000000000e+02 1.198376206909018971e-01 1.227442251302781756e-01 6.188243153065550173e-01 7.728494007811899102e-01 9.405817978051363992e-01 8.895062850489418027e-01 8.057218988182026642e-01 5.425848724549533486e-01 3.569525560918788143e-01 5.839933902729708137e-01
9.780000000000000000e+02 0.000000000000000000e+00 5.589048957423977670e-01 7.080356444172046793e-01 9.018059346371873897e-01 8.188565495016828510e-01 8.197105983445600597e-01 5.272860502397449523e-01 3.253385775235288491e-01 5.083648956143339559e-01 4.659380134558195885e-01
9.790000000000000000e+02 3.870173362662035488e-01 6.338850688761545893e-01 8.199253773310340998e-01 7.914148384976346096e-01 7.366706039658532656e-01 5.565251857894197851e-01 2.824641181725175976e-01 4.836788531664117929e-01 3.722657402766215706e-01 3.646661327904304750e-01
9.800000000000000000e+02 4.997595092361274971e-01 7.842935300886668681e-01 7.772835274133277350e-01 7.836450594699020389e-01 5.227464361615032917e-01 3.964828560557318582e-01 5.285463667057214154e-01 4.017522200320564618e-01 3.200935410546943416e-01 3.360395828191581336e-01
9.810000000000000000e+02 6.504914620573397643e-01 7.638811515563360688e-01 7.899372699740516701e-01 6.203498423687298091e-01 3.730773276984852838e-01 6.474301594961526796e-01 4.631099882634834852e-01 3.676551983082298469e-01 3.089711990286940213e-01 3.022271924266797805e-01
1.028000000000000000e+03 8.808985380029437096e-01 9.634525260165345273e-01 9.796496943278224512e-01 9.168880010121811530e-01 6.541009896235777665e-01 0.000000000000000000e+00 8.186997091839905150e-02 3.415742758029572945e-01 2.545438818564616512e-01 5.350622601605112966e-02
1.029000000000000000e+03 8.496741625383985586e-01 9.866805752321129441e-01 9.585873747902710074e-01 7.864141816497637327e-01 0.000000000000000000e+00 2.883838166049684237e-01 4.565878896138517717e-01 3.507667583181575677e-01 4.440140741219512216e-02 3.504613864516871735e-01
1.030000000000000000e+03 8.381975851738541206e-01 9.319334860614223448e-01 7.998747281564966283e-01 1.762809521452544104e-01 2.644564965034607029e-01 5.893744846909620971e-01 4.162725931257698075e-01 7.708686110044594975e-02 3.328139520696867804e-01 6.557970183476951043e-01
1.031000000000000000e+03 7.939299173659079001e-01 7.960395576876081458e-01 2.523803274850063283e-01 4.117193053900720656e-01 6.008135161471084285e-01 5.590944672154385398e-01 1.223892567821001365e-01 3.968712976099517120e-01 6.789101426576463760e-01 5.901387402417180850e-01
1.032000000000000000e+03 6.508423478352760583e-01 2.853986015823028466e-01 4.399802141950387435e-01 6.738516484566874354e-01 5.343779037189486658e-01 2.562175317620283832e-01 4.417232249540435363e-01 7.420982477353307294e-01 5.780517498438996205e-01 7.612682353970441351e-01
1.033000000000000000e+03 1.973520748547349657e-01 4.578039942298444132e-01 6.838115538650773040e-01 6.232026456501084111e-01 2.117028266118043678e-01 5.593115248716578058e-01 8.296430323890634506e-01 6.398604772123329676e-01 7.748694392825427046e-01 5.381576434558885680e-01
1.034000000000000000e+03 3.032686266179214774e-01 6.200327845009067085e-01 5.763883793347432949e-01 2.768472411706570657e-01 4.640359504725101170e-01 8.463227309949897803e-01 6.390297457197428033e-01 7.820182690438927109e-01 4.615335496973330676e-01 5.254672619909217524e-01
1.035000000000000000e+03 4.828836897954739693e-01 5.626559306969645124e-01 3.053225414474530219e-01 5.418473632836516840e-01 8.317381176270054466e-01 7.202815684284633591e-01 8.498602289484276096e-01 4.921107525797581705e-01 4.929113959897059027e-01 2.840332587528877628e-01
1.036000000000000000e+03 4.483234923406804184e-01 3.402208712810178559e-01 5.666843078009399237e-01 8.832098591012758071e-01 7.214421671064746855e-01 9.406059890907241261e-01 5.576299891575949852e-01 5.505181912128668253e-01 2.469725595850739419e-01 3.159934657967217175e-01
1.319000000000000000e+03 1.000000000000000000e+00 8.426074963699420328e-01 4.580980476710559413e-01 4.910136878370490732e-01 5.319379683614009480e-01 4.579296990396439782e-01 5.774312334438111982e-01 2.167225887752367852e-01 2.920055642851769329e-01 3.191282765090606710e-01
1.405000000000000000e+03 8.013741063329221648e-01 1.000000000000000000e+00 1.000000000000000000e+00 5.962739073481091445e-01 2.931009682474930433e-01 2.947471167314301144e-01 3.585468493720885830e-01 1.559370350424119922e-01 3.174404485497685502e-01 2.845754104792763139e-01
1.406000000000000000e+03 8.739114959510169145e-01 9.952293821079181146e-01 6.567412805307231149e-01 4.620616070052493973e-01 3.086332911173090277e-01 5.327489926623750760e-01 2.384816271796033615e-01 4.068586228448957676e-01 2.904753659497341656e-01 3.468754703427773256e-01
1.407000000000000000e+03 8.794711373190282622e-01 7.001649698885484829e-01 5.470168401855266538e-01 4.888765185018085213e-01 5.842133809445033688e-01 4.355125267752815721e-01 5.304991510558885182e-01 3.915172374762614371e-01 3.726864142221522069e-01 3.291647792503283321e-01
1.408000000000000000e+03 6.076553460166683740e-01 5.951398303745962792e-01 5.632850850377705276e-01 7.186009402222182096e-01 4.676129666875794566e-01 6.970696137741392295e-01 5.033451577197721738e-01 4.714937416290013172e-01 3.444044459107002409e-01 4.052069996551790898e-01
1.646000000000000000e+03 6.389921721767153340e-01 4.843013934664095466e-01 5.550137471273447476e-01 5.669769393031174332e-01 4.619208674947588578e-01 5.227750585767143576e-01 5.472209484085459597e-01 2.542112403914836838e-01 3.676950492927363312e-01 8.973048934480696293e-01
1.668000000000000000e+03 5.798255056176967459e-01 7.989463633191001835e-01 7.785372536756142159e-01 5.444469212946188019e-01 2.754487215293476288e-01 4.181082094919366665e-01 4.090319280894970655e-01 4.611384093139171414e-01 4.562024763354471379e-01 5.152772852861251529e-01
1.670000000000000000e+03 6.422030819971202842e-01 5.920084397647397134e-01 4.590354807344020904e-01 5.236980567518774166e-01 5.404252455612370554e-01 6.605921715884827128e-01 6.023678269719389133e-01 5.847011701793702887e-01 3.299125534953364913e-01 4.544911373152309420e-01
1.671000000000000000e+03 4.814997347927236770e-01 4.846230978956216351e-01 5.587521741599200675e-01 6.407090772925663202e-01 6.672295074697089934e-01 7.212491722194277477e-01 6.704287284157468552e-01 3.835640823358908991e-01 4.455626707928107000e-01 4.325623668055694204e-01
1.916000000000000000e+03 4.884472314506294044e-01 4.432829888527018980e-01 4.204517690621479287e-01 7.667348116388255086e-01 7.166694937267634735e-01 5.985130446919331160e-01 5.944906546425355875e-01 5.059429217870586859e-01 4.467048093891811122e-01 5.089800087101099546e-01
1.917000000000000000e+03 3.232520060076307655e-01 4.227755215129958000e-01 7.480179362808829779e-01 7.587509770838736234e-01 5.597822594352146464e-01 6.774966646058898645e-01 5.443672082269535029e-01 4.745441193438220129e-01 4.732067471191669372e-01 5.156378683591307244e-01
1.920000000000000000e+03 5.479401198438801357e-01 5.844285329158391828e-01 6.696112660901794023e-01 6.364793455577326675e-01 5.402992306039013926e-01 6.099106928043691589e-01 5.303417748956857913e-01 4.426311928365003756e-01 4.333917770280810711e-01 3.977084831976893109e-01
1.921000000000000000e+03 4.434301412050999924e-01 6.372086031294504904e-01 6.218598933499334125e-01 5.973844442133878774e-01 5.618642869934832307e-01 6.085886586600320891e-01 4.644565024710066714e-01 4.508153403096818446e-01 3.409934664211523581e-01 6.558650090304561919e-01
1.923000000000000000e+03 4.215999000113295758e-01 5.286221036671544526e-01 5.643862448523834230e-01 5.718051655057455607e-01 4.442404590457506575e-01 5.103708143248818496e-01 3.142609795295480124e-01 6.164925716253631949e-01 7.164175735043545323e-01 6.802458810147847812e-01
2.184000000000000000e+03 3.759846865841013352e-01 4.861068337949574492e-01 4.000297914112183606e-01 3.308659140444014657e-01 5.801524088784493216e-01 8.126066922805821324e-01 6.885207799097652348e-01 6.175065715241006004e-01 5.558523952694428560e-01 6.584092421489294855e-01
2.185000000000000000e+03 3.284761811015395883e-01 3.677035017103911230e-01 3.115591887002857607e-01 5.946858925079687719e-01 7.397190333428573794e-01 7.155315354186591037e-01 6.142065744044742370e-01 5.447422902857069760e-01 5.947913648449985047e-01 7.395437371830284601e-01
2.186000000000000000e+03 2.234168428740568590e-01 2.902649226017010586e-01 5.517039738411462224e-01 7.338997119127339541e-01 6.356679982774492421e-01 6.483392208632666742e-01 5.359035635329896241e-01 5.884184333878886841e-01 6.862614725863313003e-01 6.716710795090656827e-01
2.309000000000000000e+03 3.917959756210350752e-01 6.652901611608208476e-01 7.433441316376928620e-01 7.342107708906354668e-01 6.871252521500295085e-01 6.768524184971390634e-01 5.816659930413176083e-01 3.813085670489871348e-01 3.146385945464048040e-01 2.979016609435338192e-01
2.310000000000000000e+03 5.488714744545722946e-01 7.395110361140702082e-01 7.516669097987219716e-01 7.697665775987826420e-01 6.874760308767340344e-01 7.043452405175268938e-01 4.488489939177874866e-01 3.692313209586149947e-01 2.734588006566817664e-01 1.175059195545728186e-01
2.333000000000000000e+03 5.372805792660124702e-01 8.004102558938586132e-01 8.007114053790563846e-01 8.679659684293823396e-01 5.336538488227451360e-01 6.446606786427340197e-01 3.660228328032909539e-01 3.280881915561298934e-01 2.161601197744907887e-01 2.462428099571527251e-01
2.410000000000000000e+03 3.249337148581463164e-01 4.713302354613769785e-01 5.229159522806849925e-01 4.827805679343659673e-01 4.898718082910076821e-01 6.485135356079891888e-01 7.071191483917269593e-01 5.912418432875999885e-01 6.156094342212640180e-01 6.419206637802855608e-01
2.411000000000000000e+03 3.191758980449097560e-01 4.812932459743011204e-01 4.540178379697141775e-01 5.222167261011668726e-01 5.672978644762924905e-01 7.385685295093123992e-01 5.916209867338024786e-01 6.151392324580636783e-01 5.817706004467199099e-01 6.363350383685421052e-01
2.412000000000000000e+03 3.338934816212296708e-01 4.265098293790608452e-01 4.969806703136229742e-01 5.970941460528259581e-01 6.747395322814069285e-01 6.402364115892557050e-01 6.271233507558238163e-01 5.868973947512062805e-01 5.833176865904623476e-01 5.670958419456135768e-01
2.413000000000000000e+03 2.818500514935409762e-01 4.614254022913372721e-01 5.610969861992145535e-01 6.857899696857886473e-01 5.628638634012491648e-01 6.687606661890671544e-01 5.913906341225070307e-01 5.843184760775367304e-01 5.025210510277899889e-01 6.162396796948118594e-01
2.416000000000000000e+03 4.515305698090399389e-01 5.379994962172469641e-01 6.074584271998486606e-01 6.171612224402525104e-01 5.923947433873909540e-01 5.782687479393371355e-01 5.943279682609695636e-01 5.194402217537237298e-01 4.601021131537605391e-01 4.888119915681202188e-01
2.417000000000000000e+03 4.030898714782533698e-01 5.833911931383828353e-01 6.059985604809402515e-01 6.442119531421611756e-01 5.294575960961460659e-01 6.697685826415505916e-01 5.510472175193845690e-01 4.816396049228675591e-01 4.439479487182798612e-01 5.270541939526011133e-01
2.418000000000000000e+03 4.445496538490099070e-01 5.829167374068147112e-01 6.314373559169976780e-01 5.908499930124762045e-01 6.304212270488794845e-01 6.307731233275727378e-01 5.106249073400278560e-01 4.652019434062114045e-01 4.874189783277158017e-01 4.614634762258403855e-01
2.419000000000000000e+03 4.515239837872901396e-01 6.137982028835861081e-01 5.923504004998453309e-01 6.883448240326301981e-01 5.997474492320478134e-01 6.041957619056012030e-01 5.042566853444471198e-01 5.229628979183488235e-01 4.243667112762187221e-01 4.313306969581131578e-01
2.420000000000000000e+03 4.781058237788813337e-01 5.777650581802312724e-01 6.793028824711644376e-01 6.602697889109285789e-01 5.689506590161766963e-01 5.966408917010989077e-01 5.660418519924104164e-01 4.530080748154314829e-01 3.893821098641055967e-01 4.517544606709664734e-01
2.421000000000000000e+03 4.499306239099684079e-01 6.597686204952565303e-01 6.590742155193360929e-01 6.394044344950610137e-01 5.673647035027182817e-01 6.599820764956652042e-01 4.956325462699427975e-01 4.210723874300021929e-01 4.175973675199214363e-01 4.387398610761090723e-01
2.688000000000000000e+03 4.428302499154523897e-01 6.031671129138418408e-01 6.610464242920506273e-01 6.803275791543273998e-01 6.083983735074246502e-01 7.157783073551651221e-01 6.126942142316884610e-01 4.500216352924021890e-01 4.191935598730875956e-01 2.808434170053482060e-01
2.689000000000000000e+03 4.847138383661631078e-01 6.568971584932834507e-01 6.922928846045206530e-01 6.900888412778390935e-01 7.165563681736581980e-01 7.208183957748146575e-01 5.113080122562322360e-01 4.706115291188289751e-01 2.434494811408418335e-01 2.680919924567282675e-01
2.706000000000000000e+03 4.728229312282205554e-01 6.910906281206752322e-01 7.101009262606357009e-01 6.765892388028537097e-01 5.855405456827705857e-01 6.807468748838889638e-01 5.715967592133458508e-01 4.633753299952994564e-01 3.940984449152660773e-01 1.957301098121221605e-01
2.858000000000000000e+03 4.708813164199600609e-01 6.410265236347452156e-01 6.856568698092757597e-01 6.130828663572129855e-01 5.460188102410091782e-01 4.892615719822796527e-01 4.800323581845359899e-01 4.622721390834750865e-01 3.924241232143755309e-01 5.862480448888882645e-01
2.860000000000000000e+03 5.040736161227404866e-01 5.764347621659766663e-01 5.915333087146428248e-01 5.030252282211774562e-01 5.104121706273593295e-01 5.683139609976471940e-01 4.254093194747687323e-01 5.783504111918590374e-01 5.376538505462382656e-01 5.766384258314650735e-01
2.863000000000000000e+03 3.159705636195739298e-01 4.974926370835432432e-01 5.172848573617893075e-01 4.675373740614883755e-01 5.799657966060610681e-01 6.116751632907756475e-01 5.362044866333248727e-01 6.615083732800685068e-01 6.736971749083144889e-01 6.241918957935435053e-01
2.872000000000000000e+03 5.471363384621180659e-01 7.199803995314265626e-01 7.253104265512378968e-01 7.462104881616548058e-01 6.474995524057667318e-01 5.017215686962516186e-01 4.220257377896067807e-01 3.916189488934342378e-01 2.808736994000954890e-01 3.754395617106665584e-01
2.873000000000000000e+03 5.958965432515074268e-01 7.211231327151487180e-01 7.599331328797531704e-01 7.326010087193390863e-01 4.929589608094057107e-01 5.532901628721280662e-01 4.569135984289389163e-01 3.296238963825655621e-01 3.569439760788513660e-01 3.249512464023894265e-01
3.078000000000000000e+03 3.650297718775059597e-01 5.185148126401263324e-01 7.968682361809725778e-01 8.781121627662107354e-01 7.561985493926494106e-01 7.153736377103410149e-01 6.059831865132970785e-01 4.656824182850332061e-01 1.737792739712806789e-01 2.671717443331925734e-01
3.079000000000000000e+03 3.957815992168902119e-01 7.632827191183624294e-01 8.553158027985749978e-01 7.999118229650632461e-01 6.953241541436750994e-01 6.955489310218253562e-01 5.080370546596582049e-01 1.859971126337653380e-01 2.111511363031796373e-01 3.146078552575581888e-01
3.080000000000000000e+03 6.141249478066216350e-01 8.138183871031862138e-01 7.827821725198291780e-01 7.454764343428904594e-01 6.715991490353907523e-01 6.028911312753486573e-01 1.981186060122193393e-01 2.246295864270471399e-01 2.621437493321118195e-01 3.652744716103124012e-01
3.081000000000000000e+03 6.784241094512160064e-01 7.703570057095784351e-01 7.570927147672185109e-01 7.510494268596473733e-01 6.006303411451714425e-01 3.431986214068538099e-01 2.702530946390139244e-01 3.068334731162329354e-01 3.433495393682439722e-01 4.233208312524490147e-01
3.082000000000000000e+03 6.439862941761235193e-01 7.525925148864821557e-01 7.678849412885748738e-01 6.959804124510686751e-01 3.244164327678495385e-01 4.167240304928573336e-01 3.679914457775534387e-01 4.014480171798956998e-01 4.139527805579099606e-01 4.509668823349295974e-01
3.150000000000000000e+03 4.193900464796878613e-01 5.593140177660483880e-01 5.692925080170261332e-01 5.609047898886478922e-01 5.850550641039437005e-01 6.796215430200331920e-01 5.296356885770624467e-01 5.408439492382549618e-01 4.829761609281650325e-01 5.225658817592815364e-01
3.161000000000000000e+03 4.330818596833236889e-01 5.242840493041632799e-01 7.559926070330705850e-01 8.020189769201010455e-01 6.973462405425358002e-01 7.709019908669595411e-01 6.497669103047818417e-01 4.979467488313349399e-01 1.832825173855984202e-01 2.148525674234595673e-01
3.162000000000000000e+03 4.135997406513124419e-01 7.410903350075512819e-01 8.022871727606240011e-01 7.666083541283438274e-01 7.762500126399571876e-01 7.547507858844381134e-01 5.636246206103031620e-01 2.143962758932764223e-01 1.696885564859263729e-01 2.596036666260800874e-01
3.163000000000000000e+03 6.071602381755362154e-01 7.810806211778580366e-01 7.688052921419380459e-01 8.333323528378885348e-01 7.568754460021679398e-01 6.733135029781105452e-01 2.496560002987507354e-01 1.981021094987820697e-01 2.180131420460870439e-01 2.480850897832504454e-01
3.394000000000000000e+03 5.562209803507074390e-01 6.180702667937202355e-01 6.365023927413954175e-01 6.197340721601836133e-01 5.906215572597163233e-01 5.630989861847284228e-01 3.795310440306432498e-01 2.776569705429253743e-01 5.115906639994055594e-01 5.786217961922095476e-01
3.395000000000000000e+03 4.853363362623485666e-01 6.208311465330272894e-01 6.213693668731790076e-01 6.570784004416552193e-01 5.295497055900473260e-01 4.860711791688763772e-01 3.014034925675324605e-01 5.524236928551793380e-01 5.575864373177338296e-01 5.399591701223596107e-01
3.396000000000000000e+03 4.798936432534218199e-01 5.985443745579671626e-01 6.452967507253274393e-01 5.933535965273918356e-01 4.328967729248779928e-01 4.021402607356971415e-01 5.912970770469673232e-01 5.908542579828842678e-01 5.040905238595677629e-01 5.405151909832522916e-01
3.397000000000000000e+03 4.626872661032775946e-01 6.229386597865235187e-01 5.910391126046687926e-01 5.136728744960716853e-01 3.458027866224694380e-01 6.747235086958809358e-01 6.380154729561371418e-01 5.369091408912385344e-01 5.084167812821770438e-01 5.041056510927093282e-01
3.398000000000000000e+03 4.879764185932249920e-01 5.784553632221615116e-01 5.230692856543627256e-01 4.430765930814165587e-01 6.485507947946336227e-01 7.229944274842527996e-01 5.840353189033578030e-01 5.464943280019661787e-01 4.724717938038270337e-01 4.471456107372182021e-01
3.402000000000000000e+03 5.578985077624818434e-01 7.375952592589756218e-01 7.271303752124658182e-01 7.480249560143981125e-01 6.552376647649009733e-01 6.108382160888111700e-01 3.519552253284286558e-01 2.808622560280177871e-01 2.884495285789510644e-01 3.838806956552014427e-01
3.706000000000000000e+03 4.947815150247358296e-01 5.685921970982084073e-01 6.287331294251086167e-01 4.425165118633578865e-01 6.473211371388879476e-01 6.336922073239746878e-01 6.060121044834089199e-01 5.340164249003741537e-01 4.720666760221141067e-01 4.172796486605368504e-01
3.707000000000000000e+03 4.454678565187877304e-01 6.189783102223170852e-01 4.663857020024772537e-01 7.123766836420439841e-01 6.138244196556185139e-01 7.025572607459366070e-01 5.907872782784440169e-01 5.161210983707520406e-01 3.842788584433544652e-01 4.180995347024463737e-01
3.708000000000000000e+03 4.921697151883702714e-01 4.761407530422749890e-01 7.129000369896646427e-01 6.854593927191436897e-01 6.913267770049403849e-01 6.906186267318666916e-01 5.734248136464870083e-01 4.230796706291333198e-01 3.871456163252227078e-01 3.435372297896625016e-01
3.890000000000000000e+03 5.204742964957451701e-01 6.617204689115907534e-01 9.471486703141401842e-01 9.018580224423664582e-01 8.487241458564451779e-01 2.264658161052263141e-01 0.000000000000000000e+00 4.267765494727480680e-01 4.747578752107546318e-01 3.126328265623185554e-01
4.048000000000000000e+03 6.044214944118913024e-01 9.706075063859701535e-01 8.653916064633268013e-01 4.443654785883150438e-01 2.021665844029239822e-01 3.945324606557316094e-01 2.309269496717345216e-01 1.523379018524956274e-01 5.754232067097456715e-01 6.632877244004907746e-01
4.172000000000000000e+03 5.693399608516340749e-01 6.933940124888219314e-01 7.895476317248099063e-01 7.150186142961034719e-01 5.338309301810428842e-01 4.175859277201353636e-01 3.712252827553993995e-01 4.377830999599670037e-01 4.036278326875928912e-01 3.859631894159909482e-01
4.665000000000000000e+03 3.900291205126093508e-01 7.390976902271387816e-01 4.574582042356948319e-01 5.239007400084897403e-01 4.594889377047690626e-01 5.310536403414769513e-01 3.797462447796410845e-01 4.247937611171898609e-01 7.446977859391141763e-01 6.919854382045451668e-01
4.666000000000000000e+03 5.665242515903956555e-01 4.312335595587680204e-01 5.003818498098836498e-01 5.060690846111559615e-01 4.509950731588441841e-01 4.463494359837765213e-01 4.201905610042293016e-01 7.654758447089464735e-01 6.471115545303888217e-01 6.352428155044669289e-01
4.667000000000000000e+03 3.070634239086476591e-01 4.878766173977127640e-01 5.050228146079455138e-01 5.216860877832801835e-01 3.852057821557026696e-01 5.081406040832981974e-01 8.213729543454086901e-01 6.838875813940066273e-01 6.063037734713622173e-01 6.665804017261098835e-01
4.668000000000000000e+03 3.437953591237434825e-01 4.763052094978117434e-01 5.015158653348119611e-01 4.453798563138364197e-01 4.300339161254432829e-01 8.587914717533887687e-01 7.091085461153648906e-01 6.192589630105285181e-01 6.222569248440404932e-01 5.095767218966784640e-01
4.669000000000000000e+03 3.518048594212198621e-01 4.936898197634332353e-01 4.554243442946994680e-01 5.095354869874583192e-01 8.419229669232171087e-01 7.820684825941882634e-01 6.673588863778568969e-01 6.632118829243563995e-01 4.724338788710198966e-01 3.550604204956103183e-01
4.670000000000000000e+03 3.645485036407203339e-01 4.495112552351410162e-01 5.099893815999058111e-01 8.615146137467507570e-01 7.536449911852424188e-01 7.391849859770156517e-01 7.111736097564007597e-01 4.967456062023028474e-01 2.969507190219780046e-01 3.953476912155882150e-01
4.671000000000000000e+03 3.197618674137688854e-01 4.922931812159017650e-01 8.224189205164761374e-01 7.780430354385401426e-01 6.985701517443938524e-01 7.721353138748450196e-01 5.197946552814294296e-01 2.991988071900188451e-01 3.348575031154499837e-01 4.661097854050695322e-01
4.981000000000000000e+03 5.142222192677137205e-01 6.020503075906714630e-01 6.961862822371711612e-01 7.074385797116735652e-01 6.089730317016646133e-01 6.147411074683256649e-01 5.395706125559578403e-01 3.925310855986006153e-01 3.036536644122168616e-01 4.287504796691308240e-01
4.984000000000000000e+03 5.897252823412488798e-01 7.065170951082234696e-01 7.146802198920193527e-01 7.411813725971646560e-01 5.748079783877307891e-01 5.377014227107664857e-01 5.396713177377434612e-01 2.992939183706581074e-01 2.542221198235121715e-01 3.904066051841807994e-01
4.990000000000000000e+03 7.248262827296175770e-01 7.326933076707539128e-01 7.395558428766280112e-01 8.490033911642729247e-01 3.646666620762328281e-01 4.861670606162467045e-01 3.875057673664225044e-01 2.970021237682033410e-01 3.407826509349677901e-01 3.222430991270838763e-01
4.991000000000000000e+03 6.250221784992534557e-01 7.535273059025540121e-01 8.753955303915026409e-01 5.122187332830414608e-01 5.041056149936734565e-01 5.470762640867027349e-01 3.804887922860241689e-01 4.198934585363729433e-01 3.210758877510375697e-01 3.475676724898936198e-01
4.992000000000000000e+03 6.228193162601598498e-01 8.511762288900369677e-01 5.436992376372374869e-01 6.041639639095603975e-01 5.373770905090976546e-01 5.101224657873951740e-01 4.830177072858624077e-01 3.686547110852562148e-01 3.217305185429100156e-01 4.519362896941565011e-01
4.993000000000000000e+03 7.119816312045226248e-01 5.575090217381460933e-01 6.289309897024537577e-01 6.349692112282979695e-01 4.993853732806690093e-01 6.073124540935996851e-01 4.289034443523886964e-01 3.714698044298498925e-01 4.397422623141085118e-01 4.335618632052679611e-01
5.089000000000000000e+03 5.163553230114172887e-01 5.499015542641477738e-01 5.783429916079307898e-01 6.499981729523733875e-01 5.541369875360553365e-01 4.900232596793725470e-01 3.561390637053702957e-01 4.050887915960710850e-01 5.376473540904717074e-01 7.032646064450004397e-01
5.120000000000000000e+03 5.405359436413510466e-01 6.129730032342119994e-01 5.485686662526599866e-01 7.259997593667661953e-01 6.351706563357618629e-01 6.475877223028662089e-01 6.051628430583469997e-01 4.997095059147834140e-01 3.124028365603320756e-01 3.176381038066217743e-01
5.121000000000000000e+03 4.894149908412427918e-01 5.522107577123539501e-01 7.285609956421157385e-01 7.075632727308379666e-01 6.355673431987497457e-01 7.078110396458879849e-01 5.595296727955791916e-01 3.489392191136816979e-01 2.789455892811415483e-01 4.284755178393822583e-01
5.499000000000000000e+03 5.825146077494950392e-01 7.421698084301148191e-01 6.237149487740041298e-01 6.967077977823251667e-01 6.407343803163583207e-01 5.075053524496569990e-01 4.209336070891428472e-01 3.706774167113683349e-01 3.389684201042262313e-01 4.152009541996069530e-01
5.500000000000000000e+03 6.078316976569256846e-01 6.217976935618694245e-01 7.050445236336085886e-01 7.157326846434058920e-01 4.865770720711631303e-01 5.406349962566980860e-01 4.212839839681413734e-01 3.812191582958758818e-01 3.906268024088462298e-01 4.524487798883350398e-01
5.501000000000000000e+03 5.073388152919451333e-01 7.026476893216353492e-01 7.318023190094236075e-01 5.928700586428503616e-01 5.348213714115706008e-01 5.520376588459313671e-01 4.448486282013366933e-01 4.481020639700410979e-01 4.420808319674306430e-01 4.014020585591197565e-01
5.503000000000000000e+03 5.955995970416402274e-01 6.208741503776677995e-01 6.510468948946265266e-01 6.374691782788053374e-01 5.619788676574943853e-01 6.337940963342565404e-01 5.709296461311100801e-01 4.341248008240398693e-01 3.249208708295895920e-01 3.572573537548121014e-01
5.504000000000000000e+03 5.066908144767371391e-01 6.547724483942429785e-01 6.610383275454624341e-01 6.583424187756889978e-01 6.368048489356803454e-01 6.910301113330123979e-01 5.034097889674957749e-01 3.771016415147606660e-01 3.364511830597488595e-01 3.848850405117530404e-01
5.506000000000000000e+03 5.329049716442392226e-01 6.669156405373554142e-01 7.233700508287933539e-01 7.602070314411674135e-01 6.114436077609926024e-01 5.523591539653550653e-01 4.351128743048210401e-01 4.054306855551396693e-01 3.313815349546595512e-01 3.578053666212964723e-01
5.509000000000000000e+03 6.272919083073146274e-01 7.074676815466057755e-01 6.603920119400609190e-01 6.488057341245611065e-01 5.880746294330178037e-01 5.673864417223679624e-01 4.443373575323358859e-01 4.344419075704011868e-01 3.307610482293221743e-01 3.327708176729766154e-01
6.018000000000000000e+03 8.426103203001882314e-01 6.533575671168804222e-01 6.357960286743915557e-01 6.459058529316299424e-01 6.212752466158072417e-01 5.381553099143340235e-01 5.170214789886026230e-01 3.542174854909618809e-01 1.530717820788485284e-01 3.307640000098358013e-01
6.019000000000000000e+03 5.518517475695100538e-01 6.589922248870512256e-01 6.887000528382474229e-01 7.317283527271809529e-01 5.578966414098125437e-01 6.644668924816752309e-01 4.405893752947268593e-01 2.135062325769691294e-01 3.280794372593265895e-01 5.080873463987556349e-01
6.020000000000000000e+03 5.269846086389154971e-01 6.727631518699287438e-01 7.290634180429113043e-01 6.355834261795453299e-01 6.480031705959525823e-01 5.498321634014128323e-01 2.385200385744567220e-01 3.605792358122065222e-01 4.857209328246360203e-01 4.820258009475447691e-01
6.021000000000000000e+03 5.253182417656654390e-01 6.930381901435558323e-01 6.243581205687555036e-01 6.941046831862781596e-01 5.005724850318308272e-01 3.422030843159982738e-01 3.783456888311622635e-01 5.113103475996931824e-01 4.381736204738365670e-01 6.025832167103916115e-01
6.022000000000000000e+03 5.631258706688649918e-01 6.217073465481995909e-01 7.019375997570651560e-01 5.937058166516436808e-01 3.052350830189268227e-01 5.002958442675745632e-01 5.752042224761613198e-01 4.879262379561028484e-01 5.981798400650548686e-01 3.907074814086236025e-01
6.023000000000000000e+03 4.946393410071963648e-01 6.857950081585033608e-01 6.053297516092110975e-01 4.186802374149018457e-01 4.706675850208950629e-01 6.762084817344665710e-01 5.424143621630422851e-01 6.549868899375383968e-01 3.567210792260290808e-01 4.834316318361407960e-01
6.524000000000000000e+03 6.185261886941133547e-01 7.955200485796216636e-01 6.229082303075601512e-01 5.191794028090072066e-01 4.724015445479456954e-01 4.777592433141942263e-01 4.303245909676872150e-01 3.431421226690577475e-01 4.469855525719769185e-01 5.374678522621332277e-01
6.802000000000000000e+03 5.482734426015052343e-01 6.930433192438852918e-01 7.165279021255330782e-01 6.877112774290081720e-01 5.756487986223437492e-01 4.746364747542778373e-01 3.735228512349190177e-01 3.998406282787288490e-01 3.881995492324643027e-01 4.704724102077465497e-01
6.803000000000000000e+03 5.654686066526133370e-01 7.063531880258233642e-01 6.990652314664832501e-01 6.618506525694700660e-01 4.534757446981675932e-01 4.992342145236124407e-01 4.561421607541658596e-01 4.370917198630718259e-01 4.543859614964234628e-01 3.930341081029877781e-01
6.804000000000000000e+03 5.817170295598982355e-01 6.955934095941787021e-01 6.809843450661431374e-01 5.621013494499456087e-01 4.871560570819564173e-01 5.820832131480434546e-01 5.039406719980569216e-01 5.150218847719605364e-01 3.739503817980003864e-01 3.675546764763401586e-01
6.814000000000000000e+03 4.361627787647050503e-01 5.575606458258567377e-01 6.090474345759061547e-01 5.869524418822914535e-01 6.340567925931598348e-01 4.352139056859463118e-01 4.237304679260672224e-01 4.083009520508582568e-01 6.902929293739065164e-01 6.098029216762718141e-01
6.815000000000000000e+03 4.235529514769874604e-01 5.880566586406905660e-01 5.822784390561117629e-01 6.842532499993950745e-01 3.781091578190749480e-01 5.160550645326845709e-01 4.333698929020896595e-01 7.352571792792802485e-01 5.822608449219819349e-01 4.774318393376926206e-01
6.816000000000000000e+03 4.415880183580187524e-01 5.538585148959310756e-01 6.587501971932104849e-01 4.502243218492085752e-01 4.513831827394389484e-01 5.113260233713849967e-01 7.783048740838666157e-01 6.047326089080155009e-01 4.227964022700441693e-01 5.625714674383088809e-01
7.092000000000000000e+03 4.253639546110767333e-01 5.120540059342999495e-01 3.617387199255740482e-01 5.247679908504921942e-01 4.771916565251809184e-01 6.464610700363010443e-01 6.873794674143827166e-01 6.135558439008989007e-01 6.811850707887396883e-01 5.443990976474299970e-01
7.098000000000000000e+03 5.704006473067975147e-01 7.014321957574499722e-01 8.338843098135062526e-01 6.859365784875898209e-01 5.791188944707338360e-01 4.913353657506995820e-01 4.176850836072546480e-01 4.732159067414145048e-01 3.069235815844794102e-01 2.878240378356758944e-01
7.214000000000000000e+03 4.946671745349773830e-01 7.484717276388318519e-01 7.043873762717256515e-01 7.284864803375640241e-01 6.234532435134710893e-01 4.766563898558738854e-01 4.959874439847218319e-01 4.585586664638949261e-01 3.084356488020537634e-01 3.448766748412315786e-01
7.215000000000000000e+03 6.166765737145292192e-01 6.971497570172564551e-01 7.378471023375763327e-01 7.051795461312407864e-01 4.579693953971388232e-01 6.148436418419984673e-01 5.230772894400071982e-01 3.526605031359963394e-01 3.166285978188611572e-01 3.137772933907472250e-01
7.216000000000000000e+03 5.830593303026510021e-01 7.408308924149199504e-01 7.323077995479904123e-01 5.791958707412380170e-01 6.286726023003137431e-01 6.581787893296751069e-01 4.260627958073678889e-01 3.793564413446749994e-01 2.984568473916902054e-01 3.258273632916747764e-01
7.234000000000000000e+03 1.968028971865888321e-01 2.627787091541886055e-01 2.250102598144945176e-01 0.000000000000000000e+00 8.031895380470359669e-01 9.582872651836040756e-01 9.876651739545658781e-01 8.356521864816037759e-01 7.258760867352279655e-01 7.180086222693243814e-01
7.235000000000000000e+03 1.186609711750818974e-01 2.014175404082622911e-01 0.000000000000000000e+00 7.736306922919106155e-01 8.826483160535152361e-01 9.777918965821953412e-01 8.383832815179808051e-01 7.145934493918074670e-01 6.478722451409932859e-01 6.315530932261683716e-01
7.236000000000000000e+03 6.228621213000798407e-02 0.000000000000000000e+00 6.982807271213875566e-01 8.402195615790830630e-01 9.015955619689991485e-01 8.376344362819462264e-01 7.030951983878154232e-01 6.281427732119571061e-01 5.500539567774294092e-01 5.539517364222529272e-01
7.319000000000000000e+03 4.796299108482109941e-01 5.827754841138602648e-01 6.147698129175609427e-01 5.314640621803355947e-01 5.343254389746376898e-01 5.053617858277770214e-01 3.838169841325986265e-01 4.438820717457693799e-01 5.879465933532495026e-01 6.834219425771553835e-01
7.553000000000000000e+03 4.783560166563183835e-01 6.157916190479250096e-01 8.610963378278240210e-01 1.000000000000000000e+00 8.137302274919860912e-01 6.105799728194967191e-01 4.793001574083280425e-01 4.535238005032546371e-01 1.815662886180899049e-01 2.977721370074564323e-03
7.668000000000000000e+03 3.243298305536068127e-01 4.411183131591713824e-01 4.298358344643182782e-01 4.836454975885638441e-01 4.988546454132859465e-01 9.225403165113836845e-01 6.897326888539730971e-01 5.485135387761139736e-01 6.060459723338639249e-01 5.902712015080192609e-01
7.669000000000000000e+03 2.975808401899743272e-01 4.046860923761260165e-01 4.616817664601959859e-01 5.375813320053618449e-01 8.747460954432885183e-01 7.305976646778393757e-01 5.533892464217646801e-01 6.127509591986299853e-01 5.317776143081531792e-01 5.764172138279556323e-01
7.670000000000000000e+03 2.690546417678632007e-01 4.376089119214056078e-01 5.157237938685854672e-01 8.679624687051714638e-01 6.722528328310120038e-01 6.105259628134436234e-01 6.306354095980365448e-01 5.383411674999587504e-01 5.219349521960487959e-01 4.999123053217913726e-01
7.671000000000000000e+03 3.014032466185370684e-01 4.888112549277541241e-01 8.185248855163788084e-01 6.970207916991171260e-01 5.459348684855611644e-01 6.862060542150454356e-01 5.533114229131761430e-01 5.317824358641209948e-01 4.407575793520469576e-01 4.354323212799676157e-01
7.672000000000000000e+03 3.611474748619073472e-01 7.735786202930291511e-01 6.811134183813393195e-01 6.070949359511738086e-01 6.506739164086865479e-01 6.350015601670407905e-01 5.681027975155096277e-01 4.638340560318963690e-01 3.875474319524042088e-01 3.248448063910314154e-01
7.675000000000000000e+03 4.909977759772536920e-01 7.066331585448744068e-01 6.994567660474024784e-01 7.301954627691685795e-01 6.127320199828595326e-01 5.925549210866507543e-01 3.607190852189640085e-01 4.356493476897271289e-01 4.025941671214811612e-01 3.471610708148907265e-01
7.676000000000000000e+03 5.666158630198474544e-01 6.788509070501312914e-01 7.237545391246616999e-01 6.786748349668298985e-01 5.645528409112364754e-01 4.712665629075446505e-01 4.781520373860019824e-01 4.368707523765844591e-01 3.027060470401619630e-01 4.430450276251204911e-01
7.678000000000000000e+03 5.748303254863701417e-01 6.742061166138941797e-01 6.564617783378392524e-01 5.415219279433495236e-01 5.728290383470592273e-01 6.013874207806260141e-01 3.819258134770906477e-01 4.638077279151320287e-01 3.480121442065047255e-01 5.179117413026481653e-01
7.944000000000000000e+03 6.175819427632051051e-01 6.025605900297662521e-01 5.904691004575425284e-01 5.789651847472645496e-01 4.673705172707403044e-01 4.611404470204191752e-01 3.563649244899027013e-01 4.517558089019076961e-01 5.299540080141939002e-01 6.323776816901633957e-01
8.058000000000000000e+03 4.814115647290290179e-01 6.782116552630047535e-01 6.599116420962650720e-01 6.577591668431700400e-01 7.394356433613850088e-01 5.004569690270542770e-01 3.984499622123107154e-01 2.686192451847178031e-01 3.548759863828769290e-01 6.225856427430001006e-01
8.064000000000000000e+03 2.638859349874984050e-01 2.963514100824400921e-01 3.705869567331758763e-01 6.037665662982578674e-01 5.807196760328221519e-01 9.208705865018401715e-01 7.286761202371793145e-01 6.738303945909652759e-01 6.201435850075773804e-01 5.640323257215450470e-01
8.065000000000000000e+03 1.605320436612873991e-01 3.439032878399675419e-01 5.612680568417498517e-01 5.981261889496136686e-01 8.610990899323818226e-01 7.558251162751133956e-01 6.795142352326593027e-01 6.174096758374250093e-01 4.928812130292243299e-01 5.833481465729949411e-01
8.067000000000000000e+03 3.622972580779776908e-01 5.169321130773256723e-01 7.844883745818975740e-01 6.950677724220111209e-01 6.434452100586036671e-01 6.636896951116915133e-01 4.776233988797912722e-01 5.133924044057958103e-01 5.209391515050677546e-01 3.127218935915458964e-01
8.068000000000000000e+03 3.930182813933957298e-01 7.507597855782390806e-01 6.877018030199709697e-01 7.005820708790555518e-01 6.367863435607138411e-01 5.746621177309361173e-01 5.584194195864987664e-01 5.603096220793467586e-01 2.599983037763183291e-01 3.258135154157724700e-01
8.069000000000000000e+03 6.006641287323941647e-01 6.622181464106262627e-01 6.899700251229460291e-01 6.918148949190405794e-01 5.361965104095665069e-01 6.463158334793092097e-01 6.066099448361219615e-01 2.744012805507990427e-01 2.716743735683317951e-01 3.857373472800320613e-01
8.070000000000000000e+03 5.194650957641226974e-01 6.622855692898181879e-01 6.798319136274767471e-01 6.024620766451505016e-01 6.115552657996840002e-01 6.883875079201661196e-01 2.891873628149169151e-01 2.845534979695791278e-01 3.359550353137599754e-01 6.516556756743204781e-01
8.072000000000000000e+03 4.871487618363692373e-01 5.542236466152353769e-01 6.274717833288869784e-01 6.736640684453736316e-01 2.981944313173827688e-01 3.693453331389237038e-01 3.387500894229915627e-01 6.393558176586978670e-01 9.095514171009660975e-01 4.394244135875468582e-01
8.073000000000000000e+03 4.391874417899767624e-01 6.252422863385828089e-01 6.842608477699578806e-01 4.196428463115670637e-01 3.359444464536273101e-01 4.646005734920219954e-01 7.172914130403220678e-01 1.000000000000000000e+00 4.176797968358759716e-01 3.378972464770526596e-01
8.153000000000000000e+03 5.321926015886738748e-01 6.228277934748254197e-01 5.534700542088301090e-01 6.255165624829420734e-01 6.066427749138004755e-01 5.587468062852631867e-01 3.370446725845250291e-01 4.757570533507869404e-01 4.529401514613222157e-01 5.881264586606047562e-01
8.154000000000000000e+03 4.805483188547534645e-01 5.368831717959401395e-01 6.152718027784433996e-01 6.584035608454733568e-01 5.103402036847081158e-01 4.334903726977162863e-01 5.051319729692594906e-01 4.758350733568956215e-01 5.560976395507722936e-01 6.084725167442013305e-01
8.155000000000000000e+03 3.908423610864223408e-01 5.777830897951439226e-01 6.292399525736848132e-01 5.577497918956180190e-01 3.536291768286525250e-01 5.706436158527136149e-01 4.852254844533731570e-01 5.693836385879683659e-01 5.618781609401093391e-01 6.825330629480974576e-01
8.156000000000000000e+03 4.281623371632104491e-01 5.909200649251025173e-01 5.388760021196958849e-01 4.232774708787938600e-01 5.041613315471564771e-01 5.531603197074502765e-01 5.891415093443834738e-01 5.765733666420086445e-01 6.449881367580219127e-01 5.688991950751558502e-01
8.157000000000000000e+03 4.365026351510753466e-01 5.067507416082909222e-01 4.127827657142813522e-01 5.485512520625115407e-01 4.796055370727027589e-01 6.443021011243836860e-01 5.915876081501953987e-01 6.616045260311218534e-01 5.142064127369322390e-01 6.502394934424571282e-01
8.177000000000000000e+03 3.871562723207196965e-01 5.495884631142715637e-01 5.663439405194571341e-01 6.768352448326512283e-01 7.416307567768450904e-01 9.119591217941136474e-01 4.445455486834127834e-01 3.445792863898970437e-01 3.858884827440824394e-01 4.827755442096790528e-01
8.434000000000000000e+03 6.941800082515143799e-01 9.370348856464703058e-01 7.469618646208514567e-01 4.123259185483369449e-01 1.911662026086400901e-01 5.761896824086599755e-01 5.266646046070657672e-01 4.040292871729251889e-01 2.927249779001707131e-01 4.155130883732103819e-01
8.437000000000000000e+03 4.002716982789564226e-01 4.419724389905178574e-01 7.125627555103899446e-01 7.640074054798245973e-01 6.270180226237844767e-01 5.616353726080020037e-01 5.610718508423757633e-01 4.027395121311581061e-01 3.952581064936422361e-01 5.938375423931091523e-01
8.438000000000000000e+03 3.179473086703669682e-01 6.780011449002272261e-01 7.403285164557599218e-01 6.755246838714530355e-01 5.129294400359859507e-01 6.404504003566382497e-01 4.242293463477777027e-01 4.128345219458858240e-01 5.619756275479849128e-01 4.552318190695764377e-01
8.439000000000000000e+03 5.330342842985212881e-01 7.064237466268026289e-01 6.643272088113577611e-01 5.815380375237472199e-01 6.042124040568450649e-01 5.185958286698837405e-01 4.406040220825996334e-01 5.982719062164065793e-01 4.123950395119811430e-01 3.214738016068257043e-01
8.440000000000000000e+03 5.793010076692071131e-01 6.619083075393291660e-01 6.050463673509155482e-01 6.890610033942716761e-01 5.043459125162214063e-01 5.640618462572530856e-01 6.775436177619623690e-01 4.659324934416078645e-01 2.911030203593464316e-01 3.554306297664643899e-01
8.535000000000000000e+03 5.995575463772038205e-01 6.534921305715645223e-01 6.186975945968808954e-01 7.183497274261751997e-01 4.364355847373394548e-01 6.008703663324140853e-01 4.967628376036034021e-01 4.285511963909196531e-01 4.047766957061952886e-01 3.877821741354649521e-01
8.536000000000000000e+03 5.331587003413199577e-01 6.228278062883730870e-01 7.308634129146198699e-01 5.458619040008372281e-01 5.963556308443820342e-01 6.181418235821396490e-01 4.928123696221062833e-01 4.596575909288490580e-01 3.666685737072328810e-01 4.198430968450680423e-01
8.537000000000000000e+03 5.002447908925099496e-01 7.166767473494571883e-01 5.676976742867931858e-01 6.767420352205092415e-01 6.066063132405488112e-01 6.066005155387259595e-01 5.185652104491589309e-01 4.106158770096807742e-01 3.952003776613969288e-01 3.984256346209637534e-01
8.539000000000000000e+03 4.256904970833593760e-01 6.453184161015045328e-01 6.587252522901598795e-01 6.353626950326362044e-01 5.745234938928422963e-01 5.387455755990803175e-01 4.536253933872572142e-01 3.748913142577801616e-01 5.222283247093261194e-01 5.560182798949144800e-01
8.544000000000000000e+03 3.099498661063533334e-01 4.347220383550112199e-01 3.917267548168859581e-01 5.473045740428611472e-01 4.759097290671814307e-01 6.701798246087926625e-01 7.907731683464340744e-01 7.098105678573608524e-01 7.593183613886010930e-01 4.700871214272557830e-01
8.547000000000000000e+03 3.704504170095045401e-01 4.985985816973725337e-01 6.324365167007057753e-01 8.172387049933639291e-01 7.621066525462567576e-01 8.893650202831614449e-01 4.310062028728257610e-01 4.228297801552946544e-01 3.777734388904687157e-01 3.289035073113592000e-01
8.548000000000000000e+03 3.724572572285965721e-01 6.108801049583365561e-01 7.932504430088130887e-01 7.974252744460396114e-01 8.763184279502258534e-01 5.254432742197472361e-01 4.522202609699718656e-01 3.992341889562932566e-01 2.725349807341412856e-01 3.797826855338863883e-01
8.549000000000000000e+03 4.716555106087431670e-01 7.522079476977634460e-01 7.733493689193179366e-01 8.939808772904521694e-01 4.769357148311476613e-01 5.428295143421933977e-01 4.238111148297563635e-01 2.829862166612039376e-01 3.270276070254810041e-01 3.987615189104918301e-01
8.550000000000000000e+03 6.115149604704123165e-01 7.490544510885294160e-01 8.772486520990916414e-01 5.667701559053066607e-01 5.166569871694123295e-01 5.355405688802297171e-01 3.163642721232252097e-01 3.606684072220505133e-01 3.653264385166968831e-01 3.773289730290314004e-01
8.551000000000000000e+03 6.377075654407892147e-01 8.739490640965273949e-01 6.167126369036050049e-01 6.410016253666923625e-01 5.548315760044428835e-01 4.781529705688056242e-01 4.474922637332041098e-01 4.436480441128909935e-01 3.797242422315523225e-01 2.340183407901204882e-01
9.276000000000000000e+03 3.231069794552643981e-01 5.250792395465064821e-01 4.316093242180802925e-01 5.947483899719951950e-01 7.514157396746669049e-01 7.569814225065968349e-01 6.319109429851686999e-01 5.458867169523643481e-01 5.629407280805407421e-01 4.354045427534872226e-01
9.277000000000000000e+03 3.906137184789398864e-01 4.260001176995280026e-01 5.845782749413415136e-01 7.803889383747467656e-01 7.229148738129791418e-01 7.032679110297738179e-01 5.787395743002805570e-01 5.917751396570404276e-01 3.834345319390933815e-01 3.837476591208743293e-01
9.278000000000000000e+03 2.981652288750449853e-01 5.580573611993911998e-01 7.482756951464609729e-01 7.507844300110180225e-01 6.585898306265312030e-01 6.487590274695873571e-01 6.235335163975931350e-01 3.921494250204912713e-01 3.212953720521480871e-01 5.026103017582086441e-01
9.340000000000000000e+03 4.049823869598544457e-01 6.433242911490688609e-01 6.016487340772508352e-01 5.524894918943887845e-01 4.827148848519004498e-01 3.070389443441873256e-01 5.754253641919484519e-01 5.819354756467117751e-01 6.331144745158083786e-01 6.021317664150169779e-01
9.342000000000000000e+03 4.212509369776071821e-01 5.100211247627394195e-01 5.222050633027947031e-01 3.096424263874707483e-01 5.814227925807328168e-01 6.670023078057220056e-01 6.871712885876022359e-01 5.746522151935586908e-01 6.053840685644027442e-01 5.905633521727670088e-01
9.411000000000000000e+03 5.577413630987715365e-01 7.042637151637307635e-01 6.987987842490931412e-01 6.128503220833391163e-01 4.305297287891077240e-01 5.036285353876664983e-01 3.242357400426703617e-01 5.295682589335357626e-01 4.566202297913371511e-01 4.811869466459913203e-01
9.412000000000000000e+03 5.692317533640471883e-01 6.835451732643907929e-01 6.232969898887095184e-01 5.276809050977495641e-01 4.750804722799588098e-01 4.443679024871463601e-01 5.890330982868496879e-01 5.022299954166260516e-01 4.579506351033090783e-01 4.717983119697342076e-01
9.413000000000000000e+03 5.512504812913227026e-01 6.170355514705988531e-01 5.468432938822561651e-01 5.670483643255189721e-01 4.113984993914046595e-01 6.906405265203942045e-01 5.599075082350269961e-01 5.045568722445666898e-01 4.483291642545474964e-01 4.788858077144612091e-01
9.416000000000000000e+03 4.854097036126902021e-01 5.657227974761465106e-01 7.765116651048382668e-01 7.554933572265838393e-01 6.956207086851533550e-01 6.941926435514795823e-01 6.022800628607383189e-01 3.069354733544694680e-01 2.527164784515458784e-01 3.243914720597019241e-01
9.529000000000000000e+03 6.239391368886487710e-01 6.947779741741332282e-01 7.053493279963279905e-01 5.799497615834530162e-01 4.501145341942934253e-01 4.779287569916473855e-01 3.915911024320670730e-01 2.967036242422755321e-01 5.249256686479354395e-01 5.219741888398157226e-01
9.530000000000000000e+03 5.638620024007358067e-01 6.928780279452915192e-01 5.973900763783246415e-01 5.489376747620579033e-01 4.520385253395828862e-01 5.113671357210233248e-01 3.375903387159356894e-01 5.807975440637438425e-01 5.074605907199466470e-01 5.169962514272542498e-01
9.531000000000000000e+03 5.558119795545513053e-01 5.897406374917308902e-01 5.613595241791241586e-01 5.418788077219103272e-01 4.784330122274135788e-01 4.520828242232839966e-01 6.403728940482862342e-01 5.527476115520069122e-01 4.935204846698918457e-01 5.133139439897288492e-01
9.532000000000000000e+03 4.683513258932740508e-01 5.633637767840389277e-01 5.613483932765425122e-01 5.717480689477323352e-01 4.218969323664563120e-01 7.401343667313394770e-01 6.175993590374920794e-01 5.449978411128642009e-01 4.962170972682510839e-01 4.488996624063036345e-01
9.626000000000000000e+03 5.190652217219713371e-01 7.687418627070357058e-01 8.135241716490628772e-01 8.518523063350006419e-01 7.089206279206226036e-01 6.080891997580576414e-01 3.711841959931351242e-01 2.808051832012932181e-01 2.177021403375098418e-01 2.365248671900860578e-01
1.015600000000000000e+04 6.648511505223263507e-01 7.933036401173666485e-01 5.555634245811472693e-01 5.688218774277494783e-01 3.975424535876878607e-01 4.995053226234058008e-01 4.131464436543818008e-01 4.238884360037715737e-01 3.907706966317710529e-01 5.405540193884706968e-01
1.015700000000000000e+04 6.493091493304568029e-01 5.562371952049015578e-01 5.835661142193290241e-01 4.993677575816606873e-01 4.708226681965529958e-01 5.269765343502368360e-01 4.729182147256311142e-01 4.310619610333020213e-01 5.241495712069402790e-01 5.977271761417378704e-01
1.015900000000000000e+04 4.472108310148545374e-01 5.121375116052834242e-01 5.634358790778873916e-01 5.725262691764929635e-01 5.425654912628454785e-01 5.725710827937943170e-01 6.214818919169197153e-01 6.276965276251745829e-01 5.143001270856397689e-01 4.846893964013063161e-01
1.016100000000000000e+04 4.262621867031748946e-01 5.657142907318384317e-01 6.135419198638024652e-01 6.087802243066119390e-01 6.848876383570885462e-01 7.659156942585111372e-01 6.019884239236303891e-01 4.845025104218091405e-01 4.096941385220485010e-01 3.376737143835111254e-01
1.016200000000000000e+04 4.466835168996124983e-01 6.096971291140083071e-01 6.218864527482327320e-01 7.501263596939954370e-01 7.641953665344394242e-01 7.044173683287505705e-01 5.422984105399520915e-01 4.539753257868673897e-01 3.008142241324412991e-01 2.956855059675092545e-01
1.017600000000000000e+04 4.676183579262203072e-01 6.141951516766573915e-01 6.549273992930062516e-01 6.044290572737885947e-01 5.726723562517357369e-01 5.873538442091114087e-01 4.171342771029011853e-01 4.974269736027562838e-01 4.433325011091737711e-01 5.282746496731011154e-01
1.027800000000000000e+04 4.469865876182436693e-01 4.851768464575597628e-01 6.507070627348015002e-01 6.616994540225151766e-01 6.950622461472532043e-01 7.649830920075935126e-01 6.687512179442436366e-01 4.130190463383934807e-01 3.175070426319351879e-01 4.031884754369119972e-01
1.027900000000000000e+04 3.729043085992043149e-01 6.411168719966633400e-01 6.680062556476178415e-01 7.568627098484751459e-01 7.607901196435702396e-01 7.640977937502518857e-01 4.612394176150363956e-01 3.519006163071536353e-01 3.716822229080576911e-01 3.363259152427339749e-01
1.028000000000000000e+04 5.056470519900029270e-01 6.484478256112564676e-01 7.452062066923554884e-01 8.036590430202167346e-01 7.482196593937616713e-01 5.612230629600706289e-01 3.825408105910726442e-01 4.002559242351697022e-01 2.877997340053476405e-01 3.256978976315551555e-01
1.028100000000000000e+04 5.353048383583492997e-01 7.429106799278147877e-01 8.166271923735585192e-01 8.247786390101508047e-01 5.637308945861558840e-01 5.220103494348579121e-01 4.721815736351940851e-01 3.423514841253226804e-01 3.064330152610895142e-01 2.364444637026171248e-01
1.029200000000000000e+04 4.407739289207182054e-01 5.074874183033136754e-01 7.191452145656070938e-01 7.539345212484388492e-01 7.264613210139839738e-01 7.361552646009469347e-01 4.697218385328647550e-01 4.034436301087734877e-01 3.389372772888942231e-01 3.808331881918425865e-01
1.029400000000000000e+04 5.628212598094324282e-01 7.256603803873274972e-01 7.729669499977143143e-01 7.799449608015796009e-01 5.510368245361212391e-01 5.551252998977121988e-01 4.120697955695026282e-01 3.769152698480524033e-01 3.240578705165146900e-01 2.856064583136133650e-01
1.029700000000000000e+04 6.588299674380150295e-01 6.843948910220855053e-01 6.842319289242768665e-01 6.523039676186668245e-01 5.836719779534965680e-01 5.843548290795022027e-01 3.754373857089469135e-01 3.023010181475636049e-01 2.883879543921403221e-01 4.833740345719683695e-01
1.045800000000000000e+04 6.512402294914966250e-01 7.468173275031253500e-01 6.624945292446805523e-01 4.711574299237342722e-01 4.790957533035131166e-01 5.583388341279106326e-01 4.130771977216985968e-01 4.156792398225692686e-01 2.699055616268144497e-01 5.958864642948877854e-01
1.072600000000000000e+04 5.166472000527436714e-01 7.567468309805183146e-01 8.113223933903906948e-01 8.995085092955090733e-01 8.588923932813113948e-01 5.751890719792737139e-01 2.587056300918661456e-01 1.314206238267111304e-01 2.498518395655683622e-01 3.079990209305716875e-01
1.080800000000000000e+04 4.117127424211796116e-01 5.538484059208638177e-01 5.187928183195489318e-01 6.434490428559134223e-01 7.680971220623549200e-01 7.869463442450576052e-01 5.692460533604172257e-01 3.959149086248221483e-01 3.749649827762664978e-01 4.781961212378324499e-01
1.080900000000000000e+04 4.245974925865515504e-01 5.126415648197717445e-01 6.389694365710998358e-01 8.061734539231443231e-01 7.687457877297545483e-01 6.572608126924445182e-01 4.266629766230767840e-01 3.998830475879432966e-01 4.418432927324779103e-01 4.012916452402318646e-01
1.081000000000000000e+04 3.883568558755096656e-01 6.203815144633625378e-01 7.873868776852223084e-01 8.077581339852836217e-01 6.284706742391542589e-01 5.262635559942216990e-01 4.321956890891541780e-01 4.734192209842120747e-01 3.573550252036664099e-01 4.087140279187044811e-01
1.081100000000000000e+04 4.940340000812873944e-01 7.624959580912987755e-01 8.001402275102598161e-01 6.989592057918165846e-01 4.999344227510632566e-01 5.445500282977665529e-01 5.273674978918785339e-01 3.947603166058732405e-01 3.775124862637654899e-01 2.690400447684081486e-01
1.081200000000000000e+04 6.585874850585666795e-01 8.150650583039190655e-01 7.476783265833558678e-01 6.386163942538394256e-01 5.786588146859440451e-01 6.867174291679865039e-01 4.989013435792701290e-01 4.694453371048070145e-01 2.707694658966431356e-01 0.000000000000000000e+00
1.081600000000000000e+04 6.716255194349606272e-01 8.858085063889473698e-01 8.568412160722110871e-01 8.914672170370023796e-01 6.624876571784773516e-01 2.887162847177432434e-01 2.519059148172673734e-01 2.041747764108436947e-01 1.931305875106308356e-01 3.244041190386570128e-01
1.096300000000000000e+04 5.187392262895414996e-01 6.793518448918481889e-01 5.765589382190412504e-01 5.238757384864988209e-01 4.271093940700563807e-01 5.426376204320026986e-01 6.608329608225660401e-01 7.511651527254314953e-01 3.874224028428605582e-01 3.427112182193660650e-01
1.096400000000000000e+04 5.591878256586413354e-01 5.884312494931550619e-01 5.579775730952066803e-01 5.416566616812000801e-01 5.372688748907656908e-01 7.743480490298181307e-01 8.525976685114098341e-01 4.448618642392828115e-01 3.202500377436584000e-01 2.935053484770517307e-01
1.096500000000000000e+04 4.846855279878902190e-01 5.798412592083724837e-01 5.830441337705587479e-01 6.468217064098269464e-01 8.016913762554606082e-01 9.626863415817804581e-01 5.265195213171566246e-01 3.822608354901586014e-01 2.749614194398616873e-01 2.649842449979603609e-01
1.096600000000000000e+04 4.724254050685212647e-01 5.971029554658489058e-01 6.727621394535366894e-01 8.692851328181323556e-01 1.000000000000000000e+00 6.536522904657001698e-01 4.503654038374834134e-01 3.266200208757105150e-01 2.372359718097748482e-01 2.250037685853790437e-01
1.096900000000000000e+04 7.213836376673543604e-01 9.956222978227546871e-01 7.658262425000041951e-01 6.827285773811475611e-01 5.239988318757665686e-01 4.848839653516203163e-01 2.913510537381651666e-01 2.413195163149290390e-01 2.016830120742809374e-01 2.897874704030679038e-01
1.097000000000000000e+04 8.534804062548246861e-01 7.683017191421960268e-01 7.147983998071429923e-01 6.394766875014986640e-01 4.904039657502960448e-01 4.466272926072961669e-01 3.069773029791102448e-01 2.579173411712923913e-01 2.747781300939337035e-01 4.261540241644782845e-01
1.097300000000000000e+04 5.823070054781275262e-01 6.702666155176006946e-01 6.229508042517609701e-01 5.952050687450184396e-01 4.913606480295695245e-01 5.668118760505896914e-01 6.023574067687412770e-01 4.581811218885389336e-01 3.109660977628021516e-01 4.595081910246821000e-01
1.122400000000000000e+04 5.132878248881697081e-01 6.075206672542330377e-01 6.733715177388627238e-01 7.633382085908985148e-01 5.923710639988317705e-01 5.598619007810965442e-01 4.340257107510911982e-01 4.011532468507312821e-01 3.960648331668263911e-01 4.438033307868530786e-01
1.123700000000000000e+04 4.920793068047852881e-01 6.254808514709903067e-01 6.697801574859021390e-01 6.476102212950509696e-01 5.166260838440723813e-01 5.517540619685379344e-01 4.776310215198713016e-01 4.590401903641573855e-01 5.115026942132043786e-01 4.313970488297756423e-01
1.123800000000000000e+04 4.969473980179517913e-01 6.559727146067150239e-01 6.528516753352331392e-01 5.999602516707468469e-01 5.250920817073615465e-01 5.842156763843315836e-01 5.089048698626422729e-01 5.594710694199724887e-01 4.005254562135399654e-01 4.104001088401880715e-01
1.123900000000000000e+04 5.243597046322179267e-01 6.409558064371908559e-01 6.097046191319568376e-01 6.073393708064812602e-01 5.605792866358356719e-01 6.132567536682081988e-01 6.195420576897274767e-01 4.392333412788783642e-01 3.772418615764172034e-01 4.157331143356924885e-01
1.124400000000000000e+04 5.137575292730989229e-01 7.221570301195373576e-01 6.392330946209439091e-01 6.082504869193727792e-01 5.332960491985360152e-01 5.562657862287804234e-01 4.944451983921552274e-01 4.445097014739178842e-01 4.024441426324871229e-01 4.466436168551453645e-01
1.161600000000000000e+04 6.115447590991782700e-01 7.763055674332161038e-01 7.613736290587943545e-01 7.661855554067117380e-01 5.580252156245208983e-01 5.402087673484521346e-01 3.821352446144669068e-01 2.699825883329742271e-01 2.809663986952243286e-01 3.533412869354095043e-01
1.161700000000000000e+04 6.457819275136599257e-01 7.524577667242116075e-01 7.771813877063248333e-01 6.542480953610114724e-01 5.338662701150417300e-01 5.152970747496803394e-01 3.218406691741974579e-01 3.287324313552010824e-01 3.314505952199930938e-01 4.091155747246377761e-01
1.161800000000000000e+04 6.234527376668350662e-01 7.655144610669826211e-01 6.745066397072124742e-01 6.320951458178016846e-01 5.052216423970868897e-01 4.580751765808752096e-01 3.851176280176307753e-01 3.821798655499714092e-01 3.922763979143446544e-01 4.596545249295602709e-01
1.161900000000000000e+04 6.331529353900833268e-01 6.718528391169527048e-01 6.518896457899249208e-01 6.045386456732260161e-01 4.395505333162149086e-01 5.137875843761132710e-01 4.408053912196743251e-01 4.452518713019001928e-01 4.458105793461134558e-01 4.546552649071783359e-01
1.164600000000000000e+04 5.463336130496875276e-01 6.623187308324562927e-01 6.367703649358875673e-01 6.199901745576380518e-01 5.748962366598513452e-01 3.888136029596186427e-01 5.152755697038604588e-01 5.617732084175280916e-01 4.649621737373523245e-01 3.999794033132312854e-01
1.164700000000000000e+04 5.319783402109498072e-01 6.287840531101496211e-01 6.302679633235015455e-01 6.530515876191238522e-01 3.504333644503957457e-01 6.219737064919232949e-01 6.251208468401392437e-01 5.118446670007281707e-01 3.681985996507860515e-01 4.539532459352134675e-01
1.164800000000000000e+04 5.028628468054214817e-01 6.240961118979465594e-01 6.614807587608118045e-01 4.603309432058184103e-01 6.064244710431764274e-01 7.252107226269477458e-01 5.717108596238520413e-01 4.083604680643670437e-01 4.295093827326383895e-01 4.262790551228999303e-01
1.169500000000000000e+04 6.319902761079839726e-01 8.343618355788908758e-01 8.683430639178261190e-01 8.661136702337925986e-01 3.449397980616236148e-01 4.340064914943102536e-01 3.850885685864985919e-01 2.639726408247580203e-01 2.467999838310930838e-01 3.577857277895238330e-01
1.169600000000000000e+04 7.059468260211579915e-01 8.566435549579950459e-01 8.778698536654380158e-01 4.808968744854076327e-01 4.306318223741432138e-01 5.296891283132848516e-01 3.277727712769311630e-01 3.030816622300979146e-01 3.469337136552647083e-01 3.479869244773101666e-01
1.174800000000000000e+04 5.058916948317856432e-01 5.904507601170387865e-01 6.461502483175873834e-01 5.766916876117728075e-01 5.867818185251297836e-01 7.493634327296623265e-01 4.659111866339281094e-01 4.712451479714763747e-01 4.039318734147975820e-01 4.184379000518659852e-01
1.188000000000000000e+04 5.311967929201520944e-01 6.820627101784521029e-01 7.098091958077996644e-01 6.636843134748682260e-01 5.857893076767979323e-01 5.124329634392860156e-01 4.486203096314652639e-01 4.473177982937012187e-01 3.816374541324352720e-01 4.012437260538863626e-01
1.199000000000000000e+04 5.516130025620077371e-01 6.972520781597544293e-01 6.921950373150758118e-01 7.104930868392335119e-01 5.779915185569928227e-01 6.061231766873211857e-01 5.072637785573781422e-01 4.034146705332637417e-01 2.890586837082372296e-01 3.421942744825109406e-01
1.199100000000000000e+04 5.698893100630574304e-01 6.854073323305664989e-01 7.205293068810463275e-01 6.647615806181820242e-01 5.980017143879861052e-01 6.241289075503653194e-01 4.610894327576789409e-01 3.305091586748156729e-01 3.125940726064019848e-01 3.901455832448292305e-01
1.199200000000000000e+04 5.570499936652897333e-01 7.081732063772898655e-01 6.762978933162728801e-01 6.790256114904567042e-01 6.141350123664957028e-01 5.781114662726054565e-01 3.773322394194368878e-01 3.528781950425958769e-01 3.630040910448990021e-01 4.355016174678497110e-01
1.199300000000000000e+04 5.677147763194415608e-01 6.579284163167580246e-01 6.770132300758971988e-01 6.794970287063416547e-01 5.483444600308192696e-01 4.862455380785636327e-01 3.865904821056082574e-01 3.935546189165851638e-01 4.005228198381642901e-01 5.247177176193084103e-01
1.199400000000000000e+04 5.129159276341092033e-01 6.477505221566158822e-01 6.652869190662844545e-01 6.092363666796143384e-01 4.326724302930480270e-01 4.806565269398432871e-01 4.160610554312404452e-01 4.203013955040854621e-01 4.868100401552072354e-01 6.413519587656097976e-01
1.227100000000000000e+04 6.187808198133304405e-01 7.331293505393652321e-01 5.941203821549023711e-01 5.098067225608375885e-01 4.152619418892287140e-01 5.118579498333016842e-01 5.068078598565525228e-01 5.096219790021612184e-01 4.418020802965306193e-01 4.630348347353543947e-01
1.227200000000000000e+04 6.022457571464606696e-01 5.982610787656432727e-01 5.387036479260846056e-01 5.242254349594634988e-01 4.953485042568611108e-01 6.239163192594983087e-01 5.782799251803342200e-01 4.963398245553898303e-01 4.471547919442694918e-01 4.686150176616742380e-01
1.227300000000000000e+04 4.794400222233215492e-01 5.470243935888096098e-01 5.496398389650697380e-01 5.911227980651995173e-01 6.149092097407611313e-01 6.876455796633252904e-01 5.609392208425669768e-01 4.996798462578251332e-01 4.510869522623951466e-01 4.672945887533155873e-01
1.227400000000000000e+04 4.087757047818478262e-01 5.292795341641438611e-01 5.793819615812457746e-01 6.603251035387142087e-01 6.448607744877323800e-01 6.353035683588255100e-01 5.254792217181654124e-01 4.683987899721346326e-01 4.168380746132631653e-01 5.861829806874356841e-01
1.227600000000000000e+04 4.073987518305328126e-01 6.012354073431553925e-01 6.539870834286668488e-01 6.241669343204391263e-01 5.372686782825714102e-01 5.571128531914248949e-01 4.356909800525110565e-01 5.611056206653901590e-01 5.191041323962585219e-01 5.137102588427621130e-01
1.227700000000000000e+04 4.584265755483195592e-01 6.232230483203463622e-01 6.106032222986600422e-01 5.946551174920021721e-01 5.041639576990406546e-01 5.208219619999973071e-01 5.946852481380554556e-01 5.435570823473281354e-01 4.697613220873696482e-01 4.894730334472690569e-01
