1.510000000000000000e+02 7.032879557913411794e-01 6.555315734556849128e-01 6.211024641751498043e-01 5.509072091337464672e-01 7.326423282983988150e-01 5.422881262758451060e-01 4.556329293658316071e-01 2.743094526481913986e-01 4.901395534884351868e-01 3.914861251147623289e-01
1.520000000000000000e+02 6.240282077342411693e-01 6.675379760682543795e-01 5.768040419638675864e-01 8.277143878186581372e-01 5.693684467945335781e-01 5.616631250955866905e-01 4.007822727222535297e-01 3.175132787832942172e-01 5.375931098188755364e-01 3.798588916883507416e-01
1.530000000000000000e+02 6.209437851201723424e-01 6.240141325430984542e-01 8.070991093662424065e-01 6.129122467910466110e-01 5.653702337114591137e-01 4.951217021629724102e-01 4.349018017631272048e-01 3.403064049710916583e-01 4.968232412502245898e-01 4.398011583596523888e-01
1.540000000000000000e+02 5.625704366150285907e-01 7.650265675129603871e-01 5.976697899759703114e-01 5.939149028097342464e-01 4.934091565859790585e-01 5.079311246492644871e-01 4.513542650683426971e-01 2.913774685871953207e-01 5.783460733186308600e-01 5.112289554937027303e-01
1.550000000000000000e+02 7.170727273056493045e-01 6.258138480495901712e-01 5.753287243514288996e-01 5.048116711773125154e-01 5.002012083494462580e-01 5.155074095666010159e-01 3.713975161036561778e-01 3.611178391489928696e-01 6.859782111799819226e-01 4.890732142606969424e-01
1.560000000000000000e+02 5.746745981924541447e-01 6.235349587231571178e-01 5.127238090466944564e-01 5.332877786988616808e-01 5.246967360769104749e-01 4.730157754819484528e-01 5.011885150857318116e-01 4.761221940979951106e-01 6.697302129036502016e-01 5.158671020313142508e-01
1.570000000000000000e+02 5.593446560384964794e-01 5.715042302487679526e-01 5.212301819734291852e-01 5.425938575821244170e-01 4.701334774460251831e-01 5.556519634187161438e-01 6.496726783420034845e-01 4.454870135383213747e-01 6.945694415881673578e-01 4.922046316554409273e-01
3.330000000000000000e+02 3.570341490547621066e-01 5.480679296213917251e-01 3.863009858380581640e-01 4.265219755267969926e-01 6.839717636888476004e-01 6.921065106598126571e-01 7.268835117185939998e-01 5.692345839347708880e-01 6.954161151768636362e-01 4.937164440699092771e-01
3.340000000000000000e+02 4.421498678788688963e-01 4.604429796011554887e-01 3.790069750404626570e-01 6.785693682267087690e-01 6.241419270983982193e-01 6.840893535452272634e-01 7.283092497368685025e-01 4.283865539123762889e-01 6.152256355815530764e-01 5.580726012219128229e-01
3.350000000000000000e+02 3.631003998128375376e-01 4.727809630712755395e-01 6.355142610312423113e-01 6.380086378412845871e-01 6.418676432945538135e-01 7.130178696157088991e-01 5.533331654199185046e-01 3.792470183432216646e-01 7.427826419927245905e-01 4.821214105775472603e-01
3.360000000000000000e+02 3.812415536392232962e-01 6.431140611525302253e-01 6.044211835476278605e-01 6.651243174546606074e-01 6.733888857880200307e-01 5.831256337348568186e-01 4.878300013569039084e-01 5.007205472383517986e-01 6.290237247549155253e-01 3.803757459211513647e-01
3.380000000000000000e+02 5.667514182570135839e-01 6.543279090582478918e-01 6.862674767570347001e-01 5.923358112713831281e-01 5.335573376389362021e-01 6.984300227483899448e-01 5.464750458613356621e-01 2.724445837919231006e-01 5.355636539389039275e-01 4.153553534811116332e-01
5.710000000000000000e+02 5.350836110246381949e-01 6.237472526687189989e-01 5.800587807783522676e-01 8.849391395631710511e-01 6.306904204688467130e-01 5.436560632472321464e-01 5.311691337733124296e-01 4.603904164748623407e-01 6.433229176794038606e-01 2.065752349779543251e-01
5.720000000000000000e+02 5.855798431510965685e-01 6.383955063269419750e-01 8.783942334928991347e-01 7.049283597541430302e-01 5.670086036848915878e-01 6.164977775257242110e-01 6.743848088721360323e-01 4.536566054114795632e-01 2.422048022443245296e-01 2.562946171835491227e-01
5.730000000000000000e+02 5.930116937064299210e-01 8.241461384968655768e-01 7.014271644918099735e-01 6.173185793259514664e-01 6.206713671478806260e-01 7.150320495282170841e-01 6.475879640097325085e-01 7.711403175148132116e-02 3.084534367182324432e-01 3.697215506928900330e-01
1.013000000000000000e+03 6.954300044528444191e-01 1.954153662402320357e-01 0.000000000000000000e+00 0.000000000000000000e+00 5.890256563058910988e-01 5.259543750359664260e-01 3.404640104872996842e-01 8.269124225984448850e-01 1.000000000000000000e+00 1.000000000000000000e+00
1.015000000000000000e+03 0.000000000000000000e+00 1.467553641003463694e-01 4.205186425050701504e-01 3.402801013374659456e-01 2.654849971481921256e-01 8.916561569516484598e-01 8.124861932695979228e-01 1.000000000000000000e+00 9.377040736358958073e-01 8.838396058487151263e-01
1.020000000000000000e+03 4.738620627888530668e-01 4.898769691403342397e-01 8.435618744171416994e-01 5.122632312223120987e-01 8.161611684599088257e-01 9.406693446503177070e-01 4.608249051370820193e-01 3.860895914914522775e-01 4.625933227653956648e-01 2.752951700497373033e-01
1.021000000000000000e+03 4.286557241418730291e-01 8.035693301489681417e-01 5.284533830056926673e-01 9.105344265910889634e-01 9.142237845201599544e-01 5.520230579395701831e-01 5.506375089699609982e-01 2.806914754115599209e-01 3.415004748439477988e-01 2.556347601054008156e-01
1.143000000000000000e+03 6.509533328508363414e-01 7.616851418901536830e-01 6.722165623699211112e-01 4.765472338515676087e-01 1.121502195679766473e-01 0.000000000000000000e+00 6.074520034342827390e-01 3.861640176450329420e-01 9.789861165501686502e-01 6.239019391952201898e-01
1.144000000000000000e+03 6.778733104886791594e-01 6.426808102152020696e-01 4.197342192129742688e-01 9.090296759882912983e-03 0.000000000000000000e+00 5.860094175254884075e-01 4.478500370195612756e-01 6.818487463922680014e-01 8.152833707483887471e-01 8.391638815511697214e-01
1.370000000000000000e+03 1.184099923533720039e-01 0.000000000000000000e+00 7.004476767214929955e-01 8.067734052556014834e-01 8.117100197971200970e-01 8.396612118853346018e-01 7.158648221692859304e-01 6.834506278323576600e-01 7.386481827027868707e-01 5.387190641910691857e-01
1.472000000000000000e+03 7.801476883588779332e-01 7.735171913664371512e-01 6.981503123229928498e-01 7.530836239080871408e-01 7.174245665441655317e-01 3.131114277195899964e-01 3.234655993874142044e-01 2.733178215613974449e-01 4.412128505239303888e-01 2.871282494043416733e-01
1.473000000000000000e+03 7.746227743732563287e-01 7.337666471296685478e-01 7.865796145586784194e-01 8.372880744838360201e-01 3.871449935471469872e-01 4.847342387869015834e-01 4.327444397208550231e-01 2.952579111826345026e-01 3.974675906245076495e-01 3.058395592673958663e-01
1.685000000000000000e+03 4.019839523248586732e-01 5.400513609479816735e-01 5.988823919806218754e-01 6.615518642268974903e-01 6.022432926825084243e-01 8.874560582784167817e-01 6.319009028130012640e-01 4.610793788720356501e-01 5.092505657114900774e-01 3.697825538580020721e-01
1.709000000000000000e+03 3.342613384051945080e-01 4.138765555327995616e-01 2.735586286548506441e-01 4.879177567754702238e-01 3.475353254964527183e-01 6.367540629971338850e-01 8.836039401324491394e-01 7.438759723710413052e-01 8.447267117228691724e-01 6.468759168385651570e-01
1.873000000000000000e+03 6.010013426205441656e-01 5.914819553013168640e-01 4.618511198489868574e-01 5.645262573695246644e-01 4.076703393631740946e-01 6.050624408114835262e-01 6.508882884341319341e-01 4.328093764667783061e-01 7.131024436284449930e-01 4.703121323139161647e-01
1.931000000000000000e+03 8.198756246863054820e-01 8.165454266226691571e-01 9.044291847105117021e-01 9.516249215202481349e-01 7.519974210813732407e-01 6.156239652297026410e-01 3.397966896439162665e-02 1.823759053850834977e-01 1.947822645447419565e-01 1.183405939836547072e-01
1.932000000000000000e+03 8.396936118091624657e-01 8.828055848349359858e-01 9.912262725361035143e-01 9.026588804742151639e-01 6.800788660470047375e-01 2.829762651710637789e-01 3.271707472932334215e-01 9.104529279838491362e-02 1.535243617777365954e-01 2.109646243000051768e-01
1.933000000000000000e+03 9.034795802852360058e-01 9.297578545795301963e-01 9.318216606262966772e-01 8.029938805494731824e-01 3.679389861699374764e-01 4.963825899613755754e-01 1.707702746817290618e-01 4.045217121150610634e-02 2.854977952095646976e-01 3.100098378141849520e-01
1.934000000000000000e+03 9.616240046528239382e-01 8.959496329509177848e-01 8.480242183188820837e-01 4.476415693775077642e-01 5.663420743504786747e-01 3.821671786705543306e-01 1.047922866984812990e-01 1.673859682693636663e-01 4.490754088152367207e-01 3.234960382874267348e-01
1.935000000000000000e+03 9.218229311577242902e-01 8.398356604786800794e-01 5.203627532381827070e-01 6.759247458329175062e-01 4.615133128005223240e-01 3.281337708708026435e-01 2.917580729934500239e-01 3.143264764473636674e-01 4.679109064169908461e-01 3.877388761485680013e-01
1.936000000000000000e+03 8.558600966224849671e-01 6.241817542201575364e-01 7.252414538494337259e-01 5.495020391279047400e-01 4.092732743750902569e-01 4.696910546959311983e-01 5.066504755993165299e-01 3.279007681770124139e-01 5.653547333364477012e-01 3.759923693287824942e-01
1.938000000000000000e+03 7.079140069898559595e-01 6.330094883531868222e-01 4.783790833582556856e-01 5.537665429097036185e-01 6.152498679481749333e-01 5.735292231770207083e-01 5.579634337941126176e-01 3.316772417721474131e-01 4.966953294574817934e-01 4.651438366473357733e-01
2.092000000000000000e+03 7.376300159237479948e-01 7.853976731314376014e-01 9.379849272435053509e-01 9.484252518262219489e-01 8.246009484276339840e-01 4.510442865744116459e-01 4.629774674378069332e-01 2.597476422605330404e-01 1.674193811021842115e-01 1.390458300164961435e-02
2.093000000000000000e+03 8.132122878631293794e-01 9.122318123701352865e-01 1.000000000000000000e+00 1.000000000000000000e+00 5.432847568778532699e-01 6.296768963591066193e-01 4.588362696716605793e-01 7.647902460214271725e-02 0.000000000000000000e+00 7.426033909760972052e-02
2.101000000000000000e+03 5.959783857333725843e-01 6.552810437518821196e-01 4.894736177123509835e-01 4.207433219078079434e-01 2.518868993566079628e-01 6.762365746022017676e-01 6.399514958586395297e-01 3.496464581974083607e-01 6.339404374074359971e-01 6.527275072852384286e-01
2.102000000000000000e+03 6.160873715531592909e-01 5.752045199133352105e-01 4.473150236703722360e-01 2.569928889622050683e-01 6.795643477522256282e-01 6.941823847029370276e-01 4.994695356154901789e-01 4.390669714986688565e-01 9.391556569450946190e-01 3.466645486309036794e-01
2.103000000000000000e+03 5.157028483070650315e-01 5.384402610145135881e-01 2.832280765405289502e-01 7.385480521949441268e-01 6.819868016818196876e-01 5.695627182808339350e-01 6.138252973168504267e-01 7.039774980135216076e-01 4.422394443942465059e-01 4.458570692514026157e-01
2.104000000000000000e+03 4.673084739272548860e-01 4.255242347729126240e-01 7.134430007725243161e-01 7.305592423396942703e-01 5.610302694337526708e-01 6.482355616910790985e-01 9.970847415091668164e-01 2.425544914466564173e-01 5.888588193869662701e-01 4.149729741038166164e-01
2.105000000000000000e+03 3.408311889679582207e-01 7.050010136056058530e-01 7.063681230209553075e-01 5.901849369776741572e-01 6.317351738362829705e-01 9.468107041457189954e-01 3.066407706108056908e-01 3.762651215458308607e-01 5.404036841606458808e-01 3.719850855309075888e-01
2.267000000000000000e+03 6.898346993173712915e-01 6.454251589636826880e-01 4.068309496408214487e-01 4.818777804436962797e-01 4.745300892151410044e-01 4.448155027181622811e-01 5.874941756972511531e-01 3.771766302444993224e-01 6.107592646949983051e-01 6.079073924199679402e-01
2.268000000000000000e+03 5.725128922704304513e-01 4.926531989558714519e-01 4.586776276400364449e-01 4.672204743925396642e-01 4.302033969330154028e-01 6.064052507344299681e-01 4.804936031274236186e-01 3.777117945820282485e-01 8.240827569789549445e-01 6.797038243953684722e-01
2.284000000000000000e+03 6.888757461490807588e-01 7.122574007853296196e-01 8.249968439572554768e-01 7.502154175620651122e-01 7.663807097630080944e-01 3.785819042257649869e-01 4.347184249836424930e-01 2.003141328506647945e-01 4.196911652244268987e-01 2.880037312736322686e-01
2.292000000000000000e+03 9.508410909427766899e-01 9.166027388469187853e-01 7.441123755234742010e-01 5.675484105395683931e-01 2.796371108190303101e-01 3.985064811954356356e-01 2.777874688173295192e-01 2.189662466340821234e-01 3.992712911813803278e-01 4.059177592011491975e-01
2.293000000000000000e+03 9.247345169563038203e-01 7.542878037626099541e-01 6.024934544856647145e-01 3.120978141317404253e-01 4.502763794631157168e-01 4.340970472965628990e-01 3.319670525114461479e-01 2.441221483053666319e-01 5.707150985650464303e-01 5.342676696385484370e-01
2.346000000000000000e+03 4.892184556505937976e-01 5.786666562356023169e-01 6.622475451425687831e-01 7.059897864106461363e-01 5.311752658720836351e-01 6.187228518326416404e-01 6.120865371423468426e-01 4.405525554557941925e-01 5.919778652121998608e-01 3.710335552548007509e-01
2.347000000000000000e+03 4.985967148338353860e-01 6.592506466557693789e-01 6.646430434131213039e-01 5.344388042864254285e-01 5.871660945183303504e-01 6.268794625989659863e-01 5.770476287585892816e-01 3.617639036664280772e-01 4.521525009810229423e-01 4.996272963455306027e-01
2.348000000000000000e+03 5.906000883862848605e-01 6.622861443191228048e-01 5.102290219776389746e-01 6.019997512416618290e-01 5.966174613309594976e-01 6.020089176656472363e-01 4.622182879342887074e-01 2.365370118466649796e-01 6.570106840839144979e-01 4.948376840220932160e-01
2.349000000000000000e+03 6.140988120563048991e-01 5.799298684936265991e-01 5.995030345329477317e-01 6.431666287449976371e-01 6.002987276361207991e-01 5.415839703812795891e-01 3.118926638006794816e-01 4.478918439696573661e-01 6.767900329536097326e-01 4.183655197892782729e-01
2.350000000000000000e+03 5.272836674327915363e-01 6.428811829150375967e-01 6.447918012741107319e-01 6.558359780638223224e-01 5.533498545178012762e-01 4.325637133781716215e-01 6.387094418746176450e-01 4.728229533753845470e-01 5.638109129285893140e-01 3.953437266698066055e-01
2.354000000000000000e+03 6.223709333842182279e-01 5.971714773893124217e-01 7.717603839996568516e-01 8.123987463181602253e-01 6.272844192153487208e-01 5.854869861720621849e-01 2.478358415869584830e-01 2.251275644027188050e-01 5.440515138943968765e-01 4.142699616449176392e-01
3.041000000000000000e+03 4.075448241341823596e-01 5.760794949520360309e-01 5.187587505626611861e-01 8.778055336835411948e-01 6.430442176835465817e-01 6.524869409324793867e-01 6.102287017039063066e-01 4.752309459466710351e-01 5.186731717706412059e-01 3.638685652938100090e-01
3.042000000000000000e+03 5.186594170534881698e-01 5.865977391542585018e-01 8.533140388992035419e-01 6.990600808500621044e-01 6.471793913565491163e-01 6.586545954267657432e-01 6.716461517815912607e-01 3.234635570817255279e-01 4.720418057384213606e-01 2.506767104748113817e-01
3.179000000000000000e+03 5.267816021976953200e-01 4.822646861063221158e-01 4.258624425230150834e-01 6.801845717345649245e-01 6.185768789369403553e-01 6.138834216595355775e-01 6.799855733595422391e-01 5.276933101681285931e-01 6.287126032292287281e-01 4.240817079247187205e-01
3.182000000000000000e+03 5.854300633852818070e-01 6.299242239864036863e-01 5.791089322131863781e-01 6.808874589264686250e-01 6.763395962843665732e-01 5.639560146165443211e-01 4.045294877332558658e-01 3.415141057884664710e-01 5.681178433078739598e-01 4.217473855330197696e-01
3.183000000000000000e+03 5.862809032448981217e-01 6.322247826512926716e-01 6.832661823696815073e-01 7.486474286141903134e-01 5.771582700659073639e-01 5.088853180000925125e-01 4.847831848765403184e-01 3.774260990466312693e-01 5.730892891858477833e-01 3.480718144272753056e-01
3.184000000000000000e+03 5.726219230468573285e-01 6.853786088766965490e-01 7.228508189229093661e-01 6.088859550077040383e-01 5.068298039355931817e-01 5.479745518758289968e-01 5.084828174244482302e-01 3.618654104196489252e-01 4.349156396725752938e-01 4.748050414170545408e-01
3.185000000000000000e+03 6.279590566690655962e-01 7.072637422504968185e-01 5.892855916807016037e-01 5.207173330954341095e-01 5.363399806216899712e-01 5.602655827667490929e-01 4.772812469947003144e-01 2.307794797141308196e-01 6.288536835168949679e-01 4.961595492577818844e-01
3.292000000000000000e+03 6.735211523874263806e-01 4.816592411068022495e-01 8.360802833417827484e-01 5.024468194577530467e-01 5.509293701926807341e-01 6.442729189122031741e-01 5.857357352488079538e-01 3.950368287628365782e-01 5.252827016113253977e-01 3.714118954450713606e-01
3.348000000000000000e+03 4.353046535216759660e-01 5.927875384963765537e-01 5.392676176254225240e-01 5.927653108432850981e-01 6.226397719073059056e-01 5.830942739057802804e-01 6.597199112459652959e-01 3.689104486615444878e-01 5.695352550505037303e-01 5.483132612020013008e-01
3.349000000000000000e+03 5.024375888081948904e-01 5.687419372846024279e-01 5.447493485000105551e-01 6.226737551418628502e-01 5.397375564846353946e-01 6.465943323794048903e-01 4.476069042897125594e-01 3.264867683397901788e-01 7.150908039659678028e-01 5.463470159700367645e-01
3.350000000000000000e+03 4.769630684407456522e-01 5.736141936029818256e-01 5.740863673212427409e-01 5.285815171148597891e-01 5.985069256368763524e-01 4.837264494993811503e-01 3.868776685058196163e-01 4.607648702329675272e-01 7.140078355341518135e-01 5.927181250883657437e-01
3.351000000000000000e+03 4.793598099404982604e-01 5.899139873707976989e-01 4.839624130012234460e-01 5.922437881471873666e-01 4.487096065151704449e-01 4.320668508997958512e-01 5.820587240421248865e-01 4.559714290358427569e-01 7.828537336117395995e-01 5.945940416710736587e-01
3.352000000000000000e+03 4.979234831999584943e-01 5.317066253048464697e-01 5.424951556238166717e-01 4.186720612063961067e-01 4.028386283424752468e-01 5.843142558801658337e-01 5.754397078989814673e-01 5.189827620131267638e-01 7.862137741115580170e-01 5.943531197872552463e-01
3.509000000000000000e+03 4.084774481594382611e-01 3.166350783191657081e-01 2.677841142406188202e-01 3.003849967050453151e-01 6.737620251197045107e-01 8.696340737084327088e-01 5.467592591218503051e-01 6.392746404730467180e-01 8.175654509356113930e-01 6.781758609927897030e-01
3.510000000000000000e+03 1.687878042956002522e-01 3.709938521767145447e-01 2.444838852712457322e-01 6.453316943100454450e-01 7.646034325609254445e-01 5.235304206232892499e-01 8.065995404015220416e-01 5.218523194622404215e-01 8.862273532607460869e-01 7.125931649167512871e-01
3.647000000000000000e+03 4.717149096070742398e-01 6.131870578714200271e-01 5.078949146500633116e-01 4.525661648941328719e-01 4.844794466572610592e-01 6.400883555734269148e-01 6.523574260603316466e-01 5.044860424722619197e-01 7.321388239882640203e-01 4.612442810896977274e-01
3.648000000000000000e+03 5.461958863584941426e-01 5.669940299243103610e-01 4.453651914726964867e-01 4.935256694871362759e-01 6.178231171434677149e-01 6.710813590684231444e-01 6.892585255506658015e-01 5.003920836387539817e-01 6.063851117031053839e-01 4.154431695699132843e-01
3.649000000000000000e+03 5.238600654075984409e-01 5.526420225162737010e-01 5.232380117750838888e-01 6.929299922191251015e-01 6.838139397699947164e-01 7.424900440818859026e-01 7.379721973391976109e-01 4.224451814734327959e-01 5.742893384006471091e-01 2.505583656595243291e-01
3.650000000000000000e+03 4.968959671994397365e-01 5.935487262794644225e-01 6.905923229360324545e-01 7.533078368901130473e-01 7.337320218608660571e-01 7.646877233421992548e-01 6.010256950986023750e-01 3.797359368708769778e-01 2.995390259251887177e-01 3.157458085997432717e-01
3.651000000000000000e+03 5.391152058324895080e-01 6.989621039587253781e-01 7.407136181923434926e-01 8.058127864923444461e-01 7.488554474216757573e-01 6.527300507867920265e-01 5.302473206316986598e-01 1.249313467549573869e-01 3.973391004593009312e-01 3.210564170214342261e-01
3.652000000000000000e+03 6.679304881900197666e-01 7.409344155439180346e-01 8.032202094150266980e-01 8.392903762222047037e-01 6.621455446641512088e-01 6.128171243527116285e-01 1.681099552525262275e-01 2.269974848932567457e-01 4.199720824800572405e-01 2.757095808749486787e-01
3.653000000000000000e+03 7.127299026967994777e-01 7.794890152233736602e-01 8.306645968245536249e-01 7.349755787615961378e-01 6.233964527519491039e-01 3.274715023161122174e-01 3.167549316327390452e-01 2.447905922202804618e-01 3.453609335780397638e-01 4.046110880303184776e-01
3.654000000000000000e+03 7.662277193246487261e-01 8.064440201961149413e-01 7.493260344182358645e-01 7.052316604529302868e-01 3.806932061993951177e-01 4.578895016941808560e-01 3.622239024484923964e-01 1.893631290068564232e-01 5.624542925006085214e-01 3.642301840627649168e-01
3.655000000000000000e+03 7.933138398006813752e-01 7.507724949037040130e-01 7.177922797218935225e-01 4.181366198503363441e-01 4.935803025321859328e-01 4.887765893843264431e-01 2.733707112932780570e-01 3.833011952896815400e-01 4.944880078724685490e-01 4.348255337266679343e-01
3.669000000000000000e+03 4.026236462286637563e-01 5.659954480689687317e-01 7.535038988832158946e-01 8.405035376603744446e-01 7.313626609977287307e-01 1.000000000000000000e+00 9.427164346793954763e-01 4.105711091003236279e-01 1.523622010563874529e-01 1.079342772773476261e-01
3.670000000000000000e+03 5.390273249802546296e-01 7.674436229365182438e-01 8.629962397920558637e-01 8.496236481779805283e-01 1.000000000000000000e+00 9.636087661664411996e-01 6.336770667242225263e-01 2.875850508383071685e-02 1.112336063078173259e-01 0.000000000000000000e+00
3.948000000000000000e+03 7.088975072103577135e-01 6.782049531552893917e-01 4.210998279258942878e-01 3.856527209407812906e-01 4.372102021384376425e-01 3.425587867511584172e-01 3.669835066910941412e-01 3.706623176639509132e-01 8.311201903548771641e-01 6.593986174086458041e-01
4.132000000000000000e+03 5.184741424077413674e-01 4.818197849948624989e-01 2.851804795470234688e-01 8.545433945162026479e-01 7.278762509461159658e-01 6.863945687788739480e-01 6.672766591160371741e-01 4.835826765279200856e-01 6.727282994622639789e-01 3.124305299808349812e-01
4.133000000000000000e+03 4.169355636327960468e-01 4.384781702628293143e-01 8.376222847014421768e-01 8.037939723357701016e-01 6.827980223106150381e-01 7.089087995907257245e-01 6.916483608619783396e-01 4.687827926080564978e-01 3.964124206694286112e-01 3.150044145716005550e-01
4.134000000000000000e+03 3.571280367570073833e-01 7.872226313972637834e-01 7.757354654995732846e-01 7.344277329692575629e-01 6.884058778299215753e-01 7.116233268824319058e-01 6.486061472426666308e-01 2.032194112569087330e-01 3.852492361863005810e-01 3.147475563509052887e-01
4.135000000000000000e+03 7.388997985677784319e-01 7.386867737157096769e-01 6.995053658344175807e-01 7.268875384204988022e-01 6.787443454994550596e-01 6.646286128556508910e-01 2.338153274741917031e-01 1.815514013432170393e-01 3.722131086398972055e-01 3.356530376763311452e-01
4.560000000000000000e+03 7.366447665697959390e-01 6.848030191104289566e-01 6.071941754958910531e-01 6.340445841904223112e-01 4.274650538151819057e-01 3.899996204035277581e-01 4.829955459126502038e-01 3.995570306365364699e-01 5.573620885143307779e-01 4.474287529907044481e-01
4.561000000000000000e+03 6.488634744945910304e-01 6.513640936220743693e-01 6.418260118902467948e-01 4.606896091159214945e-01 4.225103953426196934e-01 5.714407670901392455e-01 5.735739271012915141e-01 3.688700143043266433e-01 6.149494333023293180e-01 4.707036917345290838e-01
4.657000000000000000e+03 1.000000000000000000e+00 1.000000000000000000e+00 7.939728055567348841e-01 2.707093747221624436e-01 3.770671957796333240e-01 3.455586724456920500e-01 2.085115356397855002e-01 1.493007760303169396e-01 3.309002462961057045e-01 5.127031155662709061e-01
4.948000000000000000e+03 6.228105742613935236e-01 6.253144014665730221e-01 5.545367064431890869e-01 6.015770503754208631e-01 6.539853789579677112e-01 5.882640488128882961e-01 1.769369527092441163e-01 2.463514015777995836e-01 6.700931475156289840e-01 5.628075208883757119e-01
5.028000000000000000e+03 6.322142182271861532e-01 6.532327961614839973e-01 6.153117892292230273e-01 3.352424106686438532e-01 6.271502646462644437e-01 6.808466284960089654e-01 5.984813811418856488e-01 3.841067570008819265e-01 5.726317373248370757e-01 3.746053545966917531e-01
5.029000000000000000e+03 6.061413678564900875e-01 6.501325337000753990e-01 3.587122701944666092e-01 6.819756612170592147e-01 6.738004359164411206e-01 6.508497100658524603e-01 5.369214838281953783e-01 3.737590687488462349e-01 4.902283709929436406e-01 4.372063721863223007e-01
5.030000000000000000e+03 5.999617169325093258e-01 4.810849165080330336e-01 6.719020682381998677e-01 7.321584847738463742e-01 6.434202010381517844e-01 5.990214881666146018e-01 5.164253221747715505e-01 2.953688444823239223e-01 5.852535248109751453e-01 4.356700209488472142e-01
5.031000000000000000e+03 4.148748066426389824e-01 6.885518938132213496e-01 7.240477811558171384e-01 7.037037171069856489e-01 6.028742550293862967e-01 5.896486175603389279e-01 4.074951066929938803e-01 3.875641905170963963e-01 5.890345481426799701e-01 3.949173063929704020e-01
5.032000000000000000e+03 6.297376403494560071e-01 7.064526069796557284e-01 6.734677780546926007e-01 6.296905832662317293e-01 5.713802855863052699e-01 4.791049582760127934e-01 5.124553367681802252e-01 3.689023318747245428e-01 5.005455536016216733e-01 3.739728428234453395e-01
5.034000000000000000e+03 6.888750233883532692e-01 6.973032086827941622e-01 6.764406064910961636e-01 5.916018260771368498e-01 6.434444333176827513e-01 6.483024055993181767e-01 5.040552447807036263e-01 3.518400393768194023e-01 4.779425813828696024e-01 2.327417107093106285e-01
5.205000000000000000e+03 5.231729877089279501e-01 5.607246660047178199e-01 4.265445316612947457e-01 4.310737981846820555e-01 4.970242720589838625e-01 4.757627837074378530e-01 7.804689136681948192e-01 5.267713424081442719e-01 7.226775749057922082e-01 5.517445288080331522e-01
5.212000000000000000e+03 5.495957401451535551e-01 5.911009248698734231e-01 5.715302577861882671e-01 6.246303882002880448e-01 6.112656311923617691e-01 6.654392180884974861e-01 4.941667637486454323e-01 3.714990267100074517e-01 6.017752248198638965e-01 4.260121165587819614e-01
5.554000000000000000e+03 6.184633708077875713e-01 7.001096700321187694e-01 6.068819212737973645e-01 5.132707724948770700e-01 5.443837475129000847e-01 5.624757982059591654e-01 4.704925392792253525e-01 3.138118266424741454e-01 5.588170698579627560e-01 4.875463308309268551e-01
5.555000000000000000e+03 6.584315262413494851e-01 6.443919568216049942e-01 5.210156748290837303e-01 5.852802795002899350e-01 5.673214836914367565e-01 5.507631202279137383e-01 4.311103089169850411e-01 3.608077463451096478e-01 6.678796852695777497e-01 4.276597585451555328e-01
5.556000000000000000e+03 5.988688282802663299e-01 5.912448757741048944e-01 5.908678763880493845e-01 6.163749004325922431e-01 5.606245073173115046e-01 5.243370094287063132e-01 5.069305161467366760e-01 4.637917067911770941e-01 5.774628026713792828e-01 4.393018262497074278e-01
5.557000000000000000e+03 5.344641756117013420e-01 6.323504472997785175e-01 6.127204583298687668e-01 6.014008151992528139e-01 5.307618229996249326e-01 5.764803971393021031e-01 6.522723795323424056e-01 3.755133007909631226e-01 5.893194242814457917e-01 4.250446471281384975e-01
5.558000000000000000e+03 5.866979993287757544e-01 6.520021259563685279e-01 6.074407215076917943e-01 5.758671426787239644e-01 5.854065041367771949e-01 6.984899345346587962e-01 5.314324422654018720e-01 3.938879968187151137e-01 5.751579174325976984e-01 3.220015882236086369e-01
5.559000000000000000e+03 6.277435958749233436e-01 6.655027487105958928e-01 6.101538803196326910e-01 6.679547492825603783e-01 7.193665733090933712e-01 6.317751429054621060e-01 5.941323505640900837e-01 4.044741373415998709e-01 4.383855969527401530e-01 2.197536855828942093e-01
5.877000000000000000e+03 6.236799443714478031e-01 5.922026436891695278e-01 6.397189908187270735e-01 5.658159497525933057e-01 7.331821452449517329e-01 7.080018973702069118e-01 6.064125042110424246e-01 4.154774864199929918e-01 4.156757596768028695e-01 2.804242513023876282e-01
5.878000000000000000e+03 5.674287825281527642e-01 6.925669530129816565e-01 6.103213971491825429e-01 8.501954537814871982e-01 7.367359268300447406e-01 7.000462505455594675e-01 6.391292616914047153e-01 2.675326244403203324e-01 3.820171470105820921e-01 1.987430164298629731e-01
6.309000000000000000e+03 7.993891915145491245e-01 7.154970558540374448e-01 5.271091588885086221e-01 5.077533572167084452e-01 5.117886278582974846e-01 5.101199998936648550e-01 2.480575843826753890e-01 2.776213029210400363e-01 6.734539317123070523e-01 4.789710230982913708e-01
6.322000000000000000e+03 8.041281553081953692e-01 6.412982507313527147e-01 5.653448071225206650e-01 4.860232347376319817e-01 6.756270312033096914e-01 6.308366125188111795e-01 4.437070824633502220e-01 2.793231400943962939e-01 4.222733161316406525e-01 4.207634573383106091e-01
6.327000000000000000e+03 6.923501210013969231e-01 6.678246045259310648e-01 5.952547325961694558e-01 5.423221872169721181e-01 6.411685472630781479e-01 7.315241763943350906e-01 3.849302674638521160e-01 4.050829842381219459e-01 4.454626932858475330e-01 3.282233403442378350e-01
6.328000000000000000e+03 6.294993306608100969e-01 6.433294724876582604e-01 5.575491183287480945e-01 7.087815079975926524e-01 7.282698494278586621e-01 4.946177249284011701e-01 5.812704351453162888e-01 2.665419591748761641e-01 4.265553040684121888e-01 4.349244004786821938e-01
6.329000000000000000e+03 5.937639672083454556e-01 6.114891834528815018e-01 6.983713583079584897e-01 7.976561007720301966e-01 5.052515057481766769e-01 6.356196756261094372e-01 3.585381523201554010e-01 2.391452436117907088e-01 5.836030908787749327e-01 4.446933676012330694e-01
6.330000000000000000e+03 5.663047869156456748e-01 7.103283139085631026e-01 7.909844081551120620e-01 5.507213296964564853e-01 6.423180775973188483e-01 4.740888777287693423e-01 3.327787164183952928e-01 3.924105503571814757e-01 6.102347481028411735e-01 3.497573347147581724e-01
6.331000000000000000e+03 6.657921210986375016e-01 7.602951720907846767e-01 5.496296309895214449e-01 6.930061522408681451e-01 4.828228148996545066e-01 4.376475901431833848e-01 5.412184940963742363e-01 4.025730919060429569e-01 4.451053507787203767e-01 4.144399926213587215e-01
6.585000000000000000e+03 3.673157322534285063e-01 5.438778603729276240e-01 5.780920857433389237e-01 5.559241535846088933e-01 4.946160128475972639e-01 4.495823069034368680e-01 4.901843243775189096e-01 6.974875152337320916e-01 7.754821067682339253e-01 5.355236122915864039e-01
6.762000000000000000e+03 5.290311772318484485e-01 5.628029289541384150e-01 3.981680999157345968e-01 4.021743762973633007e-01 7.660192074474757584e-01 7.087653796655639660e-01 6.308425960250879649e-01 4.960495419028209119e-01 5.901097767144726225e-01 4.354935772123036397e-01
6.763000000000000000e+03 4.988253862104394254e-01 5.038843812179599757e-01 4.118426657123279155e-01 8.345925475315282283e-01 6.912054047056648276e-01 6.675529959214538955e-01 6.936239497387545194e-01 3.824024149884491242e-01 5.782335976868157035e-01 3.938543829593754708e-01
7.175000000000000000e+03 3.857344688668312704e-01 4.398336455425655434e-01 4.939654537309885463e-01 8.133249851846867662e-01 6.594913211944889442e-01 7.330865792683188831e-01 6.457664224842928347e-01 4.590586784035787238e-01 7.182585439422830564e-01 3.759442559132970541e-01
7.176000000000000000e+03 3.486769074161574222e-01 5.551556547023814847e-01 7.706194209392140948e-01 6.922301971845440383e-01 6.970688415545809313e-01 6.614114524024081732e-01 6.154325161463545246e-01 4.838565366950943192e-01 4.677010883827103505e-01 3.657206872905650608e-01
7.515000000000000000e+03 4.972031473643256372e-01 4.942985403963343072e-01 5.374745505919560351e-01 6.595106277321863830e-01 3.965728251418778605e-01 6.090971234220005082e-01 5.908199757905723271e-01 5.102036525603665940e-01 7.575477423392457110e-01 5.026255418012069986e-01
7.516000000000000000e+03 3.832015693405667056e-01 5.596588876168336890e-01 5.934688538345002096e-01 3.467307894997512796e-01 5.515196722070985214e-01 5.801588652101271615e-01 6.424467824251660630e-01 4.865223760959009325e-01 6.310254801971737493e-01 6.686918403133914612e-01
7.517000000000000000e+03 4.657730068356322750e-01 6.043232828670832557e-01 3.207403063340321658e-01 5.407495024467270373e-01 5.377101472189245168e-01 6.338299398042701593e-01 6.244087000123269560e-01 3.830145024922430586e-01 9.053217303233153102e-01 4.978507628221908732e-01
7.532000000000000000e+03 5.929137431320939955e-01 6.237365270967073494e-01 4.074483393980157242e-01 4.675616125778904730e-01 4.275763379708940048e-01 2.441233950495746430e-01 7.449990602767447845e-01 6.158478466386557715e-01 7.314133170955287033e-01 5.554405935201884859e-01
7.533000000000000000e+03 5.795417309157573360e-01 5.208992619444977601e-01 4.885389397926693800e-01 4.596194061734318326e-01 2.907090441507571565e-01 7.743291887596972511e-01 8.960226384833086533e-01 5.264396350252363854e-01 7.841772693675700401e-01 3.529457981280417767e-01
7.534000000000000000e+03 4.457204723381058553e-01 5.571193391853757060e-01 4.559511553900097991e-01 2.728043233557349567e-01 7.420154662621374353e-01 8.651174167603447041e-01 7.277406593399580181e-01 5.515288339373566329e-01 4.398167645915854740e-01 4.849190838833513650e-01
7.535000000000000000e+03 5.026671305110094190e-01 5.505104297587761764e-01 3.075965349248610536e-01 8.221265760755127605e-01 8.446260292368780176e-01 7.578046057103341449e-01 7.957293620239747067e-01 2.581663629593451970e-01 6.700763019027157208e-01 2.425378236504581453e-01
7.583000000000000000e+03 6.509844872370810220e-01 5.956120417382037013e-01 5.189811296154260845e-01 4.431604265201023463e-01 4.608257092705703162e-01 5.858419849748017771e-01 5.891752669775938145e-01 4.174901614205546729e-01 5.877203380990069226e-01 5.519554192018998329e-01
7.584000000000000000e+03 5.408702655697352757e-01 5.870084937657353841e-01 4.564831074819011847e-01 4.876148166121122007e-01 5.878347781831740892e-01 6.426939362691319602e-01 5.857417420247469364e-01 3.867226138427641291e-01 7.689699341640312547e-01 4.582803349233898760e-01
7.585000000000000000e+03 5.180753862166483925e-01 5.347179367723817744e-01 4.790805134823142852e-01 6.155262528575337067e-01 6.217587110640054870e-01 6.210196720138518867e-01 5.152847315007239581e-01 5.354620127774768479e-01 6.033965167667889595e-01 4.654525443657537842e-01
7.594000000000000000e+03 6.454930575201436316e-01 6.730218735704608379e-01 5.939806175755778517e-01 5.276749223211374407e-01 4.779578672998181510e-01 6.158876474479387797e-01 6.391487252983509837e-01 3.829461934350982810e-01 5.465057609079518874e-01 3.838169876225754340e-01
7.595000000000000000e+03 6.355942703888005640e-01 6.427362335111146407e-01 5.445199466549461853e-01 5.193440284649788463e-01 6.249466903736811130e-01 6.929802639924784735e-01 5.486034528897193452e-01 3.589181186220957165e-01 5.145747660153076053e-01 3.924698757559284545e-01
7.596000000000000000e+03 5.940869457483519689e-01 6.039075839429207671e-01 5.265926542369763208e-01 6.789937930584687420e-01 6.843145485804229544e-01 6.116105336166357542e-01 4.986876593371210586e-01 3.205344074397550314e-01 5.180144272363541580e-01 4.422837407039490465e-01
7.597000000000000000e+03 5.458877684789533724e-01 5.881302919601487655e-01 6.661215243736193781e-01 7.410369888824902551e-01 6.053793390017002674e-01 5.660491256359375667e-01 4.326207066302962811e-01 3.179293618559773105e-01 5.902379192675534236e-01 4.425174387390257702e-01
7.865000000000000000e+03 4.844728057823909917e-01 4.519720986344432090e-01 2.684891942731879588e-01 4.221946476648497093e-01 4.564070383037422962e-01 8.004517926630462243e-01 7.791066087012189501e-01 5.199745027232866024e-01 7.526558264115525976e-01 6.139694554325281217e-01
8.002000000000000000e+03 4.657816357310404221e-01 3.997112155051878446e-01 1.660657424734798826e-01 3.065409700589858955e-01 5.630939211519047083e-01 8.739374436411107006e-01 1.000000000000000000e+00 4.763900273074459513e-01 8.106666078100148720e-01 5.869619506109388096e-01
8.003000000000000000e+03 2.926844437296939883e-01 3.325076984689460113e-01 2.925342072464928167e-01 5.635367393534624902e-01 8.088432366718401045e-01 9.209945079405711388e-01 6.207948033695016576e-01 5.542062289831800603e-01 7.850842856215861643e-01 5.207361669699206441e-01
8.004000000000000000e+03 2.103696952514051699e-01 4.083321816725604680e-01 5.175598168137522936e-01 8.384399136927724872e-01 8.418165189117339242e-01 6.157871136944195189e-01 7.241144749660406443e-01 5.221669010619663931e-01 6.711587640854433934e-01 4.263223127623407827e-01
8.190000000000000000e+03 8.784372035735777962e-01 9.315805168225506083e-01 8.972920202004959211e-01 7.266657748740839029e-01 7.067372005336614027e-01 7.549472270929812323e-01 7.817886706246267650e-03 8.431042483649052455e-02 1.849616028015491076e-01 1.237997686932472696e-01
8.495000000000000000e+03 5.899885888446357862e-01 6.378476631155188814e-01 7.128714246598729654e-01 7.915705210834302896e-01 4.449520300376748616e-01 4.207579501416136014e-01 5.088117173837426455e-01 3.421524062919840681e-01 3.201580089328214251e-01 6.109543409852544738e-01
8.741000000000000000e+03 4.989582477515177028e-01 5.704687017742421373e-01 6.397234653356959067e-01 6.516372882818892709e-01 6.164563629736048433e-01 4.528896545774604987e-01 5.859075898887887712e-01 4.681573203804020866e-01 6.025151619359471189e-01 4.443998188260678273e-01
8.742000000000000000e+03 5.039803106802621668e-01 6.576615867248989389e-01 6.350652693890674882e-01 6.555073623943329375e-01 4.574568134220511340e-01 6.275897011448084983e-01 6.454606634558877065e-01 3.894294168461251981e-01 5.875841866563171756e-01 3.946997915266500789e-01
8.743000000000000000e+03 6.036729192275817057e-01 6.563314658622152464e-01 6.412112963876821503e-01 4.735032395798506322e-01 6.164542505237278203e-01 6.766922295577401103e-01 5.311222927113296022e-01 3.781831884815595179e-01 5.118264155396319293e-01 3.842918071328462748e-01
8.744000000000000000e+03 6.170926618691909837e-01 6.736186472328833386e-01 4.953086426518206187e-01 6.807715544133493557e-01 6.797485131440301753e-01 6.091759070844999790e-01 5.418886599529878501e-01 3.276040167362399558e-01 5.156300914634036614e-01 3.546453378815407897e-01
8.745000000000000000e+03 6.528228450935087412e-01 5.933538776225663058e-01 7.072105536877698606e-01 7.789566095102922194e-01 6.403156477743566777e-01 6.410939966857088779e-01 4.963188198480624758e-01 3.512237029141074829e-01 4.909833608922561377e-01 2.396786520323705427e-01
8.746000000000000000e+03 5.634526944834769013e-01 7.317228515974268932e-01 7.980189570080370443e-01 7.341761020312457253e-01 6.698926502648109294e-01 6.066473951969300060e-01 5.330703037584263448e-01 3.296671635693866342e-01 3.106059377679061817e-01 2.648123669303040773e-01
8.747000000000000000e+03 7.084907931769788281e-01 7.815513985079568515e-01 7.429375663000196139e-01 7.531390829994580871e-01 6.257253827513016287e-01 6.204765115823019928e-01 4.817758862938131825e-01 1.526330539489196003e-01 3.363895721069570799e-01 2.673315817323300148e-01
9.134000000000000000e+03 4.887795353157360356e-01 7.216063809622448311e-01 6.505746854317032701e-01 4.689506490246361237e-01 5.178759497726396210e-01 6.490424920245506657e-01 6.691520943833606516e-01 4.081529488046442000e-01 5.402424072102933739e-01 3.961083972309719092e-01
1.023900000000000000e+04 5.540550845856030415e-01 6.438935963853120725e-01 5.396148037826886679e-01 6.189270163098945510e-01 4.845437327962133223e-01 5.824218273859745887e-01 5.835123874362209140e-01 2.526093668123748914e-01 6.589931399669388679e-01 5.335394741688905818e-01
1.025600000000000000e+04 3.861888517007516231e-01 6.110702106282480672e-01 5.927332574510769669e-01 6.994569183641143884e-01 6.162950696148682406e-01 6.115194904799589048e-01 6.482768239778522457e-01 5.306620489348059522e-01 6.786565523402404709e-01 2.888374701452439686e-01
1.025700000000000000e+04 5.531749617050851775e-01 6.304138678833377529e-01 6.837933815299052087e-01 6.608245123070591864e-01 6.043309686071273168e-01 6.814291186418457436e-01 7.458347138359527895e-01 4.633009193538078496e-01 3.473446630875197116e-01 2.690647875645227893e-01
1.025800000000000000e+04 5.944354297543683607e-01 7.070177681820052351e-01 6.753791291975955735e-01 6.763309665546948235e-01 6.923145616616386278e-01 7.856911006501838823e-01 6.812949471783739108e-01 1.856688868470045550e-01 3.426133329310798725e-01 2.612386857862974976e-01
1.033700000000000000e+04 5.119850763093702906e-01 6.464766765345374422e-01 7.195816854867931323e-01 5.715128708842284189e-01 5.577248563227393818e-01 5.892995399803435674e-01 4.908021549749627122e-01 3.995939453691148002e-01 5.996937468276317684e-01 4.069475350340203690e-01
1.087900000000000000e+04 3.960082012009411567e-01 6.418165700503800641e-01 6.565108525514542492e-01 6.572309280914376828e-01 6.291055545231249990e-01 7.248382814442595468e-01 4.823149083309162255e-01 3.342922035940151249e-01 5.764097628814427443e-01 4.374427083691945217e-01
1.100400000000000000e+04 7.822864848235003832e-01 7.528990352005541231e-01 6.510474687119799375e-01 4.555900005338988090e-01 3.307373577433397882e-01 4.228234817041765514e-01 4.518653166769245333e-01 3.597471774267672617e-01 4.756532178060279836e-01 5.560485260655546602e-01
1.100500000000000000e+04 7.223587339158580312e-01 6.772602205331952341e-01 4.747175163615887095e-01 3.438447811830727119e-01 4.481956411127935302e-01 5.430145541165843914e-01 5.085755211346540960e-01 2.908483604967096459e-01 7.822696033836070706e-01 5.325772231861585215e-01
1.100600000000000000e+04 6.333500672454445146e-01 5.590470031388911076e-01 3.669205483493347408e-01 4.742514798485055749e-01 5.505906567654027528e-01 5.812105948754034968e-01 3.977440337759191591e-01 5.650187500992033263e-01 7.396235068595228279e-01 5.129785525589721784e-01
1.100700000000000000e+04 4.856958067995640893e-01 4.756626357251625414e-01 4.654672217726923966e-01 5.706922298726138099e-01 5.653479358785856723e-01 4.732168224585101002e-01 7.802576752852546926e-01 5.074699027580095168e-01 6.882017864325852274e-01 5.531254221971623197e-01
1.100800000000000000e+04 3.804074826403308629e-01 5.291114910364814738e-01 5.373299816093226600e-01 5.700594328845671743e-01 4.533241671853440735e-01 7.537943005008865827e-01 6.721237162668202147e-01 4.459728379352678740e-01 7.353254861322657820e-01 5.177300503885431393e-01
1.119500000000000000e+04 5.614728250592490033e-01 6.191623456876702569e-01 5.181962418532213288e-01 5.475229941420935997e-01 5.238230787111436415e-01 6.073791453032907350e-01 4.423416450531366673e-01 5.421289431616093113e-01 5.294894534615661730e-01 5.105088708583996882e-01
1.119700000000000000e+04 5.090728066674831132e-01 5.891211005028580416e-01 5.344273225500114632e-01 6.252694328335506313e-01 5.084257130796331348e-01 7.540607304189265170e-01 4.202711362283502172e-01 4.654979281393313295e-01 5.538973008913056217e-01 5.006980980629961442e-01
1.119800000000000000e+04 5.229251746863927686e-01 5.875323730087050889e-01 6.082560037588188306e-01 5.269450303152244386e-01 7.247581993415931345e-01 4.958038580027641640e-01 6.378089807776518017e-01 3.427127210617114117e-01 6.736261752312097117e-01 4.187661542647756474e-01
1.119900000000000000e+04 5.222030275769358187e-01 6.364126266198922854e-01 5.198736312144559557e-01 7.800360149116105646e-01 4.947277101973461821e-01 6.666676881674531430e-01 4.559711015777737075e-01 4.530470153843156877e-01 5.459375479873737058e-01 4.224741248744497413e-01
1.120000000000000000e+04 5.726976211358182356e-01 5.751772610484474635e-01 7.451667597545009736e-01 5.061236895068901287e-01 6.422274017420561698e-01 5.188888474717948673e-01 6.131131628795697397e-01 3.314289208917681750e-01 5.459078908654916296e-01 4.554179386654076955e-01
1.120200000000000000e+04 6.664266950253847632e-01 5.575420785756957098e-01 6.493445214948767585e-01 5.212557200829023296e-01 6.173192818244760405e-01 4.971869635243326702e-01 4.280479538345147716e-01 3.766730740831897295e-01 6.418369011482932818e-01 4.664762307636886596e-01
1.120400000000000000e+04 5.994113360106487765e-01 5.689543998079461540e-01 6.266574814279317618e-01 5.027641333988752681e-01 4.918093831029035079e-01 5.538434811062175056e-01 5.638521901354590637e-01 3.959302878052437524e-01 6.690272754892687690e-01 4.940686328733863153e-01
1.120500000000000000e+04 4.969456669718661512e-01 6.444081818723036426e-01 4.917081293550745191e-01 5.025743863016108870e-01 5.410101650978058618e-01 6.027045709827433262e-01 5.274266498007844639e-01 4.433683866724013045e-01 6.585922308225847788e-01 5.227836205217570864e-01
1.126000000000000000e+04 6.387592940379341888e-01 6.466397290858622027e-01 6.510725517034354759e-01 5.802801548704075163e-01 5.827536414473527548e-01 5.498065528227518151e-01 4.588653178486401529e-01 3.350973416923555548e-01 5.187728727186721178e-01 4.535224237879576514e-01
1.126100000000000000e+04 5.923791858778102437e-01 6.676787792565206381e-01 5.739361239392819503e-01 6.207845065732379153e-01 5.481323118626965085e-01 5.329705255928637309e-01 4.517585680517841040e-01 3.168402197137777931e-01 6.059959149422520230e-01 4.922089376038536468e-01
1.126200000000000000e+04 6.075435582974884063e-01 6.100825904135440680e-01 5.993786759116781493e-01 5.678783505033655477e-01 5.221663330021611982e-01 5.152994585196377653e-01 4.088393680267438657e-01 3.858432012454863225e-01 6.555105067980132594e-01 5.175827801253872762e-01
1.126300000000000000e+04 5.466200820446680542e-01 6.298692206300449126e-01 5.560751057393273911e-01 5.431991266722302480e-01 5.110677923087820762e-01 4.871743025349257183e-01 5.189167362112483417e-01 4.354679592561692680e-01 7.004917421033239888e-01 5.022069879079468224e-01
1.126400000000000000e+04 5.620137056284560950e-01 5.956982914337307644e-01 5.242035736489664144e-01 5.200960083255371513e-01 4.770974649348555530e-01 5.630548697500433741e-01 5.805936765580913539e-01 4.679952004434225210e-01 6.670042908450259933e-01 5.024314711205145612e-01
1.137900000000000000e+04 6.854196119462926395e-01 7.525896574176865750e-01 5.296678945183763698e-01 6.023263834041423515e-01 5.789027970309593707e-01 6.509708593352706574e-01 4.733167681907649027e-01 2.700742106590104386e-01 4.635473193655346713e-01 3.901268057160276470e-01
1.138200000000000000e+04 6.894487728621399025e-01 7.415035999330794603e-01 8.285911011095613565e-01 7.473791631341425434e-01 6.084182567111625639e-01 6.129571820999223375e-01 6.197652457347890831e-01 2.006107372516660881e-01 2.791760312454374393e-01 2.266966736176736774e-01
1.138300000000000000e+04 7.254987482036647783e-01 8.067985397041756990e-01 7.632837508799167336e-01 6.906621012263403081e-01 6.391564138903182979e-01 6.966891179107206344e-01 2.995411585525726283e-01 1.313856060909519563e-01 2.843858905774165335e-01 3.294068946439428491e-01
1.167500000000000000e+04 5.670140353892632046e-01 7.078880847915457464e-01 6.527704024921734405e-01 5.742797000182171541e-01 5.208552995100720340e-01 5.464042561505098039e-01 6.005136867139763135e-01 3.337600527115005544e-01 5.287102376095135225e-01 4.305629398042477018e-01
1.170800000000000000e+04 5.277291666945627124e-01 5.995105827407762877e-01 5.971597926203350282e-01 6.524926502815732166e-01 6.190086814341345667e-01 6.363065934335608853e-01 5.355624456919935161e-01 4.647963872757545079e-01 5.891748554315948683e-01 3.406339013011348560e-01
1.170900000000000000e+04 5.449929411873328799e-01 6.375578940429723618e-01 6.474572173651840234e-01 6.711826103324043391e-01 6.327398220608101420e-01 6.005873986578655899e-01 6.561111058129649454e-01 3.877367284059691777e-01 4.354773812850427639e-01 3.539414221210585576e-01
1.175600000000000000e+04 5.859920008713981332e-01 6.266333982107555878e-01 6.219388905526306299e-01 8.711767551723873515e-01 6.822911744554448488e-01 7.650064976860699861e-01 7.260643769119984325e-01 3.193691695446311818e-01 4.256766034612804450e-01 1.203835844063787380e-01
1.175700000000000000e+04 6.066152408843425992e-01 6.814816184855084780e-01 8.903692890874519428e-01 7.917629006434153682e-01 7.885560400864266573e-01 7.940533657185190330e-01 4.960762557718748078e-01 2.773013385266138719e-01 1.302094904518797391e-01 1.621138081855425517e-01
1.175800000000000000e+04 6.616988441605460292e-01 8.501431882049800270e-01 8.087869205039062148e-01 9.056442677564592314e-01 8.061908205341766775e-01 6.054700348260925180e-01 4.210366801302072859e-01 0.000000000000000000e+00 1.873155664224921413e-01 2.302567495881119308e-01
1.175900000000000000e+04 8.480041371896743785e-01 7.944275137829125422e-01 9.087816092944345225e-01 9.216175932791550451e-01 6.331615977436979570e-01 5.426661754055600584e-01 0.000000000000000000e+00 4.835232063146276127e-02 2.907526476696419282e-01 3.011470720710081039e-01
1.189400000000000000e+04 5.719953268779253142e-01 6.825353837538841173e-01 8.619844064213297852e-01 6.791331399094150401e-01 6.333493174474397192e-01 5.540847807608318965e-01 4.925990634494893383e-01 2.943311834242871017e-01 4.249577053434749896e-01 3.231317498427417889e-01
1.189600000000000000e+04 7.947260751729657846e-01 6.985655447956788944e-01 6.990754102165285255e-01 6.225353285544966697e-01 5.888755502127710484e-01 5.159091362235529443e-01 3.426756490536750910e-01 2.399163392169367803e-01 4.757503738159063467e-01 3.783077571927722649e-01
1.189800000000000000e+04 7.104691456925783521e-01 6.956442218100967745e-01 6.990518806716268241e-01 6.343725798121481185e-01 5.285636261667965297e-01 5.019120620778271258e-01 4.755715434896216065e-01 3.616633081641336678e-01 4.813994308236138608e-01 3.453529311591522211e-01
1.189900000000000000e+04 6.710200810056722309e-01 7.199433889691297939e-01 6.558251784266082574e-01 5.932497273077149691e-01 5.357053937644652430e-01 5.800322098781494073e-01 5.352872879655062865e-01 3.119799831936738710e-01 4.674981090763793423e-01 3.707856137763282378e-01
1.194800000000000000e+04 5.429552014399237070e-01 6.168723589394808915e-01 5.537095129742406474e-01 7.676709667216535804e-01 5.266203126866743078e-01 5.095659123154270276e-01 4.233345392829179210e-01 3.113584813008110075e-01 6.587066849626613818e-01 5.243192623516941264e-01
1.194900000000000000e+04 5.415743966584605218e-01 5.889349032268338391e-01 7.211800446758444005e-01 5.293630987717725667e-01 4.895820540944905708e-01 4.802154422557573521e-01 3.839875290042809586e-01 4.226823427092834540e-01 6.938528155246360685e-01 5.448112857538670584e-01
1.195000000000000000e+04 5.168894654855701321e-01 7.035686127007179103e-01 5.126284124735593917e-01 4.962871717048947806e-01 4.718647091296322982e-01 4.591627420431324547e-01 5.628972315570880403e-01 4.629137794953289142e-01 7.351969645499666361e-01 4.920594457367198360e-01
1.195100000000000000e+04 6.437105964851304041e-01 5.666588043588989265e-01 4.800611536024712578e-01 4.731208136739660230e-01 4.507917747432935718e-01 5.959267099857193939e-01 6.199267567718170779e-01 4.984239514013876216e-01 6.497351775138971997e-01 4.840984628115802546e-01
1.195200000000000000e+04 5.001362376373302832e-01 5.543758374004632561e-01 4.725380133548857664e-01 4.635521837296552317e-01 5.861815106790693175e-01 6.546924007807785051e-01 6.915688117179429328e-01 4.329604439833787399e-01 6.507396913748095812e-01 5.161604867688192044e-01
1.195300000000000000e+04 4.710532609525256431e-01 5.358455452148666032e-01 4.427828728084252097e-01 5.978942764351018457e-01 6.189805554707638047e-01 6.882762024548270130e-01 5.651087843810370659e-01 4.148648073705178962e-01 6.803766963647686072e-01 5.114539015151294832e-01
1.241700000000000000e+04 5.561173878517917668e-01 6.292698299632937253e-01 7.184531176863673263e-01 7.770192335669310335e-01 7.154535357044253807e-01 7.607275696186184266e-01 5.995894579375130595e-01 3.795714739712892083e-01 3.103535856996489928e-01 2.075274001485930553e-01
1.252400000000000000e+04 3.984627280026912799e-01 5.321549349682445085e-01 5.399851571618884405e-01 5.844240387927800429e-01 7.702030511352387920e-01 5.787886775775439308e-01 5.054459348167672506e-01 4.274596814368924469e-01 6.437799811451061505e-01 5.310804828391065824e-01
1.253000000000000000e+04 4.459069811987534937e-01 5.566253271064516284e-01 4.836117709749317428e-01 5.745214825171658379e-01 6.662474315533277736e-01 6.636589154800336399e-01 6.134823233316363256e-01 4.318512503293840399e-01 6.039112846988682337e-01 4.981645835869762950e-01
1.253200000000000000e+04 4.477846941516533397e-01 5.728920100680596761e-01 6.359178586127350874e-01 6.294259999099589553e-01 5.809510754392053222e-01 5.733133576172814161e-01 4.546484463965200784e-01 4.029241544068425940e-01 5.457216232500237130e-01 5.955697393842520615e-01
1.254700000000000000e+04 5.986554130394895479e-01 6.400379802754042613e-01 6.498785920107539305e-01 6.445176618339361063e-01 6.315834430973538138e-01 5.717565680622620494e-01 5.213230911446544713e-01 3.316124618013642222e-01 5.278496699871374487e-01 3.802837464483631580e-01
