1.470000000000000000e+02 1.668121814444444850e-01 1.894850442950564429e-01 6.088731464749198852e-02 7.014340170835277055e-01 8.981085840863007874e-01 6.959461970093030470e-01 8.071299660224767747e-01 5.675860496825395618e-01 7.471988489108870590e-01 5.869311078198640175e-01
1.480000000000000000e+02 2.052430213595563824e-01 1.396931911709463348e-01 6.488377310521292740e-01 7.619971029463651346e-01 6.470179854283768517e-01 5.989494287378601678e-01 6.934909075675900203e-01 6.484263909948199123e-01 5.444258140557566295e-01 5.190747167073367363e-01
1.630000000000000000e+02 3.988880825588718149e-01 3.351655080180949708e-01 2.790962451034261216e-01 2.033260809584671591e-01 6.390232433135337731e-01 6.717162017755174963e-01 8.136841883516552354e-01 5.862674766993113407e-01 6.515279931237112354e-01 6.194394549531758720e-01
1.640000000000000000e+02 3.477239238766711149e-01 3.216480703122110429e-01 2.007198537299904328e-01 5.556312888795428284e-01 6.453875776365664008e-01 6.313288542747874654e-01 7.355751458171965185e-01 5.891306132519851246e-01 5.882338876664724436e-01 6.578038113263728892e-01
3.390000000000000000e+02 5.858695365911856801e-01 6.049373386942077380e-01 4.976238954955010674e-01 4.375247797390173221e-01 6.274083029919511612e-01 4.860183535202187155e-01 5.670650709494743369e-01 4.766130186000552271e-01 4.661447573991133186e-01 5.039099578879682184e-01
3.400000000000000000e+02 6.221991309360109801e-01 5.280435979958880699e-01 4.707288145558625736e-01 5.992282405104466525e-01 5.160995566719077665e-01 3.232561833771087634e-01 6.172951463498272950e-01 4.814750061970902162e-01 5.214350472532559566e-01 5.084250959757632415e-01
3.410000000000000000e+02 5.564097283176425712e-01 5.103868872031660509e-01 6.264915355790733331e-01 5.058700743805932820e-01 3.536745420518335181e-01 4.028190719747750115e-01 6.274193307733180180e-01 5.240207412232229522e-01 5.284766837099459380e-01 5.232434619996344516e-01
3.600000000000000000e+02 6.118817405230635442e-01 6.262585102628126510e-01 6.869990374060808147e-01 6.320055736575419525e-01 7.478714506162215114e-01 4.344919346295049722e-01 6.567303190025230997e-01 4.499527567426327423e-01 3.261215212807239694e-01 1.958897172147833488e-01
3.690000000000000000e+02 5.857859921231386435e-01 4.945487312023438276e-01 5.948454407070031813e-01 5.645951575565903990e-01 4.966767019623169466e-01 5.445502296116536689e-01 5.430823048336838044e-01 4.771676078852666314e-01 4.927073781701806210e-01 4.867230535157603954e-01
1.026000000000000000e+03 9.035875064454825800e-01 9.577474197247205501e-01 9.239071474792820426e-01 7.728334249724179150e-01 7.665648126635375981e-01 5.958757667710283812e-01 5.541740342264341868e-01 0.000000000000000000e+00 0.000000000000000000e+00 1.986491285542773821e-01
1.027000000000000000e+03 9.994466094834976166e-01 9.262133723959633524e-01 8.773166068114689464e-01 8.187571607924996053e-01 7.400628999422571574e-01 4.116745156785113213e-01 0.000000000000000000e+00 1.903406270483507801e-01 3.126319785244123794e-01 2.136876005856798710e-01
1.150000000000000000e+03 2.275140042113573402e-01 4.485468037351419412e-01 2.910172231736671833e-01 6.593316616388452678e-01 7.796688619446358048e-01 1.000000000000000000e+00 9.562343268443925792e-01 4.233218047230619119e-01 4.415875886644138326e-01 3.424841081129156861e-01
1.151000000000000000e+03 4.584671556121306391e-01 3.418826167442353126e-01 6.430071913467142464e-01 6.942508460227498901e-01 1.000000000000000000e+00 8.610537988513705665e-01 5.119701615112844939e-01 4.438613951659006185e-01 3.481243637437760885e-01 3.421037466307453312e-01
1.152000000000000000e+03 3.848671421564307527e-01 6.362197819082570094e-01 7.072105981900337346e-01 9.207949313203526165e-01 8.957124664506488365e-01 2.356849182794181485e-01 5.663870848475731634e-01 3.927560299442685032e-01 3.712388051495750796e-01 3.881007733637332202e-01
1.153000000000000000e+03 6.369418816221721347e-01 6.743135246920318737e-01 9.052361008738165626e-01 8.138204609839185810e-01 2.358392253271523464e-01 2.996775001787237991e-01 4.810969148764222547e-01 4.016753060003760978e-01 4.020423362988880811e-01 4.075616863960360159e-01
1.154000000000000000e+03 6.597725221610225566e-01 8.138940487660125678e-01 7.885920390677779723e-01 2.187560946814945950e-01 2.819887245363276729e-01 1.534885772143467220e-01 4.812264778000102661e-01 4.153337958245575945e-01 4.075821826730399722e-01 8.331985662647704016e-01
1.155000000000000000e+03 7.941957665855725601e-01 7.358159821376371035e-01 2.450056422229054398e-01 2.749158247961284718e-01 1.498926851404395189e-01 1.711662047928316777e-01 5.126712150304355564e-01 4.275111887528884047e-01 8.046630625302807482e-01 7.501415718433896984e-01
1.156000000000000000e+03 7.438007389027498917e-01 3.395968170801164088e-01 3.253774552257537866e-01 1.886244800003805400e-01 2.016241090498484545e-01 2.507936768848309517e-01 5.522127921743635870e-01 7.328685461406995172e-01 7.503715658293469426e-01 7.059490972126279962e-01
1.157000000000000000e+03 3.966914655750141128e-01 4.078109546754110637e-01 2.527299931144945666e-01 2.429023486321509329e-01 2.936412592804945043e-01 3.197506672889118828e-01 1.000000000000000000e+00 6.978657890575523659e-01 7.166583849277305962e-01 5.819556158145196001e-01
1.158000000000000000e+03 4.147436950860621252e-01 3.041063206366856342e-01 2.413513685308255330e-01 2.570590239774803720e-01 2.885327933810241108e-01 9.131994383940268412e-01 8.993839170799811100e-01 6.386114054943818896e-01 5.569234067672774735e-01 6.288382767658864392e-01
1.159000000000000000e+03 3.409710613527061618e-01 3.161405671286250940e-01 2.816971398225162071e-01 2.814366338434872161e-01 9.307722811458347678e-01 7.956090127891279895e-01 8.355657824392591637e-01 5.369796817518899257e-01 6.199233397687509139e-01 4.478071346990474821e-01
1.378000000000000000e+03 5.316137569193777335e-01 5.034643506256569756e-01 4.812824274700996940e-01 3.779686216709894353e-01 4.142158670014943200e-01 6.244337584576807876e-01 7.515533067246108478e-01 5.506540834890208957e-01 4.532893631611767948e-01 4.971429550739502878e-01
1.389000000000000000e+03 8.956614022395624763e-01 1.000000000000000000e+00 4.430165992971610844e-01 3.438502385582737353e-01 3.175248434027371780e-01 1.363486301725248540e-01 5.605217221231435509e-01 2.470880729519861208e-01 5.280203919072475882e-01 5.616714256427866037e-01
1.390000000000000000e+03 1.000000000000000000e+00 5.149302890148280687e-01 4.202608689632611472e-01 3.676207478567285469e-01 2.023851787682687253e-01 3.578632882371376445e-01 3.153647936927577722e-01 5.473438307917883883e-01 6.021513378294559571e-01 6.036932678063291480e-01
1.391000000000000000e+03 5.725060923552498515e-01 5.027646212185865604e-01 4.495341579711198410e-01 2.740224926192156851e-01 4.385110178775125656e-01 0.000000000000000000e+00 7.548242813655671180e-01 6.053727225616573060e-01 6.455415756983322595e-01 6.784437872591045915e-01
1.392000000000000000e+03 5.216371202834353404e-01 4.803357139819478538e-01 3.032303056780937811e-01 4.187898240218728696e-01 0.000000000000000000e+00 5.867209060509036567e-01 7.920701828064474759e-01 6.048025675913559773e-01 6.691595466134606651e-01 5.968705948705056441e-01
1.393000000000000000e+03 4.792479751859092807e-01 3.428544275757615667e-01 4.063340101007608118e-01 0.000000000000000000e+00 5.624541876852769962e-01 6.032848146016195345e-01 7.651080055945805869e-01 6.039349655599209887e-01 5.704285807453046697e-01 7.802056672057250397e-01
1.394000000000000000e+03 3.476972127315053895e-01 4.115628925554842832e-01 0.000000000000000000e+00 4.778521443733945717e-01 5.628812869410062536e-01 5.469642332326567491e-01 7.530296763663260062e-01 5.243898476671374764e-01 7.262740166016445897e-01 8.303681701714005214e-01
1.395000000000000000e+03 3.986090007446939643e-01 8.841997794400020816e-02 4.331935783065752332e-01 4.622871641788033337e-01 4.869111506807713985e-01 5.112359112298244801e-01 6.264352839795810368e-01 6.298434493284603697e-01 7.603840449686234404e-01 7.827573591102832129e-01
1.396000000000000000e+03 1.298821753769870135e-01 4.417676163169244052e-01 4.460495327426343137e-01 4.250646275006048636e-01 4.836736865147546194e-01 3.551364801594974474e-01 8.003669553445084128e-01 6.699146635882556877e-01 7.380620479639641296e-01 6.394020191922457075e-01
1.397000000000000000e+03 4.169961250330866398e-01 4.210481383205556538e-01 3.713088787135425117e-01 3.797803113350086135e-01 2.751385723449386034e-01 5.670090930734377199e-01 8.263602527118532048e-01 6.315823144772478859e-01 5.780584913335612418e-01 6.119301144671064341e-01
1.940000000000000000e+03 5.249655004768880584e-01 5.482741525148717709e-01 6.162039890901171990e-01 5.404249989439096069e-01 6.000956276806905798e-01 4.709444423328048024e-01 6.350214677448414724e-01 5.573588578872332722e-01 2.743658602491888532e-01 5.082179293179285295e-01
1.941000000000000000e+03 5.673610693077086875e-01 6.142097987103509737e-01 5.609360823609643720e-01 5.684599851145314409e-01 4.928277815110634896e-01 4.170576764520212421e-01 7.288083341874576071e-01 3.378678741390095941e-01 5.205218250773159250e-01 4.824341093653745638e-01
1.942000000000000000e+03 6.292126688417053471e-01 5.752891477706773005e-01 5.918598165136885747e-01 4.793767117236996111e-01 4.430683817000187208e-01 5.624001045496549445e-01 4.155029759822858604e-01 5.202051714478868050e-01 5.005907130646556347e-01 4.995230239965016139e-01
1.943000000000000000e+03 5.938931353127394619e-01 5.982977227358142747e-01 5.072426473556069793e-01 4.347446227966399457e-01 5.911602809229605793e-01 9.387691459020718054e-02 6.780367702705952793e-01 5.051107063705733147e-01 5.153607827921814488e-01 5.817156924608072321e-01
1.944000000000000000e+03 6.257424382531537876e-01 5.460344144396668264e-01 4.819061882743402303e-01 5.821888380072223201e-01 1.299980764238184427e-01 5.051450299331023963e-01 6.693950552331098258e-01 5.250144425922299574e-01 6.024157123536114655e-01 4.152096578081255207e-01
1.945000000000000000e+03 5.880523054204663813e-01 5.365052822100813135e-01 6.333677417875704929e-01 1.917042491253843906e-01 5.682789026242861530e-01 5.075750000263208328e-01 7.084241422452758341e-01 5.957647482387489202e-01 4.610513962291098999e-01 3.572433032360413097e-01
1.946000000000000000e+03 5.831462261471919151e-01 6.569651575492784223e-01 2.717133990546544697e-01 5.815274765645651600e-01 5.771484021141116694e-01 5.720388274172367726e-01 8.148209517629482201e-01 4.953049283142214043e-01 4.123668749241736209e-01 2.724704030913014385e-01
1.947000000000000000e+03 6.816965246428923209e-01 3.691596667305898638e-01 6.251771564362296196e-01 5.756600545798011836e-01 6.278236516534470013e-01 7.156694119801164655e-01 6.595068014868431527e-01 4.527035038822794788e-01 3.258483580371824284e-01 3.619522181794589955e-01
1.948000000000000000e+03 4.348499122036860731e-01 6.515825301576656514e-01 6.336713191192446804e-01 6.350023594644659264e-01 7.924710436946420522e-01 5.004189805905917554e-01 6.090285416165838184e-01 3.971125692476238367e-01 4.175309594010426228e-01 3.771659836584733139e-01
1.949000000000000000e+03 6.641270282173037387e-01 6.330054529370244820e-01 6.567353875254274831e-01 7.444730771448462292e-01 5.315896463198832578e-01 3.865379485014753813e-01 5.029420427763122703e-01 4.462739970119501409e-01 4.068945607308496748e-01 3.211392844853033779e-01
2.012000000000000000e+03 7.077180608061065525e-01 6.686180632751148600e-01 5.697601495869953903e-01 6.294119040717552904e-01 6.870049475800541483e-01 5.851123482870707049e-01 6.422660433224320897e-01 4.701153263543430549e-01 2.506149926865421929e-01 1.371931990706725946e-01
2.013000000000000000e+03 7.175214683183888109e-01 6.267375399108193745e-01 7.073322102377207488e-01 7.115616078840720782e-01 6.864058396563259556e-01 5.019892075807608212e-01 6.524790299947673677e-01 3.547062906658354220e-01 2.307193834713214542e-01 2.365703516105773507e-01
2.014000000000000000e+03 6.757282826436129541e-01 7.275339840972347982e-01 7.780272379526136373e-01 7.040875440422682541e-01 5.930219072697872074e-01 5.095488049470430214e-01 4.804936625842444742e-01 3.366084350056137708e-01 3.161106593460286662e-01 2.969516836015235750e-01
2.015000000000000000e+03 7.618596876052160516e-01 7.777320842400061718e-01 7.655813350657837413e-01 6.164221117531091254e-01 5.942288640115773735e-01 2.463561833374348919e-01 4.500775534400758837e-01 3.961074473223774040e-01 3.669002027873725647e-01 2.865063793034503536e-01
2.112000000000000000e+03 3.483776613803128419e-01 2.636257940431261937e-01 9.055576694669915938e-02 2.201609406366022148e-01 4.852616031076759651e-01 6.471174746610302009e-01 7.652494498207598195e-01 6.512690951478575796e-01 7.806080911890681540e-01 8.333204838485741561e-01
2.113000000000000000e+03 2.795716387424261318e-01 1.718831014164591553e-01 2.098903343724018156e-01 4.139576695181270138e-01 6.120345477991664396e-01 5.512513837451399334e-01 8.240401185619159463e-01 6.796525215774695816e-01 7.770009840675367041e-01 6.463396208651275288e-01
2.114000000000000000e+03 1.996553041571784981e-01 2.653446076365615358e-01 3.941224084094511748e-01 5.275482390376408093e-01 5.166994184796644962e-01 6.417955398963810509e-01 8.669568976797282778e-01 6.783902238273005203e-01 6.094550825519262638e-01 5.445809712734849262e-01
2.115000000000000000e+03 2.773756602151718487e-01 4.006221344237308468e-01 4.926959472927311956e-01 4.356276261478935208e-01 5.998874038422761235e-01 6.962778859830248690e-01 8.587811203236520585e-01 5.517370441991150676e-01 5.112572805101442963e-01 5.073073586543035418e-01
2.116000000000000000e+03 4.093412712690498445e-01 4.894017819580844808e-01 4.235993342775594139e-01 5.266895002408672477e-01 6.766667693096588554e-01 7.044601623081502284e-01 6.897185643795652465e-01 4.894949192402264782e-01 4.903694926709074031e-01 4.735260331676746648e-01
2.117000000000000000e+03 5.014380328175138679e-01 4.510953457249024523e-01 5.282480039975571140e-01 6.144181795680589975e-01 7.085034954709672483e-01 4.752272079569642149e-01 6.151424669507518095e-01 4.847952507508493936e-01 4.741913328289823482e-01 4.899410002586906399e-01
2.118000000000000000e+03 4.798708339223051178e-01 5.455509636129591833e-01 6.289772351138983586e-01 6.619122161297302798e-01 4.954936144072690229e-01 3.857211793365420971e-01 6.229029576560330961e-01 4.830542341584292965e-01 5.028730353550627807e-01 4.645617456780141707e-01
2.119000000000000000e+03 5.563509707991202147e-01 6.143577184174084937e-01 6.624040302825872084e-01 4.634541765678526493e-01 3.900752409843251667e-01 3.841461954174515414e-01 6.115733198411379412e-01 4.978945712249239763e-01 4.714948155075053826e-01 5.214367956352490285e-01
2.274000000000000000e+03 2.447436653316424071e-01 1.993558460895533957e-01 3.014238856774535957e-01 3.998545089869387503e-01 7.811106097558331296e-01 7.483683936646023938e-01 7.958417122927371468e-01 6.194884898241368454e-01 6.405739283875331314e-01 6.112849076022571770e-01
2.275000000000000000e+03 2.202669342382567175e-01 3.312726043980135371e-01 3.752634798434905661e-01 6.694922128364756420e-01 7.120414233965477457e-01 5.930781370950231057e-01 7.756783882852034129e-01 5.757219227199927847e-01 5.734379529998814284e-01 5.445439401496593446e-01
2.277000000000000000e+03 4.045226643128339572e-01 6.006739159228385860e-01 5.958109259283407289e-01 4.955451082308296451e-01 5.515077480395041976e-01 4.977732848007254685e-01 6.611872852816871315e-01 4.959656038706828918e-01 4.620510916735827145e-01 5.221970405145412997e-01
2.295000000000000000e+03 6.137197740588544725e-01 3.891175492214512532e-01 4.535571292707595847e-01 4.114370603163203799e-01 4.116359798659566804e-01 3.687497004355254626e-01 6.997284513317016952e-01 6.211169833476126723e-01 5.492002860588259816e-01 5.408995403777243638e-01
2.297000000000000000e+03 4.945546661898654328e-01 4.559607180232424506e-01 4.026051857191730310e-01 3.509831761855862764e-01 5.005016607749354085e-01 6.590048684466216500e-01 6.781912904173464929e-01 5.230070414138282553e-01 4.930780047926633380e-01 6.709724971903956448e-01
2.298000000000000000e+03 4.657494272763711973e-01 4.283173687885974967e-01 3.546862075350173948e-01 4.508927154560942729e-01 6.512489085474835182e-01 4.477568162787271544e-01 6.566176070918677832e-01 4.820030345128507587e-01 6.466407767482889035e-01 6.579497590630867254e-01
2.299000000000000000e+03 4.760217415266559393e-01 4.306793099699009475e-01 4.995274868832013104e-01 6.374760293795429522e-01 4.965537597953356697e-01 4.760876609293220318e-01 6.379615554670560185e-01 6.223059207383548896e-01 6.734428704789583442e-01 2.415663861760015407e-01
2.300000000000000000e+03 5.013444559265723965e-01 5.681373377730017937e-01 7.089305248536449389e-01 5.381408534599634308e-01 5.670461541235910508e-01 4.885061179587966151e-01 8.677614826418231786e-01 6.606803079217975494e-01 3.210498886864160406e-01 0.000000000000000000e+00
2.301000000000000000e+03 6.063731170579415020e-01 7.094692948814361744e-01 5.899798341317527006e-01 5.727254312800750258e-01 5.487450980521744182e-01 8.012845526763194837e-01 9.028508652827916814e-01 3.889979477300695154e-01 8.271283169785795253e-02 2.213629859035534941e-01
2.302000000000000000e+03 7.351590754509820247e-01 6.212613638758814893e-01 6.266669210806417034e-01 5.611465738559413552e-01 8.752830524540313739e-01 8.586461894087648039e-01 5.136199766746917250e-01 2.170601767387496106e-01 2.867460993304764005e-01 3.174530788901259726e-01
2.471000000000000000e+03 5.318963385749497785e-01 5.488329653128646290e-01 4.970574884358437417e-01 5.178096622612826661e-01 4.179357674831288283e-01 4.691393216131407029e-01 6.534342464542590712e-01 5.234651662497844526e-01 5.539491158649892943e-01 4.647575744661654462e-01
2.472000000000000000e+03 5.710431107326917610e-01 5.262614777784405673e-01 5.443606342445304058e-01 4.138211499218162337e-01 4.966312935567901987e-01 4.500291868907852488e-01 6.835626854045717682e-01 5.446580537116207932e-01 4.846011603534301493e-01 4.561088229199461996e-01
2.473000000000000000e+03 5.418596416687870843e-01 5.523861244561737438e-01 4.334497303484928232e-01 4.686208181308078591e-01 4.608579396810158491e-01 4.792410258637073150e-01 7.036115424585648315e-01 4.867005658190131645e-01 4.667720825502159609e-01 6.026614274093111678e-01
2.822000000000000000e+03 4.958547392752410965e-01 3.778450156414102090e-01 4.086132112521859150e-01 3.780494481601816004e-01 3.699036884479469101e-01 2.525356649412215382e-01 6.010026186641568291e-01 6.264977404285616558e-01 7.150048102502424285e-01 7.812370581082092036e-01
3.193000000000000000e+03 5.788034495699154736e-01 5.887909536680820954e-01 5.976418417174644837e-01 5.835551507625560408e-01 6.381546331640437497e-01 5.427520307053516069e-01 4.840246602466937165e-01 4.678881988491156996e-01 4.233637301169270173e-01 4.333639649574141384e-01
3.295000000000000000e+03 5.053664715615090453e-01 5.284514571949682216e-01 5.817197005346552707e-01 5.419744675744885276e-01 5.216432617614115141e-01 3.973441180799666128e-01 5.776308830205167943e-01 4.564447185031170751e-01 5.046804667239371822e-01 6.441281251892368998e-01
3.296000000000000000e+03 5.371124664222741707e-01 5.735448320719123139e-01 5.439438310981560276e-01 4.800962969792110790e-01 3.948740279365675621e-01 3.096951979237568264e-01 5.685085540800551840e-01 4.959862269840052962e-01 6.298827902363995923e-01 5.961657869878441707e-01
3.297000000000000000e+03 5.793173656294426932e-01 5.468665569335091625e-01 4.888990625007699209e-01 3.722969053026018993e-01 3.085675216113581421e-01 2.996687018684976445e-01 6.279831186935925791e-01 5.890788807116709158e-01 5.886812265800054345e-01 6.120178334778177964e-01
3.518000000000000000e+03 0.000000000000000000e+00 0.000000000000000000e+00 8.896455295970707999e-02 1.628214120468554904e-01 2.165631469422411859e-01 8.515667507893222021e-01 9.696550858076927737e-01 1.000000000000000000e+00 1.000000000000000000e+00 6.442098714257976644e-01
3.523000000000000000e+03 5.108889206664077864e-01 5.264671584808781057e-01 1.000000000000000000e+00 7.541014733784787705e-01 2.409653021452188848e-01 5.091723773025282895e-01 4.246784100120787886e-01 3.797801618313427774e-01 5.173322147634030754e-01 5.024127874957641238e-01
3.528000000000000000e+03 5.844240810999502544e-01 3.039539272464094055e-01 2.724634549721908217e-01 4.960060374639136960e-01 5.140391351951206778e-01 5.721407869672479052e-01 6.044828217997981756e-01 5.608212281144023814e-01 6.792685839102111656e-01 5.873914858466744437e-01
3.529000000000000000e+03 3.658058079356190651e-01 3.681151798382375495e-01 5.427205096399578821e-01 5.180823872005849706e-01 6.253463936014489466e-01 3.992515264489232552e-01 7.524714993290251286e-01 6.466022729590883422e-01 6.100331386115924737e-01 3.793176574550418123e-01
3.530000000000000000e+03 3.798604645510343381e-01 5.271615631689231529e-01 5.001235956298312191e-01 5.480931173916245847e-01 3.708727103407715719e-01 5.450313279236892461e-01 8.259267012903372951e-01 5.611351013650028863e-01 3.737558972862261575e-01 5.867543629410182371e-01
3.531000000000000000e+03 5.395327242804346390e-01 5.148979644031441705e-01 5.549108435483161017e-01 3.536027093485499262e-01 5.528364559193184036e-01 6.861217829247587829e-01 7.237629700039832636e-01 4.032408215744639479e-01 5.817980037275157779e-01 4.052159209268120232e-01
3.532000000000000000e+03 5.314685151899819493e-01 5.601783541657450183e-01 3.765197651250721256e-01 5.174225459758783341e-01 7.027800295054537072e-01 5.387157634332039313e-01 4.991338200192581009e-01 5.574660163696238957e-01 4.203175061795124123e-01 5.675038065855294578e-01
3.533000000000000000e+03 5.650412426445567959e-01 4.156362445235327607e-01 5.204530242421993025e-01 6.382497920980900741e-01 5.394566488331345999e-01 1.921226991095153214e-01 7.139635296821087440e-01 4.341384718931149966e-01 5.600733583952349770e-01 6.311221876885139137e-01
3.534000000000000000e+03 4.449896763240812625e-01 5.358295897284440779e-01 6.464773297503613181e-01 5.086366934920095728e-01 1.988866216249221552e-01 5.273633252036357133e-01 5.459168332837639470e-01 5.431140534191502001e-01 6.272532246922180033e-01 5.778683564867553857e-01
3.535000000000000000e+03 5.410158328796947913e-01 6.202706249015643714e-01 5.087608347472917236e-01 1.933132779484323938e-01 5.236110711044965615e-01 2.578143225411796968e-01 6.905122691705812832e-01 5.833434538457613616e-01 5.668741126567773403e-01 5.520956842967951195e-01
3.536000000000000000e+03 6.394205973925245479e-01 5.405983735660303546e-01 2.465924752526774677e-01 5.138266180565357333e-01 2.880161329972028006e-01 5.135828016644529148e-01 7.755663732289126422e-01 5.579299035673614959e-01 5.690656984519015804e-01 4.152406015332889555e-01
3.539000000000000000e+03 7.033553770061026222e-01 5.426179817057007471e-01 7.282990906803368247e-01 8.208620365938253949e-01 8.175523189271018953e-01 7.767870318273687458e-01 7.354798689033403836e-01 2.334397958452003041e-01 8.105869685818510584e-02 2.213767404333144284e-01
3.540000000000000000e+03 6.133906590852170604e-01 7.579160041786067170e-01 8.993619831143124799e-01 8.389016859505176171e-01 8.981336854577873785e-01 6.554049607220089335e-01 3.196980904289429271e-01 2.371900089838510362e-01 3.161159357815416238e-01 1.420037889368249984e-01
3.541000000000000000e+03 7.898251096470100263e-01 8.720327830120577772e-01 8.935861440503646280e-01 8.853919944026354960e-01 7.457481847494877858e-01 7.771811631212616027e-03 3.073890972575697988e-01 3.968167893120851941e-01 2.271783666900808463e-01 2.012728548443467325e-01
3.542000000000000000e+03 9.013003172703952792e-01 8.785508877043802789e-01 9.515460913340293425e-01 7.668835909664017958e-01 9.700894996885531252e-02 5.987807776167710337e-03 5.493055021766145574e-01 3.394966294678306573e-01 2.915609352120923092e-01 3.097550577193886601e-01
3.544000000000000000e+03 8.902553130591228658e-01 7.740871630473042941e-01 2.236115901858447552e-01 1.095086790511515945e-01 3.673856258129044039e-01 1.471077457237916220e-01 4.698464286524693945e-01 4.138104341245206208e-01 7.870922297918565569e-01 6.922462279127623574e-01
3.545000000000000000e+03 7.907287181035608237e-01 3.374096403938663391e-01 1.885648497169218341e-01 3.990538681838337043e-01 1.994664750630206207e-01 2.088700883963247878e-01 5.471753410724301547e-01 7.303603465981874932e-01 7.119496461462100356e-01 6.833085931543925184e-01
3.657000000000000000e+03 6.650337921346323178e-01 4.331077605448148127e-01 4.610436785149625849e-01 4.257044694252137829e-01 3.146518334533274230e-01 5.028502143762544341e-01 6.103549469591297294e-01 5.155465211595392505e-01 5.222696120841806566e-01 6.685375295149705854e-01
3.658000000000000000e+03 4.611922065977135388e-01 4.909310504074066439e-01 4.479025705653228440e-01 3.127235578569207974e-01 5.191089316798388476e-01 3.739631718780515590e-01 6.642040409059880579e-01 5.160262680642397903e-01 6.619039718415606899e-01 6.918971922768384353e-01
3.659000000000000000e+03 4.844537906629373114e-01 4.491539112152376223e-01 3.006788240483087571e-01 4.478290771082429900e-01 3.366474441014795649e-01 4.054053657756481743e-01 6.321283665829264820e-01 5.952320017237712202e-01 6.518780198004906490e-01 7.531207157919097561e-01
3.663000000000000000e+03 2.291551257889564708e-01 2.241588043764789207e-01 1.145810935912225242e-01 2.667426296184566281e-01 2.961254589261816950e-01 4.212284991744170703e-01 8.065287480643723583e-01 6.806220690790708572e-01 9.293504465320736596e-01 1.000000000000000000e+00
3.671000000000000000e+03 7.326092020308900832e-01 7.716686284383295069e-01 7.715478015599616102e-01 1.000000000000000000e+00 9.810731325415418258e-01 6.132636269055956602e-01 3.928300663542675375e-01 2.710696932239606283e-01 1.395798239253745812e-02 1.417805673562133606e-01
3.676000000000000000e+03 8.194980818006853962e-01 4.676798282102622162e-01 3.273635730052043002e-01 5.109795470052529848e-02 2.926482838163153577e-01 3.403707012489803896e-01 5.790821974590769639e-01 4.057005241073103341e-01 8.428634826230325672e-01 8.202514669982287066e-01
3.677000000000000000e+03 4.939192661541386697e-01 3.904426493551285682e-01 9.906890249905658807e-02 2.964815953137006632e-01 3.557330670666080663e-01 3.306954107275949517e-01 5.078710497887306552e-01 7.517724472602883568e-01 8.016597368703504145e-01 8.577209825200671212e-01
3.678000000000000000e+03 3.977499707457360367e-01 1.844434741666677036e-01 2.893557876018811870e-01 3.090046919983128193e-01 2.970158490690201214e-01 1.770646129525028645e-01 9.753422552619336328e-01 6.993967813136611200e-01 8.051144006165302791e-01 7.634439971169706407e-01
3.679000000000000000e+03 2.336013113171275246e-01 3.520304467000139326e-01 3.291835309985685076e-01 2.875135380062587287e-01 1.734551617199625861e-01 9.073592582397403961e-01 9.222925337846007432e-01 7.175228247954843486e-01 7.410120038831995437e-01 4.367379822415484725e-01
3.680000000000000000e+03 3.733589452187504598e-01 3.720455794267917837e-01 2.952541566540916040e-01 1.646677487348003621e-01 9.063006031838507504e-01 8.117994718811656352e-01 9.374164399135459513e-01 6.630759054990291723e-01 4.344075574761400715e-01 3.410520713673244608e-01
3.681000000000000000e+03 4.058699301639168144e-01 3.625095533930717817e-01 2.014420472521323835e-01 8.294866130774983803e-01 8.346203048491430687e-01 8.600762304733764463e-01 8.760704971431758636e-01 4.510749248575265935e-01 3.638463999036064545e-01 3.491284329789131613e-01
3.797000000000000000e+03 7.288645032246515720e-01 5.164535599984372283e-01 6.751053460981433219e-01 2.258424366891014501e-01 4.877171314173223138e-01 3.356265492730234334e-01 5.075473615627683621e-01 5.601502312178140430e-01 5.773023216745827302e-01 4.579485094675466716e-01
3.798000000000000000e+03 5.380031725328813241e-01 6.582957218474603245e-01 2.640878615007640207e-01 4.684043556143064890e-01 3.520376323983242517e-01 2.251405160799571370e-01 7.316434422502144930e-01 5.583290956121718107e-01 4.737974396592209425e-01 7.406854463560570423e-01
3.810000000000000000e+03 5.932586550954859206e-01 5.668745921023644607e-01 5.352466810102894934e-01 6.155548132982876508e-01 5.847409029695787019e-01 4.227633018395363096e-01 5.255257355419443721e-01 4.863112041640518246e-01 3.724474877738391254e-01 5.717419167436204042e-01
3.813000000000000000e+03 6.115292020488567459e-01 5.542514367466373493e-01 4.219348635886603360e-01 2.404059023666084982e-01 3.797792154508836115e-01 1.955835553291818685e-01 7.033338491258273040e-01 6.731855153439301187e-01 6.616493578398487951e-01 4.614281928305803970e-01
3.814000000000000000e+03 5.775860321119811180e-01 4.704758326375825805e-01 2.863894232898591685e-01 3.830583394910732631e-01 2.187110989775614134e-01 5.274429310263382131e-01 9.017716122773071774e-01 6.247238475802396884e-01 4.834681561852045562e-01 5.338697303277866180e-01
4.125000000000000000e+03 6.544248667284041643e-01 6.777930005183652185e-01 3.476206120161724478e-01 1.272314488994475412e-01 5.003098652436722693e-01 4.588775153699852227e-01 7.069027028393214396e-01 5.991779028241447369e-01 5.140045467625755649e-01 4.299347651507436918e-01
4.137000000000000000e+03 6.458315210933956996e-01 6.367969027726878561e-01 6.428150465084013776e-01 5.888342500314843742e-01 2.675283001231006930e-01 2.322903341022702906e-01 5.066480259094711114e-01 4.252864096633409141e-01 3.790427480000945204e-01 8.185092951586372401e-01
4.138000000000000000e+03 6.388016235214781791e-01 6.263726675218256323e-01 5.956169114185326796e-01 2.656986511819142693e-01 2.347298685231021809e-01 2.129053096107603738e-01 5.296078890612269108e-01 4.084488857103328319e-01 7.938076890407032016e-01 7.090188070164592515e-01
4.139000000000000000e+03 6.334846941979745960e-01 5.945717871474025529e-01 2.980559586450876042e-01 2.430968580343597363e-01 2.218185783171939263e-01 2.539593886440170145e-01 5.098675195508959312e-01 7.145585804606975344e-01 6.988907022853375617e-01 6.574126174191479155e-01
4.140000000000000000e+03 5.931197273206700871e-01 3.525628845257459121e-01 2.593215103978979696e-01 2.131316667560646250e-01 2.426645277692598135e-01 2.037743724465069517e-01 9.377521840518596719e-01 6.355122045510424034e-01 6.388001422725705369e-01 7.822153818245443091e-01
4.478000000000000000e+03 4.966209944065247406e-01 2.955099552429650833e-01 4.046045973363098791e-01 7.627026919886457090e-01 6.702402218814254020e-01 6.346376613680920764e-01 8.885221017317280756e-01 5.015294502178416769e-01 4.858782200717033928e-01 2.413626639908900973e-01
4.484000000000000000e+03 8.232311792623480118e-01 6.024411885448142101e-01 5.841806279683051661e-01 2.708219622354559597e-01 2.888862044274476681e-01 3.960471097722286227e-01 5.877238056715859971e-01 4.474605491520280975e-01 3.973567451742695544e-01 6.690985119575227902e-01
4.661000000000000000e+03 5.512769861889469381e-01 5.147467248961822284e-01 4.720643924440812156e-01 4.106113094991243329e-01 4.059112164698243097e-01 8.084847440881488545e-01 5.564660409622114168e-01 4.981767451114723633e-01 5.146028459398189758e-01 5.355703443214868686e-01
4.662000000000000000e+03 5.392035957666639900e-01 5.053882019965120209e-01 4.415294888027381237e-01 4.009680019988554056e-01 8.424944539508397723e-01 3.028024992004694216e-01 6.453166206624026957e-01 5.147160998081816707e-01 5.471935747248853898e-01 4.958502150978497669e-01
4.958000000000000000e+03 5.092725850305923618e-01 6.419744245176036701e-01 5.012475066598697238e-01 4.992430786083418837e-01 5.142935808692380428e-01 4.112900833688114544e-01 7.329002814835726687e-01 4.427518430347744949e-01 4.841561498544518227e-01 4.931615600649310038e-01
5.052000000000000000e+03 3.147929601184467074e-01 3.852462580628246425e-01 4.005024765462697478e-01 6.571944287562760945e-01 7.556300009768344150e-01 4.995726462618453878e-01 7.018122409448734889e-01 5.695518975067477285e-01 5.140062533654057297e-01 5.482027267493526645e-01
5.053000000000000000e+03 4.043913113633303413e-01 4.284602000428893165e-01 6.443100461447013316e-01 6.767301815757650330e-01 4.904021187763757395e-01 4.856855290508255707e-01 7.256078605069775644e-01 4.985413736727671852e-01 5.370805075185167698e-01 4.231685332962062396e-01
5.225000000000000000e+03 4.876542682304200738e-01 4.443799576768325266e-01 3.915000436937171036e-01 3.865671796103147817e-01 3.586365966053332022e-01 3.976527538331721678e-01 6.840632229863449210e-01 5.714669762031235889e-01 7.124024527916212879e-01 6.320992851980573590e-01
5.226000000000000000e+03 4.598006908357187283e-01 4.246837612778162629e-01 3.944469386676060507e-01 3.334610650993331538e-01 3.907572895302817151e-01 4.640687401569536519e-01 7.316244907396393105e-01 6.456479142450687325e-01 6.162208047263321165e-01 6.019639419598601382e-01
5.889000000000000000e+03 5.706951587642767887e-01 5.334695969353121514e-01 5.992484738477270589e-01 4.513313818696371715e-01 3.819866843615052909e-01 2.314720044083916350e-01 6.017342144753464739e-01 4.417184777959936581e-01 4.997682515919905089e-01 8.294445697043276722e-01
5.890000000000000000e+03 5.315450977116922271e-01 5.757144226643658991e-01 4.442132918450556467e-01 3.421973580350890498e-01 2.068367222335005529e-01 3.283023010880972148e-01 5.356453108481309400e-01 4.843418446229652563e-01 7.867760239924880272e-01 7.847146423193221976e-01
5.891000000000000000e+03 5.764411545552640126e-01 4.648964968419003752e-01 3.524695233618305723e-01 2.001704859697037708e-01 3.191573704512884468e-01 2.423835897369020498e-01 6.056107426317031139e-01 6.997635215237486550e-01 7.543222451692830344e-01 6.576519524858134291e-01
5.892000000000000000e+03 4.798482619074339595e-01 3.967237963320834893e-01 2.221323351022656267e-01 3.016735424487931305e-01 2.345491025532988050e-01 3.501981257173613082e-01 9.188850075160556186e-01 6.777058545470033835e-01 6.413665539739594745e-01 6.899270098964381814e-01
5.893000000000000000e+03 4.195352713745532647e-01 2.970444217283986221e-01 3.179134535907183201e-01 2.281331149636022237e-01 3.458606007582431530e-01 8.179240637867808417e-01 8.874658687091354636e-01 5.955154248004039808e-01 6.710235489404405840e-01 5.690416658682686535e-01
5.894000000000000000e+03 3.239615552226446926e-01 3.628618237628858934e-01 2.388448580515191988e-01 3.148847921569083996e-01 8.136580187621369475e-01 7.590541586159107457e-01 7.607974943034765403e-01 6.115971169585185940e-01 5.538131639823251628e-01 5.713783272713353067e-01
5.895000000000000000e+03 3.669554863355925511e-01 2.846932123426187400e-01 2.974522738764721619e-01 6.999903052554339311e-01 7.253022580444122847e-01 5.430956993651026021e-01 7.657951671375684555e-01 5.134502736344364049e-01 5.387009484691832606e-01 6.263655759233567322e-01
5.896000000000000000e+03 3.038406964901975704e-01 3.368740638513594288e-01 6.680951158862611372e-01 6.327428228721457826e-01 5.152305440569632244e-01 5.617269319864983679e-01 6.317092097400089923e-01 5.076057309167467668e-01 5.956333561399279608e-01 6.080388966158459807e-01
5.897000000000000000e+03 3.555462151295904483e-01 6.273280824671200184e-01 6.128115682927510743e-01 4.571446334842643733e-01 5.438135689464989042e-01 3.710886068121530545e-01 6.294451330510997256e-01 5.534391893531741546e-01 5.848897473580979556e-01 4.735867836083188509e-01
5.898000000000000000e+03 6.581381336224307876e-01 6.345033604212327871e-01 5.124782090210762142e-01 5.508569183242394418e-01 4.263751144627987988e-01 4.439106483993038310e-01 7.467847645501211051e-01 5.810757379500518516e-01 5.114713874217329259e-01 5.512115412600523262e-02
6.316000000000000000e+03 4.535168175513155653e-01 5.640920972689662527e-01 5.163532726226693903e-01 8.043124737690484638e-01 9.438134287503234798e-01 5.848682402026401661e-01 7.380894470698992071e-01 4.000755125817426205e-01 3.208415070338048181e-01 2.193124016483803118e-01
6.326000000000000000e+03 6.857701768103335871e-01 6.315977352716438675e-01 5.291586219087797138e-01 4.402264176359883541e-01 3.780565893236685349e-01 5.043829711214808942e-01 7.448026809206883536e-01 4.336774869600087401e-01 4.929633603620930393e-01 3.325388172174923440e-01
6.589000000000000000e+03 4.253905324813025968e-01 3.541100873477183719e-01 3.697781885670669011e-01 7.157851025956060154e-01 5.661793364930454153e-01 4.864704764004568749e-01 7.119783242601095408e-01 5.855709913941339329e-01 4.657871094735361872e-01 5.843841294658449481e-01
6.591000000000000000e+03 4.421751255246464396e-01 6.808428649060346283e-01 5.368092685316566692e-01 4.644567378735706131e-01 5.279634529691120681e-01 5.909852084256023153e-01 5.959350604491669978e-01 5.557402855204274239e-01 4.164834521251540300e-01 4.421654317169310122e-01
6.592000000000000000e+03 6.840164909851667030e-01 5.516892395449582986e-01 4.876177926086892600e-01 5.031398705938803229e-01 6.136751171764577295e-01 3.563986203076451864e-01 7.248860618322225946e-01 4.405888048969338611e-01 4.591140679793826451e-01 3.970142363318951428e-01
6.772000000000000000e+03 5.530977898577190688e-01 5.460112379606119060e-01 4.694137836971085664e-01 4.229100989415723322e-01 3.826083412708158327e-01 3.613174170257412721e-01 4.858511610347020504e-01 5.933046137678198440e-01 5.861712820587120509e-01 6.727027508677476675e-01
6.795000000000000000e+03 8.004227660312577264e-01 6.141310995639523984e-01 6.221381284812508294e-01 6.019781361150133847e-01 6.224742879708511367e-01 4.859698153597560855e-01 4.825367447555998224e-01 3.954414813523036143e-01 3.608376116646506704e-01 3.331076188344359035e-01
6.796000000000000000e+03 6.689662066715373889e-01 6.670425362346704690e-01 6.815667479808337204e-01 6.549798539720105284e-01 5.844886721790532036e-01 2.634533022343832909e-01 5.445362986751619561e-01 4.353389345295924362e-01 4.086607755139943787e-01 3.488515647202456993e-01
7.178000000000000000e+03 6.678569601164301428e-01 5.845362035695924607e-01 6.246480515800730826e-01 5.461153586819597061e-01 5.578510511481079570e-01 5.756484188977463168e-01 5.520002561272545627e-01 4.306453149065542774e-01 3.998794814533515596e-01 3.795815043890644058e-01
7.179000000000000000e+03 6.236975519868178663e-01 6.477387313754263687e-01 6.014410886645806809e-01 5.688912020925996904e-01 6.431221811199780980e-01 3.346611631869444992e-01 5.736219220263862884e-01 4.487899457342915399e-01 4.301863001123140129e-01 3.936698200051372276e-01
7.180000000000000000e+03 6.686790436575262842e-01 6.171906927620064431e-01 6.063003242928347580e-01 6.260213230794715589e-01 3.754347595558093498e-01 3.474408251912550760e-01 5.867710361476180525e-01 4.618922959256409611e-01 4.305861151000513476e-01 4.632795427258190601e-01
7.183000000000000000e+03 7.742115010328679547e-01 5.964311273291250659e-01 5.852637193890223299e-01 5.642094683522107523e-01 6.016897546175423717e-01 5.555234146444539833e-01 7.799230266320668070e-01 3.334466695587611218e-01 3.170622651806762615e-01 2.404449449286046037e-01
7.185000000000000000e+03 6.823875912577004321e-01 6.759370647123066345e-01 7.018762530298214841e-01 6.712207915446156692e-01 7.973439328062104092e-01 2.076606338206314628e-01 5.461780541612378803e-01 4.020212650669258703e-01 3.508494678648931830e-01 2.997291529847369573e-01
7.186000000000000000e+03 7.034256535745458949e-01 7.051901159349159842e-01 7.164920079624028659e-01 7.762036334184992947e-01 2.619361535659164852e-01 3.230414505337826370e-01 5.302998650786748813e-01 4.115906456964923965e-01 3.558500542463477467e-01 4.297984583178311446e-01
7.520000000000000000e+03 5.116656389345300981e-01 4.987595922419376104e-01 5.470281047776919259e-01 5.451220099326400392e-01 4.754805059127191758e-01 8.109089400891235089e-01 7.136221054311936429e-01 4.251444881726787473e-01 4.368455714784970079e-01 4.165570868884671540e-01
7.522000000000000000e+03 5.926285662210309946e-01 5.907320093698232855e-01 5.050172507786087062e-01 8.020676371655351966e-01 5.825584747951686460e-01 2.960997264149860531e-01 5.993051528659344429e-01 4.680648273923741498e-01 4.273231346319979473e-01 4.068094504010526524e-01
7.524000000000000000e+03 5.898421374228288716e-01 8.054525616616702299e-01 6.311364388899399769e-01 3.789908981088870865e-01 4.534201700408433955e-01 4.334224989090576519e-01 6.192990922175346524e-01 4.824104491121787297e-01 4.193979798393325797e-01 3.613445578395317881e-01
7.525000000000000000e+03 8.252617585456401006e-01 6.580267510689205013e-01 4.512884920685503176e-01 4.846584477829386506e-01 5.053167531928306477e-01 4.432542987022401459e-01 6.538748348397729337e-01 4.668300638942217695e-01 4.187925710887053787e-01 2.477447039248784899e-01
7.526000000000000000e+03 7.109672348287722210e-01 5.388441123537801580e-01 5.754601449722832607e-01 5.566622091819188878e-01 5.456472805898323619e-01 5.243055766904994863e-01 6.510617072919405723e-01 4.800210245190716374e-01 3.342636940961772885e-01 3.478072964719811644e-01
7.589000000000000000e+03 6.024271884864617066e-01 5.739431585403489411e-01 5.151175679535290319e-01 6.654900871122931827e-01 5.152618391142615994e-01 5.086626417618218543e-01 6.653781703392802616e-01 4.742548949188669649e-01 4.054144829901829006e-01 3.537566268472733810e-01
7.590000000000000000e+03 5.999538701161323262e-01 5.474890230989061246e-01 6.926312729496201248e-01 5.092925397918911523e-01 5.488659065812426796e-01 4.791738909110976330e-01 6.200828602507976184e-01 4.413894457872596933e-01 3.910870036088773816e-01 4.701826667194883846e-01
7.591000000000000000e+03 5.720539253484628883e-01 6.789942625526612652e-01 5.395913647372138078e-01 5.319782330881144272e-01 5.108597053445457226e-01 4.040901631776583347e-01 5.675935529240814237e-01 4.274459050084233325e-01 4.919471542859045754e-01 5.145090990078231563e-01
7.592000000000000000e+03 6.920769015675188873e-01 5.646924340122719821e-01 5.651587783399311116e-01 5.032149837710799822e-01 4.389126410283158974e-01 3.308127300420112826e-01 5.508267838217284496e-01 5.034740879519138401e-01 5.353638749461508972e-01 4.489161090963230683e-01
7.866000000000000000e+03 3.544312784623939727e-01 2.655084117008433831e-01 3.115358461566051784e-01 3.156653843383991909e-01 7.003600136058658610e-01 6.439539671542051646e-01 7.520525704108413922e-01 5.750831331921560929e-01 6.719834818312544478e-01 6.704829396802493013e-01
8.012000000000000000e+03 5.862380250911378710e-01 4.818526756732299798e-01 1.320797824786328067e-01 2.082843122092748189e-01 1.872201746504380815e-01 2.728936854902522802e-01 6.959204719014456808e-01 6.635681463213238818e-01 8.236073211227625812e-01 7.563250594873205390e-01
8.013000000000000000e+03 4.830642783427624987e-01 2.142471274500462319e-01 2.124542716451208180e-01 1.677122898285176300e-01 2.448095029205331064e-01 4.642621362176013178e-01 8.527718337903391621e-01 7.186634911835000361e-01 7.176670568288622265e-01 8.314679533409686796e-01
8.014000000000000000e+03 2.448276842291224054e-01 2.757492505730942400e-01 1.741427433985767159e-01 2.178623903645731108e-01 4.408843941035422431e-01 6.977517752890293190e-01 9.320647025426559429e-01 6.411966931257406799e-01 7.855801068607679571e-01 7.084269934949651848e-01
8.655000000000000000e+03 4.653369585082650084e-01 5.200029650657226332e-01 4.295731762101902551e-01 4.467659259110217107e-01 5.211050638365903875e-01 4.843533265773056762e-01 7.012043312536204720e-01 5.248355272807065930e-01 5.260276507760347497e-01 5.855287936676059068e-01
8.683000000000000000e+03 7.192468038696120392e-01 6.471569136587131954e-01 4.982516434786143367e-01 4.769390412673983337e-01 4.931472776222296517e-01 5.021310056650659659e-01 5.566692471932929154e-01 3.753313586288316572e-01 4.803854445574567977e-01 4.938132205415443621e-01
8.684000000000000000e+03 6.716231339491789409e-01 5.417711190820784228e-01 5.249825756736841154e-01 4.999536433404994096e-01 5.536236908604104112e-01 3.280999458977264527e-01 4.846457105279911581e-01 5.013463668774031934e-01 5.252463142795138484e-01 5.414603370298369800e-01
8.685000000000000000e+03 5.716824414758150397e-01 5.554954047021455343e-01 5.377238063552549630e-01 5.435023708841328904e-01 3.640534851876847666e-01 2.101621460964802901e-01 6.596521619428290517e-01 5.292547877414540691e-01 5.618014041813835791e-01 5.499058750643345261e-01
8.686000000000000000e+03 5.860863086018855972e-01 5.677358107524802522e-01 5.818142261595290465e-01 3.807579967961812750e-01 2.467564055238901932e-01 4.750587745164524534e-01 7.024925474644966306e-01 5.577195233392758800e-01 5.718645366134489372e-01 4.050053738731663189e-01
8.687000000000000000e+03 6.017805647818531556e-01 6.070026605478915371e-01 4.359493492182704988e-01 2.853813867371148838e-01 5.274062062389569538e-01 5.472779100241266237e-01 7.491723264975126417e-01 5.689260792596404492e-01 4.456451399175275774e-01 3.702423090317507048e-01
8.688000000000000000e+03 6.487248801406941823e-01 5.082933125022451870e-01 3.637537703017500457e-01 5.499912433640443687e-01 6.228661627153192493e-01 6.376547213686418747e-01 7.792461246626464222e-01 4.862554476503546663e-01 4.271921150436089332e-01 2.590149051380994938e-01
8.689000000000000000e+03 5.618378051422928676e-01 4.539866479315246006e-01 6.139721367662139828e-01 6.353669768426591924e-01 7.176691855610847215e-01 6.844111671965334986e-01 6.610130787618557768e-01 4.736222771620476890e-01 3.273915498205737240e-01 3.042659187543070298e-01
8.690000000000000000e+03 4.984786246562100120e-01 6.294844459950325044e-01 6.722072561394117907e-01 6.950560635084553907e-01 7.389743505871830820e-01 4.819414954545718777e-01 6.253823612858517844e-01 3.886659178787145730e-01 3.520564634591958897e-01 3.624868562193543364e-01
8.691000000000000000e+03 6.419103473939788973e-01 6.597560356026608286e-01 7.094065001413922822e-01 6.936369204532014665e-01 5.081075859529149419e-01 4.065559364544245047e-01 4.878187225909307867e-01 3.964129069367060554e-01 3.908018887177990286e-01 4.258798863751384056e-01
8.692000000000000000e+03 6.860344613778002199e-01 7.076337459816051112e-01 7.331982235050711338e-01 5.180165724922290993e-01 4.610662523017502457e-01 2.308243926698627380e-01 5.187712510566255819e-01 4.384202039067203738e-01 4.670898171263813681e-01 4.130613592190715000e-01
8.750000000000000000e+03 7.599524327917602795e-01 7.020654777051410500e-01 7.080346468308997832e-01 6.197709476451735977e-01 3.820612106671684161e-01 3.515930747727472605e-01 5.663243292120301309e-01 4.262455649012782399e-01 3.539785545597239347e-01 3.338266900739538801e-01
8.754000000000000000e+03 6.222630843306572457e-01 6.024529603470308858e-01 5.695083157143889796e-01 5.133939884208479354e-01 4.701147493196963234e-01 4.620526241888217034e-01 5.736565693092191554e-01 4.445661943586081688e-01 4.892480250874547409e-01 4.839124780642650170e-01
8.755000000000000000e+03 6.334840790511145903e-01 5.984195861785762682e-01 5.616788789104355528e-01 4.823751859352383153e-01 5.154245509046095908e-01 3.563458262351656969e-01 5.866040698221717253e-01 5.091697303805549080e-01 5.181054547386370057e-01 4.056147164064894395e-01
8.756000000000000000e+03 6.389840391665055908e-01 6.026082517143502848e-01 5.458121149904839875e-01 5.362309667875461150e-01 4.229096615341945697e-01 3.913434767518628177e-01 6.904644543914351118e-01 5.375539758917569078e-01 4.570106897029709847e-01 3.202392628633450311e-01
8.757000000000000000e+03 6.310939726639783753e-01 5.773707191998850297e-01 5.794374862581828101e-01 4.370719037483514202e-01 4.382907804020329534e-01 5.263039586691925509e-01 7.180126460552758161e-01 4.835839511163296800e-01 3.668112831314460642e-01 4.534034420886933203e-01
8.758000000000000000e+03 6.099024179721235228e-01 6.046587073722058392e-01 4.881760154901738091e-01 4.525541399475402904e-01 5.792418693626791848e-01 5.696431759540284689e-01 6.415386810535499418e-01 4.186937663525449049e-01 4.890594117185098066e-01 4.298153377693062493e-01
8.761000000000000000e+03 5.377835204491849819e-01 5.854790931283232469e-01 5.910972211864961023e-01 4.439901323590439430e-01 2.849665763894831949e-01 4.322654368902614230e-01 6.033899186467437392e-01 5.240872131170087878e-01 5.335681888010446183e-01 5.879200149215781934e-01
8.762000000000000000e+03 5.902514120037746226e-01 5.834271026418602624e-01 4.554666699704176258e-01 2.765222976029163560e-01 4.349565826444427574e-01 3.522213391006076000e-01 6.689078415606242167e-01 5.189960404148483697e-01 5.815485549796008957e-01 6.094276344887287200e-01
8.763000000000000000e+03 6.191961174819984315e-01 5.137511508996326359e-01 3.430362055917292041e-01 4.556886074783941809e-01 4.072825558765389431e-01 5.030986017479996963e-01 6.972143760918286803e-01 5.787675548664376057e-01 6.349377217763113590e-01 3.378415127307847210e-01
8.850000000000000000e+03 6.078875306637420151e-01 5.523095757054828914e-01 5.617544426971177174e-01 6.515995459055128336e-01 5.636427521688516240e-01 5.762650036857601688e-01 6.204542549167065824e-01 4.509783020134672804e-01 4.289807552876410135e-01 3.183770482792799839e-01
8.854000000000000000e+03 6.380752833116226652e-01 6.513351174073866989e-01 5.114550882117695485e-01 4.268982994967140399e-01 4.381420841299887847e-01 2.906170645131118668e-01 6.118249115744096578e-01 5.229763180769482211e-01 4.955044505167171542e-01 5.042371223244344058e-01
8.855000000000000000e+03 6.696261510384804438e-01 5.455151981436798803e-01 4.696520848307562113e-01 4.428724945206342634e-01 3.262015493385480580e-01 4.005615171991628864e-01 6.913214075600142561e-01 5.078183959119613178e-01 5.284352979718729415e-01 5.052275985695638960e-01
8.856000000000000000e+03 5.836125208175267920e-01 5.226237761660489367e-01 4.966699932397213857e-01 3.575407858191108623e-01 4.537447310947114731e-01 5.334189403735988266e-01 6.789662190822736143e-01 5.384911752720131783e-01 5.383799667483721851e-01 4.537971099732957536e-01
8.857000000000000000e+03 5.495662427382256299e-01 5.280521372264074254e-01 3.965874730762142808e-01 4.480900436052029367e-01 5.659592371402546451e-01 4.913363887028237009e-01 7.074205621076559147e-01 5.347791364907883427e-01 4.767021039121355774e-01 4.984895618928851801e-01
8.859000000000000000e+03 4.711053051125375646e-01 4.998021689962102720e-01 5.521863343183225359e-01 4.853890456414405863e-01 5.398939652217953356e-01 5.000479949307821137e-01 6.197600492175250331e-01 5.073966757902976799e-01 6.586160954845458049e-01 4.100866356219324826e-01
8.861000000000000000e+03 5.902220773017730071e-01 5.409738298813733248e-01 5.493450959303268766e-01 5.130262032301063924e-01 4.281898780188440057e-01 4.630682549908118895e-01 8.264091995442328642e-01 4.590223013517861217e-01 4.558723366583878334e-01 3.848224322678206466e-01
9.135000000000000000e+03 6.456437145014329859e-01 5.677026116105383657e-01 3.740513859465705582e-01 4.057113132103559172e-01 5.550695386904250794e-01 5.747827419143545225e-01 6.727378301065790600e-01 4.716616556502625235e-01 4.334268917142528599e-01 5.191207873878239676e-01
9.136000000000000000e+03 5.786062920271090038e-01 4.214273397342125360e-01 4.256304943683211772e-01 5.195885838386947730e-01 5.887003425668567713e-01 4.628523744401701889e-01 5.980655944206161312e-01 4.492120242493869986e-01 5.237579840519343000e-01 6.945716440039709783e-01
9.137000000000000000e+03 4.400765270850147681e-01 4.516777699945958569e-01 5.203087359869692508e-01 5.360235479360807576e-01 4.589340094162386863e-01 3.370649485026755432e-01 5.559923677078459914e-01 5.084746075235677676e-01 6.736344817763576520e-01 7.044388830130637880e-01
9.139000000000000000e+03 5.180677437869639634e-01 5.209046329259756636e-01 4.091894071305942626e-01 2.881545218500920491e-01 2.412847975069916662e-01 3.783018479447097238e-01 7.836041326351209646e-01 6.134442749903836756e-01 6.518326324944061501e-01 5.676167081853911167e-01
9.729000000000000000e+03 5.961553137065919161e-01 6.990982712710900326e-01 7.241041912616755782e-01 6.842224757691337533e-01 5.972902594194090531e-01 5.682199015311566459e-01 6.415468175104150905e-01 3.279100298946430181e-01 3.342234288783296203e-01 2.650745302481514742e-01
9.732000000000000000e+03 7.528155428698248830e-01 6.711367315010279277e-01 6.865503238602408409e-01 5.466973235742534909e-01 2.006076521987722738e-01 3.022676622573695071e-01 5.218808843394395769e-01 4.465233808028208351e-01 5.078025517237226838e-01 4.550837099060765500e-01
9.733000000000000000e+03 6.931634568101541216e-01 6.866868731534019332e-01 5.907720732017216481e-01 2.438160325946736873e-01 3.485912009785926968e-01 2.764938586735610215e-01 5.876997075409147175e-01 5.215284970963307565e-01 4.902995719902517036e-01 5.801871025050280295e-01
9.734000000000000000e+03 7.000866454520773274e-01 6.053158920784257324e-01 2.962251468828226986e-01 3.628105200290981380e-01 3.098885951903982416e-01 3.628050710731736683e-01 6.880481115805380243e-01 5.031972550278864809e-01 5.962208923314169517e-01 5.830978086908682467e-01
9.735000000000000000e+03 6.354727016261719763e-01 3.877566589683758558e-01 4.194072106254582155e-01 3.410566489279575619e-01 4.124520996944487927e-01 5.260971174453189514e-01 6.706580391031374822e-01 5.869019484471234005e-01 6.074969323638852448e-01 5.060647438339076487e-01
9.736000000000000000e+03 4.270529462429654144e-01 4.659656222350408439e-01 3.775608424788328699e-01 4.081248901739333856e-01 5.541102713801855373e-01 4.747308936972971516e-01 7.745019970240624163e-01 5.833155844771015230e-01 5.214395536862908020e-01 5.878632400141753367e-01
9.966000000000000000e+03 6.055732028184763749e-01 5.519241444215663428e-01 4.323078778387224319e-01 5.834189679685725105e-01 5.678880484826049901e-01 4.895679483817046984e-01 6.542726855074301184e-01 4.647556849469562379e-01 4.217232182855084055e-01 4.916625201524951749e-01
9.968000000000000000e+03 4.908620995075447246e-01 5.921249024871013678e-01 5.469284581542582790e-01 4.765152771398620812e-01 4.501846013589412832e-01 3.411774203951555839e-01 5.563688321322536323e-01 4.991184949619478228e-01 6.444848934293906373e-01 5.645658167248798209e-01
9.969000000000000000e+03 5.967529300233194167e-01 5.501675096771628803e-01 4.868503561822302705e-01 4.221354906629267711e-01 3.424801007911721928e-01 2.831153437737689016e-01 6.335452047571625833e-01 6.004657977432886762e-01 5.610180295773847803e-01 5.462069439498901113e-01
9.970000000000000000e+03 5.676034489203085620e-01 5.132268180008013880e-01 4.477709972779757019e-01 3.405242229316348679e-01 2.973790639524003798e-01 4.123614433670377832e-01 7.893722734165886656e-01 5.461011321365363269e-01 5.533893921628726398e-01 5.851422269204836768e-01
9.971000000000000000e+03 5.280887676469327996e-01 4.757700873447880952e-01 3.614825529951467553e-01 2.907215323964461584e-01 4.183297496528448622e-01 6.332759717265911137e-01 7.031751384454675291e-01 5.351953075738743459e-01 5.813933454219061270e-01 6.221560442060609653e-01
1.033900000000000000e+04 6.641951507391742338e-01 5.359187498193503929e-01 5.245909791492444629e-01 5.220175592860440972e-01 5.022095601658080888e-01 5.202189396627279194e-01 6.903001235200795227e-01 4.901169049133589084e-01 5.309170946920861445e-01 2.362260733303687688e-01
1.035700000000000000e+04 5.788234791973412285e-01 4.761631340349080643e-01 5.022889562365021598e-01 3.467911857838854583e-01 3.591276831933949421e-01 4.033257887186504353e-01 6.520702732118233147e-01 5.280298646917005456e-01 5.678576957175308637e-01 6.804755372035971028e-01
1.035800000000000000e+04 5.010485388349115166e-01 5.243295506404498374e-01 3.760540431560168151e-01 3.540626598705164385e-01 4.196301696085587007e-01 4.388284369823934328e-01 6.840039315398124264e-01 5.505555592862370062e-01 6.744217702587504970e-01 5.707619361101395894e-01
1.035900000000000000e+04 5.364219990635625823e-01 4.189583310508391834e-01 3.719304524866493544e-01 3.953892918074655149e-01 4.427514597863829171e-01 4.734609777433068101e-01 7.078054805943525540e-01 6.223353158200733981e-01 5.666465906950666209e-01 5.584427160287168679e-01
1.054600000000000000e+04 5.365054824308932435e-01 5.776446560921802975e-01 4.942260300369947235e-01 4.363486569890215327e-01 4.503254804409346224e-01 4.914037114214589996e-01 6.663502101507936537e-01 4.964361207245212571e-01 5.171730483876593176e-01 5.239842967860139922e-01
1.054700000000000000e+04 5.888115599237578879e-01 5.152433212537279594e-01 4.563675212129381098e-01 4.299463565888872463e-01 5.054960858456184480e-01 4.556689825696799145e-01 6.354010143767273577e-01 5.114636268868191227e-01 5.296582839102774720e-01 5.475986801761804079e-01
1.054800000000000000e+04 5.222610773888781699e-01 4.738155773007526883e-01 4.342787172763090675e-01 4.611300458111091682e-01 4.492437023028730825e-01 3.904773953042671719e-01 6.443274045647393589e-01 5.117349623835553141e-01 5.389526196058318508e-01 7.310160250737289811e-01
1.054900000000000000e+04 4.807273883807456905e-01 4.516124344729762763e-01 4.567087112619407363e-01 4.045959866670963412e-01 3.740276927098205584e-01 3.956997361094755083e-01 6.392953073070829495e-01 5.147621156356194660e-01 7.000613951586258654e-01 7.014277151626763240e-01
1.055000000000000000e+04 4.527424278648792266e-01 4.595777306232763926e-01 3.916221653062076369e-01 3.259235741776395079e-01 3.647479999294575559e-01 3.739362078737622497e-01 6.340952360122186215e-01 6.257167900085159884e-01 6.641251914353145658e-01 7.411201489552543542e-01
1.079200000000000000e+04 6.230374658657963360e-01 5.667533982741300713e-01 5.223505064789472074e-01 5.864640173170267978e-01 6.283890169788032276e-01 5.779811752303667394e-01 5.876054601931210986e-01 4.646892478327287468e-01 4.081798183056536966e-01 3.590022175968619056e-01
1.079300000000000000e+04 5.938340215889258422e-01 5.533643465876189049e-01 6.188287430973916647e-01 6.088728236767702029e-01 6.205776801970858125e-01 3.636199779978588342e-01 6.065942353957431976e-01 4.436365786460992888e-01 3.961560350044714407e-01 4.920772215149861739e-01
1.079400000000000000e+04 5.708823361486787817e-01 6.150890802510684541e-01 6.237193067671191749e-01 5.848281945924103109e-01 3.808181066687227334e-01 3.729097688923330156e-01 5.634341113433103398e-01 4.260244085680443549e-01 5.047717243133216236e-01 5.768875072607793086e-01
1.079500000000000000e+04 6.193864713362661201e-01 6.116028929027250705e-01 5.917205167701984347e-01 3.647847912698899409e-01 3.789438068549081939e-01 2.974302266654610949e-01 5.305658720836387010e-01 5.001964980305455555e-01 5.746034314113581676e-01 6.192457063112241089e-01
1.086500000000000000e+04 5.022200025296199577e-01 4.995873886504035855e-01 4.833834538753949972e-01 3.290244176513886787e-01 6.349406840839888488e-01 6.199923028263846225e-01 7.671196969785361031e-01 5.649761527487793256e-01 4.345262301179840247e-01 4.086891084607084945e-01
1.086900000000000000e+04 6.005992749938107167e-01 5.925236162045329769e-01 5.829985571891482810e-01 5.272971557779435603e-01 3.097381311873446119e-01 2.859378552470635548e-01 6.344964662072377637e-01 5.329481298250634547e-01 5.697586264427937364e-01 4.459069000357804291e-01
1.087000000000000000e+04 6.218995302682142068e-01 6.057106709261381727e-01 5.707361851734680247e-01 3.375487761571145384e-01 3.296183870833302998e-01 4.424158217248205793e-01 7.111133805516719475e-01 5.658117649220637535e-01 4.806116338834861001e-01 4.091845717582450193e-01
1.087100000000000000e+04 6.172103110916506985e-01 5.778399497871787860e-01 3.685904084192962449e-01 3.295034729967519782e-01 4.612497057897006481e-01 5.283349726016371983e-01 7.395216122089806055e-01 4.874959902696315295e-01 4.292902433001284934e-01 6.138743947695283198e-01
1.087200000000000000e+04 5.895542470746222286e-01 4.193858548752466553e-01 3.568963780720607049e-01 4.403998450071825443e-01 5.444284944320423314e-01 5.657834017427733064e-01 6.231524791829666787e-01 4.477314437371295308e-01 6.118035011557316771e-01 6.391686326717817002e-01
1.087300000000000000e+04 4.475007094182279488e-01 4.092807202580906467e-01 4.595347108677205195e-01 5.116994905953563544e-01 5.810955718667585312e-01 3.904907157532804263e-01 5.645817473770085027e-01 5.802289587431815887e-01 6.336351640592811085e-01 6.166082415531790595e-01
1.087400000000000000e+04 4.243389759223565316e-01 4.721620885727434991e-01 5.056714921363206772e-01 5.216533491257908661e-01 3.758779178870096382e-01 2.786073921881808690e-01 7.393378188646682059e-01 5.847174937026439201e-01 5.974987736647792147e-01 5.996151115965248080e-01
1.087700000000000000e+04 5.478337816357807810e-01 4.185210745761679951e-01 2.952342939721457893e-01 5.217595465858653192e-01 5.911364116244446354e-01 5.434150401737755098e-01 7.259711803289184973e-01 5.943766603157484285e-01 4.984599720998668659e-01 4.584897024617032302e-01
1.087800000000000000e+04 4.540286648355605359e-01 3.701079044233619442e-01 5.466201196469661072e-01 5.640307890408058356e-01 5.711542753598997102e-01 5.565213700876481262e-01 7.848104049901719614e-01 5.033250471610557497e-01 4.778274792521373660e-01 4.862236062219603139e-01
1.101600000000000000e+04 5.825803737249900527e-01 5.382240903795140197e-01 5.281946457372753700e-01 5.887280814874064072e-01 5.135329299105726442e-01 5.997756434428918038e-01 6.501016197935545193e-01 4.524875002410633784e-01 3.311120543704297869e-01 5.333293290161486011e-01
1.101700000000000000e+04 5.595000498004973899e-01 5.478257892530974393e-01 6.078779420646289733e-01 4.943150992622694639e-01 6.270674734459456001e-01 4.414307510135255241e-01 5.786400028929156170e-01 3.801882371426695273e-01 5.444935386719955694e-01 5.403906730914299628e-01
1.112700000000000000e+04 5.217803874681878895e-01 5.365023984194180473e-01 5.406070246883377672e-01 4.171184638620164531e-01 5.818200165052682671e-01 6.226635914722182807e-01 6.863377881158663207e-01 4.431859561465177344e-01 5.282088841376763044e-01 4.284283661901675533e-01
1.119000000000000000e+04 5.970593092494106413e-01 6.530052195153311922e-01 7.517566847056683654e-01 5.828399127096565158e-01 4.711112380717678572e-01 3.718995898577409642e-01 5.987561268584967733e-01 4.319558176955737294e-01 4.163114667776907640e-01 3.904710775871641504e-01
1.120700000000000000e+04 4.924045544686112552e-01 4.666004571644954413e-01 4.784746724795415629e-01 5.045905505633191401e-01 4.993917095107415771e-01 5.421777083243425333e-01 7.134902059602703517e-01 5.731524003381751609e-01 4.531999663612679696e-01 4.936539031802565369e-01
1.120900000000000000e+04 5.397079127133217469e-01 5.547216756522211911e-01 5.158879110260550238e-01 5.507963425090665055e-01 5.716406207477905399e-01 6.045666712803431375e-01 6.095873939378498862e-01 5.143285133432347056e-01 4.125494039702592985e-01 4.234617123539368144e-01
1.121000000000000000e+04 5.821603706932907407e-01 5.473223119096402023e-01 5.839286988688858759e-01 5.576471324786659300e-01 6.461813915135837805e-01 3.947633396123947924e-01 6.771793880349090688e-01 4.460618427553402765e-01 4.535865552921254928e-01 4.015379522222269904e-01
1.121100000000000000e+04 5.776165250587640410e-01 6.019025102245302294e-01 5.933564916501393727e-01 6.261617408726019018e-01 4.342922234457198827e-01 4.991525151949146033e-01 5.809471125573011374e-01 4.776868832322300196e-01 4.359396676605622467e-01 4.306852368926754604e-01
1.121300000000000000e+04 6.618824613033039705e-01 6.914290110367318221e-01 5.258816199053478746e-01 5.798683434216644894e-01 4.457172949776807558e-01 4.741038641742138515e-01 6.417503270429149032e-01 5.074988521847251244e-01 3.082718112485467454e-01 3.659209577759093279e-01
1.121400000000000000e+04 7.244037694516314296e-01 5.779377262895633027e-01 6.411346422656252209e-01 4.790572173114163168e-01 5.484482812938255014e-01 4.780538371513384233e-01 6.909912894182280718e-01 3.861764769495782401e-01 4.237592910165042248e-01 3.270215132624076926e-01
1.121500000000000000e+04 6.277342736109748911e-01 6.715660201677156049e-01 5.529161596710573390e-01 5.760828324318176819e-01 5.604278275006688848e-01 5.592829482524622753e-01 5.208001910084146813e-01 4.741831716287439602e-01 3.933252196082553387e-01 3.542694887090819256e-01
1.121600000000000000e+04 7.023167857299869032e-01 5.938087123120955324e-01 6.311746483447328027e-01 5.728293924476425270e-01 6.282206166871511233e-01 2.899453255497233539e-01 6.377801402946084997e-01 4.448612121099179140e-01 4.083920750055545223e-01 3.332778291533079473e-01
1.121700000000000000e+04 6.329223072706283704e-01 6.538389642027806481e-01 6.279491412516039484e-01 6.320873539098513794e-01 3.512084991781145304e-01 4.643690379313584748e-01 5.952764209775838200e-01 4.557833244984410559e-01 3.892122006240376075e-01 4.249632830080211088e-01
1.121800000000000000e+04 6.693434441806793700e-01 6.322088152335975098e-01 6.586859381259008162e-01 3.627962503851476783e-01 5.002436270453037848e-01 3.715436789319085387e-01 5.913705711655239394e-01 4.281443293482267709e-01 4.537621893538210105e-01 5.262921304760992403e-01
1.137200000000000000e+04 4.701214242263666576e-01 4.973116567850329184e-01 5.386882992282917559e-01 6.254404771598346402e-01 7.305064652663117997e-01 5.059393759593376894e-01 6.416870513650525520e-01 5.072695027066216333e-01 5.263932928141717982e-01 3.050779543334448118e-01
1.137300000000000000e+04 5.273758739506517745e-01 5.607253281494751773e-01 6.486593303908465558e-01 6.911409370411948361e-01 5.383544818432075552e-01 4.363240139222516190e-01 6.627364949068558220e-01 5.263019490846384540e-01 3.421752588760543778e-01 3.571628096952926268e-01
1.137400000000000000e+04 5.887076817659450123e-01 6.506905289324188546e-01 7.174912518461815658e-01 5.303472822117293317e-01 4.754870610407648246e-01 4.761400655814597149e-01 6.958654441889451370e-01 3.956004193347665288e-01 3.947522377474127486e-01 3.735034093222118767e-01
1.137500000000000000e+04 6.702344584030163199e-01 7.051619534091655428e-01 5.685326083359815152e-01 4.774352018972607969e-01 5.188814975197190149e-01 5.279997088661025906e-01 5.087042934643938308e-01 4.351415261253160915e-01 4.111149388992351716e-01 4.325421024012004456e-01
1.137600000000000000e+04 7.330993498435416367e-01 6.067647722922802078e-01 5.397241207773133542e-01 5.377210294854108952e-01 5.975744500548331173e-01 2.733467091188463427e-01 5.823429405337594567e-01 4.585436756144734005e-01 4.803674281735750839e-01 3.755866835193303888e-01
1.146100000000000000e+04 6.536756874557787533e-01 5.425403144090964469e-01 5.096802831391064048e-01 3.875228599248421446e-01 4.548003440421790056e-01 4.850582715230123410e-01 6.855673166968083709e-01 4.771393360661995153e-01 4.933364961921091196e-01 4.817814438365727869e-01
1.158200000000000000e+04 4.945465819765742510e-01 4.964365258158749405e-01 4.355091020427132031e-01 3.053025969161533015e-01 3.681301339932820382e-01 5.360416154301994585e-01 7.482493739940306865e-01 5.570998991080107210e-01 5.375622127192901667e-01 6.383019491584854821e-01
1.158300000000000000e+04 5.102227626450746012e-01 4.630738917818651434e-01 3.241612102215151170e-01 3.481473948616261027e-01 5.401105209714267552e-01 5.668797708892979736e-01 7.156547980985545898e-01 5.212858670912150494e-01 6.263703209682743855e-01 5.655655458506489985e-01
1.158700000000000000e+04 6.106693384410633030e-01 6.293307984306422131e-01 6.109016416009945827e-01 5.413343794386733521e-01 7.323665912666112998e-01 6.193996264715603273e-01 6.487509727546491023e-01 3.492260222896619859e-01 3.298352445043761239e-01 3.649848252420601069e-01
1.159500000000000000e+04 5.087845120648037955e-01 5.447772919027652483e-01 4.350176938287739214e-01 4.660268259283021353e-01 5.621110914915751211e-01 5.665513964006464454e-01 7.246598893149024390e-01 4.921940944752353220e-01 4.486129395627646566e-01 5.111984823359493335e-01
1.159600000000000000e+04 5.773728121546659597e-01 4.897457276348816668e-01 5.102641420789294502e-01 5.556361768702764437e-01 6.143708471563731344e-01 5.735042035649156045e-01 6.499245958153161418e-01 4.756742802835940420e-01 5.376593663417889024e-01 3.196952632810133310e-01
1.159700000000000000e+04 5.331346571566253356e-01 5.529394621267891274e-01 6.014290391574393935e-01 6.088984088832104513e-01 6.300263662311593738e-01 4.702522833364245480e-01 6.316003240120769968e-01 5.445901374328090405e-01 3.691323950608622617e-01 3.506838703978230054e-01
1.159800000000000000e+04 5.846761961235414917e-01 6.176635992223238336e-01 6.445042143615788977e-01 6.152124828481904117e-01 5.154963800458576273e-01 4.346971470445342711e-01 7.256492885473582177e-01 4.176194133873150083e-01 3.920525082581391429e-01 3.488404994763948941e-01
1.159900000000000000e+04 6.315533275268938596e-01 6.386628988823948028e-01 6.346841223870628435e-01 4.980968232641961868e-01 4.598834363003812542e-01 5.564174006820862273e-01 5.298214536858174561e-01 4.257651882155316647e-01 3.786071887972146111e-01 5.284962782858587671e-01
1.160000000000000000e+04 6.507488559523902927e-01 6.316789277512444567e-01 5.254471590742730847e-01 4.501449356955745662e-01 5.857794636414627165e-01 2.651505001438277387e-01 5.421590446315829315e-01 4.163409166863620836e-01 5.421135892796603573e-01 5.798734624122411363e-01
1.174200000000000000e+04 6.274222103111027904e-01 5.759562712912442706e-01 6.917685664614563468e-01 6.689826805541673194e-01 6.002733021759741883e-01 5.075937089778198574e-01 5.667458411322747747e-01 4.035852870516474233e-01 4.117837773385358280e-01 3.176093536307064147e-01
1.174300000000000000e+04 6.090985459102985500e-01 6.915028771213096448e-01 7.066870095792552320e-01 5.952474541013077491e-01 5.608276560417460033e-01 3.446821289969960178e-01 5.264956272066694254e-01 4.519266391040335784e-01 3.663316030489966457e-01 4.203973772297655009e-01
1.195900000000000000e+04 5.538985665415229187e-01 5.306233042798773614e-01 5.528420304421074460e-01 5.413741070452049442e-01 5.690201386098828751e-01 5.023032731722102406e-01 7.081023908268763156e-01 5.366336996791251090e-01 3.902303832949071682e-01 3.703923505699612262e-01
1.196000000000000000e+04 5.622211311583868998e-01 5.774267641700242537e-01 5.773069621631653492e-01 5.577226254659232163e-01 5.438376126734231208e-01 5.443869133474649180e-01 7.111614081501633766e-01 4.309718966585576183e-01 4.071074284014233324e-01 4.021419136318503673e-01
1.196300000000000000e+04 6.366792705567551058e-01 5.983008885404653698e-01 6.155962539446567794e-01 5.862534463241158011e-01 3.676042835023650146e-01 3.573337155513349184e-01 6.131481387628159307e-01 4.534456282702968855e-01 4.557721068511845219e-01 5.015110050617870296e-01
1.196400000000000000e+04 6.202427502886156407e-01 6.231180955228874385e-01 6.161648166909022839e-01 3.777167113174579316e-01 3.909272061732423920e-01 3.988228736024892473e-01 5.884060986254263659e-01 4.770620503383183331e-01 5.235987291789496734e-01 5.269657038190680431e-01
1.196500000000000000e+04 6.435133677912547867e-01 6.248693336067172588e-01 4.220309775078728287e-01 3.999698782537212671e-01 4.356182946864234906e-01 3.639240527974866302e-01 6.238675284640440299e-01 5.275588028660681550e-01 5.479768970195623146e-01 4.943136394435447833e-01
1.196800000000000000e+04 5.412199073837248298e-01 5.365264652055505845e-01 4.716730251210803915e-01 4.782285377150219952e-01 5.920656769308733081e-01 5.895236453972136914e-01 7.083288462222835369e-01 4.835521949433513322e-01 4.614796107980677076e-01 4.203206358155716083e-01
1.196900000000000000e+04 5.628183644636701732e-01 5.098271555921490839e-01 5.111904489680518804e-01 5.706516018376897037e-01 6.251395368040366662e-01 5.366530226580223939e-01 6.290923530623601101e-01 4.792965258406971518e-01 4.472922810992487896e-01 4.376011694086132109e-01
1.197000000000000000e+04 5.417865279953033575e-01 5.432705421726945483e-01 6.019983801761230602e-01 6.039152734884702944e-01 5.757168889685015944e-01 4.231845746319295443e-01 6.261259441387894142e-01 4.711318806478302923e-01 4.659819942637574153e-01 4.338414900266688856e-01
1.197100000000000000e+04 5.685521842763306966e-01 6.096494104079076548e-01 6.288170349314466945e-01 5.559028259274858552e-01 4.538034606974017393e-01 4.135455930270096059e-01 6.108409163004057119e-01 4.823682694648172009e-01 4.592598693801039356e-01 4.412479969058923923e-01
1.242400000000000000e+04 6.997875143446847801e-01 4.802680916113258869e-01 3.430144112813069412e-01 3.452936475901587365e-01 3.543770335254727288e-01 2.665523716951394562e-01 6.586901808220442245e-01 5.745006236448586545e-01 6.550428693067876784e-01 5.885443574131852262e-01
1.242600000000000000e+04 4.481428104044144489e-01 4.410419781690008145e-01 3.981833724267785923e-01 3.044597454408386472e-01 4.896288528663968465e-01 6.093778911810289189e-01 8.238124443485318471e-01 5.780976017431449510e-01 5.812196386195610520e-01 4.928984020307332070e-01
1.243100000000000000e+04 5.552694489981143677e-01 5.925048672630042201e-01 5.061473970610059769e-01 4.509768938652797821e-01 3.457314836487900278e-01 2.821421841718969592e-01 7.430592693038534646e-01 5.608145699043166621e-01 5.163813772749612507e-01 5.054233356944806133e-01
1.243200000000000000e+04 6.022098380823709407e-01 5.245903033754525380e-01 4.703478617089500435e-01 3.385891157260273454e-01 2.909240143259620992e-01 5.703691292560233439e-01 7.285425752704808300e-01 5.110219289700113077e-01 5.130128128882278649e-01 5.684759874143188174e-01
1.243300000000000000e+04 5.460388529753086306e-01 5.019043260311829568e-01 3.710936481051473890e-01 2.972295422996537595e-01 5.945116745514487100e-01 5.561465340070120833e-01 6.616270554828379558e-01 5.120046008333427601e-01 5.749149997825465652e-01 5.786021502703905250e-01
1.243400000000000000e+04 5.213848187118875765e-01 4.206664304872103077e-01 3.257639821046671713e-01 5.562411144973988808e-01 5.719659649127449841e-01 4.486159380152969778e-01 6.578715332363995749e-01 5.536329151059400377e-01 5.791839287059999952e-01 5.592030644994727684e-01
1.243500000000000000e+04 4.376683419794818453e-01 3.730554173071785051e-01 5.521634750751328591e-01 5.186618844196907441e-01 4.412353990972330831e-01 4.232309239930586164e-01 7.046850717280592757e-01 5.475472206521501128e-01 5.489963513286650887e-01 6.540811841463856080e-01
1.243600000000000000e+04 3.951360531999164594e-01 5.466941132585133589e-01 5.166560949003042857e-01 4.039274141479808899e-01 4.148842452742316778e-01 4.927384457820663255e-01 6.957095350431801162e-01 5.253731869443338809e-01 6.348257868873607990e-01 5.545109424394824016e-01
1.243700000000000000e+04 5.501202876397331964e-01 5.199608039553639260e-01 4.096750770650345319e-01 3.815841367625670832e-01 4.870670880588016671e-01 4.801714088712734640e-01 6.642536694777919637e-01 5.884182966256662484e-01 5.450781370033477291e-01 4.978719753533830117e-01
1.243800000000000000e+04 5.476761542522680104e-01 4.617560254587734225e-01 4.198667419175414195e-01 4.780372669587349410e-01 5.121232974339186006e-01 4.702201017805077154e-01 7.800820542908142308e-01 5.400597368742678928e-01 5.172132346880183862e-01 4.526558267770221522e-01
1.243900000000000000e+04 4.934349840474610005e-01 4.668754138633271489e-01 5.069037755922958244e-01 4.962265421831584256e-01 4.976048800843808073e-01 6.388259711032699961e-01 7.074370401769223271e-01 5.177589692217052786e-01 4.735395225183093304e-01 4.760663567234830751e-01
1.244000000000000000e+04 4.992126135723130576e-01 5.351114746792245969e-01 5.257693200910940057e-01 4.854081613386618255e-01 6.729502147111620092e-01 5.325723682487023547e-01 6.766509107752809449e-01 4.868335530658999821e-01 4.961175164675850624e-01 3.970161241489448267e-01
1.244200000000000000e+04 5.755750457578893142e-01 5.448315685911837569e-01 6.638331661497426373e-01 5.476303685449488423e-01 5.214422057321163040e-01 4.246849794338913853e-01 6.589403968428914071e-01 4.531028365473330766e-01 5.109466262312993834e-01 3.630780172929689020e-01
