3.590000000000000000e+02 3.992689828175512434e-01 4.728177044415826091e-01 5.092601918150874152e-01 6.354831349212293201e-01 6.914780433211334953e-01 8.371137397309893480e-01 6.133539728150563253e-01 6.551059001170553842e-01 4.873069725167167854e-01 5.365032701273311222e-01
3.610000000000000000e+02 5.000195466121006849e-01 6.087104813084430743e-01 5.999828758042924370e-01 7.388043645211508359e-01 6.085107906017540591e-01 7.289879693036360742e-01 6.198499719497692073e-01 5.557886665230397094e-01 4.062273661078432130e-01 4.694480604407129110e-01
3.620000000000000000e+02 5.601486852970498642e-01 6.138954240080018998e-01 6.856069313837162005e-01 5.761081335748096111e-01 6.723699742132057677e-01 6.800646755377744990e-01 5.529036063775187859e-01 5.049746648568315122e-01 3.801424388934482868e-01 5.753318044692767863e-01
3.630000000000000000e+02 5.683910018371429729e-01 6.960058624468004052e-01 5.393403628081967494e-01 6.321831257424980199e-01 6.181830607341189943e-01 6.106076746976366598e-01 5.037924619510107949e-01 4.745625458682404818e-01 4.792741670873856275e-01 6.003085543961057535e-01
3.640000000000000000e+02 6.390335275867539133e-01 5.667735109430279694e-01 5.948169222207069229e-01 5.928620621460829465e-01 5.355388381531996922e-01 5.589980157591384335e-01 4.745006576682481159e-01 6.110791904845940259e-01 5.040168898625803084e-01 5.866945665508566110e-01
3.650000000000000000e+02 5.319253679083183473e-01 6.171883814053048534e-01 5.585042523654671909e-01 5.278997319750268202e-01 4.712723478666787646e-01 5.264552035146586872e-01 6.203351258069460528e-01 6.447037015977474805e-01 4.919311643826145275e-01 6.554119532629204548e-01
3.660000000000000000e+02 5.727258688025158584e-01 5.830800994915091851e-01 4.965680998828499448e-01 4.755911154806207186e-01 4.285447681969823952e-01 6.886011053896585743e-01 6.547970255578812182e-01 6.271201865145472620e-01 5.530284840859694961e-01 5.576771521284873412e-01
3.670000000000000000e+02 5.399939727181617410e-01 5.218201884363435905e-01 4.420004898460700438e-01 4.355600078925915830e-01 6.238047430005038141e-01 7.209167128940660030e-01 6.303839965878086371e-01 7.041184679009877545e-01 4.608200269171617292e-01 6.380673506361503877e-01
3.680000000000000000e+02 4.807914816660440738e-01 4.625031808585746140e-01 3.936485618661864083e-01 5.778691886508950937e-01 6.491812915193294620e-01 6.814604676509378178e-01 7.016845418189047168e-01 5.698200056077377118e-01 5.259178947351500488e-01 6.801214675733266990e-01
7.340000000000000000e+02 4.889256118670786133e-01 7.548820385507548636e-01 7.712398191643804468e-01 7.475994608994016577e-01 7.991123994507530748e-01 8.908026209211272750e-01 6.857757154268405708e-01 3.612899918765636875e-01 1.866949073358427080e-01 3.604713025156283668e-01
7.350000000000000000e+02 6.975300495890075503e-01 7.878927405029676478e-01 7.150833322591978458e-01 7.495142154411119639e-01 9.041130632449487781e-01 7.770869343548640895e-01 3.659445702561466840e-01 2.282112434857080929e-01 2.958975324262909101e-01 4.213707739289863086e-01
7.360000000000000000e+02 7.436847676527497120e-01 7.596332486000274553e-01 7.417638095527020470e-01 8.592766231505902796e-01 7.953155606721062920e-01 4.446737850930125302e-01 2.477247751323020664e-01 3.977313242073636790e-01 3.675080529527172124e-01 4.636314522025790086e-01
7.370000000000000000e+02 7.230368321762680184e-01 7.871951897443695279e-01 8.478985054805923127e-01 7.772987341110885184e-01 3.833513023013541132e-01 3.158960137709376226e-01 4.322437578013872961e-01 4.977303919537370835e-01 4.082421878361474077e-01 4.845433248506694768e-01
7.380000000000000000e+02 7.441088166115032987e-01 8.809843847015986773e-01 7.690040279537990742e-01 4.488438144407441155e-01 2.184696919178945873e-01 5.206012936261789070e-01 5.366086268344415489e-01 5.504709505652817247e-01 4.255098749161393967e-01 4.802769869918757095e-01
1.011000000000000000e+03 1.000000000000000000e+00 4.336221910111879296e-01 6.054977265122614138e-01 0.000000000000000000e+00 0.000000000000000000e+00 2.619698973568815870e-01 7.018994416236158385e-01 6.778057173093999799e-01 5.135709464600662910e-01 1.000000000000000000e+00
1.012000000000000000e+03 4.246061350501640907e-01 6.308101298671847657e-01 1.062123786294533710e-02 1.094262933388558401e-01 1.048690389640158371e-01 7.864764171280196337e-01 6.957163647873688683e-01 6.615597309296802342e-01 8.682049925020099979e-01 9.877716407394091513e-01
1.014000000000000000e+03 0.000000000000000000e+00 1.415251423915317788e-02 0.000000000000000000e+00 5.055424956743452825e-01 4.926360504267587870e-01 5.519505992056366050e-01 1.000000000000000000e+00 9.483908083363036257e-01 1.000000000000000000e+00 9.874626808629247687e-01
1.018000000000000000e+03 7.759942284708103155e-02 0.000000000000000000e+00 4.251441878163014776e-01 4.276840318373248406e-01 9.480134859764480781e-01 7.070353464942347177e-01 9.312673201357011266e-01 1.000000000000000000e+00 5.948038694921367053e-01 7.590000367106856105e-01
1.019000000000000000e+03 1.520989219788001156e-04 3.894116874362444913e-01 3.223173728163604701e-01 7.644725861590629945e-01 5.444070687845011802e-01 9.487605196636130778e-01 9.541774711948693977e-01 6.917843886432772926e-01 5.915862488227896510e-01 6.503478030199836279e-01
1.023000000000000000e+03 4.317154334934598103e-01 7.216709901168257835e-01 8.172746075682095768e-01 5.959294697354442505e-01 7.277436321365009508e-01 6.957952291009182888e-01 5.607976806722420049e-01 5.579301846506626861e-01 4.076438307100641034e-01 3.802687175765246952e-01
1.024000000000000000e+03 7.106505949213373086e-01 8.786620997467916583e-01 6.277989959439815859e-01 7.512353338776691647e-01 7.330543343816122714e-01 6.952508755200879076e-01 6.277594321354794671e-01 5.748743405199946421e-01 3.498721744997037586e-01 0.000000000000000000e+00
1.025000000000000000e+03 8.465223913082627893e-01 7.134092747096900666e-01 7.796617237218047558e-01 7.628931441040356365e-01 7.417892412675578528e-01 7.780604286491742405e-01 6.525406396991551006e-01 5.031353374204413642e-01 1.039721676952109174e-02 2.334826306396959594e-01
1.128000000000000000e+03 7.268828852851452194e-01 4.899861762720898739e-02 4.388137813467505310e-01 3.288258911000334628e-01 5.316064306415508867e-01 1.650046065231943471e-01 3.820988698385031079e-01 9.854244563860478090e-01 7.911467263554797791e-01 9.489953491595408686e-01
1.373000000000000000e+03 4.016449920835264975e-01 4.960469212266918615e-01 4.974339249267177299e-01 4.871325215658001140e-01 7.353912516735067184e-01 6.604693839989316251e-01 6.335994860013069996e-01 6.717184181675109889e-01 5.164122507546814456e-01 6.632541230237746221e-01
1.374000000000000000e+03 4.337646818608682509e-01 4.816878542229922622e-01 4.075176227680939456e-01 6.291548357406634429e-01 5.269521106555355994e-01 6.479307553488207194e-01 6.340299825749693419e-01 6.136283548321850301e-01 5.255585999281487952e-01 7.721626875043128280e-01
1.375000000000000000e+03 4.272402148364529695e-01 4.070219559651368502e-01 5.468212932963227857e-01 4.724083602302211471e-01 5.210302836935458703e-01 6.562210195931174050e-01 5.791418349179078273e-01 6.324705978923497174e-01 6.286581669049272625e-01 7.558291371500421851e-01
1.376000000000000000e+03 3.670050165332521819e-01 5.348269731921398984e-01 4.032806152197829230e-01 4.701886932474306224e-01 5.345189315295857391e-01 5.971633682361116024e-01 6.014182153579928913e-01 7.733238250993420548e-01 6.154738113740872985e-01 7.338702273614275962e-01
1.377000000000000000e+03 4.755752033366555387e-01 4.082998762409321691e-01 4.045849418000526110e-01 4.844565182463774211e-01 4.651614469573944755e-01 6.258032328080219697e-01 7.546862147479930227e-01 7.586564736218043281e-01 5.979497759101610743e-01 6.507800873605800174e-01
1.382000000000000000e+03 3.974810007469840589e-01 5.835457776687963394e-01 5.812817114314087208e-01 6.322198468283414252e-01 5.706635362936783862e-01 7.527705537410057657e-01 6.884342450756781862e-01 6.507606904106324475e-01 5.959340223800356773e-01 3.443750504680864188e-01
1.383000000000000000e+03 5.532548370542055283e-01 6.138690797169309432e-01 6.050288214635014539e-01 5.662239212879525141e-01 7.275716404358318901e-01 7.773020134627064426e-01 6.721712800242325425e-01 7.775397753697772529e-01 2.796545089158775643e-01 3.468514436383454136e-01
1.384000000000000000e+03 5.912691194728897370e-01 6.507752258574348581e-01 5.605970350369429145e-01 7.085893732432753112e-01 7.815745720899333060e-01 7.775754772943901383e-01 8.239270364638719979e-01 3.665727153705770625e-01 2.932774947729879789e-01 3.881256469320348290e-01
1.385000000000000000e+03 6.284858782811563183e-01 6.184536043720941789e-01 7.020143575787167745e-01 7.606530988421293937e-01 7.937635752854510507e-01 9.575230659247175868e-01 3.938454186596581641e-01 3.927673510340836671e-01 3.363913313237087421e-01 3.677065397158806870e-01
1.386000000000000000e+03 5.908897457986280743e-01 7.334230764638317579e-01 7.362217523265016661e-01 7.549168233787061366e-01 1.000000000000000000e+00 4.589264415616188253e-01 4.080941451673467113e-01 4.380566423813689880e-01 3.084027872436206907e-01 5.011379440064261948e-01
1.387000000000000000e+03 6.984092778203985219e-01 7.787691109462612227e-01 7.468171345403575856e-01 9.351281111922550293e-01 3.961547572064615941e-01 4.920499185912668993e-01 4.716659785186129716e-01 4.146138356571951178e-01 4.396313705357040025e-01 3.565155300385690618e-01
1.388000000000000000e+03 7.110435093219115155e-01 7.581947551298178212e-01 8.813478576624523830e-01 4.220646630735372939e-01 3.927884359312809326e-01 5.276096080612231454e-01 4.147485377663877593e-01 5.615738316966486510e-01 2.867233696962470102e-01 6.879128473625337747e-01
1.474000000000000000e+03 5.326335594823007336e-01 6.268902405246783438e-01 6.624306448585389751e-01 4.143692484854599178e-01 5.592305059923607935e-01 6.944041789847720247e-01 6.403331929212678908e-01 5.973779062568337350e-01 4.830289164993657458e-01 5.170300264325496942e-01
1.475000000000000000e+03 5.816343798753527139e-01 6.780185248623693539e-01 3.919533148779267839e-01 5.462972521661210168e-01 6.405879464647490362e-01 7.122754733171932084e-01 6.054395247754195131e-01 6.161498840878149030e-01 4.288122723001292491e-01 5.507676593724528669e-01
1.476000000000000000e+03 6.259702681399155200e-01 4.358271358609203117e-01 5.173126034101669379e-01 6.132429051002319387e-01 6.663638899446986397e-01 6.757985780261174247e-01 6.278496559158530665e-01 5.453357625375886419e-01 4.609502739928627579e-01 5.831761068206331444e-01
1.477000000000000000e+03 4.441579533113820810e-01 5.725122493890765218e-01 6.055984739809002759e-01 6.614581014313293261e-01 6.558537465378274645e-01 7.290645584890917963e-01 5.773426855620040765e-01 6.121147328503381280e-01 5.076566986747029775e-01 4.531591761207011682e-01
1.478000000000000000e+03 5.651856557680937643e-01 6.612897694301654861e-01 6.604332302750716144e-01 6.637590962101210801e-01 7.361059895098251982e-01 6.830272502117016309e-01 6.581274294850332218e-01 6.840608865203340327e-01 3.967588669178849781e-01 2.042287744476696809e-01
1.686000000000000000e+03 3.206542305291328887e-01 4.475443038374872784e-01 4.844117401998436767e-01 5.424688079243559224e-01 8.822253759751298441e-01 7.567511912752573622e-01 7.228866073795614522e-01 6.256517136949290014e-01 4.983198980802622802e-01 5.974834723583898333e-01
1.859000000000000000e+03 3.864451192473948304e-01 5.068931136620726807e-01 5.115508482425242809e-01 5.979371727252636992e-01 7.755024746132521685e-01 9.130945385342240650e-01 6.342336226106379815e-01 5.470942758815680040e-01 4.524839079336593350e-01 5.582348167937287720e-01
1.860000000000000000e+03 4.679595435041296048e-01 5.247951462897487707e-01 5.442311745344370344e-01 6.970356414737197692e-01 8.891457588631859199e-01 6.851433056319795600e-01 5.338031078610988578e-01 5.580611597971026905e-01 4.534573872604448219e-01 5.302216041714958861e-01
1.861000000000000000e+03 4.881186715818646160e-01 5.606987141293532373e-01 6.435747579329699208e-01 7.944090600082089892e-01 6.131738016701578919e-01 5.801152202135277935e-01 5.523075075273867762e-01 5.657721281494587640e-01 4.329166302968013302e-01 5.642770933192706728e-01
1.862000000000000000e+03 5.486809417425606572e-01 6.875740091599452652e-01 7.754380052527041212e-01 6.204405307993959839e-01 5.371442599503207793e-01 6.452541763866271873e-01 6.000786830642982350e-01 5.751854678999106518e-01 4.912259308569558169e-01 3.083493362170667274e-01
1.863000000000000000e+03 6.496076043915872678e-01 8.013488041362389902e-01 6.072430249472280384e-01 5.538616105577259807e-01 6.106680220321584196e-01 6.923834046713771562e-01 6.043030815529996103e-01 6.483539376054036074e-01 2.558905735347916655e-01 4.097055035324423944e-01
1.864000000000000000e+03 7.499411795364075983e-01 6.561770266148883035e-01 5.528276991480878255e-01 6.201919276994742880e-01 6.801666294671092627e-01 7.054128772050890506e-01 6.897438946265003201e-01 3.379021628618319451e-01 3.525967148890513103e-01 4.594928089768570145e-01
1.865000000000000000e+03 6.396619465928857773e-01 6.194563197623051964e-01 6.284952193698448708e-01 6.900094407394490315e-01 7.153133619967029233e-01 8.164195998407166588e-01 3.717710151577442446e-01 4.807924037088975311e-01 4.068604978706374942e-01 4.671127454086009823e-01
1.866000000000000000e+03 5.958164662804362743e-01 6.718798160149949128e-01 6.758463280165918352e-01 6.987587281338895062e-01 8.304648906303612188e-01 4.400023946528615060e-01 5.072298914335698905e-01 5.379938103969830188e-01 4.018824687576956767e-01 4.756735276169268833e-01
1.867000000000000000e+03 6.243783949503690645e-01 6.966166679552525665e-01 6.640000561220593678e-01 7.682971498783492947e-01 3.313649818973423700e-01 5.705919612207621672e-01 5.490194440294238198e-01 5.132556199763889104e-01 3.962485924571587659e-01 5.660124637488699317e-01
1.868000000000000000e+03 6.520475983935731801e-01 6.944754948788365301e-01 7.382749237351032834e-01 3.839817042457481788e-01 5.078921295019367399e-01 6.277402485065659565e-01 5.317492456958935465e-01 5.142014749423164943e-01 4.842091766403655573e-01 5.310098652917648598e-01
1.869000000000000000e+03 6.372407313739530954e-01 7.459173383534324353e-01 3.629484944657720424e-01 5.049800736058001061e-01 5.560729748360691005e-01 5.896294868132189171e-01 5.160902626067985777e-01 6.171013629225858832e-01 4.409647476314815240e-01 6.752193577295914073e-01
1.870000000000000000e+03 6.712962787561455036e-01 3.964110045539049332e-01 4.641721051440935719e-01 5.307156437393867332e-01 4.927119901142864578e-01 5.596177474810185570e-01 6.146729402053934255e-01 5.484231072275037588e-01 5.634433050264769927e-01 7.377883114598866587e-01
1.871000000000000000e+03 3.846829232983058344e-01 4.922000414874161400e-01 4.929474144848838280e-01 4.858328308758523839e-01 4.616374459323417945e-01 6.754655260297849351e-01 5.461300807849420735e-01 7.177972816221336316e-01 6.231945162729530807e-01 7.394741892269920402e-01
1.937000000000000000e+03 4.293495712832100519e-01 5.764557612343640391e-01 4.525914705071281685e-01 4.240297115769307013e-01 5.321066292769548456e-01 7.301186107383845769e-01 6.584471518490417896e-01 7.071948484791732437e-01 5.346942426251806157e-01 6.416139637442855870e-01
1.939000000000000000e+03 4.381265255705193429e-01 4.074971461306981513e-01 4.569027044124998604e-01 6.050589018436117739e-01 6.367209978046448615e-01 7.631563125837536044e-01 6.628459877999316463e-01 6.601606226801213229e-01 6.089600772737003842e-01 5.162513564059864057e-01
2.004000000000000000e+03 4.516471483257741282e-01 5.534129618101570891e-01 5.195994786313742342e-01 4.828793011893252607e-01 7.958954680268041093e-01 6.836443337473585569e-01 6.715700695033237633e-01 6.489730343126249856e-01 4.587415789958697032e-01 5.558496154738666872e-01
2.005000000000000000e+03 5.153979790483179668e-01 5.426791396840967563e-01 4.488426210310876852e-01 7.258065455099741436e-01 6.176679361925364597e-01 7.398005940139664727e-01 6.537292891774421077e-01 5.771364468920494595e-01 4.592068817418823445e-01 5.163426434336934046e-01
2.006000000000000000e+03 5.056454712329668810e-01 4.777415577619407716e-01 6.739461869023964935e-01 5.838155245747924660e-01 6.865206549047514484e-01 7.185643221971514949e-01 5.760824570059320804e-01 5.767505495975542296e-01 4.227820733424453303e-01 5.877707078134535301e-01
2.007000000000000000e+03 4.471131057870207370e-01 6.755406750838202079e-01 5.355674508578860404e-01 6.315869173193356945e-01 6.515357611567034191e-01 6.247586992024516395e-01 5.697304457564845714e-01 5.221111709692243252e-01 4.831368076754731233e-01 6.194536200542387627e-01
2.008000000000000000e+03 6.068087757202620391e-01 5.450923740398645467e-01 5.740112531323129375e-01 5.974788561665391740e-01 5.258189158351544990e-01 6.111019942584382525e-01 5.056940762726676031e-01 5.979464167207776404e-01 5.076790519018564707e-01 6.014174173452296879e-01
2.009000000000000000e+03 5.204432782247654377e-01 6.062563789818958826e-01 5.715104291255302948e-01 5.295493433749460799e-01 5.483915159624190849e-01 5.708804489549778038e-01 6.147418409849222387e-01 6.575365270660870065e-01 5.110885344259374907e-01 5.644989803985550614e-01
2.010000000000000000e+03 5.614002438376048953e-01 5.921303777954605163e-01 4.951193446854993407e-01 5.333148112444376920e-01 4.801744308284116580e-01 6.790810486850238359e-01 6.655845875294444935e-01 6.502217668831480335e-01 4.689129067496695114e-01 5.663039132012573917e-01
2.011000000000000000e+03 5.667003618351518224e-01 5.435714403900218095e-01 5.212787960470083304e-01 5.037140558830273118e-01 6.466098308630073843e-01 7.607771261525166917e-01 6.797297556756005665e-01 6.139457394562964909e-01 4.857963383641126787e-01 4.545917519406381113e-01
2.088000000000000000e+03 4.389840613548279813e-01 5.691064996386520081e-01 6.202260666700124547e-01 5.505968878680497225e-01 5.088453607277844126e-01 6.438617188933758451e-01 6.952509542887512772e-01 6.984685254903453266e-01 5.490167973255377643e-01 4.591639317565764933e-01
2.090000000000000000e+03 5.886291004625814338e-01 5.437015059553396146e-01 4.727190095706784723e-01 5.551101301073216865e-01 7.333809303605779428e-01 7.885884413191858178e-01 7.153569858333250764e-01 4.681111083572965792e-01 4.413316138842654501e-01 5.079323404182347623e-01
2.278000000000000000e+03 4.398561821952859385e-01 4.952927505562766952e-01 4.454992860021618206e-01 5.446074596507607390e-01 5.917099123833482466e-01 6.748612473759870722e-01 6.309361155412498423e-01 6.354079378252418531e-01 5.780640954776716800e-01 6.572940417156786230e-01
2.279000000000000000e+03 4.450352666411022673e-01 4.491366959556324923e-01 4.768481089419009944e-01 5.328402992394442039e-01 5.665574599865252914e-01 6.621820966899186756e-01 6.107366876114573850e-01 7.110483769003983490e-01 5.309013401582065583e-01 7.033637152491980515e-01
2.280000000000000000e+03 4.295172792437829123e-01 5.049170867947754271e-01 4.963258966111026571e-01 5.456698553422654197e-01 5.920736747380193066e-01 6.725680327956956583e-01 7.208213789847879305e-01 6.752273426715600380e-01 5.930572739312660602e-01 5.032577526445870530e-01
2.281000000000000000e+03 4.644143312635707344e-01 5.087487697510293394e-01 4.930318897829696345e-01 5.494520805213348735e-01 5.843560212957230604e-01 7.795229199986168922e-01 6.678703680274361565e-01 7.450811104849827116e-01 4.021230125335213956e-01 5.905140292730891582e-01
2.282000000000000000e+03 4.775577279210960202e-01 5.177735483633848501e-01 5.098402802148848112e-01 5.576295657676662021e-01 7.364614724264985091e-01 7.345635038239315406e-01 7.551974206641495213e-01 4.999517755833613464e-01 4.898358436854022835e-01 5.358699018570610706e-01
2.283000000000000000e+03 4.823467121557518666e-01 5.297003516450111693e-01 5.138470505618865092e-01 6.738954486990922366e-01 6.752056332723036514e-01 8.286351609234312576e-01 4.904541591751503948e-01 6.148493520542199775e-01 4.380687577243856934e-01 5.733699455711773751e-01
2.285000000000000000e+03 5.160241987923795959e-01 6.562042913085180951e-01 6.047866066001900132e-01 7.484669854355044949e-01 4.583494633284619368e-01 6.990053414055018566e-01 5.653026572791876037e-01 6.158282776266508218e-01 4.704473641115040627e-01 4.285519736566139604e-01
2.286000000000000000e+03 6.240061063840824929e-01 6.476063865293726352e-01 7.271901432926446418e-01 4.922380044620546791e-01 6.789328426728730159e-01 6.540014857917264557e-01 6.482612943834670238e-01 6.209035955309768484e-01 3.649363560650867311e-01 3.727354297380119363e-01
2.287000000000000000e+03 6.386413303524681728e-01 7.845800734334390514e-01 5.172770881757912109e-01 6.977622142156462148e-01 6.618260725142380840e-01 7.786146773467910176e-01 6.816668533041975175e-01 5.047667498313119783e-01 3.338365463984223624e-01 2.860503174182441044e-01
2.288000000000000000e+03 7.390481682868251800e-01 5.784534187554353224e-01 6.910139902678233970e-01 6.649804364128105716e-01 7.938359975195562468e-01 7.967063465022382607e-01 5.404352221523551769e-01 4.466592176146630400e-01 2.435135617788402040e-01 4.213247813289085486e-01
2.289000000000000000e+03 5.726026328699463930e-01 7.415487016418533806e-01 6.670239038285656896e-01 7.764429422534718794e-01 8.254734335955623559e-01 6.451295978303778211e-01 4.847404615302177699e-01 3.307240479375673781e-01 3.701868979851564712e-01 4.779259980476033842e-01
2.290000000000000000e+03 6.852923994597969193e-01 6.922905635107277078e-01 7.404135270653606771e-01 7.686917694020481973e-01 5.939904804991222864e-01 5.496926191864934808e-01 3.318758283160064826e-01 4.741691544366687938e-01 4.009814540998756782e-01 5.156317824226513968e-01
2.291000000000000000e+03 6.526497525929889632e-01 7.686199314669085458e-01 7.442405640947318268e-01 5.975516340444755325e-01 4.892360265292876598e-01 3.898920989485540889e-01 4.954268795939028580e-01 5.256180975195944294e-01 4.424293319817990122e-01 5.545827026224499079e-01
2.294000000000000000e+03 5.410538406673829348e-01 4.883707086917052909e-01 2.831148244657432644e-01 4.556545949076156732e-01 4.916440058185088668e-01 6.184280478603797482e-01 5.858775007357448494e-01 7.074577154676727764e-01 6.623235209225785125e-01 7.217253219207598880e-01
2.351000000000000000e+03 4.278075704335628227e-01 4.992794293272860839e-01 5.027243040882874991e-01 5.238226472870514128e-01 4.627065939243852899e-01 7.852072830607870202e-01 7.541764615115280623e-01 6.842253717974543514e-01 5.343770847347932840e-01 5.455168602340523254e-01
2.352000000000000000e+03 4.610378658811231101e-01 5.160987063639368433e-01 4.744324585322298726e-01 4.491609580925611245e-01 7.278342280732362779e-01 8.188374698564376830e-01 6.791430092127981322e-01 6.676325885817021577e-01 4.414377484474943381e-01 5.770707511798300882e-01
2.353000000000000000e+03 4.695512047956875157e-01 4.839853812000551314e-01 3.976774941160199917e-01 6.507015886902578483e-01 7.600459147835620932e-01 7.267549700638707977e-01 6.544233421722828181e-01 5.358739655788078426e-01 4.650276216601721968e-01 6.593734776593915825e-01
2.355000000000000000e+03 3.797691445778070829e-01 5.772969313706265426e-01 6.014293137782364962e-01 5.770241365162861458e-01 5.997932518410864500e-01 5.334833129285614373e-01 5.406729032614792096e-01 6.608589673152588384e-01 5.428917885904771534e-01 6.906230533948256589e-01
2.356000000000000000e+03 5.074249037415198282e-01 5.830905406408453118e-01 4.994750785351248501e-01 5.311278661562569559e-01 3.793092272398120302e-01 5.528004755369070322e-01 6.305470869175103799e-01 6.568468662642336087e-01 5.558811917295991556e-01 6.940011907145604564e-01
2.357000000000000000e+03 5.308383322511612823e-01 5.134302508093748774e-01 4.815278799609401528e-01 3.836185969521377359e-01 4.370787103764964265e-01 6.804570745802985821e-01 6.502566415657907717e-01 6.968636642002856707e-01 5.756717317604590489e-01 6.548543745488062395e-01
2.358000000000000000e+03 4.597889651490141283e-01 4.813060820016042962e-01 3.266489878245505407e-01 4.103601192443953605e-01 5.730256392345542960e-01 6.834177484833164895e-01 6.758046391124846730e-01 7.074668222314242083e-01 5.284325285276170181e-01 7.971528637447272692e-01
2.452000000000000000e+03 4.884967616722866723e-01 5.362031695423187250e-01 6.196240633539850107e-01 6.696502726163903185e-01 7.938200989583119593e-01 4.940917315877262350e-01 5.263002762404302981e-01 5.339724811449264585e-01 4.832273617224571161e-01 6.396344131512501363e-01
2.453000000000000000e+03 5.039086783550793536e-01 6.364371886623609864e-01 6.265189824730241774e-01 7.281952258575998815e-01 3.851799122946015785e-01 5.808124669380372307e-01 5.347598994379608728e-01 6.135152402810362116e-01 5.373838037629939945e-01 5.280890216618215893e-01
2.795000000000000000e+03 5.227630940314837993e-01 6.213124202184435729e-01 6.585207375577492028e-01 5.990984104955355827e-01 6.891020247286424594e-01 7.581359588626972457e-01 6.344296294263808145e-01 6.207793908041888686e-01 5.101798385401072888e-01 2.452895957292549056e-01
2.796000000000000000e+03 6.158470258120239960e-01 7.213248350044556556e-01 6.157173516684978365e-01 7.044861148758810865e-01 7.908580460925558331e-01 7.617334698560742634e-01 6.803460680530708515e-01 6.996442752158135159e-01 2.177569433859236625e-01 1.926990663626005074e-01
3.043000000000000000e+03 3.952506448681423756e-01 6.635296335957541203e-01 5.556133527838057473e-01 6.300282381541919552e-01 7.173558314051262652e-01 8.302224704274726585e-01 6.535123420802978478e-01 6.404116942243032184e-01 4.306806742308954550e-01 3.854245085757824762e-01
3.044000000000000000e+03 6.362635314027303979e-01 6.105511273006153372e-01 6.250120514491032120e-01 7.058256447150517143e-01 8.546909970494832587e-01 7.619779110251170273e-01 6.824137479036264109e-01 5.746999321462396004e-01 3.314396820114389741e-01 1.963365797162374138e-01
3.045000000000000000e+03 6.051570234539731530e-01 6.889065045905472529e-01 7.129379434765902301e-01 8.329965107708315886e-01 7.925271411120154985e-01 8.131523892361424144e-01 6.289217065479026925e-01 4.563717184039439712e-01 1.719485312499544338e-01 3.222201489332269242e-01
3.046000000000000000e+03 7.012270398511190050e-01 8.057083609431369142e-01 8.728266663939338033e-01 8.280334665640741720e-01 9.127130756206878193e-01 7.975536088978067983e-01 5.420920525589075778e-01 2.779247716180894279e-01 3.131479882657007274e-01 1.464668211290585942e-02
3.047000000000000000e+03 7.587096245386873994e-01 9.025789878097302266e-01 8.152528338703879385e-01 8.663816992374298032e-01 8.213774492991182674e-01 6.428947913785350021e-01 3.010430177066848456e-01 4.212530443044458783e-01 0.000000000000000000e+00 4.654487280158450813e-01
3.048000000000000000e+03 8.402263989403592204e-01 8.516701091134700752e-01 8.523021634574318162e-01 7.955339718442029362e-01 6.290795756518755555e-01 3.734373316997122716e-01 4.552261095303380967e-01 0.000000000000000000e+00 4.084068520727517915e-01 5.144687902848200656e-01
3.049000000000000000e+03 7.933627242082511577e-01 8.797259075064312039e-01 7.802211152062639155e-01 6.370078156677579928e-01 2.829021672501569329e-01 5.402102111137883078e-01 0.000000000000000000e+00 5.454906585108844075e-01 4.487011252676997852e-01 6.365942495223699815e-01
3.050000000000000000e+03 7.962482852733271388e-01 7.899926264250162200e-01 6.054127866365298649e-01 3.344617613831812886e-01 4.555565985835415277e-01 0.000000000000000000e+00 5.559913388618752395e-01 5.753984346528497884e-01 5.408968896515669034e-01 7.712074037384565317e-01
3.186000000000000000e+03 4.700920788321703570e-01 4.437455050305409987e-01 3.893705242291085056e-01 4.884191486557190598e-01 5.629553174530422810e-01 6.650815963641247830e-01 5.368678643742001988e-01 7.124353228392462656e-01 6.042945973618977229e-01 7.539720644155083473e-01
3.187000000000000000e+03 3.993281815563874959e-01 3.949339241755808749e-01 4.206509122712442927e-01 5.059364993290342838e-01 5.489824771958980998e-01 5.524491481658612146e-01 6.889723299614226582e-01 7.427890149659117647e-01 6.154774827836057005e-01 7.600679827549261525e-01
3.188000000000000000e+03 3.503759089968984108e-01 4.129769115697201065e-01 4.256517032347975071e-01 4.827690172484833675e-01 3.926168898237342719e-01 7.107012666853810279e-01 7.103163090600109753e-01 7.475270715809182454e-01 6.133124521923530859e-01 7.654962415173871548e-01
3.190000000000000000e+03 3.864273807164599339e-01 4.189372472916498280e-01 3.124273325612180185e-01 5.406005996313228978e-01 6.522446894473244994e-01 7.655230033926756494e-01 7.347748722020966960e-01 7.723558200862726819e-01 5.985872792946715926e-01 5.651705125054864443e-01
3.191000000000000000e+03 3.809180114721030797e-01 3.280887299296290083e-01 4.721087666875322109e-01 5.795351268583143201e-01 6.787081014654817723e-01 7.775265202415709842e-01 7.556077158432221719e-01 7.377561656316974359e-01 4.470992626913956602e-01 6.566757274464404270e-01
3.192000000000000000e+03 3.066338383091205544e-01 4.735806233075856575e-01 5.098154897069469005e-01 6.020123264215729852e-01 6.957528679081000922e-01 8.024973199467348994e-01 7.201927671978064494e-01 5.351590894940164711e-01 5.306580405726591954e-01 6.411948058415997131e-01
3.194000000000000000e+03 4.469994938607056434e-01 5.161166847808591474e-01 5.317390320484366439e-01 6.277701061263287752e-01 6.616221769593827462e-01 5.083701309217871778e-01 6.130997280267610483e-01 6.184038418035771034e-01 5.359739056531021006e-01 6.608778184129228128e-01
3.195000000000000000e+03 4.699765611700882917e-01 5.362304707621043942e-01 5.644687389193452365e-01 5.990135339125522984e-01 3.719133740182391512e-01 6.532688070431790228e-01 6.025094095819014672e-01 6.636732762028976218e-01 5.410342072023693882e-01 6.416195380035403240e-01
3.196000000000000000e+03 4.942886332758744672e-01 5.749715537798537612e-01 5.478658908439870689e-01 3.811327509474496389e-01 5.672084675719927249e-01 6.524042195625689988e-01 6.605680293566095207e-01 6.797189356053597864e-01 5.305037468183823046e-01 5.961845025262574316e-01
3.197000000000000000e+03 5.245504794956266092e-01 5.576826922744738679e-01 3.424899859871484153e-01 5.326479593819156699e-01 5.626804732961860900e-01 7.147926420912774637e-01 6.752108084369956575e-01 6.632313490947296941e-01 4.877792054088326834e-01 6.376310641516361732e-01
3.293000000000000000e+03 2.869144384083875954e-01 6.322950044912827305e-01 3.971328706556390142e-01 5.231862404010106937e-01 6.740233243822268960e-01 7.541153638744632071e-01 6.916234764171518279e-01 6.584141374094529819e-01 5.156220014449693911e-01 6.511924677470883882e-01
3.524000000000000000e+03 3.839196908781271067e-01 7.812524253093301452e-01 6.361040270529803031e-01 3.308362073590651597e-01 6.030853165247971326e-01 4.222727208988978909e-01 4.713588474030576680e-01 6.885063789914868115e-01 5.659963199650828169e-01 7.429013720472550375e-01
3.525000000000000000e+03 6.820340997195377675e-01 6.208626700817581057e-01 2.775390438395649029e-01 5.413989472633593536e-01 2.497307105368836988e-01 4.828080671246648414e-01 6.669088395964221094e-01 6.944459952011901027e-01 6.078784616310324296e-01 6.499830044931561579e-01
3.526000000000000000e+03 5.686711456904338657e-01 3.207017974367958324e-01 4.996954734278731269e-01 2.904766268558312547e-01 3.610466390705571182e-01 7.306081637164000275e-01 6.986638236849709305e-01 7.747449119733114120e-01 5.417476023260781037e-01 7.718062739256664750e-01
3.527000000000000000e+03 2.977608671690440967e-01 4.951637866560816281e-01 2.371800280217220003e-01 3.473338182533762808e-01 6.319890032212411857e-01 7.346370506401085354e-01 7.560125561704174046e-01 6.592353820627970817e-01 6.320456382404304740e-01 8.540281701707114204e-01
3.537000000000000000e+03 4.508211338904469789e-01 3.168901288847142395e-01 5.347263474540288053e-01 4.436213665644291870e-01 7.091897791528869455e-01 8.800890263455968254e-01 7.900910114238609561e-01 8.058791080195139012e-01 5.609902988256438849e-01 3.473472229448207327e-01
3.538000000000000000e+03 3.367939058923131168e-01 5.779535716692479896e-01 4.361213625282573392e-01 6.830453489889305452e-01 8.965227876532648743e-01 8.988794310966065071e-01 8.442134148272287808e-01 7.366472412252066393e-01 2.868953483578143282e-01 3.543348611045902818e-01
3.656000000000000000e+03 5.274937769923288000e-01 5.552426869283423327e-01 3.432248167109823167e-01 4.784723840608974266e-01 5.268456134728776163e-01 5.672827141593089761e-01 6.867393497434207683e-01 6.412419428395372822e-01 5.710878422888964190e-01 7.122784193606070957e-01
3.672000000000000000e+03 6.164028787987315683e-01 6.749687985481271912e-01 8.777199105218504993e-01 9.080037926615014410e-01 7.793466291948202285e-01 4.535004083588888846e-01 3.794832025926313523e-01 2.662132183240981664e-01 3.764641527787384589e-01 5.246540379268957999e-01
3.673000000000000000e+03 6.295745556868155290e-01 8.822640354070491187e-01 8.624526302403557887e-01 7.316649931563492526e-01 3.530098316015325421e-01 4.309368178876065714e-01 2.625762097235057602e-01 4.821512938007901927e-01 4.428397132260973867e-01 5.631262974962942813e-01
3.674000000000000000e+03 8.040823852284206819e-01 8.712038524279961393e-01 7.011802993443435605e-01 3.979396522482739895e-01 3.287839750672169603e-01 3.029052578249979977e-01 4.957367094347354119e-01 5.743425545664536669e-01 4.796181557281181673e-01 5.560803917906887994e-01
3.675000000000000000e+03 7.705907690393273279e-01 6.962891679487240859e-01 3.582761467670370070e-01 3.445126415895982674e-01 1.250125012212514319e-01 5.300145647985370356e-01 5.630646110614244693e-01 5.948215659749446216e-01 4.516712017957701941e-01 9.470886131606375269e-01
4.136000000000000000e+03 5.231710735699616199e-01 5.502477892418041749e-01 5.669802519206413871e-01 6.488972106030495013e-01 7.123146013958141509e-01 5.520523101817934597e-01 5.291397134483968312e-01 5.629777767343864259e-01 4.951877670489264194e-01 6.127939358156085925e-01
4.463000000000000000e+03 8.062712987334903492e-01 7.915129476723790081e-01 8.943890979593583923e-01 1.000000000000000000e+00 7.608094784788795861e-01 2.962875212894156007e-01 2.541000268970373122e-01 2.829429412298768987e-01 3.096260603178724868e-01 4.368769870130052579e-01
4.464000000000000000e+03 7.651624157688993177e-01 9.441229955145881148e-01 1.000000000000000000e+00 7.722716413251650147e-01 2.250035285560444132e-01 3.452652487881046617e-01 3.295323625102168363e-01 4.382666445351559581e-01 3.978952206951447690e-01 4.082157436294986952e-01
4.465000000000000000e+03 8.591762388381636306e-01 1.000000000000000000e+00 7.439081887541746374e-01 3.019570330250502255e-01 2.279289478683365899e-01 3.833301439090006091e-01 4.536194868126698365e-01 5.181570515156072032e-01 3.429180464733564415e-01 6.592723162611341392e-01
4.466000000000000000e+03 9.096769101029018589e-01 7.733231797184915157e-01 3.109499899161247138e-01 3.099725309408685736e-01 2.828850014296248605e-01 5.284612963073236358e-01 5.439850125140682779e-01 4.488619505226988382e-01 5.733799291824419608e-01 7.175621429133259843e-01
4.467000000000000000e+03 7.099028018267614648e-01 3.682910767766998106e-01 3.034524467630241307e-01 3.373427626752394382e-01 4.445021149461697574e-01 6.136468121146746446e-01 4.555733886486434958e-01 7.459031692923935308e-01 6.158688508309038134e-01 8.695764124786751204e-01
4.479000000000000000e+03 2.276166492568267863e-01 3.849736262997943692e-01 6.690523390008153992e-01 6.561218762476717092e-01 7.521280889820476379e-01 9.483890019649309222e-01 6.651038594690684702e-01 6.828390398851200693e-01 4.172260625070357554e-01 5.518132619058696564e-01
4.481000000000000000e+03 5.627466903736307868e-01 5.573346240230828696e-01 5.684531576923155249e-01 7.668865181576807188e-01 5.779294700702548582e-01 6.796251222523348456e-01 4.460059449443511959e-01 5.056333274365911734e-01 4.867937521350688135e-01 5.906789721076596278e-01
4.482000000000000000e+03 5.207828700763377228e-01 5.893838636421809829e-01 7.161733204281244269e-01 5.566689129125081958e-01 6.164869720115477847e-01 4.897178527978720552e-01 5.036829050966095123e-01 6.175031562486830161e-01 4.925666417905590899e-01 6.085873213320677211e-01
4.483000000000000000e+03 5.421922843682026594e-01 7.165656952678676195e-01 5.134625033479452982e-01 5.796814099664435727e-01 3.690935067053005003e-01 5.469523607590601744e-01 6.162248873062352583e-01 6.189909003103378771e-01 5.040671128359330844e-01 6.132502225324898415e-01
4.554000000000000000e+03 4.872906051972820118e-01 6.410208187389213608e-01 6.931786549342366932e-01 7.013471102925180611e-01 6.488288166994177208e-01 5.828467285889149530e-01 5.948370102097152445e-01 5.270883952457456889e-01 4.074511786906706567e-01 5.317807033247006210e-01
4.555000000000000000e+03 5.978857073104061337e-01 7.112499389346340628e-01 6.652698192123051024e-01 6.235381831132313923e-01 5.088995443111888894e-01 6.677138179232635640e-01 5.362942563368657822e-01 5.197321451978086371e-01 4.461665490138737034e-01 4.648695329885458860e-01
4.556000000000000000e+03 6.653712644942727517e-01 6.970233360736860506e-01 6.049310023683943660e-01 5.259661988491571849e-01 6.317787568055637237e-01 6.151216790253603017e-01 5.401450388927463431e-01 5.828953463785264688e-01 3.938573561515034127e-01 4.940398271622043480e-01
4.557000000000000000e+03 6.471932075979819343e-01 6.348344646727022145e-01 5.055816385804148272e-01 6.140347436473523324e-01 5.543758110707448505e-01 6.103135622583011344e-01 5.993650141915939367e-01 5.047499810952716937e-01 4.145547724801254552e-01 6.185320074436629900e-01
4.558000000000000000e+03 5.872204124126927383e-01 5.350619205133076983e-01 5.765776994746921735e-01 5.410172374045124633e-01 5.333592666064101984e-01 6.648295685722404036e-01 5.053962929385341640e-01 5.226606391485062453e-01 5.195761959097844329e-01 6.746753216026045719e-01
4.559000000000000000e+03 4.984909289044898717e-01 5.921487153167405149e-01 5.007619865032372219e-01 5.160327272507734264e-01 5.910676377369888934e-01 5.509030548565626573e-01 5.169551549795463607e-01 6.570795403434844806e-01 5.650031787024946128e-01 6.672002171735309517e-01
4.658000000000000000e+03 7.819648823389799830e-01 6.496656034514847189e-01 2.863925611871992460e-01 4.264577018221554217e-01 4.478667007509871123e-01 5.774745955948380471e-01 5.391817929975207813e-01 5.682604212140036637e-01 6.665194895838890687e-01 5.628145577671467281e-01
4.659000000000000000e+03 6.146125216331759233e-01 3.549762499701032414e-01 4.218332983850090478e-01 4.783170164159216142e-01 5.193709175233242048e-01 6.189663480239907534e-01 5.924399320617906861e-01 8.804787607941977345e-01 4.827322572265407841e-01 6.749150490585926754e-01
4.660000000000000000e+03 3.465838732057545113e-01 4.494911845544275475e-01 4.392174683042806005e-01 5.015892806116470926e-01 5.292973935620387538e-01 6.451520723982715477e-01 8.952310609221186821e-01 6.045719750171473228e-01 5.630818272544858560e-01 7.159770632948758706e-01
5.033000000000000000e+03 4.865540053022300859e-01 5.223907199952106950e-01 4.882079275734103607e-01 5.435245484771628055e-01 5.137980201074611175e-01 7.115863172266964076e-01 6.724310032545448568e-01 6.431705920748981287e-01 5.193096455995197536e-01 6.009727280144548933e-01
5.035000000000000000e+03 4.965189672251704711e-01 5.461467184552781795e-01 4.856479565501154450e-01 6.321672275180082456e-01 7.139429920554863918e-01 7.325253623358769506e-01 6.816895228041710553e-01 6.491132608523361158e-01 4.192915313586367265e-01 4.854534210530775384e-01
5.036000000000000000e+03 5.059930066104718627e-01 5.079487446273834861e-01 5.833669753391618196e-01 6.562330402179759048e-01 6.728084158193731179e-01 7.462740574478892164e-01 6.495307343249568932e-01 5.199210318072964299e-01 3.926262298615469937e-01 5.915963501817953496e-01
5.037000000000000000e+03 4.734366925709709850e-01 5.952168782932786284e-01 6.046547944163950250e-01 6.225400279767169254e-01 6.885129811337314942e-01 7.089727278113576725e-01 5.107685462858502223e-01 4.829885295624227748e-01 4.877070882040033251e-01 6.086280791503743126e-01
5.038000000000000000e+03 5.411704299458766076e-01 6.087501726409066949e-01 5.669809423754409439e-01 6.281737586067226431e-01 6.332099737349324853e-01 5.464571967511813178e-01 4.653481508768671504e-01 6.053624977723189859e-01 4.988436256981167438e-01 6.184236665271239941e-01
5.039000000000000000e+03 5.574977095154900475e-01 5.808492613640576785e-01 5.790103847236175438e-01 5.917810630468839372e-01 4.387923249046509211e-01 5.028194425995722305e-01 6.022884097076736110e-01 6.265101826357667436e-01 5.122524710869711395e-01 6.406374580491549509e-01
5.064000000000000000e+03 5.770432211611825624e-01 7.387366576710675536e-01 8.011838316811606964e-01 9.247122668982864502e-01 7.331126035800661356e-01 3.491980491051985269e-01 3.732080322975505626e-01 4.632350322841778389e-01 3.667468572022401507e-01 5.076105689867208559e-01
5.065000000000000000e+03 6.864022128249328558e-01 8.177202873545890149e-01 8.831624827581091575e-01 7.006150712033946126e-01 2.291156167486446127e-01 4.293864745204850064e-01 4.775773930201499540e-01 4.736563217490569744e-01 4.308657637767253634e-01 4.893074556303574352e-01
5.066000000000000000e+03 7.577075744693688719e-01 8.986754597687001134e-01 6.818753941518801431e-01 3.102470243885549483e-01 3.398080154725878765e-01 5.546975946509423716e-01 4.959160024886140605e-01 5.668857976917928143e-01 4.193627734086091130e-01 5.484485929019401462e-01
5.560000000000000000e+03 4.778102946161146281e-01 5.116552967504329752e-01 5.513510005484986154e-01 7.117486206240376534e-01 7.144955731550849398e-01 8.014834197368500002e-01 7.369898415611779718e-01 6.325796983966780473e-01 4.169388899032676621e-01 3.536334165936305118e-01
5.561000000000000000e+03 5.044469032588240198e-01 5.999876496080221999e-01 6.937457475435462317e-01 6.955775362689082808e-01 8.085184816558534937e-01 8.476813182614635345e-01 6.668795798697011445e-01 5.494541447157801350e-01 2.977484909802842195e-01 3.291832603543560221e-01
5.562000000000000000e+03 5.758023928344074838e-01 7.262599475635774793e-01 6.759210806028885798e-01 7.669534011016555519e-01 8.627147959003139688e-01 7.659511427619412061e-01 5.755579331261453380e-01 3.862651677536878547e-01 2.738211471331092328e-01 3.743978217541593101e-01
6.310000000000000000e+03 4.760538018003575012e-01 3.993969597556357720e-01 3.786311557142477691e-01 4.652047197008978840e-01 5.110487222498196758e-01 5.223071225509131610e-01 5.736660096463379599e-01 7.421845566100324643e-01 5.890102521760350873e-01 9.001431753460723550e-01
6.314000000000000000e+03 3.265159689178517843e-01 2.627610711896795626e-01 3.085169527258843081e-01 5.305489427468155217e-01 5.643238640574472775e-01 9.314948194449285124e-01 9.264173156585320257e-01 7.444690026629722235e-01 6.027460798073456250e-01 5.690078736576604790e-01
6.315000000000000000e+03 2.564715333767108585e-01 3.307735052192740111e-01 4.696679690217104852e-01 5.175628444633714187e-01 8.960020479983670239e-01 1.000000000000000000e+00 7.326224642615537519e-01 7.496590352424112869e-01 4.552168179733439568e-01 5.500154748022453299e-01
6.320000000000000000e+03 6.815673204644336902e-01 5.941888818483538337e-01 6.059541882564223325e-01 4.421222126159078947e-01 4.342014902784345765e-01 5.083067558110372364e-01 6.604117727699968521e-01 6.444240307687563174e-01 4.768827476400826493e-01 5.677981602190299570e-01
6.321000000000000000e+03 5.680056994822034744e-01 6.432908533704804199e-01 4.357611521655103681e-01 4.667960578934000071e-01 4.317222731752062836e-01 7.543818539894131536e-01 6.730240322293294941e-01 6.242014643574618216e-01 4.867835348104776472e-01 5.787452665411771946e-01
6.332000000000000000e+03 5.358108589685561807e-01 4.393021379223622791e-01 5.348367270716950506e-01 4.690022951208221436e-01 4.761341605139807198e-01 7.319677173451630825e-01 7.024833450744757402e-01 6.064745701080402895e-01 5.542610310913393956e-01 6.126423449410880462e-01
6.333000000000000000e+03 4.192097507632832065e-01 5.547261138912790157e-01 4.340208473155062752e-01 4.711728903788128253e-01 6.756350474447537779e-01 7.724237218473484212e-01 6.065922502294096574e-01 7.040980764121343993e-01 5.092070406174478148e-01 6.135239752411140168e-01
6.567000000000000000e+03 5.818378774494533667e-01 6.477844329738933205e-01 7.585485036177544993e-01 6.886534523044764988e-01 7.807890747374639506e-01 8.031325304097566287e-01 8.099786856086531595e-01 4.719402254737380953e-01 1.629365122113163589e-01 3.168006533625415955e-01
6.588000000000000000e+03 3.229393418026005880e-01 3.272936929362197933e-01 2.842364824242986088e-01 4.248377589908075014e-01 8.463600615027477847e-01 7.667347032116008654e-01 6.971316288590403420e-01 7.521286301801490826e-01 6.531535756439525997e-01 6.843499191159834183e-01
6.590000000000000000e+03 2.555921768806133643e-01 3.401943977832172505e-01 6.120610749371346859e-01 5.600066519229823792e-01 5.881991794589892519e-01 7.346175866377481212e-01 7.593724433169357635e-01 6.433918329082243259e-01 6.210622598433112040e-01 6.421822227204995182e-01
6.767000000000000000e+03 4.871215711568515627e-01 5.213006841074977471e-01 5.634972297472844449e-01 5.370728993514598537e-01 5.880875865693168114e-01 6.398033046418274417e-01 6.333361694220757121e-01 6.236039469382127498e-01 5.092912558325543015e-01 6.153752358293221869e-01
6.768000000000000000e+03 4.796022137977779543e-01 5.713306521593516374e-01 4.871443020223382714e-01 5.485773076253811498e-01 5.461865932323169970e-01 6.836751604327334642e-01 6.149151932071589277e-01 6.341879478178769070e-01 5.047519160929708759e-01 6.339591354933192813e-01
6.769000000000000000e+03 5.266940482684795422e-01 5.090471790689004017e-01 5.052525780712062708e-01 5.234288740253175698e-01 6.112149603468034487e-01 6.710390764613068937e-01 6.333528234873067042e-01 6.347928696787925595e-01 5.265192337081386897e-01 5.765354759946967889e-01
6.770000000000000000e+03 4.553360152654664095e-01 5.017418669278286281e-01 4.556574579204767383e-01 5.466411911851070116e-01 5.597523247459490481e-01 6.632801880650645021e-01 6.086450313841592630e-01 6.403069512566804677e-01 4.570347313745066753e-01 8.003385699212675064e-01
6.771000000000000000e+03 4.445127479548934835e-01 4.512377896226987262e-01 4.709048950654001753e-01 4.992024368593461769e-01 5.413990833250567070e-01 6.286802322665703269e-01 6.083690011736239134e-01 5.410094295119215468e-01 6.546500268665280675e-01 7.717134919818133820e-01
6.793000000000000000e+03 6.950034129396445159e-01 7.117375169877785401e-01 5.992081786354975792e-01 4.722327858997453220e-01 5.336700817854133083e-01 6.555596635688918372e-01 6.239412548947272930e-01 5.893310568802311300e-01 3.616622932744055774e-01 4.856715146675456563e-01
6.794000000000000000e+03 6.710663464165413927e-01 6.436483737831839580e-01 4.709360550546797808e-01 5.530726070702628450e-01 6.260735566808979247e-01 7.211658713188781045e-01 6.211555621379598602e-01 4.753024807991952927e-01 4.173612445706362251e-01 5.441841580796115130e-01
7.181000000000000000e+03 5.010230963397659387e-01 5.612342024111288685e-01 6.061708728875984109e-01 4.923268170328270465e-01 5.444423193224621205e-01 6.653619752293309375e-01 6.465763414493260752e-01 6.644496115939437786e-01 5.842409770965505400e-01 4.469595980847934080e-01
7.182000000000000000e+03 5.271333635694730457e-01 6.272184524641175596e-01 4.646092388885074143e-01 5.346614308561593587e-01 6.042467909979979401e-01 7.193320645162454285e-01 6.769847259772301395e-01 7.525780178014437327e-01 3.655584263747511109e-01 5.187770331855552364e-01
7.184000000000000000e+03 4.832814528785055463e-01 5.440823210454072134e-01 5.581957254168670168e-01 6.462660970433515839e-01 7.284920742917322389e-01 8.699709602099664485e-01 4.665467677101657329e-01 5.544771436804876164e-01 4.401026259903936255e-01 5.545928714322579944e-01
7.518000000000000000e+03 3.804794668392391666e-01 2.599922722174191070e-01 4.046063059225588066e-01 4.909825886358265556e-01 6.374362711607460819e-01 7.569243295386626214e-01 6.630676857183298578e-01 9.076690827405519135e-01 6.065493767977296891e-01 6.179629495200985589e-01
7.519000000000000000e+03 2.483477483671245600e-01 4.104858407427490752e-01 4.250290259147516125e-01 5.668667559299499503e-01 6.666987436317576288e-01 6.961251782017064960e-01 8.988274171436503313e-01 7.476439188054051499e-01 4.941171884769248179e-01 6.568671397797284373e-01
7.521000000000000000e+03 3.748766641022647783e-01 4.761906100668794051e-01 4.988684684027281935e-01 5.102783531269082795e-01 8.966157499543226939e-01 7.495283331819314609e-01 5.495805198025316418e-01 6.269595260180713669e-01 5.221086994018586669e-01 6.346246227537668538e-01
7.523000000000000000e+03 4.547830163383163038e-01 4.583058945589129074e-01 7.006719139690058551e-01 5.983653815867935322e-01 4.510385195676867021e-01 6.411176434759137122e-01 6.214832670587183694e-01 6.297944666881872822e-01 5.246948934737146741e-01 6.160106797958397884e-01
7.536000000000000000e+03 3.571976572460673904e-01 2.798491634871442257e-01 6.330571022600131048e-01 7.931063404925953186e-01 8.040410646870295164e-01 8.974298038656596255e-01 5.917385281361547955e-01 7.719194904146520209e-01 4.183434134589771869e-01 4.294905945296754735e-01
7.537000000000000000e+03 2.733338089635596879e-01 6.270801072749279115e-01 7.176426257257016994e-01 7.106908361430475107e-01 8.582596227198647787e-01 6.285342962960027702e-01 7.653591173019334004e-01 5.046253079731658486e-01 3.317235914214485826e-01 5.564701878682984937e-01
7.538000000000000000e+03 5.543493733142499380e-01 6.947766574014688779e-01 6.313325811796267617e-01 7.431721097391782438e-01 5.084636444393114685e-01 8.128591652306798032e-01 4.713911964268754917e-01 3.793579633137732499e-01 4.398890087758098311e-01 5.370005699174498215e-01
7.539000000000000000e+03 6.412824599166209172e-01 6.538365170853635000e-01 7.025523738261773010e-01 5.108260449485647614e-01 7.949659936753566969e-01 5.273184019930342581e-01 3.771751442895295292e-01 5.619355142198505515e-01 4.497571953671387068e-01 5.433761134418915173e-01
7.540000000000000000e+03 6.126610764503997997e-01 7.247016104179946350e-01 4.932655640996126967e-01 7.449317976300865451e-01 4.467205510912684585e-01 4.292680031274895280e-01 5.787448637297896159e-01 5.817194020331570847e-01 4.603286262427770392e-01 5.823082804859268657e-01
7.586000000000000000e+03 3.156125398542661831e-01 3.646434611141068927e-01 4.518680968102535278e-01 5.589597270355662895e-01 6.181514292844140224e-01 6.845528727811270864e-01 7.834829058847880834e-01 6.913045815549518913e-01 5.766314872219574506e-01 6.918258691857684939e-01
7.587000000000000000e+03 3.288640911699465263e-01 4.455152173788004544e-01 4.798126764307329428e-01 5.425465789613063139e-01 5.645596058752563318e-01 8.219214098099559829e-01 6.601978405378294834e-01 6.996593515186316781e-01 5.550356191779421966e-01 6.490305318677003221e-01
7.588000000000000000e+03 4.017107994479077182e-01 4.776807810901924634e-01 4.722341569914442205e-01 5.085142747464980184e-01 7.470286942173554046e-01 6.920656064322279200e-01 6.765514691341402154e-01 6.775924979973604323e-01 5.216248677098859199e-01 6.104016198009500904e-01
7.599000000000000000e+03 4.620961511177551495e-01 5.563197110423537817e-01 5.017746657660299148e-01 5.374873087572699104e-01 5.488244584442473206e-01 6.599906060441671496e-01 6.845123498488361324e-01 7.063547202927478175e-01 5.760626984784289473e-01 4.833243567153325260e-01
7.600000000000000000e+03 5.240103997801898172e-01 5.340316203110195836e-01 5.079496161504652996e-01 5.394948019332697076e-01 5.992511524396156863e-01 7.633037481881438380e-01 7.228965321882031558e-01 7.427207405169173882e-01 3.992585156697736615e-01 4.711401883065037266e-01
7.601000000000000000e+03 5.054115146098477895e-01 5.395090662534967052e-01 5.097056078809156787e-01 5.792154592724690909e-01 7.285956088725730195e-01 8.062667265596499266e-01 7.615552347015589474e-01 5.043588473825466600e-01 3.881776108619916510e-01 5.339762711574118637e-01
7.602000000000000000e+03 5.034996933166893118e-01 5.333165362541749666e-01 5.380865959368203999e-01 6.721385473127483579e-01 7.706984636015673518e-01 8.402781388536901819e-01 4.991398013577829640e-01 4.816424416956012755e-01 4.391405803440667777e-01 5.733883213793393718e-01
7.603000000000000000e+03 4.955919413478768187e-01 5.556266452075188100e-01 6.209235501257479584e-01 7.014245255573017257e-01 8.082877480505878953e-01 5.417914027772536834e-01 4.713767007797960984e-01 5.469653931781914835e-01 4.722472995507396853e-01 5.963216270281099796e-01
7.604000000000000000e+03 5.088226636618172760e-01 6.240723448522836891e-01 6.411143676955890491e-01 7.235071580015970394e-01 4.247037271140985393e-01 5.030115217970551056e-01 5.341856265055690001e-01 5.851684514730312037e-01 4.882013666962823906e-01 6.359510351686966656e-01
8.005000000000000000e+03 1.998724593044357845e-01 3.856144475244503433e-01 6.010639003787248136e-01 7.439713257393288925e-01 6.046311374423745111e-01 8.062462021562535330e-01 7.666110559684873316e-01 7.332773537109409379e-01 5.403298221179708705e-01 4.915375271558614645e-01
8.006000000000000000e+03 3.436618694038142685e-01 5.770231123783632343e-01 6.484277399856110957e-01 5.281386063468030967e-01 7.121572124234717416e-01 7.992137611026637334e-01 7.015105614592856975e-01 6.476371819934981788e-01 3.720321098569165930e-01 5.566395941529509450e-01
8.007000000000000000e+03 5.173149874923744784e-01 6.377247016163902771e-01 4.674548941665111479e-01 6.343034694425423448e-01 7.303717604623930493e-01 7.477817224101410698e-01 6.295069712355183533e-01 4.390393333814816001e-01 4.440756911026824127e-01 5.669860229061626233e-01
8.008000000000000000e+03 5.790848178139580416e-01 4.879739768924780674e-01 5.814265449467748148e-01 6.649855903125349021e-01 6.865817998496099861e-01 6.834594669976907788e-01 4.218751317673523626e-01 5.497558525942193297e-01 4.636005316736679371e-01 6.388765329005556826e-01
8.009000000000000000e+03 4.470113918627687810e-01 5.815775812253257682e-01 5.996359329642051428e-01 6.192868231541729385e-01 5.919398052800488585e-01 4.393390351777080038e-01 5.298858715205928549e-01 5.666916994681603370e-01 5.215326930625749924e-01 7.703890075022366002e-01
8.010000000000000000e+03 4.961316780833910367e-01 5.635792011006596214e-01 5.190028807364659436e-01 5.037063378177697448e-01 2.347209479130806520e-01 5.193099190766201634e-01 5.111922233960606299e-01 6.101437874576490783e-01 6.144442066332530539e-01 8.945762750640954275e-01
8.011000000000000000e+03 4.794278092053968487e-01 4.886936988106732604e-01 4.091627042233609846e-01 2.194158247865344580e-01 3.315800390867647551e-01 4.957972944303706830e-01 5.551453771542674831e-01 7.329753789426106669e-01 7.248027569784748492e-01 9.597099149563862452e-01
8.585000000000000000e+03 4.702592323054253232e-01 5.334169046848238338e-01 4.663823445240679599e-01 5.666556628164559628e-01 6.634654338603218626e-01 8.072144620373040702e-01 6.209965512107737950e-01 6.417895949772705055e-01 5.430762034347410561e-01 4.745431236311495327e-01
8.586000000000000000e+03 4.927311233490163644e-01 4.873067254000352788e-01 5.187778922430307249e-01 6.125043309831413874e-01 7.615022839669788324e-01 6.742733559702487334e-01 6.382531771294701617e-01 6.834131079983054580e-01 3.803688233219587600e-01 5.894708795162216797e-01
8.587000000000000000e+03 4.587364933041430670e-01 5.398107546875756668e-01 5.671994727352286381e-01 6.961022274287240741e-01 6.027241268872269853e-01 6.998545266016752420e-01 6.881572695258286743e-01 4.694191567844052115e-01 4.879814727898775240e-01 5.733833809523594116e-01
8.676000000000000000e+03 6.305243853827182665e-01 6.627436768718092397e-01 4.388523646355657615e-01 5.317800428970943516e-01 5.668524099871015132e-01 7.249116808894928710e-01 6.115676872871976810e-01 6.080323534023882592e-01 4.586120034372443421e-01 4.902689533627028196e-01
8.677000000000000000e+03 6.237911177097767990e-01 4.907953888076155846e-01 5.177381514747445568e-01 5.699639134749698854e-01 7.012075977915082081e-01 6.978230744562676779e-01 6.326900368161354482e-01 5.981441490323501364e-01 4.156747512160187119e-01 5.381480379131059477e-01
8.678000000000000000e+03 4.757289954221561312e-01 5.558692771627548046e-01 5.464053430491663255e-01 6.687241125996061797e-01 6.578350049952234047e-01 7.140387009926041362e-01 6.154637513296752349e-01 5.340062116102994860e-01 4.542889031867931027e-01 5.779643049502034557e-01
8.679000000000000000e+03 5.092666113510726511e-01 5.570560525439015587e-01 6.109950745118947202e-01 6.050399110606092812e-01 6.409396547161655411e-01 6.650199761908577312e-01 5.206887914168922826e-01 5.612730955165635693e-01 4.718473998511616418e-01 6.138707713625188855e-01
8.680000000000000000e+03 5.215559598958634524e-01 6.290358410453568139e-01 5.667823237153450933e-01 6.078857812576820008e-01 6.000018209905406685e-01 5.749872936778135379e-01 5.642832311318561889e-01 5.985778847019593840e-01 5.144119902107575637e-01 5.459618528428609174e-01
8.681000000000000000e+03 5.861047766169404927e-01 5.948161346214104750e-01 5.757761425642392572e-01 5.823490227326524327e-01 4.957562292468887244e-01 6.307838349457545180e-01 6.101731038470112889e-01 6.616857529330419929e-01 4.573451931254314262e-01 5.155735464203189400e-01
8.682000000000000000e+03 5.483937277049039105e-01 5.917642573803657546e-01 5.396255567196509562e-01 4.867325299418679418e-01 5.489141735515467024e-01 6.688920822419032186e-01 6.654906233372140933e-01 5.735812310837945516e-01 4.215975486554409124e-01 6.635520332989459646e-01
8.748000000000000000e+03 5.655866057583566198e-01 5.857965191131108140e-01 5.915148799001563873e-01 6.093584961990845539e-01 6.770745831357870559e-01 7.113780486910480372e-01 5.113693349118567655e-01 5.434323625919417200e-01 4.431566209550547586e-01 5.470182741992754005e-01
8.749000000000000000e+03 5.510247395734944043e-01 6.181787805005057868e-01 5.782654129201352244e-01 6.444497993207138897e-01 6.682469286838613742e-01 5.725911932249287961e-01 5.524568074931882622e-01 5.666681926184808926e-01 4.590499164780427743e-01 5.521945666616240311e-01
8.751000000000000000e+03 5.619350328642120918e-01 6.284676124981244394e-01 5.964024376283523221e-01 4.913804510233330536e-01 5.411718640542887426e-01 6.378136617683910492e-01 5.923000371280541243e-01 5.871023468605359730e-01 4.980140720151693956e-01 5.601234160822137209e-01
8.752000000000000000e+03 5.821180302745236901e-01 6.173554613729899110e-01 4.625859377999076427e-01 5.308503372956858701e-01 5.681630016282003259e-01 6.571674685165218577e-01 5.934235272313496123e-01 6.353455819341695676e-01 4.669926829292869730e-01 5.875464638717264876e-01
8.753000000000000000e+03 5.662018308872650563e-01 4.884097079469627567e-01 4.904617691600461349e-01 5.426295436672257111e-01 5.803331445030389668e-01 6.487842192665794760e-01 6.362474651808007753e-01 5.854826447427375902e-01 4.857706106635714116e-01 6.677031102004874485e-01
8.764000000000000000e+03 4.032943004868623782e-01 3.525991105518076485e-01 4.558800948783977569e-01 4.874746919355438801e-01 6.505377959295930435e-01 7.566418899641444984e-01 7.837950241901573412e-01 8.353737959876070818e-01 4.871570252345166496e-01 5.736587722907333653e-01
8.765000000000000000e+03 3.296037194517271729e-01 4.621087321516798574e-01 4.276687855871438848e-01 5.835665593941038454e-01 6.744038895614524742e-01 8.379503358523591183e-01 8.275904601070062094e-01 5.922859944334394333e-01 4.581251797528015923e-01 6.398314217151599426e-01
9.150000000000000000e+03 4.401895705992349139e-01 5.494270051194137805e-01 6.098854610090783668e-01 6.692865977550411793e-01 6.058007939636442796e-01 5.686571048854720534e-01 5.268553623962646260e-01 6.794022878014622790e-01 5.946166625809061745e-01 4.930652965024608370e-01
9.151000000000000000e+03 5.045180943688473141e-01 6.151188892852047507e-01 6.123203999833362055e-01 5.648062856959235045e-01 4.598845432614050988e-01 5.664708964248347245e-01 6.763901531146709889e-01 7.510102019359151670e-01 3.957435823618212778e-01 5.728701018540498513e-01
9.153000000000000000e+03 5.249340472282471026e-01 4.862650431457254396e-01 3.600838139529303761e-01 3.961958825702325271e-01 6.022340558518615161e-01 7.677796082818938439e-01 4.212025620874746412e-01 5.368340791856207606e-01 7.036605304573636532e-01 7.814893776251669033e-01
9.154000000000000000e+03 4.419962353241779218e-01 3.773699889376663230e-01 3.446670140818783312e-01 5.475318911243645115e-01 6.910133000991586227e-01 4.334015776858365365e-01 5.114873578498096984e-01 8.855707825344820705e-01 6.469907737751379173e-01 7.485055521276033907e-01
9.965000000000000000e+03 4.287550254141122563e-01 4.903618549914869895e-01 4.602724778417624507e-01 4.501423474907861322e-01 6.792375015805194316e-01 7.402452713649912974e-01 6.744471695914615594e-01 6.771310402752162005e-01 5.195301729399980362e-01 6.309312439195735589e-01
1.025900000000000000e+04 4.972276854868545870e-01 5.359627036668611622e-01 5.343056757721680317e-01 6.635162082917828164e-01 8.356700833486989666e-01 8.302279265349691295e-01 5.350231427320050193e-01 5.445285131939732182e-01 4.357108207763303875e-01 4.817417732004448672e-01
1.026000000000000000e+04 5.178836903637736855e-01 5.764217111126175297e-01 6.397493920116729127e-01 7.816460853527374963e-01 8.322586826321698439e-01 6.110635225831568818e-01 5.642472338264641341e-01 5.665993655103158666e-01 4.074727733287857867e-01 4.094643422231062924e-01
1.026100000000000000e+04 5.475465586432795018e-01 6.669733318690082013e-01 7.445261898194930339e-01 7.732654970553967111e-01 5.502860181752733393e-01 6.381712935981125323e-01 5.826981213576453156e-01 5.237668135421432725e-01 3.386430986854333525e-01 4.656907385917213871e-01
1.026200000000000000e+04 6.213691628555940705e-01 7.599804776019047914e-01 7.348342524380703233e-01 5.484093302143504545e-01 5.817264075039234594e-01 6.568556574809557569e-01 5.352164308940648985e-01 4.293001446688352596e-01 3.881810224494155470e-01 5.080660315596853271e-01
1.026300000000000000e+04 6.992664625031130843e-01 7.519746666547196812e-01 5.261823299588702652e-01 5.741473648319036505e-01 6.062799669904266331e-01 6.044456633381544153e-01 4.352864835507155861e-01 4.968199938561149165e-01 4.270184543349360706e-01 5.764905781423320663e-01
1.026400000000000000e+04 6.972783659051415839e-01 5.689562388394154846e-01 5.563407613385921158e-01 6.001878693124599318e-01 5.489583356358074262e-01 4.989196532269707385e-01 5.132370254538535237e-01 5.547594740529396828e-01 4.929896547680139296e-01 6.129875013066762302e-01
1.026500000000000000e+04 5.524133760463961762e-01 6.049100455733258386e-01 5.902227692924285618e-01 5.651900768044584300e-01 4.296458036514351764e-01 5.968511259285094184e-01 5.843035699361373014e-01 6.524138137732822251e-01 5.324413846836157926e-01 5.462754446993760560e-01
1.026600000000000000e+04 5.655282034646891276e-01 6.153558918820944967e-01 5.352923514531258142e-01 4.469769794237179461e-01 5.221964750712408954e-01 6.524859200953454508e-01 6.668805473588987898e-01 6.853358442644250648e-01 4.571493733718181574e-01 5.513108872291661022e-01
1.026700000000000000e+04 5.696308555347600056e-01 5.602137517921670362e-01 4.191112084053581488e-01 5.135809245769614728e-01 5.836667048029695604e-01 7.385724654696653735e-01 6.960844576416538310e-01 5.783559298922592573e-01 4.576056284425089049e-01 6.054599086630195748e-01
1.026800000000000000e+04 5.218572355649173655e-01 4.528606478410201475e-01 4.785131818718645902e-01 5.593178122586207612e-01 6.879759353365412222e-01 7.684881261614754377e-01 5.795059160293795086e-01 5.765855862309572366e-01 5.047325425087170192e-01 6.273090350926999736e-01
1.026900000000000000e+04 4.246878812586357133e-01 4.968675225368180404e-01 5.103978241104449864e-01 6.301964573206396691e-01 7.108707194447543287e-01 6.260408380689630459e-01 5.672744737840641482e-01 6.303582874794114721e-01 5.172405322157838103e-01 6.516103121662873976e-01
1.035500000000000000e+04 4.882433767968485938e-01 4.774471220066860422e-01 4.814818683488522044e-01 4.663353047460038203e-01 5.898809734758553303e-01 5.985635254315185838e-01 5.905054723495317681e-01 6.623311378673776284e-01 5.655284068308930046e-01 7.279126152250074977e-01
1.035600000000000000e+04 4.293486185918288789e-01 4.805640512854976176e-01 4.028440027255311140e-01 5.301375666124318320e-01 4.694240336795902913e-01 6.155714319932381606e-01 6.382753520897329613e-01 6.931052191140245622e-01 5.938258677901616656e-01 7.597267999128433091e-01
1.078300000000000000e+04 5.383962025375113036e-01 6.293822895299779896e-01 6.324824159853515981e-01 7.150070093446866393e-01 6.307233130753377992e-01 7.061397596870679916e-01 5.882491742278709301e-01 5.882661594164489971e-01 3.543283340601470210e-01 4.648149014786918110e-01
1.078400000000000000e+04 5.928770390681318281e-01 6.620051996432914088e-01 6.842134729031150719e-01 6.158891367314877074e-01 6.718935550998677009e-01 6.670358958054546372e-01 6.075091531736471762e-01 4.537273229137632202e-01 3.898309351704895565e-01 4.743533946845207017e-01
1.078500000000000000e+04 6.230427450326996297e-01 7.124562824709663733e-01 5.959335252829572882e-01 6.527993153188926811e-01 6.283900587598202359e-01 6.930713482699515371e-01 4.679501137927526977e-01 5.052572179388955531e-01 4.011744304000958161e-01 5.015979322269505936e-01
1.078600000000000000e+04 6.585740245310347518e-01 6.249711543705154249e-01 6.218306018550843195e-01 6.093024600954409786e-01 6.495042127255087339e-01 5.271895595334480378e-01 5.147353959009570712e-01 5.128841456143046207e-01 4.200992796132197449e-01 5.889678071613544397e-01
1.078700000000000000e+04 5.851014924357472724e-01 6.474252830814852810e-01 5.802550090996383414e-01 6.248566047533888890e-01 4.401154869077302800e-01 5.785770375007325272e-01 5.218531584082504171e-01 5.374391093465241687e-01 4.983146226051927141e-01 6.316824958982475424e-01
1.078800000000000000e+04 5.936634199204434692e-01 5.977129266366639770e-01 5.813140770360125664e-01 4.450322444279706247e-01 4.863438266437475899e-01 5.720528152084669582e-01 5.350962937611207781e-01 6.306843456125014180e-01 5.278546252118357929e-01 6.483816713362922091e-01
1.078900000000000000e+04 5.618230491931667236e-01 6.100421611445602244e-01 4.263832399173149157e-01 4.950189802189007282e-01 4.952147870568074373e-01 6.005231168730638114e-01 6.466406839750665769e-01 6.819034162607681138e-01 5.514147769337672811e-01 5.722810341426696201e-01
1.079000000000000000e+04 5.644600487538028455e-01 4.608951026857849853e-01 4.628485661522362959e-01 4.911846096175261911e-01 5.171729157819768830e-01 7.147611095247399238e-01 6.914493305442435123e-01 7.044550072257247386e-01 4.758649507842762638e-01 6.085369149581840720e-01
1.079100000000000000e+04 4.408742655742079464e-01 4.941865054503505883e-01 4.596561707835448707e-01 5.089383015177968428e-01 6.608619734821029601e-01 7.654647663882332420e-01 7.158554467325813908e-01 6.030038894575598940e-01 5.088613114820438321e-01 6.086241986364264722e-01
1.088100000000000000e+04 4.198214979405512914e-01 4.592411919383431740e-01 4.719066983228665246e-01 6.086305912366194448e-01 5.203488319001892126e-01 6.217732882087732005e-01 6.266090857338955100e-01 6.560729518821105666e-01 5.787418313767378475e-01 7.043176354179608856e-01
1.088200000000000000e+04 4.192246658067838028e-01 4.779272852506128988e-01 5.419150925949736131e-01 4.823951965090100269e-01 5.075291479781168791e-01 6.632841048505176973e-01 6.380561424628183875e-01 7.169551961772632209e-01 5.770390522083278517e-01 6.463116797360677346e-01
1.101400000000000000e+04 3.948480051397769697e-01 4.099060193575412292e-01 4.625658602475474224e-01 5.093206342679056364e-01 5.858753829341063479e-01 7.665603572451293868e-01 6.643871463122754673e-01 7.594343162885484055e-01 5.485219644792621585e-01 6.298616316094591827e-01
1.101500000000000000e+04 3.841357017869869717e-01 4.765614386712096473e-01 4.573166527311353091e-01 5.425386794508931798e-01 6.995401872319947367e-01 7.141688784827248115e-01 7.557633528050500260e-01 6.833915962052578008e-01 5.151332528758798546e-01 5.684583584607116880e-01
1.112800000000000000e+04 3.986846386734365644e-01 4.656655560684576645e-01 3.982477200350181268e-01 5.766740865625969992e-01 7.181509745486880369e-01 7.130535811408453828e-01 5.680752114858526047e-01 7.074677668695062982e-01 5.252046711276813218e-01 6.880841763034456493e-01
1.112900000000000000e+04 4.220165866531038201e-01 4.083618309597311091e-01 5.087803077196758617e-01 6.348973440504102062e-01 6.172310964677033551e-01 5.939573026586655313e-01 6.895113847261469253e-01 6.417876571170337829e-01 5.600969047789109423e-01 6.480197552614460621e-01
1.113000000000000000e+04 3.755610146728567411e-01 5.094854963404708004e-01 5.644343700774389072e-01 5.568129375579371487e-01 4.700827273810412876e-01 7.317426744255541848e-01 6.209790117734701465e-01 6.901014879934699309e-01 5.249375441482403426e-01 6.614749344101028550e-01
1.113100000000000000e+04 4.672827103149688743e-01 5.691474958501331338e-01 5.021722794505557586e-01 4.518010538147964605e-01 6.568068458596176828e-01 6.661762488875638821e-01 6.825233681105676853e-01 6.522181240985517325e-01 5.441044734119747650e-01 5.447700739909281387e-01
1.113200000000000000e+04 5.221661311930414495e-01 5.193580626631639774e-01 4.115348458534238141e-01 6.069139054134806699e-01 5.843719182613751340e-01 7.429734985857253671e-01 6.490675719328877769e-01 6.845177761445495612e-01 4.435617482636921016e-01 5.885673815610693582e-01
1.113300000000000000e+04 4.908659942032017609e-01 4.495461990227733740e-01 5.693557521680776556e-01 5.640835506229248120e-01 6.988302863959667821e-01 7.199779498695566549e-01 6.964600073159621374e-01 5.612137908208125747e-01 4.921179883348584805e-01 5.533167775760029494e-01
1.113400000000000000e+04 4.301855531882999850e-01 5.888979025170182346e-01 5.258604914822742060e-01 6.506329790537924707e-01 6.651021481987756667e-01 7.692526918619190246e-01 5.615389433468127578e-01 6.233714584200390485e-01 4.578590172898988619e-01 5.462368566798729841e-01
1.113500000000000000e+04 5.637820981221428607e-01 5.710860251565262891e-01 6.302947875951525614e-01 6.495627838419761879e-01 7.592673341075318882e-01 6.435963825156651996e-01 6.507933671726173763e-01 5.987630668660417488e-01 4.674563305133513369e-01 3.250739322149503452e-01
1.118800000000000000e+04 4.508193580617436136e-01 4.563822810888539250e-01 4.575575471824139817e-01 6.116435087544600524e-01 7.944146986129783095e-01 7.383930212438017948e-01 6.170412200171334627e-01 6.027302136907084495e-01 4.997335751651141855e-01 5.918398675624558791e-01
1.118900000000000000e+04 4.232877658881924465e-01 4.727273248092905278e-01 5.533290542523393585e-01 7.080272719431470740e-01 6.652963986491131632e-01 6.618852622947101194e-01 5.895489422405266744e-01 6.183806242948688414e-01 4.813293305814080880e-01 6.193823308667713023e-01
1.119100000000000000e+04 4.955238952157497989e-01 6.243946473429250466e-01 5.306257043078643765e-01 5.116107364546987890e-01 5.070517951973538828e-01 6.307661243424941278e-01 5.629060754624837237e-01 6.111885793464083561e-01 5.081907685444120304e-01 6.804946558278599511e-01
1.119200000000000000e+04 5.646000599635310202e-01 5.409309110870904602e-01 4.626563065057363033e-01 4.837422418143854652e-01 5.337985888079657126e-01 6.038078556599957292e-01 6.009275091163861493e-01 6.319930235601443069e-01 5.630045405695712768e-01 6.476689888402794582e-01
1.119300000000000000e+04 4.872123366371684527e-01 4.698035129761601869e-01 4.259395111720132299e-01 4.932851764305850595e-01 4.853734571780699558e-01 6.347555974481148278e-01 6.126520153946714009e-01 6.959966104362760309e-01 5.260897023811234030e-01 7.896175616001291919e-01
1.119400000000000000e+04 4.334451207109576987e-01 4.429871366820580803e-01 4.418406223222784979e-01 4.625914709292658356e-01 5.336854907747252685e-01 6.555353225404920714e-01 6.876433233993080041e-01 6.526815678790707231e-01 6.589556805902283543e-01 6.647023361470087988e-01
1.119600000000000000e+04 3.947570727822884984e-01 3.974196371010867979e-01 4.109572528947323944e-01 4.806397423539753300e-01 6.135036404585423320e-01 6.467595380375203984e-01 7.952697726496423813e-01 6.453324146342169776e-01 6.180603701265925398e-01 6.821222256264217743e-01
1.120100000000000000e+04 3.512478821107775095e-01 5.478830038769813005e-01 3.756830049409372596e-01 5.768455282306440557e-01 5.172492943364136453e-01 7.447533430485265837e-01 6.160728320083338483e-01 6.510064022395419814e-01 5.684228337294993105e-01 7.343437365772750303e-01
1.120300000000000000e+04 3.417177421449748009e-01 4.891497570279020879e-01 3.942232697756337112e-01 5.637693250453243987e-01 5.066795032244866270e-01 6.396841001467982180e-01 6.609742360462923516e-01 7.256376997883042801e-01 5.829332156478833626e-01 7.539266119384729903e-01
1.120600000000000000e+04 4.141029299064529212e-01 3.757337305126491334e-01 3.758084136767999572e-01 4.914993856388931714e-01 6.036677169604941495e-01 6.949110361314160267e-01 7.104791376582076934e-01 7.324718238987268926e-01 6.255546272982217548e-01 6.572672340506205968e-01
1.120800000000000000e+04 3.493463043749298613e-01 4.265754013156609070e-01 4.677525192977792790e-01 5.253598216335964022e-01 6.529347010618108405e-01 7.479139984192406665e-01 7.526533033337531320e-01 6.412230032528944967e-01 5.704132662612957372e-01 6.272404330183841692e-01
1.121200000000000000e+04 4.716694238368904224e-01 5.307737668882067661e-01 5.826397693343841055e-01 5.077738079115707848e-01 6.490278362307174698e-01 6.335299876494068227e-01 6.455797363936547351e-01 6.480993232862131137e-01 5.474788691414630426e-01 5.278627623465230734e-01
1.127300000000000000e+04 4.162079429950575893e-01 5.605967296948975997e-01 6.993982516059944476e-01 6.849926818184378652e-01 7.210542901483479872e-01 7.759057326181422187e-01 7.433612245006405717e-01 7.089826050395824364e-01 4.357238562249483027e-01 2.076532003922638703e-01
1.137700000000000000e+04 4.826558293279795131e-01 5.016472855465909930e-01 5.273632565523781457e-01 6.312007886696637815e-01 4.588534750241355931e-01 6.455532094003229027e-01 6.285168224351342925e-01 6.990436899633627466e-01 5.188251813004625124e-01 5.958436562173865525e-01
1.137800000000000000e+04 4.653536440836771870e-01 5.411867280416006176e-01 5.775364685373860496e-01 4.494772240488486004e-01 5.571392979386439182e-01 6.812633292129124385e-01 6.979717277910622020e-01 6.495350766948524424e-01 4.889793656677930422e-01 6.108853351027112577e-01
1.138000000000000000e+04 5.411627254091568862e-01 4.401009246731361624e-01 4.877352694071466765e-01 5.700866265861511684e-01 7.092252496570655707e-01 7.077384930328567414e-01 6.092672588700700498e-01 6.340931426140448135e-01 5.451670258735904495e-01 5.191516283663752951e-01
1.138100000000000000e+04 4.340232399967744459e-01 5.292470030372216083e-01 5.470708713545342494e-01 6.756535290506475722e-01 6.710163419278339925e-01 6.883384305088333655e-01 6.543299073289956524e-01 7.090469055006684007e-01 4.374982596998440720e-01 4.913986605201894342e-01
1.138400000000000000e+04 5.803293054313014565e-01 5.908077151423053452e-01 5.379595945977498905e-01 6.103583968920985869e-01 7.389337058478027132e-01 5.884365363668131454e-01 4.843122469230805582e-01 4.978835941006051757e-01 4.875246561708079240e-01 6.275233127102752828e-01
1.138500000000000000e+04 5.469860693505523841e-01 5.599092167374439821e-01 5.682678388009847481e-01 6.815740633283765559e-01 4.993168893377893380e-01 5.304129779049082671e-01 4.933738212496475706e-01 6.165595632935072512e-01 5.244055845674796545e-01 6.405342816593823096e-01
1.138600000000000000e+04 5.103656569283852029e-01 5.740859922185128639e-01 6.199452939124673323e-01 4.766345485312794006e-01 4.068155822114700171e-01 5.247914921713209280e-01 6.057485127092870902e-01 6.529844877031114603e-01 5.263041699539811047e-01 7.055147430149230070e-01
1.158400000000000000e+04 3.440493522368988644e-01 3.145042140844406253e-01 3.493975047329402339e-01 5.497636172828499479e-01 6.704035539034869373e-01 7.464344587521798413e-01 6.776457133392652654e-01 8.020848890362546335e-01 6.139553125978784998e-01 6.660764143935353765e-01
1.158500000000000000e+04 3.047141239606436236e-01 3.740808875096012787e-01 4.946576682236540345e-01 6.089544581400825329e-01 6.739129848349795227e-01 7.287102102315672347e-01 8.009063013485455684e-01 7.712335308833987435e-01 5.476143799939817702e-01 5.196270220546662655e-01
1.158600000000000000e+04 3.454976219255167513e-01 4.947826551930423200e-01 5.381275521819017804e-01 5.992331944575256530e-01 6.358964240181255168e-01 8.543159935863058330e-01 7.567559428617658401e-01 6.713296726296582584e-01 4.076279538839605587e-01 5.585679190339984945e-01
1.158800000000000000e+04 4.899317210279387491e-01 5.399589150922228242e-01 5.167586415220585261e-01 7.102030016567001391e-01 7.524659552028140075e-01 7.024206967768210630e-01 4.646516142806190186e-01 5.442991015224827311e-01 5.031145937552305991e-01 5.801632425619427380e-01
1.158900000000000000e+04 4.955016177061931093e-01 5.296081998091066723e-01 6.488675971532462672e-01 6.789738381228570541e-01 6.253760030642818712e-01 4.950148313392043753e-01 5.309414179651724686e-01 6.263642508514494223e-01 4.733336483976409159e-01 6.330959700557600156e-01
1.159000000000000000e+04 4.816407668447409418e-01 6.425670626354978987e-01 6.127507083628470630e-01 5.710627313495046931e-01 3.560257323536700214e-01 5.617834383057029868e-01 6.115903799777793193e-01 5.798841957581730711e-01 5.163791734834409786e-01 6.860213701478005133e-01
1.159100000000000000e+04 5.711095919463455850e-01 6.047836618178710211e-01 5.066010559695801607e-01 3.522953075417677438e-01 4.319214768142163319e-01 6.460587415239891218e-01 5.565621387930833608e-01 6.326685349526217639e-01 5.602910630768459521e-01 7.105982104140797784e-01
1.159200000000000000e+04 5.484619435117792374e-01 5.194029271088149713e-01 3.145331850040497534e-01 4.246164622654872711e-01 5.532143575052709261e-01 5.968960398611421470e-01 6.239976527099287962e-01 7.023360384782658672e-01 5.903065155277398279e-01 7.221225784877933762e-01
1.159300000000000000e+04 4.800292939054444097e-01 3.488601778606622017e-01 3.851148797188609363e-01 5.239042980851433828e-01 4.960577687651261392e-01 6.760971706418453797e-01 7.013945898859896833e-01 7.457373503407463966e-01 6.029192762576136566e-01 6.774182409130797833e-01
1.159400000000000000e+04 3.323147421324215145e-01 4.052299148804890949e-01 4.693568560935842959e-01 4.699707170846417204e-01 5.841307710765666350e-01 7.540126081749735087e-01 7.396792250113117806e-01 7.552493891050165997e-01 5.570198970613277067e-01 6.641541745252516060e-01
1.166000000000000000e+04 4.300704957658011973e-01 4.361789147480173989e-01 4.865653197397789009e-01 6.878431848189000553e-01 5.272596646676060983e-01 5.720200266107938747e-01 6.045855253163666676e-01 6.970565963936651288e-01 6.070936113322349392e-01 6.293041337219338338e-01
1.166100000000000000e+04 4.184849756498959517e-01 5.133697705724985516e-01 6.403121521131356353e-01 5.142371559475596987e-01 4.785883975317008487e-01 6.652713575693691705e-01 7.055564855364243604e-01 7.775529375047581793e-01 5.259366062574346579e-01 4.907025344380265830e-01
1.166200000000000000e+04 4.825421595516305451e-01 6.522264945724220997e-01 4.785755451721381837e-01 4.757204631497549685e-01 5.953657028199228485e-01 7.785210058314010473e-01 7.912932267469059422e-01 6.681509083312607844e-01 4.007369191441257361e-01 4.795208587729002381e-01
1.166300000000000000e+04 6.009116387188581099e-01 5.097535262520482835e-01 4.467537740632080423e-01 5.723255209499259477e-01 7.428209620034231797e-01 8.791649285884546305e-01 6.786129259456569196e-01 5.031350484338074081e-01 3.933607520697542381e-01 5.163826695180792070e-01
1.166400000000000000e+04 4.890067997579249370e-01 4.887311639000572194e-01 5.453054199564695281e-01 6.980572474233122104e-01 8.806815371169057771e-01 7.620127817347676080e-01 5.109740871938729390e-01 5.009474065321312120e-01 4.324104853987439379e-01 5.772537717560524140e-01
1.166500000000000000e+04 4.521015269083558108e-01 5.543422603443011187e-01 6.363945151945709089e-01 7.789716120058605142e-01 6.984503723945526543e-01 5.457282388964963538e-01 4.836290560791627891e-01 5.300822102263216262e-01 4.699250743461864666e-01 6.400019623465623697e-01
1.166600000000000000e+04 4.953347017390882234e-01 6.230481327144661297e-01 6.966703733865325932e-01 6.189568995833507614e-01 4.072001806582338235e-01 4.988625247207695290e-01 5.002313522439272298e-01 5.670354746747688912e-01 5.164667128177903299e-01 7.039576803695921647e-01
1.171000000000000000e+04 4.206337964075334002e-01 4.981145236197125348e-01 5.101006707433759502e-01 5.894249731815008886e-01 6.244108742480094509e-01 7.922917434714673579e-01 6.810763168806489576e-01 5.910819200414088037e-01 4.980890021822861335e-01 5.818528025885617572e-01
1.171100000000000000e+04 4.523844836135875735e-01 5.134960147424120214e-01 5.252395853112379331e-01 5.658337638103003719e-01 7.227207183729043027e-01 7.256747400612304499e-01 5.699860892236647825e-01 6.094476345335946288e-01 4.673314106134455748e-01 6.390500510363485986e-01
1.176000000000000000e+04 5.795240510303388826e-01 7.032374501991871529e-01 7.125308746216725275e-01 6.195543511903641720e-01 6.047480527837078013e-01 4.185962953732936809e-01 4.290016472937752123e-01 5.144873779181972084e-01 4.733039419289878369e-01 6.334527916042899109e-01
1.176100000000000000e+04 6.417811785740631381e-01 7.193561054400233745e-01 5.787246225180457948e-01 5.776029916657778873e-01 2.890242312869388819e-01 4.703788703525965120e-01 5.128938696386471374e-01 5.991137039166184453e-01 5.310348472814533372e-01 6.269895685868623891e-01
1.176200000000000000e+04 6.669339931587835446e-01 6.125695478549062489e-01 5.552628422100236438e-01 3.448379051061059575e-01 3.750337477391570418e-01 5.814189673723607621e-01 6.181792474543477134e-01 6.910785592411644584e-01 5.357192510390486051e-01 5.842814252253849538e-01
1.176300000000000000e+04 5.729435954952191157e-01 5.850273722109864405e-01 3.314299145586521722e-01 4.053228626238611909e-01 5.047520142956134492e-01 6.920333440699786287e-01 7.094593007255075578e-01 6.910261524286401835e-01 4.924198929304020589e-01 6.566869638202038617e-01
1.176400000000000000e+04 5.338629863520184538e-01 3.633434087421641978e-01 3.662885831346799903e-01 4.847017112803942984e-01 6.140743073632771720e-01 7.710415993377619515e-01 6.885027221770645411e-01 6.131015076799610775e-01 5.432615322335105912e-01 7.077915750220059588e-01
1.176500000000000000e+04 3.422951424854507874e-01 3.857664785820680287e-01 4.301360396631504490e-01 5.602151122372800440e-01 6.993307756943467624e-01 7.365766498132647611e-01 5.957293215884532644e-01 6.724229609871249513e-01 5.825837882762269215e-01 7.365223538920298019e-01
1.176600000000000000e+04 3.425284976479610055e-01 4.212433528198171739e-01 4.758136497479700799e-01 6.010463116643433024e-01 6.226503750733419773e-01 6.058267051035063355e-01 6.350890990591875340e-01 7.029651978820236069e-01 5.918557411248155375e-01 7.105969427493658008e-01
1.176700000000000000e+04 3.798732260613704170e-01 4.720214050433410580e-01 5.243928307689162960e-01 5.519239530697412910e-01 4.733656661695705981e-01 6.614449279554021066e-01 6.778705660497328367e-01 7.250894335420603465e-01 5.756354623328018283e-01 6.394021609693645303e-01
1.176800000000000000e+04 4.251186205402176510e-01 5.196319825931993153e-01 4.828475854521261934e-01 4.385603504196380342e-01 5.486575565504806518e-01 7.139354191308689979e-01 7.054653828300990748e-01 7.070424135065401794e-01 5.142120709430808567e-01 6.487466035042459556e-01
1.189700000000000000e+04 4.926289170689795993e-01 5.557220375853837435e-01 5.005675867105732202e-01 5.774187360713677331e-01 5.738039106154130264e-01 6.259585588343502538e-01 5.832595650294932765e-01 6.415165570160786812e-01 5.345860463847371680e-01 6.136536748338511371e-01
1.190000000000000000e+04 5.163200273402834828e-01 5.317637057367837761e-01 4.866083055756086906e-01 5.380168517928095584e-01 6.460946028857332823e-01 7.515440242953795869e-01 6.487463133937064752e-01 6.416005157324585761e-01 5.327675019818335356e-01 4.726908819963694386e-01
1.190100000000000000e+04 5.148099292472561039e-01 5.338008090757037083e-01 5.233623749300654326e-01 6.323979272499937743e-01 7.343482420713145498e-01 7.393697557770821938e-01 6.683093645833575458e-01 6.979443548318271517e-01 3.996665729470817996e-01 4.248781554705873820e-01
1.190200000000000000e+04 5.093894012852752118e-01 5.584603113863800816e-01 6.018084451399223767e-01 6.919438881681707620e-01 7.061661909746959065e-01 7.510326227676871191e-01 7.192080991424545378e-01 5.099347552200897971e-01 3.501167188615891268e-01 4.872844709731990465e-01
1.195800000000000000e+04 4.247601833905810809e-01 4.261076490865931543e-01 4.264803960187250054e-01 5.384065099930378517e-01 6.206826433241432461e-01 7.278442619556528825e-01 6.708504847348029099e-01 7.144134337062264528e-01 5.805569955205431842e-01 5.973085677166706242e-01
1.196100000000000000e+04 4.407794455380784071e-01 5.047078316364169703e-01 5.160338971956253129e-01 5.660480639881640963e-01 6.675414179335737996e-01 7.554940833087163687e-01 5.652694523794206116e-01 6.059643064754870467e-01 5.182413485516377261e-01 6.246408452689264923e-01
1.196200000000000000e+04 4.583295024894130654e-01 5.194234676775483228e-01 5.041138609081142752e-01 6.005626793133307384e-01 6.774932223478933313e-01 5.964689957927311603e-01 5.864489322979817842e-01 6.371555562228726766e-01 5.063705324682082898e-01 6.549757030783077694e-01
1.196600000000000000e+04 4.812329280711993840e-01 4.001979485623280985e-01 4.058535438537533291e-01 4.973089380197473486e-01 5.128445683987098436e-01 6.680614637362962682e-01 7.042027214451749284e-01 7.446399652144053416e-01 5.809509951593926358e-01 6.559412335742050848e-01
1.196700000000000000e+04 3.752700126750273535e-01 4.243700420962584485e-01 4.450572459799450042e-01 4.837146927654228934e-01 5.746857749199635323e-01 7.576591856715731987e-01 7.389531774528971253e-01 7.260810760714589973e-01 5.379436746273137393e-01 6.622827529066812602e-01
1.197200000000000000e+04 4.815660656563220954e-01 5.606298802475467857e-01 5.363344294177967431e-01 5.269804447404389247e-01 5.791669054571736419e-01 6.713732414915966062e-01 6.571962375636066778e-01 6.750391792151924086e-01 5.578173973974304145e-01 4.842283835955969451e-01
1.197300000000000000e+04 5.219369641047040265e-01 5.584563454362282409e-01 4.906379567425599997e-01 5.553828662227366930e-01 6.032781495936068161e-01 7.244588099042797991e-01 6.822160652321700436e-01 7.112819261147668159e-01 3.950217879583537428e-01 5.414296231976217788e-01
1.197400000000000000e+04 5.208582403645134473e-01 5.180417280248589273e-01 5.180556784849920104e-01 5.754692297186768668e-01 6.711235138130567934e-01 7.535904652673791615e-01 7.217846152131504045e-01 4.928189561706673993e-01 4.473250910437749917e-01 5.753706281697963387e-01
1.241800000000000000e+04 4.209388974544447382e-01 5.561995698085802076e-01 5.940742001557929308e-01 6.724307673514164918e-01 7.966932743826150576e-01 7.685777732458195510e-01 6.842133641243967057e-01 5.124058500500111579e-01 3.845092767542427348e-01 5.220973208396153531e-01
1.241900000000000000e+04 5.107358955461211991e-01 6.015544964455695753e-01 6.160424165824202047e-01 7.164158291692612757e-01 7.114383499465293248e-01 7.438849763484717270e-01 4.992075845665914779e-01 4.687250491568406563e-01 4.224846009927374912e-01 5.482362529175810462e-01
1.242000000000000000e+04 5.586904199304300045e-01 6.338089976526805058e-01 6.707476366993828654e-01 6.638344197544262526e-01 6.991652850448802914e-01 5.511303740593808120e-01 4.658553653924612514e-01 5.322765269940203936e-01 4.552962639940960621e-01 5.458546035840201593e-01
1.242100000000000000e+04 5.778441920891288497e-01 6.740353089971168332e-01 6.116003704264134644e-01 6.432156245765474623e-01 4.438169288680973157e-01 5.027261628059813692e-01 5.238086009166126322e-01 5.672915930007661478e-01 4.463205094642183623e-01 6.623255424861996810e-01
1.242200000000000000e+04 6.036524380924104261e-01 6.114725255994447606e-01 5.823000923866805678e-01 4.307384535275394222e-01 3.695133852136398001e-01 5.568427078778407369e-01 5.513884465692880932e-01 5.460682820068579746e-01 5.446689189594045022e-01 7.494584081695939703e-01
1.242300000000000000e+04 5.481578472739190300e-01 5.807248000392153386e-01 3.797927719329247109e-01 3.670031583447367907e-01 4.308823956126576760e-01 5.826519963786325196e-01 5.242066878385360784e-01 6.742113306664845318e-01 6.201085054551991327e-01 8.072236679434320328e-01
1.242500000000000000e+04 3.644721987155204457e-01 3.366112528186089303e-01 3.570581179604963018e-01 4.318289783262979076e-01 4.134417954766020364e-01 6.960009726934314189e-01 7.606336574629931624e-01 8.381919236357477931e-01 6.352597337000098765e-01 7.626021455866984766e-01
1.252900000000000000e+04 3.246543892391552388e-01 3.467355518303699147e-01 3.828122738558787375e-01 4.497588243458804369e-01 5.790158984349004223e-01 7.968527478819545928e-01 7.413533876213864726e-01 7.540172652005899812e-01 6.056023988708334471e-01 7.185860249755791074e-01
1.253700000000000000e+04 3.810456312009997126e-01 3.923674781984838322e-01 4.414046355077243522e-01 4.538734439620049632e-01 7.938505554038831624e-01 7.986847385039469449e-01 7.498019190225390096e-01 7.545415491035156741e-01 5.650133122790159668e-01 4.958230912107477462e-01
1.253800000000000000e+04 3.798048341327474042e-01 4.697948276625497632e-01 4.193594559699547752e-01 7.215196073784392317e-01 7.584562865806813159e-01 8.248994433981915453e-01 7.638440758864685209e-01 7.180606811558586378e-01 4.033406160504311444e-01 4.622927250094424623e-01
1.253900000000000000e+04 4.428074116653509806e-01 4.483210485188383609e-01 6.668536562606593998e-01 6.917002787404558095e-01 7.889481160464655307e-01 8.387750033057613797e-01 7.232874852861354009e-01 4.986917276092313611e-01 3.719068023377443688e-01 4.727019220459041660e-01
1.254000000000000000e+04 4.268320261606760591e-01 6.741602335737151286e-01 6.415756679050721445e-01 7.184582452298589050e-01 8.097211671921281662e-01 7.959637002750089563e-01 4.918881944545506202e-01 4.585859122200343641e-01 3.829685488580518715e-01 5.191177811688749699e-01
1.254100000000000000e+04 6.114400665087215136e-01 6.477912634915083956e-01 6.625820569734369725e-01 7.306657184192525412e-01 7.507593049911993610e-01 5.320681495290150442e-01 4.453930032668285133e-01 4.699685213783936777e-01 4.222622313987697273e-01 5.293754140565751776e-01
1.254200000000000000e+04 6.044054823794743347e-01 6.846748921324169457e-01 6.937765335536484335e-01 7.053666582389859219e-01 4.468544981124495941e-01 5.012243569014322997e-01 4.765375944968578970e-01 5.407703070523393052e-01 4.447933224499212579e-01 5.813272670471283377e-01
1.254300000000000000e+04 6.347168114273717965e-01 7.124718872139907955e-01 6.697679024841101114e-01 4.647392213078350154e-01 4.075928494827141813e-01 5.357159574213838926e-01 5.516067576242797976e-01 5.707402745555334445e-01 4.914270576090516984e-01 5.772296730747576987e-01
1.254400000000000000e+04 6.568568113367354577e-01 6.896259854214296103e-01 4.443429675667489587e-01 4.323614569265574192e-01 4.491208102184328088e-01 6.186258958790691320e-01 5.823416954824239822e-01 6.324457496870969919e-01 4.868751642029960358e-01 6.161327911364828935e-01
1.254500000000000000e+04 6.399164089747788609e-01 4.883242811689799123e-01 4.168781531740966551e-01 4.680742887296516219e-01 5.567309871801972010e-01 6.560633032601806969e-01 6.507495403085608032e-01 6.287653800740234944e-01 5.238390909127839112e-01 6.201054683371558518e-01
1.254600000000000000e+04 4.678233235055543338e-01 4.576619248422185149e-01 4.436847331568138930e-01 5.461612892138818509e-01 5.948595896878859923e-01 7.258288207427704419e-01 6.405576833068471476e-01 6.726999886620427249e-01 5.230598081336654825e-01 6.467693142562050967e-01
1.254800000000000000e+04 4.266452848053469693e-01 5.044003549917424056e-01 4.966223190583009539e-01 5.939167470027126861e-01 6.028486189554159713e-01 7.149484398796145390e-01 6.399386515182919899e-01 6.605974940005385765e-01 5.232005441952453095e-01 5.895312999788411279e-01
