5.500000000000000000e+02 4.301830296580403945e-01 8.113836382253181156e-01 6.091523958070058642e-01 7.992592964820398604e-01 9.116131318480336088e-01 8.482965283113879096e-01 4.832143913796142498e-01 1.579006462023309076e-01 2.634708035191711262e-01 2.468750717882237655e-01
5.510000000000000000e+02 6.807216411143872659e-01 7.833542448886975373e-01 7.589498864455638261e-01 8.311972694160162378e-01 9.473332444751382253e-01 4.938930110159753251e-01 3.410261028249922388e-01 1.748051786038386235e-01 3.741461367958709427e-01 1.490510801134644070e-01
9.570000000000000000e+02 5.762031259465062449e-01 8.113304193746179171e-01 2.573823002868066978e-01 0.000000000000000000e+00 0.000000000000000000e+00 6.621627957975305678e-01 9.739752748605943200e-01 5.885490295826999452e-01 9.587333660334602659e-01 8.809849438050465498e-01
9.590000000000000000e+02 0.000000000000000000e+00 0.000000000000000000e+00 0.000000000000000000e+00 6.042223155155527214e-01 8.879051472484952301e-01 5.947063035933565223e-01 8.947740748832184732e-01 1.000000000000000000e+00 9.483621011528954314e-01 1.000000000000000000e+00
9.830000000000000000e+02 6.700066615173845275e-01 7.126184978862607489e-01 4.447478241046706193e-01 6.871629241862701187e-01 6.385147764431173822e-01 5.354329923746667941e-01 5.293536019082309974e-01 3.215315701720035668e-01 5.895261446039034015e-01 4.558494429899583866e-01
1.043000000000000000e+03 1.000000000000000000e+00 8.762522774775510781e-01 7.604115879033638281e-01 7.992430886870846019e-01 7.361005444307984202e-01 5.919792849651173139e-01 6.264357245792172568e-01 0.000000000000000000e+00 0.000000000000000000e+00 1.231956933572960905e-01
1.322000000000000000e+03 4.936857163278373650e-01 7.831650183486081884e-01 5.633147857846698692e-01 7.811320847044397331e-01 5.626229304413414845e-01 6.096454548172808297e-01 6.117720774403974104e-01 4.337548427866171896e-01 5.640814777103443367e-01 1.817845084155913504e-01
1.323000000000000000e+03 6.517510942606256075e-01 7.528030837622803340e-01 7.484569231898174912e-01 6.234327794464054051e-01 7.138705422202590301e-01 6.385316667200082730e-01 6.357955648567880091e-01 5.003927128027073623e-01 2.972973432286400430e-01 1.098479696947306100e-01
1.673000000000000000e+03 4.060417669516481753e-01 7.083269995527695650e-01 6.105615571858477031e-01 7.141053371120881232e-01 7.963555295406687939e-01 5.237075398620795186e-01 6.414338321261936482e-01 4.399070259421778983e-01 4.585520646814000290e-01 3.091742339779332549e-01
1.674000000000000000e+03 4.902448484260235606e-01 7.600648166422154794e-01 6.325645855150300312e-01 7.347048358138129620e-01 5.702130493650503507e-01 6.161971985043542821e-01 5.904502797521353763e-01 3.402040835347492909e-01 4.241890145431077008e-01 3.666540955836782301e-01
1.675000000000000000e+03 5.696659102146766074e-01 7.804132516025106270e-01 6.579168370141769140e-01 5.959158522921988999e-01 6.685914755776590779e-01 5.667132163474912776e-01 4.912243608494204494e-01 3.067852103584995382e-01 5.054621903711984388e-01 4.127438359183109307e-01
1.676000000000000000e+03 6.233894247955590329e-01 8.178207437357606358e-01 5.167982524008429834e-01 6.727935306477120792e-01 6.427570084703762010e-01 4.904246124076548918e-01 4.813192372735181634e-01 4.148419517916925314e-01 5.918367579955021718e-01 3.197495438297702774e-01
1.677000000000000000e+03 6.757623313778813312e-01 6.943273367708993060e-01 6.023460978750200256e-01 6.543840607068903692e-01 5.597216049914053304e-01 4.766812002272431403e-01 5.877723360632918226e-01 5.009391103248788113e-01 4.603170957775336580e-01 3.806017075402306493e-01
1.678000000000000000e+03 4.846035886028255968e-01 7.632613431590969943e-01 5.759630044985353248e-01 5.982861230738774072e-01 5.381072289804402775e-01 5.778031200067109685e-01 6.684766791346130610e-01 3.575842792528716174e-01 5.375248034150816867e-01 4.612397942146959640e-01
1.679000000000000000e+03 5.640303063897722513e-01 7.248854515307583402e-01 4.932813631721473802e-01 5.689526480348159332e-01 6.173620468069106471e-01 6.349968381015527186e-01 4.981459001722263191e-01 4.137599927083071005e-01 6.254211446888856551e-01 4.755284917340732442e-01
1.680000000000000000e+03 5.175067268569022438e-01 6.611435344039877648e-01 4.679909191358379572e-01 6.254054112866707094e-01 6.884907453398275701e-01 4.733062426988564608e-01 5.664761265420160674e-01 5.159079272816203821e-01 6.556875933009101987e-01 4.631926295991590226e-01
1.681000000000000000e+03 3.990512986758409375e-01 6.238472156761171172e-01 5.145526258199947245e-01 6.536241694921424150e-01 4.951621128705687158e-01 5.180832138702299305e-01 6.461422084326507997e-01 5.233921793740171635e-01 6.156648705752960637e-01 5.801678908518389521e-01
1.682000000000000000e+03 3.496506603547069325e-01 6.679612434769609530e-01 5.518039876643926478e-01 5.380156774622888438e-01 5.484539322256547500e-01 6.055949069423074427e-01 6.602803506969695535e-01 4.883036994985862633e-01 7.827949241563303406e-01 4.552708894646504967e-01
1.683000000000000000e+03 4.123186503045442319e-01 6.977925260336137470e-01 4.167474315112039696e-01 5.689150904701275602e-01 6.357619771398699271e-01 6.166100220930077480e-01 6.212869874121733638e-01 6.583586823335684235e-01 6.078268465277593124e-01 4.403148209199574947e-01
1.926000000000000000e+03 3.225254677796631775e-01 5.702145336345243454e-01 4.067827682146737400e-01 4.666476740753330299e-01 6.859423007758483903e-01 7.849104492435846625e-01 7.611402359326805422e-01 6.175347151399899204e-01 7.245803377913382359e-01 4.582418407846411412e-01
1.927000000000000000e+03 2.749373684899797388e-01 5.790957827336195018e-01 3.414864359421694862e-01 6.599467417262985247e-01 8.311158176235400319e-01 7.280458084689531706e-01 7.616568183149289295e-01 6.067220843741586433e-01 6.203004487287943070e-01 3.662208850808667537e-01
1.928000000000000000e+03 3.135583762303845168e-01 5.400478240992602208e-01 5.831577798573556182e-01 7.674102181240858300e-01 8.001967203029924924e-01 7.556319654861094470e-01 7.772885815982902846e-01 5.246715658188773057e-01 5.187394044804670701e-01 1.680096951379038972e-01
1.981000000000000000e+03 4.793247394032704167e-01 6.842348656411660901e-01 4.411747084625461945e-01 5.623868573434410711e-01 5.919352050129051968e-01 5.752600098840661147e-01 6.126963234953333171e-01 5.372797392612791434e-01 6.464354439934174579e-01 5.105642363059333944e-01
1.982000000000000000e+03 4.235026265137803447e-01 5.941751561624101230e-01 4.344958193370648258e-01 5.869653025363120724e-01 5.899267719285318234e-01 5.544368931376745246e-01 6.574543271674986311e-01 5.035534191719427399e-01 6.709416291582901426e-01 6.172879611618046214e-01
1.983000000000000000e+03 2.924637697746536591e-01 5.906461113703488364e-01 4.652388071191803087e-01 5.879574446682814814e-01 5.719444147361557595e-01 6.033528431861919783e-01 6.265793240818294807e-01 5.323262584029632150e-01 8.209899773801094813e-01 5.562437135042401781e-01
1.984000000000000000e+03 2.792556409074337664e-01 6.116702736417337638e-01 4.601565014268620968e-01 5.713892007671925732e-01 6.139063653135561349e-01 5.635690255844646446e-01 6.475262593797145305e-01 6.796451648893964137e-01 7.291199314186671554e-01 5.140699408216680144e-01
2.190000000000000000e+03 3.783050113977112217e-01 6.262730257273876333e-01 4.427142417349660408e-01 6.081748572765703909e-01 7.429094491236241105e-01 6.642581372552407437e-01 6.474207189267733309e-01 4.798073335199815048e-01 6.690625623306992731e-01 4.363600501639616769e-01
2.191000000000000000e+03 3.626884289981296416e-01 6.126583394117306458e-01 5.070435103446254699e-01 6.980774937696651028e-01 7.104634154639793975e-01 6.168905808625861908e-01 6.257659005337111724e-01 5.533562493277301986e-01 5.942388027414898799e-01 3.796217397641746261e-01
2.192000000000000000e+03 3.331107834796981360e-01 6.616252014855562580e-01 6.029126357760590249e-01 6.716188102344069488e-01 6.511151086875344163e-01 5.850664357769549406e-01 6.909329326250674974e-01 4.662452729310091470e-01 5.070062872925064079e-01 4.282953702302405019e-01
2.193000000000000000e+03 3.969369533290790231e-01 7.376334935348227706e-01 5.653303407308807316e-01 6.285217460162817460e-01 6.079555784716290656e-01 6.414446279856910182e-01 5.926624513687279716e-01 3.663520565853320976e-01 5.648590374937859648e-01 4.667413322643433893e-01
2.197000000000000000e+03 4.182983885916534139e-01 7.116355705295612788e-01 4.989264368765639612e-01 5.472772876658109631e-01 5.843943839263503470e-01 6.190647894026566345e-01 6.867460538946845716e-01 5.257692338201546134e-01 5.795097228338663697e-01 4.689688781025166397e-01
2.199000000000000000e+03 3.988902185051636518e-01 5.975808064353027582e-01 4.853302528183114362e-01 6.383354837287694705e-01 6.857577789568756188e-01 6.260300540211589659e-01 5.899848479389343536e-01 5.064530964650365563e-01 6.745905657500779196e-01 4.614980610345145728e-01
2.330000000000000000e+03 3.814546770962721212e-01 7.112854405533668434e-01 6.162588794210340781e-01 6.188210317301325869e-01 7.673982201249296420e-01 6.728487151166085978e-01 7.461079975146139853e-01 3.449045959733916811e-01 5.305120698960926751e-01 2.787345806126827474e-01
2.340000000000000000e+03 6.037024372270292094e-01 7.262534256792295695e-01 5.497391414278058885e-01 5.977990680500708809e-01 4.848939232261313403e-01 4.637383851628122389e-01 5.681822770492593877e-01 4.376433421724423289e-01 6.511772402604552035e-01 4.823701402724174248e-01
2.341000000000000000e+03 5.310249718191316637e-01 7.172681380988084054e-01 5.100311497718917897e-01 5.510019930509042485e-01 5.233011505598343938e-01 5.565698067695475926e-01 6.027131032494535967e-01 5.543720536692998690e-01 6.764309634077576572e-01 4.177812790140802424e-01
2.427000000000000000e+03 4.973243968838298446e-01 6.931827201124352023e-01 5.533252215024341281e-01 6.347962251363242769e-01 6.012610874771682212e-01 4.835469052931802847e-01 6.567710319349608916e-01 4.476350452150232861e-01 5.634394589304830836e-01 4.580782827073799357e-01
2.428000000000000000e+03 4.638014573233440463e-01 7.083850805977862652e-01 5.385642750381518518e-01 6.110778637646239186e-01 5.243380412464291318e-01 6.277151333173477399e-01 5.943235056362397017e-01 4.450849819903525684e-01 6.253667242945658566e-01 4.565978785550167673e-01
2.630000000000000000e+03 4.764596855093981009e-01 6.817871286377915618e-01 5.511266021521247227e-01 6.575599434624143091e-01 5.931970955856425975e-01 5.795568176420395901e-01 7.572839097363383010e-01 4.674581658386547378e-01 4.771395430944291305e-01 3.832274263094447297e-01
2.632000000000000000e+03 4.970291147189901948e-01 7.270782808355300553e-01 5.160255085352533078e-01 6.342364331095542429e-01 7.945667653557889620e-01 5.988906928217889725e-01 5.144677947066255141e-01 4.160876049304945146e-01 5.444912787073153959e-01 3.864749259820136618e-01
2.634000000000000000e+03 5.283192929390523318e-01 7.552412816096295556e-01 7.192059274564390758e-01 6.986359695369566136e-01 6.220528206793709547e-01 6.263424669202579675e-01 6.649539842833983583e-01 4.986455420512422854e-01 2.534561443673034042e-01 2.243544803448678515e-01
2.635000000000000000e+03 5.871891811093030711e-01 8.713829335790300723e-01 6.358396354441819831e-01 6.448554604122257450e-01 7.062111175934174812e-01 6.685253884429903648e-01 6.782211992875090134e-01 1.546561158853256568e-01 3.337019506627667553e-01 2.811935309784462378e-01
2.636000000000000000e+03 7.570595659117620446e-01 7.973887651157722800e-01 5.712762363013454969e-01 6.946470605812474775e-01 7.460649416075398888e-01 6.782074460798604987e-01 3.240779487148284788e-01 2.343109115689884780e-01 4.084758874505166615e-01 3.464225102330059092e-01
2.639000000000000000e+03 6.278722245599244189e-01 8.092686063139398200e-01 6.568403023725847278e-01 4.874018467177311797e-01 4.579470027726503800e-01 4.714050951395615252e-01 5.697677341446133470e-01 4.386247026037147778e-01 5.328004276216732338e-01 4.910402015194545999e-01
2.640000000000000000e+03 6.196163410732565824e-01 7.855053282582491470e-01 3.559758065902871582e-01 5.104240121035654720e-01 4.927439211154913123e-01 5.209942499205520994e-01 5.670900708173739480e-01 3.955723683749757802e-01 6.535716942175190391e-01 6.616195009270602334e-01
2.641000000000000000e+03 5.852402953020415799e-01 5.282381773402595737e-01 3.832083688454683279e-01 5.327215021066216138e-01 5.453442732927464842e-01 5.194056184173115875e-01 5.244010706079038631e-01 5.218767371967362179e-01 8.893015682964600099e-01 6.488372610978974109e-01
2.642000000000000000e+03 1.973155631309621016e-01 5.488234013436481540e-01 4.055501813924148324e-01 5.625118276392188088e-01 5.391490948402039018e-01 4.716805771573527317e-01 6.485765752341589030e-01 7.619913679559375819e-01 8.675881968677559009e-01 6.510045068108053501e-01
3.166000000000000000e+03 7.519709065443970220e-01 8.632582728507660619e-01 6.631327072211342655e-01 5.558531768478851554e-01 4.758834190240339157e-01 4.672493511456574100e-01 4.666021932739839451e-01 3.426635432775144152e-01 4.833825155511678462e-01 4.321588448825104400e-01
3.408000000000000000e+03 4.642474988142757386e-01 6.651295921356450425e-01 5.208436916653116366e-01 6.517866906507419067e-01 6.463258668430549303e-01 5.650129448896962225e-01 5.760219317054763311e-01 4.845895766419546224e-01 5.698907543540687737e-01 4.640008578702027875e-01
3.409000000000000000e+03 4.214405788004999542e-01 6.801907598483772910e-01 5.576733632378647609e-01 6.386936071327579123e-01 6.083265204416918870e-01 5.451683100049273811e-01 6.314262245178079436e-01 4.512736656551889491e-01 6.330326687934691998e-01 4.361293155082702766e-01
3.569000000000000000e+03 5.839364721357168664e-01 5.234506627001307422e-01 4.061717157314942428e-01 5.446801327060485365e-01 4.376468024245619426e-01 4.502772138788974643e-01 4.132147462494925039e-01 6.951932061349656022e-01 9.144024884563178857e-01 6.751614902811295948e-01
3.571000000000000000e+03 2.263216958697523151e-01 5.588980227538568046e-01 3.389028655643447907e-01 4.930656621583506816e-01 3.385311468806398438e-01 7.435408136859210648e-01 8.865194113269626586e-01 7.447915306387952183e-01 8.218495762744565392e-01 5.820243163364740013e-01
3.572000000000000000e+03 2.203715445355838853e-01 4.956633474826411812e-01 3.423677676590591301e-01 4.189043304375311139e-01 7.464478319117423544e-01 8.150300849340786913e-01 8.514263055771976729e-01 6.685865450792960463e-01 7.530600208109490268e-01 5.416316882826684997e-01
3.573000000000000000e+03 1.439530632865672621e-01 5.106059446324615614e-01 2.713145637066037286e-01 6.838882195219551097e-01 8.404001825495013289e-01 7.985745424818786464e-01 7.927881049228828747e-01 6.158129413942312613e-01 7.153536510380338331e-01 4.214337242294134422e-01
3.574000000000000000e+03 1.564367144526906117e-01 4.431379678411766498e-01 5.673931454488558845e-01 7.353614200928875189e-01 8.124385896052511713e-01 7.285539781939398551e-01 7.287840351616362566e-01 5.665900085543462694e-01 5.402961946395443693e-01 4.305293487861883150e-01
3.576000000000000000e+03 4.933874900195613922e-01 7.872329984219624821e-01 6.529157284321425170e-01 7.134544688297806969e-01 7.376052077578618693e-01 6.755017071887785551e-01 5.557479153728803745e-01 4.586308209932059565e-01 2.896637963316411324e-01 2.285123636581320450e-01
3.577000000000000000e+03 6.336411950511122715e-01 8.135705064272384934e-01 6.518123549422001339e-01 7.156768422824346665e-01 7.557967394046979370e-01 5.560908471722688651e-01 6.360710138712436512e-01 1.908932021418052183e-01 3.381267511701586126e-01 2.647837218153468175e-01
3.711000000000000000e+03 5.460765593963811115e-01 7.825027858705575490e-01 6.224239985062414160e-01 6.903283453185169449e-01 6.245078132331617349e-01 5.707958621314110914e-01 5.046365225772838636e-01 4.026084191281669167e-01 5.315880157943239093e-01 2.913554773186537994e-01
3.712000000000000000e+03 6.351591553397686329e-01 7.931388895650830495e-01 6.319528673234924288e-01 6.512934541269129740e-01 6.564489730020151015e-01 5.131469095415608361e-01 5.878895567101818376e-01 4.507631276035300449e-01 4.330803852484889083e-01 2.474092692234129975e-01
3.900000000000000000e+03 9.463673625197585038e-01 9.397073681216602248e-01 6.210526905638300565e-01 6.723025897643108983e-01 6.120585300704898257e-01 0.000000000000000000e+00 0.000000000000000000e+00 5.058376339481127637e-01 6.251480918954843702e-01 4.588090192544900248e-01
3.901000000000000000e+03 8.703826852978419071e-01 7.921927277699112313e-01 6.115193726757922610e-01 6.437982624369044116e-01 6.395231465334812182e-02 3.443879737448810952e-04 6.934326656052435256e-01 5.482610920013067934e-01 6.641375483960643145e-01 5.315233193283144253e-01
3.902000000000000000e+03 6.331030687430078130e-01 7.727120458554940230e-01 5.656455880482702536e-01 2.922071129673800560e-01 4.614379003617312403e-02 6.876804454397075217e-01 7.191191936455936240e-01 5.715116419234755885e-01 7.476804330590838266e-01 5.852829271328238159e-01
3.903000000000000000e+03 5.924737427222387387e-01 7.256221133184946881e-01 1.531623373182134651e-01 2.734433589391014330e-01 7.470822482729893022e-01 7.015933507658131951e-01 7.307932536942601809e-01 6.464006595784970166e-01 8.103082552812143069e-01 4.896400916311541285e-01
3.904000000000000000e+03 5.238646319410078522e-01 3.727843271111777601e-01 1.329293262105648854e-01 7.094608920785351325e-01 7.633825499420860972e-01 7.152486446199580739e-01 8.088099313699769199e-01 7.131180054100723087e-01 6.803042415248780062e-01 4.497206998361687469e-01
4.057000000000000000e+03 5.334130249763654463e-01 7.941321747301272049e-01 5.998778527914984116e-01 6.628670725709279177e-01 6.381477974892596494e-01 6.142983990935388938e-01 5.779057318349251071e-01 4.313299018457551481e-01 5.093786349713206318e-01 2.448166975095670550e-01
4.058000000000000000e+03 6.710962816668055719e-01 7.861902390957323794e-01 6.148680604344111122e-01 6.723464584971490243e-01 7.219344414196605664e-01 6.071850488117040978e-01 6.363817929411133001e-01 4.465703412683172946e-01 3.870590711816946361e-01 1.193491633556622300e-01
4.177000000000000000e+03 2.369990278621396940e-01 5.744917132720703812e-01 4.619835092020323497e-01 5.640120291243634343e-01 4.570549438655095997e-01 7.227291352463162122e-01 7.526381187754651592e-01 5.827119928412970440e-01 7.998316776776731585e-01 5.288152577617450945e-01
4.178000000000000000e+03 2.589874407339182727e-01 6.114463417395449296e-01 4.356984139511918541e-01 5.027957738898113371e-01 7.418903530732346985e-01 6.955875615994798755e-01 7.027782774253740206e-01 6.616698684065782654e-01 6.952031813436441166e-01 4.497275350481024225e-01
4.308000000000000000e+03 4.287905881313299195e-01 6.325149588413189194e-01 4.772592130041085623e-01 6.073255663796437442e-01 5.980617376684567166e-01 6.883630067752732895e-01 6.793034555863419754e-01 5.117899518895189237e-01 6.221385077739405300e-01 4.307719688257285462e-01
4.620000000000000000e+03 5.528694357716585905e-01 7.611818972593473731e-01 6.106401209109370010e-01 6.350637248195003526e-01 6.667149008872983451e-01 5.715073006994353388e-01 5.204484348810788363e-01 2.146275990513448473e-01 4.214637469248264656e-01 5.508362581341594844e-01
4.621000000000000000e+03 5.329531408583675356e-01 7.358903546452291167e-01 5.136824257012535533e-01 6.297051520893062193e-01 5.802288540132624073e-01 4.552139465674417407e-01 3.238065456222781746e-01 2.649891372838314441e-01 7.210841708408872730e-01 7.038773125483869242e-01
4.676000000000000000e+03 5.940353543449592433e-01 6.857971227486775456e-01 4.000363247063146166e-01 5.491530688221740730e-01 6.015144927640176942e-01 5.691509116514326116e-01 5.473259397167298257e-01 4.839590363059156908e-01 8.261767571835646473e-01 4.280938527253200787e-01
4.677000000000000000e+03 4.658625266440564738e-01 5.856099998547246166e-01 4.504918507709824160e-01 6.201369551582960327e-01 6.275161846518897413e-01 5.303554172606145256e-01 6.449294427660494655e-01 7.310827714194929605e-01 5.970040034075576596e-01 4.414604003466267024e-01
4.678000000000000000e+03 3.058675220242805248e-01 6.219250049297846417e-01 5.237996040300190170e-01 6.291530581887258000e-01 5.757893906372558712e-01 6.184714404691806777e-01 8.855961680577948414e-01 4.825917683557344739e-01 6.050908576201429190e-01 4.171726213645421955e-01
4.679000000000000000e+03 3.424017997786637513e-01 6.729490313036184945e-01 5.203050019761855660e-01 5.850220637509914168e-01 6.477586095780242248e-01 8.440868630802087491e-01 6.141866858911281257e-01 4.728425314311187067e-01 5.541907080097260296e-01 4.170109928818963585e-01
4.680000000000000000e+03 4.213713449221055951e-01 6.718606117939462941e-01 4.719151250301306111e-01 6.315814907880589191e-01 8.849043178892773698e-01 5.715101468625052306e-01 6.072346687092706752e-01 4.229814804425989783e-01 5.567772332076478259e-01 4.247498349343679647e-01
4.681000000000000000e+03 4.212415160993385199e-01 6.313620198063881750e-01 5.264834889380526350e-01 7.796414278256826869e-01 6.038191329123568929e-01 5.660317667112257922e-01 5.580547524591079611e-01 4.271918066944638825e-01 5.688995139174185534e-01 4.715282879111828418e-01
5.094000000000000000e+03 2.817594291967759901e-01 5.535843721069931833e-01 4.242916152661669327e-01 6.396843282693616128e-01 8.120553006160036169e-01 6.958626567617528513e-01 7.215278298901712795e-01 5.732163969460091213e-01 6.017800574414181591e-01 4.327430438116351419e-01
5.096000000000000000e+03 3.305807175164282019e-01 7.067923487972088692e-01 6.686800374498548249e-01 7.063768315586174129e-01 7.524563883858153002e-01 7.040335644196231701e-01 6.419346113956613253e-01 4.827033927301911942e-01 3.579962245549402899e-01 2.689838352798341603e-01
5.097000000000000000e+03 4.935330850645867629e-01 8.136817694120545008e-01 6.280645017267951769e-01 7.112811373786305236e-01 7.634741660253947515e-01 6.226074074059552155e-01 6.398237703993587822e-01 2.415602202356809669e-01 3.743315714788339466e-01 2.768092507362204802e-01
5.125000000000000000e+03 5.293236158873788622e-01 7.625797625775981858e-01 5.756764554208138041e-01 5.647347258160954064e-01 4.743977073463619964e-01 5.464716170717568433e-01 5.432949336075338920e-01 4.102862206067547368e-01 5.840515789687675818e-01 5.436462409455824485e-01
5.797000000000000000e+03 5.702535625777275241e-01 7.283445460935222826e-01 5.626524129247484352e-01 6.638244633865197919e-01 6.651402760971708572e-01 6.040254370587647692e-01 5.628254471930805858e-01 4.182955644512679760e-01 4.337483653763162805e-01 3.855476359711830225e-01
5.800000000000000000e+03 5.664219370492141747e-01 7.489995373901857656e-01 5.894108420361899858e-01 6.328727707711250261e-01 6.381261870054358853e-01 4.816491326447410182e-01 6.100407492708993518e-01 4.137800705333526952e-01 4.983172064884046071e-01 3.984891350743146043e-01
5.801000000000000000e+03 5.657872480038945717e-01 7.518517161938902404e-01 5.509125068011138104e-01 6.466294590015820853e-01 5.427641119855749485e-01 5.999523369758523739e-01 5.792377338222660654e-01 3.965534265095045363e-01 5.617068212567111196e-01 3.860127452028894735e-01
6.030000000000000000e+03 6.495165180144160111e-01 6.522643237920132675e-01 5.572251405849649730e-01 6.628982414503272746e-01 6.608291145335362105e-01 6.031760308083246036e-01 6.023295550573148915e-01 3.966012317845506452e-01 4.764645713597924215e-01 3.764052831383212228e-01
6.191000000000000000e+03 6.290644736727764030e-01 5.176050653500151588e-01 3.200519507229023786e-01 5.028691689581091806e-01 4.311706789971455622e-01 4.952498253089258062e-01 4.826110272351767372e-01 6.789350392582089722e-01 1.000000000000000000e+00 6.472240103009254675e-01
6.192000000000000000e+03 1.880163715041717198e-01 4.990687210292342191e-01 3.764545939536856900e-01 4.962140636520703807e-01 5.213360098865514880e-01 4.362192260349407880e-01 8.152725413659488440e-01 8.835861315057753629e-01 8.719421418473383145e-01 6.397620895122410056e-01
6.203000000000000000e+03 5.429412106624389445e-01 8.608322801799543900e-01 6.417999380139438603e-01 7.386650561513172786e-01 8.118263617364074314e-01 9.045659999890218739e-01 4.600866416352225041e-01 1.228069192034205587e-01 2.694907911156816938e-01 2.103774718964160073e-01
6.204000000000000000e+03 7.493446520895267193e-01 8.078783501285696778e-01 6.852525119320249658e-01 7.656642808921828580e-01 1.000000000000000000e+00 4.648687308189533574e-01 2.998752367446600453e-01 1.757582132548461407e-01 3.187464732308668003e-01 2.633538982352983115e-01
6.205000000000000000e+03 6.831020530807282443e-01 8.538180424222882037e-01 7.263165529537989329e-01 8.912873647864800741e-01 5.573460308302414790e-01 3.153966020583355845e-01 3.670549269964010763e-01 2.399003982507159627e-01 4.042815076764104121e-01 3.285838461419671175e-01
6.206000000000000000e+03 7.346621494377563177e-01 8.776362968243087703e-01 8.572329676808929655e-01 6.048374919132760708e-01 3.835445321331955593e-01 3.658853833416207957e-01 4.148559084508250394e-01 3.114534036102976078e-01 4.774961244097219448e-01 3.904741798212377768e-01
6.207000000000000000e+03 7.850490516502288685e-01 1.000000000000000000e+00 5.397678810127043425e-01 5.068887027246432586e-01 4.520101934048440517e-01 4.299447247561808960e-01 5.029858452936316615e-01 4.024454050445754882e-01 5.772228167296361567e-01 3.327989135732694059e-01
6.208000000000000000e+03 9.522324446657705055e-01 7.169390819988069596e-01 4.152189775589297804e-01 5.389174910218782477e-01 5.016418589693678598e-01 5.032584572460325756e-01 5.796317379961904992e-01 4.901847434366092271e-01 4.825317023910062897e-01 4.684297159848647696e-01
6.210000000000000000e+03 3.372764572579469711e-01 6.198639313793098404e-01 4.620489894736817815e-01 5.948883343095869858e-01 6.230242219558795869e-01 6.376235180595722918e-01 5.350986177422516477e-01 5.525058366825654765e-01 7.440372128491590242e-01 5.368475715547100791e-01
6.211000000000000000e+03 3.443869507916861861e-01 6.233887137549767310e-01 4.849667728614756035e-01 6.177602956557221026e-01 6.731995222146816005e-01 4.935464661893102511e-01 6.906169434844323662e-01 6.221168358921543851e-01 7.238633954371959112e-01 4.067512601265076966e-01
6.212000000000000000e+03 3.636187361719199207e-01 6.524156952808636278e-01 5.221387163926758390e-01 6.584200132466659916e-01 5.390894742214759061e-01 6.663329168225992083e-01 7.761027108542555286e-01 6.155866186523052397e-01 5.586609891339493483e-01 3.215676404404517741e-01
6.528000000000000000e+03 4.114511364640627278e-01 6.360945827212640680e-01 5.041973291152682668e-01 5.706605771939744498e-01 6.692594624440743045e-01 6.859889679244250971e-01 6.997145848936200396e-01 4.928746196182226535e-01 5.865340514667529703e-01 4.334654475754243785e-01
6.529000000000000000e+03 3.802946539644725954e-01 6.673787335277955313e-01 4.663061986867760855e-01 6.544122092890941600e-01 7.362613935751951555e-01 6.731425676188189655e-01 6.421448424044240433e-01 4.707804613829995599e-01 5.931694201269662736e-01 3.842756840263183982e-01
6.684000000000000000e+03 4.998375164203525123e-01 7.253034127659278019e-01 5.682838461439034816e-01 5.907595532394639415e-01 5.906089820745622498e-01 5.794089740309641412e-01 5.815644838396837324e-01 4.559839445116592449e-01 6.270964035638151302e-01 3.962926565439626736e-01
6.685000000000000000e+03 5.195788347649359373e-01 7.264675352535649999e-01 4.941424626944677656e-01 6.097927981805032482e-01 6.323903747712572576e-01 5.595884227455198978e-01 6.109675834420755791e-01 5.191269539104058639e-01 5.480360674298493384e-01 4.080036808252537339e-01
6.686000000000000000e+03 5.242473072672523271e-01 6.648079602518884856e-01 5.182680349554271704e-01 6.377046338064041864e-01 6.150299241416843365e-01 5.925583590004998014e-01 6.783042517515377456e-01 4.400956364142653565e-01 5.670418646642507721e-01 4.032713547285768363e-01
6.687000000000000000e+03 4.328621779506798273e-01 6.859598729246677573e-01 5.508252838702587528e-01 6.273902787136467207e-01 6.499853508860806706e-01 6.616917499115791967e-01 5.985344129713541239e-01 4.605006522444558548e-01 5.611873421369391046e-01 4.022901699309113233e-01
6.693000000000000000e+03 4.680264593736102596e-01 7.017341447163079060e-01 5.320107135932126141e-01 6.203783648128696759e-01 6.530177141965427534e-01 5.582942840908849957e-01 6.201188291992189017e-01 4.365550561507074434e-01 5.951056643457558470e-01 4.301964998284452113e-01
6.694000000000000000e+03 4.754124021659569266e-01 6.893283667360808886e-01 5.211232782415402554e-01 6.423945786061484586e-01 6.006316928815796929e-01 5.892644663615763667e-01 5.818473428365950051e-01 4.767517955740242508e-01 5.858555766902451278e-01 4.430791876694060161e-01
6.695000000000000000e+03 4.722094117490228116e-01 6.902443591194464823e-01 5.583479984122237116e-01 6.203201737172706620e-01 6.495727490548753869e-01 5.665715881805927223e-01 6.387099687553394745e-01 4.828228126232037565e-01 6.186970452049278535e-01 3.497472923578764381e-01
6.696000000000000000e+03 4.698627485414670901e-01 7.196999505404322317e-01 5.301118099169054299e-01 6.481571777389100175e-01 6.219431915889831464e-01 6.204254827673385542e-01 6.410226660952865751e-01 5.130970985687951513e-01 4.865366594774560016e-01 3.713769967195630350e-01
6.697000000000000000e+03 5.051528571597192485e-01 6.896580725694243519e-01 5.552785169186963410e-01 6.251115085198456489e-01 6.683076079772777289e-01 6.135930839365537626e-01 6.628028210526999420e-01 3.671264958682920465e-01 5.077785771236756895e-01 4.255642071144264404e-01
7.094000000000000000e+03 1.694625857544096170e-01 6.132229701706993774e-01 4.644116900741487863e-01 6.462984250501542238e-01 7.744402243250044782e-01 7.065361435142424318e-01 8.450280645308099192e-01 5.291855963884304348e-01 6.049965150287196503e-01 3.665534671603660755e-01
7.102000000000000000e+03 6.353781078209024269e-01 7.360939556146665064e-01 6.034255948047667628e-01 7.439425688638411360e-01 6.700943634149214567e-01 5.449832929908527968e-01 5.271465963500056029e-01 3.423396297539800237e-01 4.331700710150381828e-01 3.240489857412071073e-01
7.103000000000000000e+03 5.926105711506264306e-01 7.947843188245551360e-01 7.145108124402681504e-01 6.978175903135206415e-01 6.589542438282687264e-01 5.642551900601096015e-01 5.542281554031861512e-01 3.758114620396639793e-01 5.043909910311753508e-01 1.391795679439314093e-01
7.105000000000000000e+03 7.969926946390831768e-01 8.272597041361177128e-01 6.332638583796477150e-01 6.856919154873085676e-01 6.792047255745662371e-01 5.991736772394115063e-01 6.368675736602441573e-01 1.587089228710478472e-01 3.062133381913911268e-01 2.478620117813268020e-01
7.106000000000000000e+03 7.256898302565812919e-01 8.182678967492410527e-01 6.450452858294672964e-01 7.012892628909355164e-01 7.117555799064534394e-01 6.725127455368188345e-01 3.636655291246312927e-01 2.406326959608864335e-01 3.961978270691239867e-01 2.755297172925828542e-01
7.107000000000000000e+03 6.999518329350771229e-01 8.201648754175463463e-01 6.533908277504755224e-01 7.131700573171962931e-01 7.745265656525377462e-01 3.816648302008227023e-01 4.345378834847124505e-01 3.216807197710794819e-01 4.223519970576105065e-01 3.031921139056561465e-01
7.108000000000000000e+03 6.954944011096085843e-01 8.224531251046777180e-01 6.613558771681307125e-01 7.471998280066785014e-01 4.644184442637857013e-01 4.461208384249198411e-01 5.096231642017978736e-01 3.414589208839982626e-01 4.533576094460911587e-01 3.314551970671327230e-01
7.109000000000000000e+03 7.039928057614718293e-01 8.326941718221686495e-01 7.044084360001863221e-01 5.580624895886719949e-01 5.368986524610847022e-01 5.278115437702415313e-01 5.350204339454477376e-01 3.788049976579483946e-01 4.972663764766712680e-01 2.957572827188493236e-01
7.110000000000000000e+03 7.220494204817773376e-01 8.715198902928541491e-01 4.892563770837336512e-01 6.049333387448796451e-01 6.247677869802363837e-01 5.565320170504369779e-01 5.759252056277766041e-01 4.271995939890861904e-01 4.507539311964393058e-01 2.842323851615257690e-01
7.111000000000000000e+03 7.725857679757989205e-01 6.817190312776937322e-01 5.373044930975225952e-01 6.544465454083062683e-01 6.464540221596385416e-01 5.902843506376352911e-01 6.175183115845878090e-01 3.713111112649631340e-01 4.275771402735737414e-01 3.449991132834452356e-01
7.113000000000000000e+03 5.321437000633687520e-01 7.594316959033907688e-01 5.951985791262339731e-01 6.770955307491819397e-01 7.051616998994795216e-01 5.551537501731597102e-01 5.168682719526724867e-01 4.153414781870872763e-01 4.280277265906078932e-01 3.806655408970183729e-01
7.114000000000000000e+03 5.803724822739106948e-01 7.561545591564194924e-01 6.009014575923303791e-01 6.875531648732141621e-01 6.179848039737892984e-01 5.042118055809066135e-01 5.797983606160090897e-01 3.226008981221085703e-01 5.361878883501233206e-01 3.678812572777579448e-01
7.115000000000000000e+03 5.833683654941169694e-01 7.663337794920106472e-01 6.190651606737651580e-01 6.388112646848218557e-01 5.737195873753047071e-01 5.764839504324783537e-01 4.935150809354891810e-01 4.428808575427640726e-01 5.263253847429427701e-01 3.517086756201601161e-01
7.116000000000000000e+03 6.010948115344266762e-01 7.836173007338953500e-01 5.650684362603494160e-01 6.130469656748098739e-01 6.515207583043910455e-01 4.914251260497459750e-01 6.186482415034075810e-01 4.352127543841106116e-01 5.065237801568298615e-01 3.376590162037137466e-01
7.223000000000000000e+03 7.874068216900715900e-01 8.721790229917749659e-01 7.244735353838313019e-01 6.028274007387628419e-01 5.062646445890044422e-01 4.529866704004121836e-01 5.179847458041871855e-01 3.187297034850546940e-01 3.864859284182144972e-01 3.334272130382037180e-01
7.224000000000000000e+03 7.802787157663240158e-01 8.882323481090242945e-01 5.400799824333016863e-01 5.853794366067803789e-01 5.461736401140347974e-01 5.383826054558932261e-01 5.138859073878488948e-01 3.113455863824425296e-01 5.019084125444038813e-01 3.489201119908755255e-01
7.243000000000000000e+03 4.097954355284349481e-01 6.340812360809927606e-01 4.487062401260988320e-01 5.696913609644848053e-01 5.558249702956687965e-01 4.905234178151524072e-01 5.321396974374371647e-01 6.028062151122052237e-01 7.898198977200752147e-01 5.854583021446285729e-01
7.244000000000000000e+03 3.485265045960204144e-01 6.005129869866493442e-01 4.427320287081241701e-01 5.644647899863279861e-01 5.018767663005373469e-01 4.724789686471001504e-01 7.239169172204693581e-01 6.519834157851240874e-01 7.737698886761453787e-01 5.687845901855704822e-01
7.245000000000000000e+03 2.934490841369374881e-01 5.920305372430146873e-01 4.328198271231558647e-01 5.276147723411386270e-01 4.776611079484056055e-01 6.618070830677101890e-01 7.686691346495622135e-01 6.301728324582051011e-01 7.458478924853558789e-01 5.574579475729598554e-01
7.330000000000000000e+03 4.870690283897454176e-01 7.078116647887654489e-01 5.754080745594098989e-01 6.551956649597437954e-01 6.630644262960517787e-01 5.642232766367446528e-01 5.359515201241717985e-01 4.089434431126809932e-01 5.713669868624757786e-01 4.176555105579663474e-01
7.339000000000000000e+03 4.239535672898793739e-01 6.452196743159408499e-01 4.958348197815641845e-01 5.960000057955037178e-01 5.567632798891798407e-01 6.532611111858843689e-01 7.014274441426372464e-01 8.224959941769379723e-01 7.891093388186520841e-01 1.122346971372992219e-01
7.340000000000000000e+03 4.151136582158859167e-01 6.744161469720791890e-01 5.119451671955629335e-01 5.990660542391627041e-01 7.256530209571894208e-01 6.973995350291632978e-01 1.000000000000000000e+00 7.027591748680349637e-01 1.717118283835998849e-01 2.564193138757595025e-01
7.341000000000000000e+03 4.578848334098432060e-01 6.876877302940420655e-01 5.148152607505865896e-01 7.033147427532837614e-01 7.705623427218266652e-01 1.000000000000000000e+00 8.771730307479547184e-01 6.112559952990138240e-02 3.694708254810796788e-01 2.554646434508948127e-01
7.826000000000000000e+03 2.325945550017453345e-01 5.801262761312302452e-01 4.451257095183842605e-01 5.087997697620560977e-01 6.421701184760424397e-01 6.060050643335077591e-01 7.015068393836744187e-01 5.255726964314065830e-01 7.840224641692834506e-01 6.443442192446582339e-01
7.827000000000000000e+03 2.485985076889889178e-01 5.843862003168063257e-01 3.577291671675927875e-01 6.046674233568642975e-01 6.001421999867561086e-01 6.236726094527575981e-01 6.249746146437858973e-01 6.258651007153254175e-01 8.353167373154983810e-01 5.682404101512725791e-01
7.828000000000000000e+03 2.559529847910911871e-01 5.101797644569127099e-01 4.683654409041386746e-01 5.793203764353899166e-01 6.195587349840427915e-01 5.470969112367027876e-01 7.279830177020046866e-01 6.800401556504971357e-01 7.317064108037296677e-01 5.731586348522629271e-01
7.829000000000000000e+03 1.448072831432643537e-01 6.046139209192551434e-01 4.389037388241938675e-01 5.909836299750845789e-01 5.396183047125420185e-01 6.510358257203466836e-01 7.824960987640757759e-01 5.721577663678493186e-01 7.379361969750813932e-01 5.818567523831844612e-01
7.932000000000000000e+03 3.691284052554058004e-01 6.792927263286825390e-01 6.716676401915665506e-01 7.364868739445777912e-01 7.456840108318780747e-01 5.151128862586423773e-01 7.355319656312272469e-01 5.214008402253963448e-01 4.065400313028535995e-01 2.419451529890485619e-01
7.946000000000000000e+03 4.492937081518193487e-01 6.767226547205043019e-01 4.926842025137880277e-01 5.652370237474863002e-01 5.265325175888715403e-01 5.996733883561657930e-01 7.380109294405416964e-01 6.719327252441222864e-01 5.405266482359057933e-01 4.124998035641060379e-01
7.947000000000000000e+03 4.510932298713770661e-01 6.643015944445576082e-01 4.680005581736904063e-01 5.727847272270322199e-01 6.578563420325377331e-01 7.228325890157522027e-01 8.350529783032066833e-01 4.334419701211452147e-01 5.743294799176610343e-01 3.458628869664174821e-01
7.948000000000000000e+03 4.615479589779871716e-01 6.625258122325864418e-01 4.992843022034749723e-01 6.740381410095656056e-01 8.176623620199106046e-01 8.523297670110525637e-01 6.224212765698132754e-01 4.982038968889509478e-01 5.111235915968952437e-01 1.601885117851123419e-01
8.077000000000000000e+03 3.408757125395308618e-01 6.549664926583876889e-01 7.184986384644599378e-01 1.000000000000000000e+00 6.816995271668478962e-01 4.995482715030841181e-01 4.825753276286007809e-01 3.486016510973951599e-01 4.131814631310509744e-01 3.106183688746881888e-01
8.078000000000000000e+03 4.602074547638331237e-01 8.861794188633834723e-01 1.000000000000000000e+00 6.974493707076934168e-01 5.995510696248251836e-01 5.071772910084806352e-01 5.490724487157621070e-01 3.437214359210044035e-01 4.749560373230830579e-01 0.000000000000000000e+00
8.082000000000000000e+03 7.469891808693991386e-01 8.517041454065991113e-01 7.286816615236608730e-01 7.605931238605434519e-01 8.526982446391295767e-01 2.806531927407925342e-01 4.165762540099058886e-01 1.905311131212888420e-01 3.809698734768151573e-01 2.687456185250626239e-01
8.167000000000000000e+03 7.225563748137786568e-01 7.284982984727493838e-01 5.555361875343522993e-01 6.530120303935089687e-01 6.421757561965751870e-01 3.629056824969576489e-01 5.048645299608173209e-01 4.569391703115496250e-01 6.800232841881669321e-01 3.064541261049061882e-01
8.168000000000000000e+03 5.475292166812335548e-01 7.310491473270130935e-01 5.836749474842640728e-01 6.575428058285976984e-01 4.329554891130809047e-01 5.060675277697710417e-01 6.360329353677142139e-01 5.977759121987513691e-01 4.470784947882568416e-01 4.182528580507507421e-01
8.170000000000000000e+03 5.339915202196895416e-01 7.238961396779540758e-01 3.982878479202836552e-01 5.837199845390560471e-01 6.615383512015738932e-01 7.286778286820776440e-01 4.778239636044669392e-01 4.612831345278783357e-01 6.221906850830882796e-01 4.603761466787993917e-01
8.171000000000000000e+03 5.020957334064647393e-01 5.703579453260556598e-01 4.740891040298242376e-01 6.433301214256522682e-01 7.703806867497866584e-01 4.379938527054630937e-01 6.003703512113529595e-01 4.983069909645944651e-01 6.210883635101650535e-01 5.313156575057745856e-01
8.172000000000000000e+03 2.606228749364113972e-01 6.270649391322878907e-01 5.327576746633756466e-01 7.023362446299411532e-01 4.552509795073571008e-01 5.493172136124365723e-01 6.251002843720134816e-01 4.844411842808707958e-01 7.064040564245414044e-01 5.885303838866295933e-01
8.175000000000000000e+03 5.025890988706652740e-01 5.405320597712556241e-01 4.552142937018544555e-01 5.918443160289330596e-01 5.772866686582395213e-01 6.470116433833131842e-01 7.795882063022602226e-01 7.649499474526362253e-01 5.502859824965129487e-01 3.601646687109742451e-01
8.181000000000000000e+03 6.333195028004405813e-01 8.954162217220084097e-01 5.166142765396308789e-01 5.744533778284721670e-01 6.086612459482205750e-01 6.279194004701689202e-01 4.033658400118108056e-01 3.283170997487053766e-01 5.169375116815766447e-01 4.311299030626786211e-01
8.184000000000000000e+03 4.579360287474970592e-01 7.299068209254442330e-01 6.251070169928629738e-01 5.440743040530697794e-01 5.666526432508498523e-01 5.953472524431407953e-01 7.003894526516230012e-01 5.740117597457260468e-01 5.622779192409269600e-01 3.059426237853914987e-01
8.185000000000000000e+03 5.343891936887417149e-01 7.805525444451912875e-01 4.467363721470801741e-01 6.003173994719160911e-01 6.576317156719296841e-01 6.887223913321849356e-01 7.394068520463554783e-01 4.599828319778877517e-01 4.314347591852536468e-01 3.270174807203228839e-01
8.186000000000000000e+03 6.153160138192664830e-01 6.309969913761606097e-01 5.154159156318538493e-01 6.603700689591841533e-01 7.603743485596083929e-01 7.339832121965452760e-01 6.287913746445282781e-01 3.295919643705697566e-01 4.656457259883143851e-01 3.476446227790982446e-01
8.187000000000000000e+03 4.385328288370939909e-01 7.212031493045886199e-01 6.208548238049172996e-01 7.560077250637278201e-01 8.587885578003221498e-01 6.709401511581548627e-01 5.444127175543450603e-01 4.126849727115101674e-01 5.399418673519716938e-01 1.050670479046798278e-01
8.188000000000000000e+03 5.464394925097587619e-01 7.937155844261848392e-01 7.096345138905604255e-01 7.987140873387330586e-01 7.636151379688148610e-01 5.566177248172141656e-01 6.011336885164324517e-01 4.623622166377940323e-01 1.792010693075163641e-01 1.520442094884111306e-01
8.343000000000000000e+03 5.043160720101955707e-01 7.763679819425283180e-01 5.937994988281527498e-01 6.049008193300172698e-01 5.874936538864860003e-01 7.575614543442108495e-01 4.498238242896567263e-01 3.899624520422564355e-01 3.161705118992742536e-01 5.444983526033992938e-01
8.444000000000000000e+03 4.917623573870477660e-01 7.235934758040992731e-01 7.046297830460117595e-01 6.829216123878971700e-01 5.623015309409289397e-01 5.351105539411912249e-01 5.738241285322185359e-01 3.849190519184737536e-01 5.094588881773970401e-01 3.711369439469524023e-01
8.445000000000000000e+03 5.181692814881287967e-01 8.442296781610426626e-01 6.007980959743265403e-01 5.930075635525462463e-01 5.876683174535457521e-01 5.529300087579248624e-01 5.398029954305926248e-01 3.982483161796458448e-01 5.145287097389874553e-01 3.948815711651741389e-01
8.446000000000000000e+03 6.904590417955782655e-01 7.499236226135616024e-01 4.915632395277733657e-01 6.034702086541224864e-01 5.976560836436018986e-01 5.101733622692301573e-01 5.453120665152713098e-01 3.955888187359383745e-01 5.395776589393086464e-01 4.636996181180829124e-01
8.448000000000000000e+03 4.460754399861444064e-01 6.908043973289426098e-01 5.390015209463376866e-01 6.068080972189172639e-01 5.988626300429795712e-01 5.513399951337012439e-01 6.068010563960566373e-01 5.570056017656004332e-01 5.634720082074371472e-01 4.532323338246732058e-01
8.449000000000000000e+03 4.593914275463673591e-01 6.955206092667750584e-01 5.057816447038232521e-01 6.090050770517146939e-01 5.937356791725978411e-01 5.760443773854388994e-01 7.047507012215247224e-01 4.442391626084736256e-01 6.178476519697269076e-01 4.255185148883505186e-01
8.450000000000000000e+03 4.656990350008923807e-01 6.665335165184786970e-01 5.077317096884179648e-01 6.053280508160708839e-01 6.185657666122997833e-01 6.747668959083432672e-01 5.892108820448374029e-01 4.998894877330787856e-01 5.789835165404461081e-01 4.397413897036839270e-01
8.557000000000000000e+03 5.963433598637467581e-01 7.995438772465864874e-01 6.325284782036127984e-01 5.775113166306141688e-01 4.875283444222526796e-01 4.813892915376167814e-01 4.907413449499394287e-01 8.083454271355522414e-01 4.317520286910693228e-01 2.943792123099029934e-01
8.558000000000000000e+03 6.550657645881055036e-01 7.980985700935964156e-01 4.980709307591457136e-01 5.624951598401901620e-01 5.575330769998451119e-01 4.931877203526345288e-01 9.954998645633286181e-01 3.414694782395115702e-01 4.318214949083197252e-01 3.189579814889242915e-01
8.561000000000000000e+03 4.349398020528233988e-01 6.950113875701720012e-01 5.211987860044497989e-01 9.282990877572007138e-01 5.748813282177989148e-01 4.981688548087112034e-01 5.314290818074185463e-01 4.136850646398391174e-01 5.408143822093184339e-01 3.553852505008692764e-01
8.563000000000000000e+03 4.512540752066304117e-01 9.886037059733752130e-01 4.971808801210150230e-01 5.767842944016563500e-01 5.482737366992275208e-01 5.354065130927819771e-01 5.739762585307389697e-01 3.687310879568288513e-01 5.879899437087684477e-01 3.819305894038568239e-01
8.565000000000000000e+03 4.407993334568733323e-01 6.561586523301425888e-01 4.940870287458333787e-01 6.145715968673192142e-01 6.154118538438569930e-01 5.103615927627354054e-01 6.449593134435401831e-01 4.273908855080009173e-01 7.121714896924405958e-01 5.003774506448521731e-01
8.566000000000000000e+03 3.852285013470790886e-01 6.419447270551702500e-01 4.971367781337172054e-01 6.039677488995529586e-01 5.265869229757511594e-01 5.910012370679010862e-01 5.494333858270468163e-01 5.753861275814791121e-01 6.604956075484100797e-01 5.665698408950325948e-01
8.567000000000000000e+03 3.637092781452511692e-01 6.443458186529141818e-01 4.847296860259387996e-01 5.486946053339003537e-01 6.098531363792822901e-01 4.936889556968654391e-01 6.996432001488124275e-01 5.214936486276616767e-01 7.512248163889138075e-01 5.289423966822106582e-01
8.568000000000000000e+03 3.705481353375988385e-01 6.358921359643613380e-01 4.238959004049138724e-01 6.025257462055562119e-01 5.125229065172997034e-01 6.496366059782299196e-01 6.482268102899331197e-01 6.188937884896468233e-01 7.027012293447395530e-01 4.925513475330921542e-01
8.569000000000000000e+03 3.674717304624253722e-01 5.901114728561527301e-01 4.930771908541337623e-01 5.486776183435683185e-01 6.847451357407532413e-01 6.075518463296433191e-01 7.573019780591753181e-01 5.783989023900992787e-01 6.620895041566062789e-01 4.358836040974189419e-01
8.570000000000000000e+03 2.993907062552751408e-01 6.495947166155879859e-01 4.314919702201736595e-01 6.556185110758611101e-01 6.413417763341385802e-01 7.185620474344042163e-01 7.163335208930667886e-01 5.365211083162501060e-01 5.843424775129956172e-01 4.322193017979599206e-01
8.720000000000000000e+03 4.899438806429186055e-01 6.917498329753450914e-01 5.559836880684936311e-01 6.767244436949000352e-01 6.778214963061104381e-01 5.639974570664207931e-01 6.110787573223993574e-01 4.475939378077053998e-01 5.727495719635213867e-01 3.387151043284412633e-01
9.259000000000000000e+03 8.229958253323153006e-01 8.038426327054535303e-01 5.867116630776161301e-01 6.124398147139757942e-01 6.409250710025202746e-01 5.076299200031212377e-01 4.469419606703368131e-01 3.116063746667948053e-01 4.206827733813827686e-01 4.011804565948619006e-01
9.260000000000000000e+03 6.612399397059390838e-01 7.585930782382471760e-01 5.379886195301679663e-01 6.575540218196961328e-01 5.845144510681014038e-01 4.483958420608317175e-01 4.891755744665852723e-01 3.297269461913041044e-01 5.787068300112482300e-01 4.826429001611114433e-01
9.261000000000000000e+03 5.640468852955733414e-01 6.969788307911454206e-01 5.667172723480926599e-01 6.024672415360783351e-01 4.907226059438066779e-01 4.602208305022635892e-01 4.770181218639708010e-01 4.635926386372703489e-01 6.617581214804516554e-01 5.569118824569860848e-01
9.262000000000000000e+03 4.706188130767524624e-01 7.206460647250123586e-01 5.023708178897793308e-01 5.432993469634969097e-01 5.013947183959635012e-01 4.463303602894888589e-01 6.117649730305179112e-01 5.482446789894396266e-01 7.625380871309510589e-01 4.968627386147234093e-01
9.263000000000000000e+03 5.094538005654284385e-01 6.677897460522334017e-01 4.372127533117956544e-01 5.522974954113312185e-01 4.908154778820771891e-01 5.869224149319881567e-01 7.015911074543088599e-01 6.563846003066918788e-01 6.833531763306784912e-01 4.075246512672042742e-01
9.264000000000000000e+03 4.212451058070935672e-01 6.056628107274811823e-01 4.402827255025610897e-01 5.394140458581285769e-01 6.264827022972394577e-01 6.683027142032349488e-01 8.019253158831647355e-01 5.646818793553424198e-01 5.511933544388640804e-01 4.952792289496507072e-01
9.272000000000000000e+03 1.792324832457358741e-01 5.871115274808438311e-01 4.935284226288808584e-01 5.492549038554950247e-01 5.667733429868989647e-01 6.284036926825180558e-01 5.486634174299830358e-01 5.757492154609485935e-01 8.718362894384206196e-01 6.283784465173672951e-01
9.354000000000000000e+03 5.100116241012352392e-01 7.183752040211390799e-01 6.222654546713736190e-01 7.253836493952748876e-01 6.710724466622473017e-01 5.004570895052011803e-01 5.046021190426398517e-01 3.441444641384761027e-01 5.265637236020460632e-01 4.107087313877485490e-01
9.551000000000000000e+03 5.794143947160050878e-01 7.437331291961023494e-01 5.855232894318179726e-01 5.569408705685087169e-01 3.964370325257864369e-01 6.389809687573411168e-01 6.982521648827695326e-01 4.505455570694272827e-01 5.661820603608482827e-01 3.936067418593702794e-01
9.552000000000000000e+03 5.590978374476401891e-01 7.493018686647731075e-01 4.646624001575404006e-01 4.974422782959730394e-01 7.073815239714227321e-01 6.908488178092152543e-01 6.178996070997078149e-01 4.681799095091275231e-01 5.561380194345245664e-01 3.877549290729717657e-01
9.553000000000000000e+03 5.667206549142796979e-01 6.450997936482899542e-01 3.958240324094880469e-01 6.899338380793270664e-01 7.604672374132375179e-01 6.084482809441134066e-01 6.351389208657047813e-01 4.570494054013848895e-01 5.473985410791013528e-01 3.776813784913680139e-01
9.631000000000000000e+03 6.481437835713578233e-01 7.371800437209590218e-01 5.414418770947845294e-01 6.058962699675123353e-01 5.454342310089642654e-01 5.434910878563461445e-01 6.021069844064192988e-01 3.853136777402366153e-01 4.818111278967157629e-01 4.809233520275214002e-01
9.635000000000000000e+03 4.237777798359179671e-01 6.914862043379220724e-01 5.548379269922664170e-01 6.023686112942309157e-01 5.604782854880482335e-01 7.062785031998343177e-01 6.926191810230024615e-01 4.835710501296540675e-01 5.246369385683609110e-01 3.993988275964789891e-01
9.636000000000000000e+03 4.638411286594568139e-01 7.114071768968325271e-01 5.033657367442371244e-01 5.875305623998640092e-01 7.582721453318347349e-01 6.668564755533651356e-01 6.335806673229166242e-01 4.074639968864424699e-01 5.471363025519297985e-01 3.874819215699258912e-01
9.637000000000000000e+03 5.002492221098719938e-01 6.717104700620069035e-01 4.915394289538156936e-01 7.147709145168305023e-01 7.246992866121180210e-01 6.139357365527394750e-01 5.630397479866089405e-01 4.376166595937089343e-01 5.372990516722031540e-01 3.731710559257045423e-01
9.638000000000000000e+03 4.459048898764401136e-01 6.648557510304458074e-01 6.414197819645778287e-01 6.973014240041581768e-01 6.751820613113831415e-01 5.474595735713388978e-01 5.988605724855207146e-01 4.324393821815264993e-01 5.224415875598847903e-01 3.674969052536974923e-01
9.641000000000000000e+03 5.786320391738222213e-01 7.303597890847994822e-01 5.187574211470928898e-01 6.313300622959928665e-01 6.128178681951067519e-01 5.379112546731728006e-01 5.453943152619080692e-01 4.407459498455632563e-01 5.876609444233605872e-01 4.150763142872423428e-01
9.642000000000000000e+03 5.334731668272415517e-01 6.882138674908074849e-01 5.456483917859106247e-01 6.278812868399499258e-01 5.962684692972496370e-01 5.295269300899679843e-01 6.020461491346315031e-01 4.846959875012235019e-01 5.801398893286996428e-01 4.235330101451154072e-01
1.017900000000000000e+04 4.219319024738943935e-01 6.858098002658791215e-01 5.135274103204644502e-01 5.705585726850539441e-01 6.446930466980546059e-01 5.774838566845332810e-01 6.623981384626975721e-01 5.539022522917066427e-01 5.783549240266621094e-01 4.428024784284014248e-01
1.018000000000000000e+04 4.522672425831911203e-01 6.738886960315322305e-01 4.644501437554015566e-01 6.376547392802902614e-01 6.212238202730393510e-01 6.328698462272043246e-01 7.019365959700819557e-01 4.600135827606028904e-01 6.038186361338718777e-01 4.061403450333490595e-01
1.018200000000000000e+04 4.805827633682562827e-01 7.710186654630216685e-01 6.100003790735901710e-01 7.331713420168607387e-01 8.404951033567120700e-01 6.914462988509707531e-01 7.470268665755946946e-01 5.457061391660081862e-01 1.294447984360072856e-01 1.195670519649802976e-01
1.018300000000000000e+04 6.276081351650850682e-01 7.889030286260391156e-01 6.886688670582571392e-01 7.919485037500082480e-01 7.923032296039531630e-01 7.697955951490335069e-01 7.436887078569258680e-01 4.288037355765726005e-02 2.057218836042364052e-01 1.389009965319000228e-01
1.018400000000000000e+04 6.663163919138910263e-01 8.645178939889067715e-01 7.655741237270101696e-01 7.701747610231355345e-01 8.868626799796230920e-01 7.790646096551554489e-01 2.434873539951111499e-01 1.341779970023665725e-01 2.440039013205006213e-01 1.672935189324685212e-01
1.018500000000000000e+04 7.302030226709822491e-01 8.976318161003978835e-01 7.022169495204062528e-01 7.954830077956716039e-01 8.426610702748507098e-01 2.189972721184723081e-01 2.862081048433895436e-01 1.245012868220366081e-01 2.354975062754878223e-01 5.090966454802240415e-01
1.018600000000000000e+04 7.861094099009147129e-01 8.475869109999722983e-01 7.363053906596974674e-01 7.724493166102127661e-01 2.683461033360496351e-01 2.691323905663147165e-01 2.829725411657853518e-01 1.221729085153052674e-01 7.124239167839924169e-01 5.134880002308673808e-01
1.018700000000000000e+04 7.168911797969060862e-01 8.805383363657738327e-01 7.141661443375361129e-01 4.197658394020427064e-01 3.263482728470267213e-01 2.715833524705826840e-01 2.862482792451500613e-01 6.227094148488925285e-01 7.238873556999688708e-01 5.182373026716540210e-01
1.030200000000000000e+04 4.922821290683250250e-01 6.493982012508998647e-01 4.516668086691998929e-01 5.614938384686769535e-01 6.918018050818959264e-01 6.120794899938839517e-01 6.822528412779205187e-01 5.428370069184575986e-01 5.929578981973602225e-01 4.269084120956203598e-01
1.030300000000000000e+04 4.246017264936009505e-01 6.386750344898814991e-01 4.748642241247617024e-01 6.850922071565767046e-01 6.864693869011702088e-01 6.813562405513956532e-01 7.185568626552517602e-01 5.025040238664600922e-01 6.082977151869810584e-01 2.843269171845876353e-01
1.030400000000000000e+04 4.097265369523903078e-01 6.593543100453557182e-01 6.176685388296730972e-01 6.825618472171273154e-01 7.596597965953736376e-01 7.194742427207266866e-01 6.786649555874866291e-01 5.195968468641313232e-01 4.130340539737425432e-01 2.285670914644763740e-01
1.072700000000000000e+04 6.553601360566305711e-01 8.342094035182588962e-01 7.482732566669765273e-01 8.082593700067857156e-01 6.346037845627080509e-01 3.983569957384468507e-01 3.264938309906251779e-01 3.068672008443810162e-01 4.331175212967676713e-01 2.900388667183586566e-01
1.081800000000000000e+04 8.022352190590178456e-01 9.248697159773793253e-01 6.766194667573034449e-01 5.142432456418124520e-01 5.176688014638712865e-01 4.459313500299857402e-01 4.767674357260756057e-01 4.100300166998733786e-01 4.250371600997328581e-01 3.372749328180830730e-01
1.081900000000000000e+04 8.614646770582200519e-01 8.487502993184690148e-01 4.401853576647889454e-01 5.941013063786166892e-01 5.414837874982288968e-01 4.990010824634876219e-01 6.094540559055130480e-01 3.538454291314672151e-01 5.095845428030436608e-01 3.439958836152866017e-01
1.082000000000000000e+04 7.548505621896284268e-01 6.503804673390340962e-01 5.374830558015996074e-01 6.137221433745750909e-01 6.044119296128819263e-01 6.414987088517912772e-01 5.595648082523678735e-01 4.489232300455854863e-01 5.258374335656736953e-01 3.406474168215633536e-01
1.082100000000000000e+04 4.498770600905109829e-01 7.283286852456016813e-01 5.534435817802191293e-01 6.470740062041546725e-01 7.432279526927735303e-01 5.818240409382275935e-01 6.477147721504987743e-01 4.571893199317899059e-01 5.129259965631338680e-01 3.186437257670854395e-01
1.082200000000000000e+04 5.395708877103203571e-01 7.240942323473691378e-01 5.708437039461172757e-01 7.150205764502955974e-01 6.518536816165118042e-01 6.431586578569351564e-01 6.282795997105635744e-01 4.164548730317795822e-01 4.563150428458896402e-01 2.727857572540469677e-01
1.124300000000000000e+04 4.857933437932823173e-01 7.181843563390829521e-01 6.272761582486036103e-01 6.315435270687651537e-01 5.980974659875057942e-01 5.498869427893503525e-01 5.667729939064890532e-01 4.493356190843425524e-01 5.562329578804412478e-01 3.984403537321917765e-01
1.124800000000000000e+04 4.756020412975492384e-01 6.924664868122549777e-01 5.567619627061521914e-01 6.428441783831294609e-01 6.380480823278388280e-01 5.978175623672123962e-01 6.328110054600254442e-01 4.697194144986019393e-01 4.945444687779537163e-01 4.125110558160805518e-01
1.124900000000000000e+04 4.639124773106211852e-01 7.121245972741848673e-01 5.487198726908374402e-01 6.346976721139099276e-01 6.441988577044959197e-01 6.046245086541551794e-01 6.180312350181610404e-01 3.748287618705029023e-01 5.638129429881200139e-01 4.334779282803863931e-01
1.125300000000000000e+04 5.071548375990241331e-01 7.257541713730696342e-01 5.615529454380397967e-01 5.908261593826612534e-01 6.444727099071745346e-01 6.290612085048171709e-01 6.513659168766483543e-01 4.426349203223399753e-01 5.041809278789728399e-01 3.785885406739518677e-01
1.125400000000000000e+04 5.310811897403265869e-01 7.279448022598510315e-01 5.026513292590961690e-01 6.505717554031769101e-01 6.958016613809863138e-01 6.419593752084079563e-01 6.086294332499240234e-01 4.026445332810619782e-01 5.343081260118112130e-01 3.436040369764646885e-01
1.162300000000000000e+04 3.602132345381516831e-01 6.408162666154151310e-01 4.915709264593170480e-01 6.162789210776642435e-01 6.408218526813768134e-01 5.650084757027835636e-01 6.195551391295514021e-01 5.339336246010714104e-01 5.959210321768603213e-01 5.486313180906861042e-01
1.162500000000000000e+04 3.696766488960245844e-01 6.521835821412776957e-01 5.099736791326130447e-01 5.900744766325021207e-01 5.932079403144463470e-01 6.134559938701152904e-01 5.866492680689081585e-01 5.997445119508650890e-01 7.288023013969453512e-01 4.187190472216231196e-01
1.162600000000000000e+04 3.927373471148044581e-01 6.645752313785098231e-01 4.795438604604259636e-01 5.993583932674024783e-01 6.482694855529345102e-01 5.460322320424774167e-01 7.388186781823207205e-01 6.064489094837904881e-01 5.614460582325501159e-01 4.290820670818054627e-01
1.162700000000000000e+04 4.083442906651572613e-01 6.365475848303757678e-01 4.879414758516771311e-01 6.315346829702130904e-01 5.751668229363993134e-01 6.975055255695153944e-01 7.426248882901944626e-01 4.299586766089334433e-01 5.728592028337938791e-01 4.641437285958596171e-01
1.162800000000000000e+04 3.730125277702746045e-01 6.480970413502252780e-01 5.299215961166479083e-01 5.906283302352741682e-01 7.394319190538871656e-01 7.082688650856128199e-01 5.698047562262484877e-01 4.484392591554680063e-01 6.275185176824862321e-01 4.334285229867136935e-01
1.162900000000000000e+04 3.903752804421228850e-01 6.841902860160555822e-01 4.830971024764505461e-01 6.925806428493335165e-01 7.507390601267032171e-01 5.328791842203499662e-01 5.887458306406027075e-01 5.052552536214486301e-01 5.853772797195556654e-01 4.073603382910632731e-01
1.163000000000000000e+04 4.668564641814739180e-01 6.591612565443455418e-01 6.177659999576923244e-01 7.150415380298013046e-01 5.935873744240388605e-01 5.760335690168488787e-01 6.701516591464382611e-01 4.846991445399917997e-01 5.718014920752090280e-01 2.740206169844789375e-01
1.163100000000000000e+04 4.319864341814661501e-01 7.764268847127800965e-01 6.455118544078877196e-01 6.192312543509443934e-01 6.411341791305072979e-01 6.614205881109765928e-01 6.518296575537512183e-01 4.731744939769835789e-01 3.906521265084081929e-01 3.125549083173304044e-01
1.163200000000000000e+04 6.031015027504725845e-01 7.975623553363676566e-01 5.324196600396428058e-01 6.460246343051595508e-01 7.253966483350671179e-01 6.385815208810997623e-01 6.359447733855085882e-01 2.811292882693035566e-01 4.398060815182207595e-01 3.132784881343411709e-01
1.163300000000000000e+04 6.525300955866321084e-01 7.124243384230727338e-01 5.770781042001741357e-01 7.104489119726096202e-01 7.212435163983981212e-01 6.412686162471870066e-01 4.588192918721358260e-01 3.502613928497972928e-01 4.582717960559478110e-01 3.210713102956725962e-01
1.170100000000000000e+04 5.201203204243126654e-01 6.741430674831108139e-01 5.114669136029489360e-01 6.520566220743972963e-01 6.141889354104910215e-01 6.559761507237228395e-01 6.002370353223321908e-01 4.289653859232346877e-01 5.481133977345294950e-01 4.202585484134309657e-01
1.170200000000000000e+04 4.407827971829298974e-01 6.760926656815287039e-01 5.625902965987978899e-01 6.227718233961823113e-01 7.091875144369054196e-01 5.759979753968372806e-01 5.809391525101510467e-01 4.347086203899194201e-01 5.786392250411973581e-01 4.381053308486783093e-01
1.170300000000000000e+04 4.356979809509470281e-01 7.145908617022141973e-01 5.227400150883847463e-01 6.762453183100832765e-01 6.174132829750693663e-01 5.479375013551444074e-01 5.784633719023898335e-01 4.581935746906681817e-01 5.953137098545547845e-01 4.329270360419590902e-01
1.170400000000000000e+04 4.935502036942484017e-01 6.806727035487707411e-01 5.843973287028371155e-01 6.195981901066542896e-01 5.887354318384295793e-01 5.458421160108229975e-01 6.027794876213764530e-01 4.758937904801727181e-01 5.885785365173206163e-01 4.267378223846770013e-01
1.188600000000000000e+04 5.121641108176027135e-01 7.446974578703113856e-01 5.675360150502811729e-01 6.433702067033194583e-01 7.679636152967546092e-01 6.930391920769234382e-01 4.804948592845892930e-01 3.577490387929348481e-01 4.644182583208128490e-01 3.760876407405688848e-01
1.188900000000000000e+04 5.152007828440802184e-01 7.976706779435062122e-01 6.386986640748710808e-01 5.646453864902438724e-01 5.499632794655707757e-01 4.923340098254754271e-01 5.743311656447046554e-01 5.555413852941670783e-01 5.172842155690500210e-01 3.715139338617168829e-01
1.189000000000000000e+04 6.409511162219192482e-01 7.958194348273157637e-01 4.745201848424155378e-01 5.936000444871077919e-01 5.565640872186031762e-01 5.662721071701232178e-01 7.261882551077242232e-01 4.187620315308928642e-01 5.269940725065049847e-01 3.334689863016395694e-01
1.189100000000000000e+04 6.495006641446140483e-01 6.624255662306139936e-01 5.165452934181848921e-01 6.053507005255147622e-01 6.456834332063521309e-01 7.325738553897965799e-01 5.985978863509782144e-01 4.403446872867226025e-01 4.856697559595108959e-01 3.508697630031799575e-01
1.189200000000000000e+04 4.544887533372707900e-01 7.013647348025107142e-01 5.333654455435025143e-01 6.635779334441523902e-01 8.230866967210054286e-01 6.073554751635734661e-01 6.250217473767589738e-01 4.017924053103339999e-01 5.138328175489857985e-01 3.295457814644149885e-01
1.229400000000000000e+04 5.399762719406542288e-01 7.265292252261816852e-01 5.361681897140383457e-01 6.294199652907052078e-01 6.546267666880116742e-01 6.483828398690770767e-01 6.404558383057800119e-01 4.247822229780321979e-01 5.657667077620266438e-01 2.925612205417659206e-01
1.229500000000000000e+04 5.338470855765662382e-01 7.072329887187119857e-01 5.482079473587749829e-01 6.579668642606537610e-01 7.176254632876779560e-01 6.325709515237792901e-01 5.921188016956476785e-01 4.681984158283656328e-01 4.174186416359446095e-01 3.567279425669224180e-01
1.229600000000000000e+04 5.025999271229349974e-01 7.159386471074666858e-01 5.790790051591325760e-01 6.954050764589089217e-01 6.985404358571447592e-01 5.808731041470122092e-01 6.338058503977213043e-01 3.117671317541164666e-01 5.033948744222571658e-01 3.679880034532127531e-01
1.230200000000000000e+04 5.446732141683019446e-01 6.327648213827270496e-01 5.195110007421948062e-01 6.167895481566088023e-01 5.002528833458836921e-01 6.054460880164738157e-01 7.068777187584398547e-01 4.961960249568956316e-01 5.877984275907032208e-01 4.358198787861014001e-01
1.230300000000000000e+04 3.726855280567634709e-01 6.787448349038416318e-01 5.171682376442203743e-01 5.477890995846907973e-01 6.497824738392312671e-01 6.776143290688965148e-01 6.427689921939065965e-01 4.693854945381162325e-01 5.938002751438560267e-01 4.965066727351231668e-01
1.230400000000000000e+04 4.207932883068152830e-01 6.629897828665799464e-01 4.220266799882171349e-01 6.265502658388937274e-01 7.020790747974163803e-01 5.907648345019826941e-01 5.941057692006529445e-01 4.546076083972254711e-01 6.570277751490367635e-01 5.058376334602702196e-01
