1.510000000000000000e+02 2.942453712844442792e-01 5.822475745010524673e-01 2.143318294638966170e-01 2.265752811529187782e-01 4.663581959124374898e-01 5.730762870407580811e-01 2.566476828485916850e-01 4.874069399172299977e-01 1.605136261554133692e-01 2.411481236160812891e-01
1.520000000000000000e+02 4.920146472415766747e-01 2.551642348189075427e-01 2.056494088692343014e-01 5.902891355723608457e-01 5.108445866933370993e-01 2.296972414907223758e-01 5.912277926487979895e-01 1.520619069150537794e-01 2.386830251477347897e-01 3.488878713792006869e-01
1.530000000000000000e+02 1.944415216805678859e-01 2.679683328642673557e-01 5.860443642207131543e-01 7.078717693261357136e-01 2.282382578292206921e-01 5.769955605346083205e-01 2.016339962560985688e-01 2.516780454670706213e-01 3.777332402342545303e-01 2.607878449068024018e-01
1.540000000000000000e+02 2.011257809378752537e-01 5.974660771953410610e-01 6.823835137604842282e-01 3.039505437526471288e-01 5.461886633073065322e-01 1.949509097858773410e-01 3.235104188174763862e-01 3.860624251806366591e-01 2.757999670710308271e-01 9.859218706366446039e-02
1.550000000000000000e+02 5.213916334758240678e-01 6.634371252607068614e-01 2.851024244652701212e-01 7.132849250111548134e-01 1.813723189084777976e-01 2.986375878045411381e-01 4.809083789190662928e-01 2.721141690329926810e-01 1.027557068714625849e-01 1.979776950184228279e-01
1.560000000000000000e+02 6.637684369068405088e-01 3.599828167863696193e-01 7.536228474324577764e-01 2.692023235477921106e-01 3.158109224829829809e-01 5.032441093594357540e-01 3.874293543159906261e-01 1.200264288235181748e-01 2.343645410145222541e-01 9.727539322645763209e-02
1.570000000000000000e+02 3.241930297949000561e-01 8.035659316296885901e-01 2.903936371817985584e-01 4.640263692148736130e-01 5.197295019734874399e-01 4.047821229755199091e-01 1.723181771871262202e-01 2.636935129510686870e-01 1.199498482539708560e-01 2.417979423053861210e-01
3.330000000000000000e+02 2.923723764808580095e-01 6.508121259485242227e-01 2.436774965946825744e-01 1.991372569249303948e-01 4.175129661997754038e-01 3.287917111983467144e-01 3.061265618192837712e-01 6.825347869410941515e-01 2.843073691796354496e-01 8.064232338419581592e-02
3.340000000000000000e+02 5.749935144365755368e-01 2.870378401890013031e-01 1.878422598241912822e-01 5.435272205926588995e-01 3.034366907127939439e-01 2.830256848373964851e-01 8.545134681382758890e-01 2.808314525384754679e-01 8.478772226513772714e-02 2.666388581976252281e-01
3.350000000000000000e+02 2.348791448269074711e-01 2.577274466150338839e-01 5.548282769041132934e-01 4.307331818070977425e-01 2.874405938668483929e-01 8.516619971072334483e-01 3.830199435019829846e-01 9.436212330407833804e-02 2.986957781720216976e-01 2.563990395596975058e-01
3.360000000000000000e+02 1.779884125763658842e-01 5.427349784227732954e-01 3.930199409003373168e-01 3.613907520025207987e-01 7.617954877869023145e-01 3.442818836541814975e-01 1.098628028849694266e-01 2.875014713844558645e-01 2.551027514844573241e-01 2.897062785694876630e-01
3.380000000000000000e+02 3.060551384567381517e-01 3.381511943494913131e-01 8.479767453639337482e-01 3.687062426322452735e-01 8.430299906235783070e-02 2.958254198790067346e-01 2.788986408826596430e-01 2.621425943157142391e-01 5.798833346144667278e-01 2.478847561359887597e-01
5.710000000000000000e+02 6.470404386219327231e-01 2.930682800879352290e-01 3.396155866447402860e-01 5.285835088004710025e-01 3.310992189473238589e-01 3.707511363009848848e-01 2.548355494730202842e-01 1.739125232575224056e-01 2.576016843303797765e-01 4.024415565405741746e-01
5.720000000000000000e+02 2.315899641797879438e-01 3.858582426514231556e-01 5.203674523373778005e-01 4.525555362783086344e-01 3.598192044140587909e-01 2.501287203380445079e-01 2.278685068737377473e-01 2.685977113869999489e-01 4.303547502869502495e-01 4.140904644121095046e-01
5.730000000000000000e+02 3.078767800409618616e-01 5.204344777978677783e-01 4.194655032413442952e-01 4.624622233284793604e-01 2.293300117513329683e-01 2.090227071887965915e-01 3.300040730872195183e-01 4.219036716799130504e-01 4.170096045676546237e-01 2.458952622858581183e-01
1.013000000000000000e+03 4.118695261339526681e-01 4.632822276458630761e-01 4.040035392150857496e-01 2.663494349138363360e-01 4.752408669190641977e-01 3.973909425217040381e-01 3.180328550501835827e-01 3.488170420243688064e-01 2.386015230398407794e-01 2.319476300529201285e-01
1.015000000000000000e+03 3.626742621235179431e-01 3.017302704312332384e-01 5.998278451929598409e-01 4.926430753122102990e-01 2.820228317971532617e-01 4.150160346099969755e-01 3.033445672584587638e-01 2.433679695519458674e-01 4.311759568396091868e-01 1.962272751012637817e-01
1.020000000000000000e+03 4.189494289740376409e-01 3.597647500703832768e-01 3.266233430248525194e-01 6.121460061623951177e-01 2.211556378091090735e-01 2.821367919495384458e-01 5.186688565235738624e-01 2.617524427750711480e-01 1.735775254897342912e-01 4.501183669473295956e-01
1.021000000000000000e+03 3.009059048099497757e-01 3.741499735225398138e-01 6.014661451530861624e-01 3.005030324132547670e-01 2.755252558752696590e-01 5.020572100420792605e-01 3.432391426496827491e-01 1.813822403653141402e-01 4.804689588026868075e-01 2.287964719526633661e-01
1.143000000000000000e+03 2.939562267091361258e-01 5.582607620387233238e-01 4.890897212676597605e-01 5.551050940306146986e-01 3.366246853221513402e-01 2.700540191279980351e-01 3.611886040718169655e-01 2.338980080539475870e-01 2.860882926968178475e-01 2.587573625890632889e-01
1.144000000000000000e+03 4.917542792402761487e-01 5.059081409016081832e-01 5.289695345784313218e-01 4.450726416937595409e-01 2.550970477978203310e-01 3.400672792869177119e-01 2.959641330226198130e-01 2.882616709247619591e-01 2.697398180564001269e-01 2.164325772313270835e-01
1.370000000000000000e+03 3.357472845736780287e-01 5.530321933813105995e-01 5.366445011640617047e-01 3.995807645501096572e-01 1.754480154640985778e-01 4.531144840050976841e-01 3.485654311499500890e-01 3.120452157877358634e-01 2.601705397619956672e-01 2.512531891359492398e-01
1.472000000000000000e+03 3.973175870724588443e-01 4.406604907884917322e-01 3.903057175058822770e-01 2.521123829130618166e-01 3.517844154719934613e-02 1.000000000000000000e+00 5.328946140474927207e-01 1.337056237613936382e-01 2.650360405716115642e-01 1.968265288593161189e-01
1.473000000000000000e+03 4.039062033072354230e-01 4.490285164000033524e-01 2.657984881749557160e-01 4.943400590238453823e-02 1.000000000000000000e+00 5.401214825988531754e-01 1.859714043236087022e-01 2.904524318538942440e-01 2.254296031761379715e-01 7.753250842552196487e-02
1.685000000000000000e+03 3.222649761228429943e-01 3.055936331227983027e-01 5.632389596584753688e-01 3.760695319839206796e-01 3.203645122092590447e-01 4.077131557686068386e-01 2.917031536379637857e-01 2.267590315756145558e-01 4.408219351958990173e-01 3.149653058927944782e-01
1.709000000000000000e+03 4.721563816349943349e-02 0.000000000000000000e+00 7.009284887635141015e-01 5.867473779481002794e-01 4.698565330313100308e-01 5.261021008011851352e-01 3.642136240295756333e-01 2.126613965204715018e-01 4.813704371956552541e-01 2.322910212139172315e-01
1.873000000000000000e+03 3.567725810464851821e-01 3.650158510820256108e-01 5.145077565641186235e-01 5.242473517360873858e-01 3.226888374794797398e-01 1.612335200527121315e-01 4.504644336273866401e-01 2.462467749803928241e-01 3.564885069409349239e-01 3.190068210654549152e-01
1.931000000000000000e+03 3.829021159240991179e-01 2.203749522875603495e-01 3.474377503553999214e-01 3.841664302390290220e-01 4.330875571635587895e-01 4.406683819068151764e-01 3.935951909102201607e-01 1.954441137916959614e-01 4.625347904137065425e-01 2.854323407383629330e-01
1.932000000000000000e+03 1.422904096756998360e-01 3.695304448661094754e-01 3.520865872620118631e-01 5.524329039974428257e-01 3.969464565377832099e-01 3.552301939450816515e-01 2.355459297697443111e-01 4.486712103636233961e-01 2.849615173876968721e-01 3.923669613664579892e-01
1.933000000000000000e+03 2.758866543824413098e-01 3.606679696498595322e-01 4.855655378951299062e-01 4.847282926501228495e-01 3.072097272636824528e-01 2.031266579049810506e-01 5.268624414547293799e-01 2.635512161216601035e-01 3.752589162396141043e-01 3.190644173215081425e-01
1.934000000000000000e+03 2.861528983474638799e-01 4.951301174633198632e-01 4.539485519977222716e-01 3.977484255110730338e-01 1.891547980005970631e-01 4.852895949381444973e-01 3.273797478370836234e-01 3.714612385047008081e-01 3.254219452718439820e-01 2.519903054865442749e-01
1.935000000000000000e+03 4.358245049122747017e-01 4.827916422706548527e-01 3.876601344187685649e-01 2.522047700667178205e-01 4.625310027642056121e-01 3.148233536301117685e-01 4.808263577376599152e-01 3.342778096952787048e-01 2.680568208593626656e-01 1.585959298157942066e-01
1.936000000000000000e+03 4.245934681749938266e-01 4.252560721528756416e-01 2.488476507621207590e-01 6.279391323219574161e-01 3.034152892929573020e-01 4.612971836133470949e-01 4.340543082006176889e-01 2.764483109308367714e-01 1.715579091650191734e-01 2.697763577441130711e-01
1.938000000000000000e+03 2.362586394517757205e-01 6.203097501320875562e-01 3.980308347180712691e-01 5.952524603869994158e-01 3.971618463122216225e-01 3.433211361418045393e-01 2.276238249627611787e-01 2.945583840911644713e-01 1.961582616885156061e-01 3.088450928006537533e-01
2.092000000000000000e+03 4.090747295708349607e-01 3.651320369618742401e-01 1.973673953525134639e-01 3.638444581988768967e-01 2.223406743684204212e-01 4.545606785960417673e-01 4.323679961906621294e-01 2.919184769171928040e-01 2.842528856626166389e-01 4.933945704039018332e-01
2.093000000000000000e+03 2.936619762092618768e-01 2.494765828756125570e-01 3.450077530393601544e-01 2.885498343558619561e-01 4.223106878614146797e-01 4.028044382710936899e-01 3.669128239129166857e-01 2.839045449339862026e-01 5.060674207913534728e-01 3.299046751584286397e-01
2.101000000000000000e+03 4.817369401489661751e-01 3.917905841114573962e-01 4.095168002036622679e-01 4.099441352496052682e-01 3.098487550101943766e-01 3.489941404798933000e-01 4.378986978675444286e-01 2.332994847344632139e-01 2.886770338851988305e-01 2.934025808025989002e-01
2.102000000000000000e+03 3.403781856182428456e-01 4.552770245453828246e-01 4.125072436509384932e-01 4.310137618405702198e-01 3.452396620139089323e-01 4.325425312764119568e-01 3.118528102630112597e-01 3.063668428832876378e-01 3.212872717682183632e-01 2.318750805912871693e-01
2.103000000000000000e+03 3.997835307289802631e-01 4.507478780537619301e-01 4.249930047410148681e-01 4.714787159985834308e-01 4.180308496752722092e-01 3.041706695865525334e-01 4.013929735198407678e-01 3.342341032522114230e-01 2.504369953582543662e-01 1.679397062284158915e-01
2.104000000000000000e+03 3.862645544857113977e-01 4.532431363081912967e-01 4.538348978520788113e-01 5.593695672611115333e-01 2.892564580905918614e-01 3.807773914634318135e-01 4.280372254974144086e-01 2.546070750030344221e-01 1.784792420917463984e-01 2.772519526766952791e-01
2.105000000000000000e+03 3.951390616841826686e-01 4.851571907309963905e-01 5.461457637586729641e-01 3.915095927349216964e-01 3.665221174315442254e-01 4.123712318233912488e-01 3.311676406289327246e-01 1.848535009134428253e-01 2.961943833182522079e-01 2.227483502437619667e-01
2.267000000000000000e+03 3.959822383228884246e-01 2.933374211118157104e-01 5.613067073927223705e-01 3.777587632763254599e-01 4.192796898187441945e-01 3.983491736288308771e-01 3.197110872279143035e-01 1.198358030555656678e-01 3.225031530527961432e-01 3.848103418232157735e-01
2.268000000000000000e+03 2.143507325390251461e-01 5.512906082646755745e-01 3.472162278204834474e-01 5.359038714000878834e-01 3.600552570271802200e-01 2.896555169408002728e-01 1.425788581390697862e-01 3.128152587960757458e-01 3.844282164359836829e-01 3.954815172807372159e-01
2.284000000000000000e+03 2.427760738943016972e-01 1.000964517588371627e-01 3.918847047129631611e-01 5.167022817069514273e-01 4.934909288238409353e-01 6.645139355096394418e-01 3.454238030384367830e-01 1.391016454567490790e-01 3.980897139359829140e-01 2.919777021795411098e-01
2.292000000000000000e+03 4.146249139594282429e-01 3.842072028746030821e-01 5.176179974342707268e-01 5.752293605685159239e-01 3.123084014655587715e-01 1.255708589653829754e-01 4.515178193001346818e-01 3.002142273468805245e-01 2.884776603883532631e-01 2.738208373056115752e-01
2.293000000000000000e+03 3.286976573192983975e-01 5.486790021993440680e-01 5.694865839885246972e-01 4.296255813216270369e-01 1.278679034110934420e-01 4.409924159611197658e-01 3.966480918154129953e-01 3.027676867377129266e-01 2.970393648728110181e-01 2.061017413943286858e-01
2.346000000000000000e+03 2.892693626651615668e-01 4.168653454488652765e-01 4.868461788062318218e-01 5.306951952393162975e-01 2.904776295335910197e-01 1.729718293832232801e-01 4.008738036977757546e-01 2.381998953044545675e-01 3.851538238077850118e-01 3.823253915219362309e-01
2.347000000000000000e+03 3.436985109652294645e-01 4.980571844805314896e-01 4.989148739738021310e-01 3.773330267595464971e-01 1.625329752339139400e-01 3.716153767117963413e-01 2.968753932260116968e-01 3.829533241048216907e-01 3.909250221825262273e-01 2.506725133214071644e-01
2.348000000000000000e+03 4.511491823572448823e-01 5.352304871459058200e-01 3.790905584463042932e-01 2.234531258534312448e-01 3.659044066348841606e-01 2.948297086462878802e-01 5.098431819647548657e-01 4.127492841811913338e-01 2.747180431549330892e-01 1.266823743096929800e-01
2.349000000000000000e+03 4.835809322062343818e-01 4.213584434429648584e-01 2.239363298011206038e-01 5.008031074230336888e-01 2.877194511782963371e-01 4.938354386130134333e-01 5.418693084495596057e-01 2.864337225744250648e-01 1.400847065952672554e-01 2.538576698867104353e-01
2.350000000000000000e+03 3.603301979183523573e-01 2.790645389714401237e-01 4.871276673089329767e-01 3.873086055127399341e-01 4.710049592511266758e-01 5.178477134504774204e-01 3.707468308437960602e-01 1.443582636870254510e-01 2.702774576876439960e-01 3.149629153227576639e-01
2.354000000000000000e+03 4.924517402858347159e-01 5.727777975626138218e-01 3.801728089241463993e-01 1.933622572280648544e-01 2.808467459127060861e-01 3.617888653542968846e-01 5.230934729339605793e-01 4.080065058537087896e-01 2.558012963911243665e-01 1.165689098000898677e-01
3.041000000000000000e+03 6.264385833224821454e-01 6.392634648014121623e-01 2.967823889722841502e-01 6.170885367044323111e-01 2.356507642280130654e-01 1.364680924715204469e-01 2.911646855910846599e-01 1.485661480908352650e-01 2.900884405758419882e-01 3.546070093249734656e-01
3.042000000000000000e+03 6.419431712940988355e-01 3.738031402721534446e-01 6.590756221076105037e-01 3.525147087248349242e-01 1.527537038948268422e-01 3.124779021999077311e-01 2.162298167167062413e-01 3.303711037204815071e-01 4.138165669712458583e-01 1.654713230867209395e-01
3.179000000000000000e+03 2.975457393838433773e-01 4.879371523714300940e-01 4.426300379708481003e-01 3.165883138242971961e-01 1.338370591986413893e-01 4.046784906585996211e-01 3.276739351904668363e-01 4.111310188389246112e-01 4.538563637661924277e-01 2.607279938983876888e-01
3.182000000000000000e+03 2.975597836902891258e-01 2.394952657523820583e-01 5.169841474123140213e-01 4.154699363029432102e-01 4.931937381101726969e-01 5.863214952988096140e-01 3.756526986736109519e-01 1.205447612065878304e-01 3.740411646071162832e-01 1.992572685761240248e-01
3.183000000000000000e+03 1.585798563543748818e-01 5.073677811570275198e-01 3.758599499182790904e-01 6.231205840710881683e-01 5.211280527392785356e-01 3.347937277902072739e-01 1.405120905447187207e-01 3.578488002823385639e-01 1.968437708950195320e-01 3.591653693030291139e-01
3.184000000000000000e+03 3.981789432587365951e-01 3.736828322315680628e-01 5.373271490427397046e-01 6.284029194537967822e-01 2.835509474338731017e-01 1.172344282700547025e-01 4.098577693898414753e-01 1.762702345799686265e-01 3.366193039484460803e-01 3.834574518979940172e-01
3.185000000000000000e+03 3.194517114238332733e-01 5.690086967081309233e-01 6.246556126324129821e-01 3.918476819773266673e-01 1.207515684336404049e-01 4.031344194210206844e-01 2.342920639073400590e-01 3.549006843001353273e-01 4.152870921261286874e-01 1.779254234357299791e-01
3.292000000000000000e+03 6.062772865560400737e-01 8.630209647532889328e-01 9.500439415004650057e-01 6.715340657710028305e-01 2.551000964015886496e-01 2.558986640568682303e-01 1.948425780815736530e-01 7.699171045192264307e-02 1.149616965231866489e-02 0.000000000000000000e+00
3.348000000000000000e+03 5.319951552698195529e-01 3.226543865271296885e-01 1.051422891659702791e-01 4.812304404498632948e-01 3.321533160163631648e-01 2.185800582093841149e-01 4.575090256413600898e-01 1.618361873480276547e-01 1.376428716629625112e-02 8.842303836165921194e-01
3.349000000000000000e+03 2.535019400779267018e-01 1.708707424643213513e-01 4.594840067229147840e-01 4.394228170188244631e-01 2.076629290506105674e-01 4.299481909938731028e-01 2.040072175169924951e-01 1.335225090183931630e-02 9.112156894457047462e-01 4.030214626139486112e-01
3.350000000000000000e+03 9.050723022437860699e-02 4.549449711171142940e-01 3.928761518157369292e-01 2.520699505190480694e-01 3.783649051107297323e-01 1.795819035229457572e-01 8.341918513513978117e-03 8.679469471386741519e-01 3.922184808119095756e-01 3.556504507736101828e-01
3.351000000000000000e+03 3.459460305913172329e-01 3.841225317633840675e-01 2.125017332359219191e-01 4.474216956504936116e-01 1.498255355447414283e-01 3.672073510912082263e-03 1.000000000000000000e+00 3.539530304558661244e-01 3.300056059192932323e-01 3.597129211971310525e-01
3.352000000000000000e+03 3.329284149833625639e-01 2.763648149161568313e-01 4.503239113066326849e-01 2.069808943910773913e-01 1.219199343533666942e-02 9.791257001037827479e-01 4.736616109335051727e-01 3.505489652987940907e-01 3.928651084570952134e-01 1.143404244733090130e-01
3.509000000000000000e+03 4.896005891341774774e-01 5.689337482786164246e-01 3.665176270500241640e-01 1.951248115682060469e-01 5.087216432323662385e-01 3.683128432793462137e-01 3.576201439944352023e-01 3.569718753998925576e-01 2.082493746502140364e-01 1.448145151455114688e-01
3.510000000000000000e+03 5.284175959621946195e-01 4.168629774135230170e-01 2.011694732144234665e-01 7.114613599012505896e-01 3.646369265974140905e-01 3.554809762392641126e-01 4.777882088642340652e-01 2.221860752446485343e-01 1.629309776344724514e-01 2.327308366707998566e-01
3.647000000000000000e+03 5.194313705080993993e-01 7.096656771273764930e-01 3.433962653497064643e-01 2.632966712861648517e-01 5.185819483624093396e-01 4.145169029244628045e-01 2.483014218159958486e-01 9.025435110508828185e-02 0.000000000000000000e+00 4.783712434580968953e-01
3.648000000000000000e+03 6.512203212084857196e-01 3.820190997506725528e-01 2.560144941656887219e-01 6.967118837284166366e-01 3.927130847191238061e-01 2.378695867406017406e-01 1.140353440212081571e-01 0.000000000000000000e+00 4.996032947975584948e-01 3.685662279874566960e-01
3.649000000000000000e+03 3.270303936890509022e-01 3.131597693909459745e-01 6.894196341532643491e-01 5.424183531380716294e-01 2.357153269410729446e-01 1.170832281621456417e-01 0.000000000000000000e+00 5.239978555516584535e-01 3.980803559310059914e-01 3.951467204739991246e-01
3.650000000000000000e+03 2.277258555091710157e-01 6.466940355213575131e-01 4.865247656340189186e-01 2.887392114720346292e-01 1.043734156427774534e-01 0.000000000000000000e+00 6.290518788352615909e-01 3.778133270399134935e-01 3.856055388308809451e-01 4.039007052594537073e-01
3.651000000000000000e+03 5.359341971338733579e-01 4.687480771983615901e-01 2.515238643681717012e-01 1.163455294125720629e-01 0.000000000000000000e+00 5.427604551511390207e-01 4.404803926870344832e-01 3.570787840432636528e-01 3.848173425854544694e-01 3.923606830769295617e-01
3.652000000000000000e+03 4.402278011856539663e-01 3.231999164044309647e-01 1.310655010992271552e-01 0.000000000000000000e+00 5.547523589983908154e-01 4.543985024460360234e-01 4.982647001402303877e-01 4.254833102326411876e-01 4.455798050856521475e-01 1.569909723444807836e-01
3.653000000000000000e+03 2.401662975751069629e-01 1.852593950019319480e-01 0.000000000000000000e+00 7.036627899853498125e-01 4.050746112617671923e-01 4.447098576462519826e-01 5.147024029336367823e-01 4.277694795069291733e-01 1.557573775944079697e-01 4.626013451322809611e-01
3.654000000000000000e+03 1.073938075588726365e-01 7.604616685062387527e-02 6.421038284838203047e-01 5.142115237237239178e-01 3.992068306898620689e-01 4.625141557928187375e-01 5.210648860531912341e-01 1.485276343952151579e-01 4.589528520752673146e-01 2.921573379003307158e-01
3.655000000000000000e+03 0.000000000000000000e+00 6.099097884132599345e-01 4.634171181265785422e-01 5.001479390251507562e-01 4.099462199600852896e-01 4.623914419956989819e-01 1.738953524343335721e-01 4.382527021238084020e-01 2.867806703890582454e-01 2.254598414284530172e-01
3.669000000000000000e+03 3.509569615675057763e-01 5.289028468755243573e-01 6.590142729841562685e-01 3.766745259682363622e-01 9.273719686011777652e-02 4.373902148548576285e-01 2.336798798765448992e-01 3.019906128707777748e-01 4.109401197516681092e-01 2.238883671555786381e-01
3.670000000000000000e+03 4.666952208315457429e-01 6.599230916500644639e-01 3.641665510830275898e-01 1.188589371341372825e-01 4.140715195829438589e-01 2.241698505498027905e-01 3.871666574353352375e-01 4.185194609100341689e-01 2.366389378225211559e-01 2.337923836500413466e-01
3.948000000000000000e+03 5.403582261183702551e-01 5.995001879050826377e-01 3.754466312789961902e-01 1.491869367180868600e-01 4.915921282778469847e-01 3.619375571299660588e-01 3.890724984861284597e-01 2.870393536058004624e-01 2.608848152316227686e-01 1.170538097032157721e-01
4.132000000000000000e+03 3.967475070600144371e-01 4.172231032149827379e-01 3.456396825739865841e-01 4.417292655087975972e-01 1.973239482443983339e-01 5.574321509724110557e-01 4.088792776781021709e-01 3.097003577367202776e-01 3.007197864842254265e-01 2.292983038842033583e-01
4.133000000000000000e+03 3.720918397438742198e-01 4.015175214382982194e-01 4.497549063379400747e-01 2.772680749687502222e-01 5.531264903331370997e-01 4.097558671341356984e-01 4.193159613482297376e-01 3.233248311921887996e-01 2.563299963292455241e-01 1.252284566552426259e-01
4.134000000000000000e+03 3.136225436785596288e-01 4.489904051531523055e-01 2.491062497852928048e-01 6.963729627087970053e-01 3.626679187395139281e-01 3.714157586114166798e-01 3.863534697315361699e-01 2.425673939871498819e-01 1.233139907027731436e-01 4.306159264134490905e-01
4.135000000000000000e+03 3.771568651414273776e-01 2.938073923347542249e-01 6.559469584426701472e-01 4.750108045830489512e-01 3.452035062545903421e-01 3.595623218272949728e-01 3.035518728576737102e-01 1.222094176220090422e-01 4.413118885438645500e-01 2.603801691350566272e-01
4.560000000000000000e+03 3.209551785435021398e-01 5.517864741076462520e-01 5.129979813200853389e-01 2.377767386984427078e-01 2.258824083879290567e-01 3.240005945788162478e-01 8.254714170239687565e-01 3.809147434855939540e-01 1.876371891095230671e-01 9.013452308798153290e-02
4.561000000000000000e+03 4.955745948109440691e-01 5.365644958668103204e-01 2.348530853029020538e-01 3.034635966604273261e-01 3.119547279537310813e-01 7.874299525500645380e-01 4.946469384424001525e-01 1.936476254824835708e-01 1.000513910008038465e-01 1.779772707035739976e-01
4.657000000000000000e+03 3.998815975163668157e-01 5.405983289897480226e-01 4.602042126704550262e-01 5.528826244672707668e-01 3.428511890929863415e-01 3.266819417443116436e-01 2.584049727611678615e-01 1.780661018208281599e-01 2.373468131303557993e-01 3.386159746964221839e-01
4.948000000000000000e+03 3.108193884372854043e-01 3.732971222224298891e-01 2.960199412738383495e-01 3.270569055225493460e-01 4.649573497080664031e-01 3.291022257734032008e-01 3.531242504903359114e-01 2.367521452499782020e-01 5.353194900187751015e-01 2.761646173309864616e-01
5.028000000000000000e+03 6.298552765117825247e-01 2.842389120863241803e-01 4.261297992946017077e-01 5.041133723128349287e-01 3.270304494287621377e-01 3.341774014204837440e-01 4.040227036688133211e-01 1.688174788846625585e-01 2.976021812920048859e-01 2.650046382556435764e-01
5.029000000000000000e+03 2.282821419166995991e-01 4.726383544461106312e-01 5.082080727811230103e-01 4.577615755785773843e-01 3.328447360090690532e-01 4.019825525884651585e-01 2.273623757748420848e-01 3.175916116618925922e-01 2.926484717290587234e-01 3.395355478348122125e-01
5.030000000000000000e+03 3.853914048029400408e-01 5.010902153378294921e-01 4.151993074193905398e-01 4.177473639160786956e-01 3.588080147671489084e-01 2.034674144788011507e-01 3.826810371830013380e-01 2.799292786047641313e-01 3.352364209294960706e-01 2.999705630889323849e-01
5.031000000000000000e+03 3.866975832641779132e-01 4.003085622074288308e-01 3.534884978421897195e-01 4.214145942388298760e-01 1.690243298486730494e-01 3.191068929805753185e-01 3.133680115770992591e-01 3.001005312082757892e-01 2.766946518145411704e-01 5.838574769075144388e-01
5.032000000000000000e+03 3.436163563994319436e-01 3.987679767116354412e-01 4.168220915812809180e-01 2.288763101187238080e-01 3.111653223253861844e-01 3.064898980766407321e-01 3.942622760704354579e-01 2.888244399441372012e-01 6.221488670904461449e-01 1.982583764978022856e-01
5.034000000000000000e+03 3.675410765078711561e-01 2.669498616603127039e-01 3.845828730405737583e-01 3.728279011420143618e-01 3.414609660509773659e-01 3.377515453650867805e-01 7.848408596551093019e-01 2.045999197195074726e-01 3.184186164782666917e-01 2.421546570971322976e-01
5.205000000000000000e+03 3.461867360935971805e-01 3.914819488619707966e-01 4.970190138230756172e-01 4.760776878286834823e-01 2.872377315267132247e-01 4.446427709940866668e-01 4.502957319979133954e-01 2.735395019874750089e-01 2.597268318409260979e-01 2.180430254520924205e-01
5.212000000000000000e+03 3.659765360891582553e-01 4.188935635619728259e-01 3.428536501368867895e-01 4.235141942139219462e-01 3.564125408594865374e-01 4.977874813074874560e-01 4.037359873516344067e-01 2.527885349450620378e-01 1.627668048182698002e-01 3.681433143867159363e-01
5.554000000000000000e+03 6.980869618344125449e-01 3.243470815933028883e-01 4.788416475651641191e-01 4.282565763194927100e-01 3.581339782587242837e-01 5.061673485042882392e-01 2.920740575651684656e-01 1.402373961991675300e-01 1.642297618578197616e-01 2.669937017119954903e-01
5.555000000000000000e+03 2.864645206017559231e-01 5.444664871307897114e-01 4.567987400302856993e-01 5.288890834057690116e-01 5.253036564841369049e-01 3.098711338726966025e-01 2.017971289994220097e-01 1.876235375657831495e-01 3.111989869074690551e-01 2.572773838763508514e-01
5.556000000000000000e+03 4.992921771372044182e-01 4.963711361617282880e-01 5.273836921317262005e-01 7.300553432447575153e-01 3.060205440591526882e-01 2.025492371178134188e-01 2.495961931324431893e-01 3.285245143708917515e-01 2.813204741441792112e-01 8.372056496581417595e-02
5.557000000000000000e+03 4.604373366098864495e-01 5.729493716253157842e-01 7.432737364132625535e-01 4.353469748934982730e-01 2.089881156866356948e-01 2.560969310569389257e-01 4.486176667355176173e-01 3.053921523471713750e-01 1.003040731592163282e-01 1.871207741368810518e-01
5.558000000000000000e+03 5.053039696223781130e-01 7.261377309692665927e-01 4.145704259307205208e-01 2.725025755188073551e-01 2.414763391032302975e-01 4.201987099665792647e-01 3.863084990879864788e-01 1.002881748990408356e-01 1.957456620036938655e-01 3.554528159751493277e-01
5.559000000000000000e+03 6.229327410103026041e-01 4.175648000172715313e-01 2.430723509754466327e-01 2.949912914438158618e-01 3.695896834553195065e-01 3.400087137434019691e-01 1.136305739761733075e-01 1.829965672939178334e-01 3.458072924383919222e-01 5.463291797145912732e-01
5.877000000000000000e+03 4.099663747938699365e-01 4.568837063972311929e-01 5.446512569703552131e-01 5.264673976052962612e-01 2.604988633969168577e-01 2.470626223785301612e-01 3.755540320312386604e-01 2.806284619761752475e-01 2.683602472828651164e-01 2.754432203209344898e-01
5.878000000000000000e+03 4.003895151524233809e-01 5.678777515617128291e-01 5.162847420847327395e-01 3.534348754715079255e-01 2.411937412933170544e-01 3.639556820142685334e-01 3.665798619495756472e-01 2.786005009470285398e-01 2.954413155836849714e-01 2.317928818154144643e-01
6.309000000000000000e+03 3.804434628177129629e-01 5.168927822127474814e-01 4.617974022791315747e-01 4.381647173929459904e-01 3.164289454867674767e-01 2.825375300694148439e-01 3.346018728164356637e-01 2.798104104798363467e-01 3.433569457897462374e-01 2.468216505207917189e-01
6.322000000000000000e+03 3.348922894687552665e-01 4.173074657476459892e-01 3.766508406213048832e-01 4.980994972171355339e-01 5.629725780967902438e-01 2.903284927067673604e-01 3.282123964319728082e-01 3.273300892698285947e-01 2.285704310679805562e-01 2.288998017963257969e-01
6.327000000000000000e+03 3.444519110526598760e-01 4.340060820718646406e-01 5.102824496609855709e-01 3.793839687581080922e-01 3.005460151020692972e-01 3.199469556392930403e-01 3.476724803871374392e-01 3.141607732656693242e-01 3.370614749369337804e-01 2.929286198212660008e-01
6.328000000000000000e+03 3.578081576009961573e-01 5.146544194126031480e-01 3.543574838678884009e-01 3.872864531251607456e-01 2.943698972688798543e-01 3.199200346563710884e-01 3.895089578499811855e-01 3.321402815635798866e-01 2.978309757367846866e-01 3.160278460378072585e-01
6.329000000000000000e+03 4.488658560725248270e-01 3.892304318110406114e-01 3.713806767594197145e-01 3.893962551574531306e-01 3.021188080222045325e-01 3.674627962160640915e-01 4.228303512439711143e-01 3.010018908068823884e-01 3.293631252614589444e-01 2.593865025217004794e-01
6.330000000000000000e+03 3.322936763831875751e-01 4.150536366894034823e-01 3.859233256557906833e-01 4.133593197115162932e-01 3.574131636363981901e-01 4.114269394221920506e-01 3.957031385259191514e-01 3.437500339708618458e-01 2.803360817241352665e-01 2.472644447678759017e-01
6.331000000000000000e+03 3.408533016431387619e-01 4.099621800342762024e-01 3.880554622005416010e-01 4.649312268792051284e-01 3.794618103984569446e-01 3.657547833242076329e-01 4.289960585684001182e-01 2.774877480234952953e-01 2.533616291992653036e-01 2.922628547543072441e-01
6.585000000000000000e+03 3.187247355633245904e-01 3.686583932723118129e-01 5.184370515523016865e-01 4.883384078876630841e-01 9.912937809587653304e-02 2.408266770186702765e-01 4.223379830201345886e-01 4.254909752751874219e-01 4.203254008040424039e-01 2.850853696857530983e-01
6.762000000000000000e+03 2.993483915234755321e-01 3.804437923092727214e-01 5.838160505011539270e-01 5.327096148033920731e-01 4.183023803798344709e-01 3.049880358772973366e-01 9.525228860334873648e-02 2.722875644862438604e-01 3.935976055931043049e-01 3.041452422987473425e-01
6.763000000000000000e+03 3.062919924421226847e-01 5.802398751198870608e-01 4.992929391114757087e-01 5.456576405331056145e-01 2.823526727194914931e-01 9.038780964753607983e-02 3.388652532036562359e-01 3.902107747910532609e-01 3.107945124434193795e-01 2.667133948696845391e-01
7.175000000000000000e+03 3.055621511131078050e-01 5.302767935164943713e-01 4.921597492725377498e-01 7.372259235488108908e-01 5.155443800639997187e-01 3.449138832283826783e-01 1.745274586131290995e-01 1.674102635980584119e-01 2.115730167946561213e-01 2.092835289372551866e-01
7.176000000000000000e+03 4.701866834114217242e-01 5.149921226155602660e-01 7.111437830335950450e-01 6.956684870924946251e-01 3.293057021717071264e-01 1.696719696831227309e-01 2.147449143111721526e-01 2.165737132141248300e-01 2.226622479744904959e-01 1.849172811773197589e-01
7.515000000000000000e+03 4.654665264470785324e-01 6.083147010903470209e-01 4.807869735682373524e-01 4.007091568266186732e-01 3.563517130113990627e-01 4.102617700433997538e-01 3.254115617876900401e-01 1.564308483519039616e-01 2.003649384281542545e-01 2.443817074949697354e-01
7.516000000000000000e+03 5.466181870410402599e-01 5.020658526417305367e-01 3.862041970461966844e-01 4.755171427695720210e-01 3.879077635935961887e-01 3.094534765398605503e-01 1.988646039078895977e-01 2.035549998668233496e-01 2.572132717588062611e-01 3.311480922423639117e-01
7.517000000000000000e+03 4.375401351591777788e-01 4.182819634879298976e-01 4.565629827944430175e-01 5.172870476179127763e-01 2.934386117599852017e-01 1.905935934567286605e-01 2.589870444406535133e-01 2.608252814589152591e-01 3.460606123994748873e-01 4.007252384852940108e-01
7.532000000000000000e+03 3.770086158678259136e-01 3.988797480967760101e-01 4.155331225747833090e-01 4.562264199314898239e-01 2.634624955531275070e-01 4.472311910656289746e-01 5.446585098191688568e-01 3.646965989019654852e-01 1.858036000465833892e-01 1.888325073932932419e-01
7.533000000000000000e+03 3.272788726285894567e-01 4.382507632210298487e-01 4.313612470733380055e-01 3.431515074742509941e-01 4.152133469950958777e-01 5.060122226118238808e-01 4.589196891927794786e-01 1.850065026833460913e-01 1.960259942039140335e-01 3.070411423933217532e-01
7.534000000000000000e+03 3.655539315778734699e-01 4.506604517906037666e-01 3.240662641407199285e-01 5.438731010440197577e-01 4.676295475974021620e-01 4.254755413560111221e-01 2.299771612370218876e-01 1.944885133111074749e-01 3.150927284612957679e-01 2.771043477988293646e-01
7.535000000000000000e+03 3.762123229128679913e-01 3.565876855945745993e-01 5.095047318460226293e-01 6.108514594569255385e-01 3.920979819873960937e-01 2.137566612584342052e-01 2.406686700452873584e-01 3.119405464093357727e-01 2.833675544278810854e-01 3.194675666765989241e-01
7.583000000000000000e+03 1.862259405211782459e-01 6.105501838450332341e-01 5.962210016310244276e-01 4.971108311348360065e-01 3.054372906806551158e-01 2.139060877872950572e-01 3.119016695870927003e-01 2.983124788942340122e-01 4.533219119390227148e-01 1.506933244591109333e-01
7.584000000000000000e+03 5.004120324300594946e-01 5.564825495086469509e-01 4.336416436176677158e-01 3.670035771905589828e-01 1.836053116188342826e-01 2.673953388185918989e-01 3.447111238910107178e-01 4.194948210427856816e-01 1.427526351949386929e-01 3.696127944628701534e-01
7.585000000000000000e+03 5.235997919682352508e-01 4.848635565027362704e-01 3.775270466798175129e-01 2.595601748914839746e-01 2.718708251475132065e-01 3.489492604817707178e-01 5.705616364708080424e-01 1.562538502850993050e-01 4.102109394421663557e-01 1.960163195055490692e-01
7.594000000000000000e+03 1.894823679701116981e-01 3.987864119931397444e-01 5.723259604477615170e-01 4.040988042420493032e-01 2.818972089844180018e-01 1.582534832898755961e-01 4.223302500541201709e-01 4.376815574789054697e-01 4.784803491787384400e-01 2.183031635637774082e-01
7.595000000000000000e+03 3.362079994361353852e-01 5.869619918086643739e-01 3.931019057793127547e-01 3.782996555669226879e-01 1.548778172959364430e-01 4.038237924436829385e-01 5.659608482741318447e-01 4.905065167180058250e-01 2.325893503008011065e-01 8.535363975107146395e-02
7.596000000000000000e+03 5.233855431479551568e-01 4.239555456157746427e-01 3.637451544843447460e-01 2.018692981388914842e-01 3.808009309898192085e-01 5.330646659778235374e-01 6.272332817287502582e-01 2.355610248665969686e-01 9.277986871009831493e-02 2.359701809030510244e-01
7.597000000000000000e+03 3.852547610995605831e-01 4.237069820351759830e-01 2.146057735844096870e-01 5.459367810072357496e-01 5.372393841867021402e-01 6.330275792765780452e-01 3.247675206320132513e-01 1.042238306768657752e-01 2.679050535006470279e-01 1.884419185740470182e-01
7.865000000000000000e+03 4.589769088410732278e-01 5.234949263672689090e-01 4.576747586772288434e-01 4.305289256599735825e-01 2.455416992085396044e-01 2.601396946171515845e-01 2.101527531070274124e-01 4.640537987049193069e-01 2.963248645755077737e-01 2.301589941192810906e-01
8.002000000000000000e+03 3.052002584085513059e-01 3.555534950595707899e-01 2.552763277517530738e-01 3.605959638808738377e-01 5.649950577475875146e-01 4.218687343975270898e-01 3.718019993252317801e-01 3.098254388779192459e-01 3.071743792480194357e-01 2.747459763879345762e-01
8.003000000000000000e+03 2.868284387847033212e-01 3.020174969160841494e-01 3.453363797750841346e-01 7.529029181194628606e-01 3.958711326357752802e-01 3.502299515942355335e-01 3.933990025512356659e-01 3.098132947962136674e-01 2.863646167321872715e-01 2.231114354957152990e-01
8.004000000000000000e+03 2.316285272016775920e-01 3.794753692195917405e-01 7.140106569998189157e-01 5.232271556205065899e-01 3.282828377729304359e-01 3.688895271249768570e-01 3.918462976150948740e-01 2.876524912845668247e-01 2.324713985290752516e-01 2.188629015780125253e-01
8.190000000000000000e+03 2.734243533114102398e-01 3.436243233589586499e-01 4.207160679876520981e-01 3.200407939371570643e-01 2.371245124162793261e-01 3.508177449850656271e-01 8.448483581300959555e-01 2.594370674667426102e-01 3.521399311471504756e-01 2.148604127855154866e-01
8.495000000000000000e+03 2.649112605281971899e-01 4.664038729113544335e-01 3.873894433250870684e-01 3.511438173404806684e-01 3.238696769400139508e-01 3.470768161768302273e-01 3.384646551082180488e-01 4.840944095256495827e-01 3.605252394468126953e-01 2.107938266626085133e-01
8.741000000000000000e+03 4.484904779146955400e-01 3.626340764568097841e-01 3.074534648612059495e-01 2.785806598551001101e-01 2.777279849925692323e-01 2.723986937711153633e-01 4.971074488829365645e-01 4.485512751660549191e-01 3.212724374221801460e-01 3.063538323448714573e-01
8.742000000000000000e+03 2.637176942835852689e-01 3.189281682332913981e-01 2.381599867727259845e-01 3.277448108857033415e-01 2.306160092635572978e-01 4.218506997277799431e-01 5.165804101207909227e-01 2.917751737514832078e-01 2.870241963845368560e-01 5.936715025351397834e-01
8.743000000000000000e+03 2.327892075688885176e-01 2.719958730592563767e-01 2.930401683196070528e-01 2.816176414959787322e-01 3.715784037927798988e-01 4.554015891367264590e-01 3.461925893926856568e-01 2.707372338312483140e-01 5.778421655604988327e-01 3.611068396039049389e-01
8.744000000000000000e+03 1.898684590848559728e-01 3.200426874768124708e-01 2.544660841835226783e-01 4.661131682938829957e-01 4.048591181687037910e-01 3.082988284343342045e-01 3.240327200134650587e-01 5.543312665160757824e-01 3.552305849068614352e-01 3.123529568329998507e-01
8.745000000000000000e+03 2.386894658826874127e-01 2.899906684826343839e-01 4.251263867831894250e-01 5.134640078224259607e-01 2.772630810473095675e-01 2.913441748439361545e-01 6.765350375103751368e-01 3.424040417854590790e-01 3.102483028168470658e-01 2.561655089864705026e-01
8.746000000000000000e+03 2.192247930924522137e-01 4.485548017444302427e-01 4.876363760856430862e-01 3.636381840032912871e-01 2.736344360025262934e-01 6.308006045556286967e-01 4.329578635019249999e-01 3.113712086535444512e-01 2.659566563643590009e-01 1.837103481582326170e-01
8.747000000000000000e+03 3.792437165193144333e-01 5.030076500593702038e-01 3.464919776626214087e-01 3.588364705209305949e-01 5.867251488762376121e-01 4.052078709998869210e-01 3.934713791789012372e-01 2.668464339622043102e-01 1.920093100868524860e-01 1.678784558459632537e-01
9.134000000000000000e+03 2.645316962376101921e-01 4.209954203703081266e-01 3.431123631900264703e-01 4.364043761008387645e-01 3.749146917262730083e-01 4.197939219107132414e-01 2.689021356826705178e-01 3.738063536436098122e-01 3.428871603259889267e-01 2.944630046628389231e-01
1.023900000000000000e+04 3.048722001345847143e-01 3.793086436698668296e-01 4.659148433473322415e-01 3.985281607745861376e-01 4.280372668517995471e-01 3.373766870021797648e-01 2.810766250612425354e-01 2.191338331508486392e-01 4.602355545027515538e-01 2.815486520227257206e-01
1.025600000000000000e+04 3.137208536787071123e-01 4.158853503087981962e-01 4.965114123811105173e-01 4.469106902770129675e-01 2.231775909199227026e-01 3.071238923455562042e-01 3.731548903306199927e-01 2.218396863356755233e-01 2.686015987435124708e-01 5.128834911173457689e-01
1.025700000000000000e+04 3.506449445917441676e-01 5.160330045826271306e-01 4.303399342206902789e-01 2.952452254640312024e-01 2.919434436066363214e-01 3.542595622548677103e-01 2.831890282743041998e-01 2.730194614712920242e-01 5.343414041620903054e-01 2.091326026989641373e-01
1.025800000000000000e+04 4.377441323809483364e-01 4.448095532494598658e-01 2.751506007863631087e-01 3.744828084896337228e-01 3.243324520587378967e-01 2.600528914223318999e-01 3.365690545313424487e-01 5.258456944674885225e-01 2.127160132479538057e-01 3.303554723077359312e-01
1.033700000000000000e+04 7.155832680756313291e-01 4.482570459001963825e-01 5.739619582175682355e-01 4.188967752327826810e-01 3.442117498219672833e-01 4.115286190034559977e-01 2.839726539264609273e-01 2.040110999440744866e-01 1.103787318791732003e-01 1.804961826159541538e-01
1.087900000000000000e+04 3.191925648090328527e-01 5.372288556248302482e-01 5.028868284500487285e-01 3.248648232249772283e-01 3.968614131753663843e-01 3.364784136698785177e-01 3.638090683669900627e-01 3.270821215617640276e-01 3.054903618371933582e-01 1.787439669303847178e-01
1.100400000000000000e+04 4.004484520886738008e-01 3.251558910389001356e-01 5.047118314898971780e-01 5.209234522219010621e-01 5.332384449257662196e-01 2.410863255370262470e-01 2.149431548526472557e-01 2.953895826406606195e-01 1.958962736076058919e-01 3.618240102709835981e-01
1.100500000000000000e+04 2.464542360254355913e-01 5.048184610985279042e-01 4.800032311916161420e-01 6.866708968085772913e-01 2.198598951631697274e-01 1.960460243774533873e-01 3.614117791302319804e-01 1.896484581724016960e-01 3.628008894021712005e-01 3.903722080359756097e-01
1.100600000000000000e+04 4.370367821257176710e-01 4.973675931796950334e-01 6.524743538075723492e-01 2.875051150131763267e-01 1.863142689958460219e-01 3.397608753998317410e-01 2.389705588443351847e-01 3.651881601978446135e-01 4.040069561987801872e-01 1.827936600355890007e-01
1.100700000000000000e+04 4.483488216430602802e-01 6.719832840389233786e-01 2.892246121925833857e-01 2.553129025759327542e-01 3.336511672044576438e-01 2.375790870399489552e-01 4.839295132285104661e-01 4.245300445182539906e-01 2.013146932150341462e-01 2.165206025433022985e-01
1.100800000000000000e+04 6.256765086379777463e-01 3.406486886811276871e-01 2.548171091091474549e-01 4.560685168541243617e-01 2.332068437469326794e-01 4.689437304371465998e-01 5.571963989699689757e-01 2.101896668330032192e-01 2.346117772489377251e-01 2.523584559030755403e-01
1.119500000000000000e+04 3.249483075349633432e-01 4.202314827535812425e-01 2.780569807789738390e-01 3.323774320067213739e-01 1.128024298301487371e-01 2.974534981658968902e-01 3.929301585281811948e-01 4.705414647229475555e-01 5.048961422573433611e-01 3.468660247553863596e-01
1.119700000000000000e+04 2.412075385255049997e-01 3.447113553373812866e-01 1.322648219869497210e-01 3.535108870359220945e-01 3.330344644548090538e-01 5.390137380296959879e-01 6.229689340888570070e-01 3.482510481257883317e-01 4.302383520376938386e-01 1.858648974962026357e-01
1.119800000000000000e+04 2.561059085526488643e-01 1.834982825197593592e-01 3.143853463151793926e-01 4.101060710643920637e-01 4.720524517975802081e-01 5.464906323557812140e-01 4.125155265568229979e-01 4.058492194533638853e-01 1.804085980825217150e-01 3.577029316146602134e-01
1.119900000000000000e+04 1.036162223210510963e-01 3.367523038412281733e-01 3.691528931705302941e-01 5.931113065440498655e-01 4.836402338597405315e-01 3.657939865669529445e-01 4.873824022552155633e-01 1.697731230985947137e-01 3.505235227362065165e-01 3.402772019802130510e-01
1.120000000000000000e+04 2.447512425740375752e-01 3.744120183104258093e-01 5.212171179126279252e-01 5.933573720119944550e-01 3.161628732049929780e-01 4.215606341240195620e-01 1.935751771374918662e-01 3.252051324293781520e-01 3.252309696295550556e-01 2.918793943308293781e-01
1.120200000000000000e+04 4.525990030032483458e-01 5.568921819458283462e-01 3.856949172113341984e-01 5.071649657322828686e-01 1.691168952900510281e-01 3.753823459081012115e-01 4.023895614242919416e-01 2.959339893270772626e-01 3.153406046403528507e-01 1.800956164527740544e-01
1.120400000000000000e+04 4.009588995988543902e-01 5.648632598575987762e-01 2.504280942594145909e-01 5.385334221532011023e-01 4.092026112605859356e-01 4.082587825088039857e-01 4.660442905147465509e-01 2.233618124614636935e-01 2.282543567981691612e-01 1.560885256203020099e-01
1.120500000000000000e+04 5.014699110600142617e-01 2.991614508931580430e-01 5.165025523727950763e-01 5.461268365371947375e-01 3.853553860473880044e-01 4.402813487267657200e-01 2.844731815130495112e-01 2.314519309329488295e-01 1.657863940727798135e-01 2.844780192390380380e-01
1.126000000000000000e+04 5.116982961085274617e-01 4.999033610958218410e-01 3.845853733014353293e-01 4.793589732383918833e-01 3.605195033236903712e-01 4.690156496152161347e-01 2.200692211008779264e-01 1.814185422187872265e-01 2.503844672614253808e-01 2.649353714649376190e-01
1.126100000000000000e+04 4.512882127168608148e-01 4.299463700180728987e-01 4.774856316583721560e-01 4.984441134859082245e-01 4.578210157606638631e-01 2.195368533967329561e-01 2.406264534814349931e-01 2.640086028232950244e-01 2.886923424866837951e-01 2.761245696894809032e-01
1.126200000000000000e+04 2.698429910248540398e-01 3.910147690492364880e-01 3.558137623447625852e-01 4.586247712025803835e-01 1.496662752060937962e-01 1.627777112579879559e-01 2.445859573654671493e-01 2.149556749213952511e-01 2.125709543240702215e-01 1.000000000000000000e+00
1.126300000000000000e+04 3.118906525126633467e-01 3.791531932199156962e-01 4.236267429512154958e-01 1.856644307100392410e-01 1.498274723460216451e-01 2.233403137392968030e-01 2.620487326223038260e-01 2.064780674276579797e-01 1.000000000000000000e+00 2.843844453071909251e-01
1.126400000000000000e+04 3.072085958491501678e-01 4.449590190401279677e-01 1.773114190747981933e-01 1.912580761197892332e-01 2.094955246274899374e-01 2.451273355494357487e-01 2.579129831792439376e-01 1.000000000000000000e+00 2.929177598191303189e-01 2.580024885911052501e-01
1.137900000000000000e+04 2.072766181401387853e-01 3.222907164765441146e-01 5.390204280691440752e-01 5.490376680822578459e-01 2.573362722111547374e-01 1.983236493658999400e-01 3.438588798634829025e-01 4.720872736718057516e-01 3.226157365579898628e-01 3.607065834898216528e-01
1.138200000000000000e+04 4.532661912254961067e-01 3.513606754276032418e-01 2.272744292685456302e-01 3.879462087539730097e-01 5.085928249747903029e-01 3.743917689274664506e-01 4.627958732661759389e-01 2.963640796677632361e-01 3.380777223151237854e-01 1.649326986629067460e-01
1.138300000000000000e+04 2.907846994641026250e-01 2.839679664738994913e-01 3.818489221120320298e-01 6.948151359528381699e-01 3.615888507745962377e-01 4.467028173651863554e-01 3.869087678248345763e-01 3.504496039262758322e-01 1.793372007177981564e-01 2.688197654906616663e-01
1.167500000000000000e+04 5.050940101543210936e-01 3.787817908964850599e-01 3.900544287410849797e-01 2.517884221249412358e-01 2.649840433861593292e-01 5.783008529117125152e-01 6.112770420294001417e-01 3.948880850458968972e-01 1.723910144808904754e-01 8.072945940042390578e-02
1.170800000000000000e+04 1.459586184043971668e-01 2.886335455356301427e-01 7.371941821229569536e-01 3.832786600593434678e-01 3.054347041967356291e-01 2.802374566329795536e-01 1.467377048238137638e-01 1.855434141369478596e-01 4.921469366868705397e-01 5.592502746067720132e-01
1.170900000000000000e+04 1.936021825769135007e-01 6.604042750068047640e-01 3.271029454158436156e-01 3.597670250483932519e-01 2.358042164328391366e-01 1.216287370791019340e-01 2.061038235326564938e-01 4.478043319854715931e-01 5.222390266017447047e-01 3.882175811591728198e-01
1.175600000000000000e+04 2.184222702947934136e-01 3.284932747138346598e-01 7.032746732897349196e-01 7.023127218342570810e-01 5.722404034593701061e-01 4.346852509160445965e-01 1.374216608179227306e-01 3.139447072524920168e-01 1.570411841265870467e-01 1.313065383350791593e-01
1.175700000000000000e+04 2.573203564721566194e-01 6.889949911853685549e-01 6.639261402491878350e-01 7.572376599264195596e-01 4.047407433103933361e-01 1.308670523522894868e-01 3.955918449262961212e-01 1.566890725044026433e-01 1.380011797485716230e-01 1.750789348948525448e-01
1.175800000000000000e+04 6.221666988388114827e-01 6.567188940407722164e-01 7.178892842623431081e-01 5.349651373090054118e-01 1.257870888268337595e-01 3.708054204898454387e-01 1.964306786991525666e-01 1.381663499757968538e-01 1.833170652708421833e-01 1.963838059172615669e-01
1.175900000000000000e+04 6.567816102666770295e-01 7.750062842012591657e-01 5.690308493427154168e-01 1.873364547557562765e-01 3.893679199561446147e-01 2.132847047614815084e-01 1.996619828567750554e-01 2.094596014254752059e-01 2.327682105500967213e-01 1.827799947926907198e-01
1.189400000000000000e+04 5.277980907387148646e-01 4.323435352426941991e-01 5.477299366708004991e-01 6.827921707474811086e-01 3.359667741638371341e-01 4.199347917917423123e-01 1.477928276000817776e-01 1.002532292382812967e-01 2.561765064680287529e-01 2.481956511253677611e-01
1.189600000000000000e+04 5.299283692542056112e-01 6.911831221181676810e-01 4.600340713184189467e-01 5.653621401190720430e-01 1.507463633479355358e-01 1.346541004543628239e-01 3.560392724215349913e-01 2.838348623372110580e-01 2.161268084021455149e-01 2.782183485792781852e-01
1.189800000000000000e+04 5.099301846275482442e-01 6.584497183390767283e-01 2.442701250692453918e-01 2.203258322871492481e-01 3.919335509340460266e-01 4.221764926778354687e-01 3.480771917426751516e-01 3.636155635471572944e-01 1.747019417619581072e-01 2.186679190286517360e-01
1.189900000000000000e+04 6.039643443540309020e-01 2.969607636606045320e-01 2.173292878156233843e-01 5.295344922571525448e-01 4.033692330221586020e-01 3.345005337215201657e-01 4.708146049054057758e-01 1.797687943201423388e-01 2.334739727760188899e-01 3.377540967821948126e-01
1.194800000000000000e+04 2.630295059461549290e-01 2.518741499661903971e-01 4.013193084364736762e-01 4.725296349212012581e-01 4.125637250019982272e-01 8.424336607733775573e-01 2.418829416817419031e-01 1.455721950339956827e-01 2.148049790958347083e-01 3.546308748188449211e-01
1.194900000000000000e+04 1.765282138023736291e-01 4.207252676375950462e-01 4.400868076974637222e-01 5.343399229755066981e-01 7.676766797804696063e-01 2.229885734026469113e-01 1.775298659185471917e-01 2.106013739117997829e-01 3.592968889576108604e-01 2.570481131074393022e-01
1.195000000000000000e+04 3.430488416375416794e-01 4.528115752463180987e-01 4.959753842858535267e-01 1.000000000000000000e+00 2.052953544202388014e-01 1.637694941423908923e-01 2.582083177249637762e-01 3.525957347419886312e-01 2.605190529346938511e-01 1.976478594093974139e-01
1.195100000000000000e+04 4.072612807065038587e-01 5.367423107669011539e-01 1.000000000000000000e+00 2.863109596563143122e-01 1.677487594108373892e-01 2.600983450318988255e-01 4.738574328094274368e-01 2.785005550122692797e-01 2.204580185322834729e-01 9.998174528700402852e-02
1.195200000000000000e+04 4.974914600449473756e-01 1.000000000000000000e+00 2.933526817765954586e-01 2.340540505139792060e-01 2.618523393727741899e-01 4.713656604660403371e-01 3.754931092341490806e-01 2.367315505006784560e-01 1.159503549104814735e-01 1.464793610668527479e-01
1.195300000000000000e+04 1.000000000000000000e+00 3.553884711280492770e-01 2.445824580240108237e-01 3.714410835181954917e-01 4.721973781035001538e-01 3.796062445127126317e-01 3.232466156865425044e-01 1.277296563732558399e-01 1.681905469391191399e-01 1.911295198169715992e-01
1.241700000000000000e+04 3.970368007914324981e-01 3.314053972145362681e-01 3.548914675958917408e-01 5.608248468205166981e-01 2.714560806115052793e-01 2.333088634690045071e-01 4.255333792595688558e-01 2.735581090564089823e-01 3.031594187148639041e-01 4.322391022442979569e-01
1.252400000000000000e+04 2.452027801284974995e-01 3.390350895722014646e-01 4.691293195500444435e-01 2.833079671082961437e-01 3.397192624878685452e-01 3.892884973535201132e-01 3.137648373609364660e-01 2.871824867103318080e-01 4.782122044498565150e-01 3.620150764278449174e-01
1.253000000000000000e+04 2.541852665178806481e-01 3.639054468123813502e-01 5.555056684349946039e-01 4.544041656171676768e-01 4.149120269175264886e-01 4.448945952138402271e-01 4.834074754119855877e-01 1.410370537916846023e-01 3.048139819085245450e-01 2.324597402917008837e-01
1.253200000000000000e+04 4.441443355737882959e-01 4.148139000280388622e-01 4.670716792453699084e-01 4.920178141246142611e-01 3.788885327843833362e-01 1.456826524925432242e-01 3.447870216884679762e-01 2.152763443730983106e-01 3.288254082685643787e-01 3.645669934646404986e-01
1.254700000000000000e+04 5.086341704099668348e-01 6.296717317173199380e-01 3.195741053152045263e-01 3.087090884990365547e-01 2.584948442004462166e-01 3.745818317572766620e-01 3.592907798516890572e-01 2.473913986404732701e-01 2.279623618945652574e-01 3.410678299826951920e-01
