1.470000000000000000e+02 2.762492347899326295e-01 3.634359966454218660e-01 5.332182297547027883e-01 4.922198531883083539e-01 2.963888418043388318e-01 6.437502559431865778e-01 3.118923398857080254e-01 2.348122739022324712e-01 7.146728551375959304e-01 7.324561218555997177e-01
1.480000000000000000e+02 2.783246205461044065e-01 4.989028899901986613e-01 6.273139834191515662e-01 2.753182445969224457e-01 5.952508928595994231e-01 2.956864769026115169e-01 3.158536629866208756e-01 5.146384467968723175e-01 8.064265146030814568e-01 3.633401676605036990e-01
1.630000000000000000e+02 2.276657798553453071e-01 5.041866176743613481e-01 2.883901593243954342e-01 3.790113945205139112e-01 5.629147138021575181e-01 6.072724206017822146e-01 3.214916256466758826e-01 5.945439409534762909e-01 5.214153597690428521e-01 4.952930774950253245e-01
1.640000000000000000e+02 3.498967849202337943e-01 2.426276119715955748e-01 4.739184783595944417e-01 4.798929654302649950e-01 4.861807806495367923e-01 2.789300872978436319e-01 7.318977937288109192e-01 3.436211266669348396e-01 4.990543825988992266e-01 6.878349312953589978e-01
3.390000000000000000e+02 2.916432767862315312e-01 9.805757575630401623e-01 4.720573190920969164e-01 1.491727219695209057e-02 3.439351929655876106e-01 4.033110747287074194e-01 4.861435667722620591e-01 7.121074573410242081e-01 4.992297138237096754e-01 2.119536382677507658e-01
3.400000000000000000e+02 7.337939348770331494e-01 4.333083219988936863e-01 1.796344334759629180e-01 3.141881698842159398e-01 2.887533069529937824e-01 4.530855208634015363e-01 9.416724126554298913e-01 3.534162958804808463e-01 2.294113589763570882e-01 4.568501068671306786e-01
3.410000000000000000e+02 3.749313527791907630e-01 1.925246481788431274e-01 5.227164669111218354e-01 3.275082207163998449e-01 4.263982840499383475e-01 1.000000000000000000e+00 5.325175413419840353e-01 1.850545117055206468e-01 5.634311426731830608e-01 4.434213511423094611e-01
3.600000000000000000e+02 4.921061249247111746e-01 4.618441277303778070e-01 3.568361209116865385e-01 2.084606188610968469e-01 5.243301508526903021e-01 5.385615046777446624e-01 3.447796378813848817e-01 5.314167397398702475e-01 4.831605565797254531e-01 4.852707150773956091e-01
3.690000000000000000e+02 4.064782694410271069e-01 9.541388058925805993e-01 6.840591723957122339e-01 1.290952063616173096e-01 4.000137371136709419e-01 2.815700163627888886e-01 4.436939309567091705e-01 5.463248113818270912e-01 4.203671426331556660e-01 2.243580337828479376e-01
1.026000000000000000e+03 5.101952440531049016e-01 4.507531132059026668e-01 3.435597971991502519e-01 6.905439876628051143e-01 3.064314510307766248e-01 4.981896442739317532e-01 4.968818001921008198e-01 3.406437169598747206e-01 4.035832924314105563e-01 4.887136726241324558e-01
1.027000000000000000e+03 3.677298121192024150e-01 3.433967642760291095e-01 8.644245329696715885e-01 3.172870585256517550e-01 4.527938313615751387e-01 5.000285093190902641e-01 4.863881126713657799e-01 3.084939871341289552e-01 5.711580502373222457e-01 3.875695236854939663e-01
1.150000000000000000e+03 3.480725212010210567e-01 5.443744974104017809e-01 5.527071054323006161e-01 3.295613145975938574e-01 1.860433509283142550e-01 6.611472350676463883e-01 5.435771222912476608e-01 4.224805288729290842e-01 5.304932649094999952e-01 3.773873600108929582e-01
1.151000000000000000e+03 4.201857781042432349e-01 5.227971668901801872e-01 4.812819099740762163e-01 1.672776507994443995e-01 6.250073128020643409e-01 5.204792492652294822e-01 5.739696945852286181e-01 3.858279859301649295e-01 4.196530560729499482e-01 4.059136204433616557e-01
1.152000000000000000e+03 3.927079431625195016e-01 4.425637789503108488e-01 3.194675347725867143e-01 5.958817310503338183e-01 4.325112032617481894e-01 5.357609304532514605e-01 5.109944422603059921e-01 2.975383605381361485e-01 4.400236976449584114e-01 6.021112981868844694e-01
1.153000000000000000e+03 3.376015496792178494e-01 2.976016592960474827e-01 7.220178275772072274e-01 4.120512959326672608e-01 4.599361053814940425e-01 4.833786079049852691e-01 3.993512548627334846e-01 3.161679492013683146e-01 6.614669388809177875e-01 5.126205420575657978e-01
1.154000000000000000e+03 2.219642323082599289e-01 6.583652623934661552e-01 5.380840148713952331e-01 4.247813644618513296e-01 3.817448592238445459e-01 3.693020975492538049e-01 4.148428071945645668e-01 4.646281760401215211e-01 5.505308467547143092e-01 5.445861397320127528e-01
1.155000000000000000e+03 4.761341463538509844e-01 4.766302871398514496e-01 5.347035159441926311e-01 3.328612841779448051e-01 2.326071434290078177e-01 3.740030713425198106e-01 5.943418908027070513e-01 3.770019870401294382e-01 5.701877213995312221e-01 5.197568621402514077e-01
1.156000000000000000e+03 3.828160574172526642e-01 5.258181183898821276e-01 5.037342710367925802e-01 2.313082794582737856e-01 2.826206258480530309e-01 5.898766594831768018e-01 5.308966724889583322e-01 4.298485053607233319e-01 5.990822571524618834e-01 4.056972462867513562e-01
1.157000000000000000e+03 4.073095782138521082e-01 4.780031546525846942e-01 3.903580612482016043e-01 2.678123071518027642e-01 5.380698754007855467e-01 5.099145937991843569e-01 5.857909660773353844e-01 4.370645582151359565e-01 4.525328792409976097e-01 4.344923194546447265e-01
1.158000000000000000e+03 3.636058771444878879e-01 3.630947842019210947e-01 4.166457407989733741e-01 5.173356421591663867e-01 4.266159105976400356e-01 5.529442302457532321e-01 5.853619777746574826e-01 3.244591825476279001e-01 4.763010472615509250e-01 5.393056168496844771e-01
1.159000000000000000e+03 2.766040828985839584e-01 3.874790949250246364e-01 6.473765381747392800e-01 4.044600447566069623e-01 4.794493787896963455e-01 5.523173274084831608e-01 4.343755530760105010e-01 3.413635363532345202e-01 5.909624775523373286e-01 4.887969561523765605e-01
1.378000000000000000e+03 3.651928355395184789e-01 4.807148991974982688e-01 2.990569783297410966e-01 5.552953618912727096e-01 3.190061095859452744e-01 4.474806224125127407e-01 5.835363189715322418e-01 3.748867733158864901e-01 2.948061568323065429e-01 7.947671157368919603e-01
1.389000000000000000e+03 1.963884478578985515e-01 3.794219074389457713e-01 4.526503046725129376e-01 4.112690502415798366e-01 6.218152929888499658e-01 6.929696603533354038e-01 4.561660199508211222e-01 4.255903247444373094e-01 5.947619080762078791e-01 3.684739592188638335e-01
1.390000000000000000e+03 2.716714497861758004e-01 3.959973993646330737e-01 5.171248007680927516e-01 5.566682270683401823e-01 6.060541089428743700e-01 4.071818157736499244e-01 5.390098803407216144e-01 4.032550102805977366e-01 3.819710847429729772e-01 5.334429590486901018e-01
1.391000000000000000e+03 3.024909984377036620e-01 4.829199292612909034e-01 6.860136439618662596e-01 5.882098341652826079e-01 3.011618316059928580e-01 5.101431394528483931e-01 5.415208392135952842e-01 2.745972112897702155e-01 5.863321597792434670e-01 3.653085841453765359e-01
1.392000000000000000e+03 3.716179373724473045e-01 6.466594232936977438e-01 7.214490800833602835e-01 2.834384041861570669e-01 4.336861529693380457e-01 5.166678309894645604e-01 3.717356126774744030e-01 4.249244427454057504e-01 4.047779207682810076e-01 3.665113529301175510e-01
1.393000000000000000e+03 4.856158153395672139e-01 6.648443336714676688e-01 4.260885635551234230e-01 4.050794147259446087e-01 4.282273785179053216e-01 3.471937426739329369e-01 5.631023172782377850e-01 2.871590978846844666e-01 3.975420892705249787e-01 5.421995194608402180e-01
1.394000000000000000e+03 5.276479871033958879e-01 4.151951378310260177e-01 5.687677335902255882e-01 4.334442283481006464e-01 2.439998977817653403e-01 5.541214139280323803e-01 4.009433681898559865e-01 2.971480768394501037e-01 6.196372709386138711e-01 4.550239736773640797e-01
1.395000000000000000e+03 3.461241372497759206e-01 5.793506090561493238e-01 6.231739264120290667e-01 2.592072751906283057e-01 5.402880847169611034e-01 4.111770476942314123e-01 4.323730880418807931e-01 4.826716941933529847e-01 5.419236288646438471e-01 3.257742078734892632e-01
1.396000000000000000e+03 4.386372751631395506e-01 5.784769444413128126e-01 4.071435009835543961e-01 5.170378032357637599e-01 3.030365391632077743e-01 4.067500240638638465e-01 6.442570285390774032e-01 3.872373242145991101e-01 3.559135790660861165e-01 4.808763104057170445e-01
1.397000000000000000e+03 4.561113562129291976e-01 3.936346124847837080e-01 6.717280137565309062e-01 2.978072000457964164e-01 3.169354720725150454e-01 6.295065550800517107e-01 5.368586197226348222e-01 2.641547112954617527e-01 5.456778906267567564e-01 4.276765040026478948e-01
1.940000000000000000e+03 3.579596927061692302e-01 6.442068334697271803e-01 6.157743529610840705e-01 3.668455649119871098e-01 2.100718319161884728e-01 4.844134073290996545e-01 3.749331206877097311e-01 4.099087191702359134e-01 5.913063836955113617e-01 4.670511061739083813e-01
1.941000000000000000e+03 5.142954414307914224e-01 6.033881285049897958e-01 5.349674165601328024e-01 2.059736480011737925e-01 4.239042129681253046e-01 3.709387396858274122e-01 5.754031685087243053e-01 4.443542700678327906e-01 5.366241359851859904e-01 2.716277312034268698e-01
1.942000000000000000e+03 4.871252235220304150e-01 5.300013092537717574e-01 3.831486917693012750e-01 4.391328102751539952e-01 2.819579445109406390e-01 5.750117918070785095e-01 6.300487319928407270e-01 4.073308290136161136e-01 3.152411816854686077e-01 4.236220002794265915e-01
1.943000000000000000e+03 4.276833238416130056e-01 3.792051422042246878e-01 6.106706391359305597e-01 2.864941654062969079e-01 5.474587391753318322e-01 6.286582623651645330e-01 5.766725287451098803e-01 2.389226545415044090e-01 4.908870784795875131e-01 3.959929882536900592e-01
1.944000000000000000e+03 2.837127141548296261e-01 5.589568448671566880e-01 4.261579772656836074e-01 5.145133429634826117e-01 5.605711846063379244e-01 5.354977926452970660e-01 3.147945370936844345e-01 3.462431036622330982e-01 4.270474388286612522e-01 6.327502545397920564e-01
1.945000000000000000e+03 4.011131081050948732e-01 3.736367120747717263e-01 6.091481802276934587e-01 4.999731516839431289e-01 4.238291014865133710e-01 2.816953815510174208e-01 4.396145525451633507e-01 2.902661599123776970e-01 6.575737167314656961e-01 6.216849543688653945e-01
1.946000000000000000e+03 2.871164157544334183e-01 5.721695972514241335e-01 6.367655387745839723e-01 4.067488335014453060e-01 1.476086287903371486e-01 4.181443032237412982e-01 3.917334502146895825e-01 4.750827366029225507e-01 6.867261418480554713e-01 4.990678038464086419e-01
1.947000000000000000e+03 4.461520035740824675e-01 6.088130375357372337e-01 5.596648982394364369e-01 1.314156667223568831e-01 3.259274530273070791e-01 3.787804745044920374e-01 6.517832653150165134e-01 5.043708476327368739e-01 5.604211804722183388e-01 2.878527707260598034e-01
1.948000000000000000e+03 4.794554830287899305e-01 5.406704378358206942e-01 3.019004571198902198e-01 3.213197232719306462e-01 2.808249102673431863e-01 6.363642167452924214e-01 6.987036139629476672e-01 4.156139752931723996e-01 3.263896346240231505e-01 4.403895067658612494e-01
1.949000000000000000e+03 4.288083069232475619e-01 2.935399276617238762e-01 4.868090552011425376e-01 2.771012164988817528e-01 6.143489292195647433e-01 6.861162891836003475e-01 5.790775184155116939e-01 2.434526784876431538e-01 5.022320316668945628e-01 4.565097440485426650e-01
2.012000000000000000e+03 2.910897934535393583e-01 6.611322287027935340e-01 7.392709000046286949e-01 3.716773195793890983e-01 2.478933183288414832e-02 2.725149818414421832e-01 4.330671755265324552e-01 5.004641042200154155e-01 6.991961003944751063e-01 5.147246278160518829e-01
2.013000000000000000e+03 5.179837448550607126e-01 7.109364461970052451e-01 5.294741293455074160e-01 5.552347731308389725e-03 1.436611736335541845e-01 4.209947944348659821e-01 6.902906346059862752e-01 5.162864229770784963e-01 5.811058384134643040e-01 2.684239149180506212e-01
2.014000000000000000e+03 5.862390954840773771e-01 5.368280440548410803e-01 1.917165512778025438e-01 1.473339651204704226e-01 3.592252464222612796e-01 7.046941131556273552e-01 7.478254473275771641e-01 4.506071882137130946e-01 3.182417843573044913e-01 3.336263067715337094e-01
2.015000000000000000e+03 4.537699766560029935e-01 2.005745780208555151e-01 3.415759464954726266e-01 3.957045868819407675e-01 7.575094116893117402e-01 7.793377524832402203e-01 6.662945054726524541e-01 2.519189604742096966e-01 4.037875900497062687e-01 3.302593354352462152e-01
2.112000000000000000e+03 2.994380882282715595e-01 5.848428087082711002e-01 5.084916159656165391e-01 5.305480414997413297e-01 5.319557842332642839e-01 4.193320225923709010e-01 2.475522742058521575e-01 4.818343817622295910e-01 4.888649775971921074e-01 4.815005016173609098e-01
2.113000000000000000e+03 4.540907715638240472e-01 4.840190108605930686e-01 6.742871776968669684e-01 5.263159630726175209e-01 3.253861829101505898e-01 2.384471845547738167e-01 6.584988720345769098e-01 3.576664264733646625e-01 5.386108182215125773e-01 3.203403418161585026e-01
2.114000000000000000e+03 4.094395755672500248e-01 6.978686776375775391e-01 7.285026318754443952e-01 3.576205992945351020e-01 1.220107806062202538e-01 6.858603283390015681e-01 5.285699828003264100e-01 4.261182666554123033e-01 3.874884622355306840e-01 1.584762537131908511e-01
2.115000000000000000e+03 6.009032443908963739e-01 7.705870381190700336e-01 5.688674560491654431e-01 1.385075217403818615e-01 7.510276672429749834e-01 5.621534860715174942e-01 6.430169198128410368e-01 3.130297530572561104e-01 1.957463607675889172e-01 0.000000000000000000e+00
2.116000000000000000e+03 5.863896322565077535e-01 5.313208111019702695e-01 2.978086555332506991e-01 7.349807898771908432e-01 4.928601695047165054e-01 6.085096125823196145e-01 4.203126472850307604e-01 1.407039028866987618e-01 0.000000000000000000e+00 7.604223351839977108e-01
2.117000000000000000e+03 4.225981302345431234e-01 2.904063974863507758e-01 8.875689251673670732e-01 5.018410241247527326e-01 5.805594226616604958e-01 4.137876254312715107e-01 1.965439429862869958e-01 0.000000000000000000e+00 8.693957095783564348e-01 5.788166182597950238e-01
2.118000000000000000e+03 2.115088400975704275e-01 7.922106241691160289e-01 6.057632260496170762e-01 5.281439512162334760e-01 2.872446410571670161e-01 1.779947233070254542e-01 0.000000000000000000e+00 5.980448980422213845e-01 6.087578009122436296e-01 7.305199096776583412e-01
2.119000000000000000e+03 5.523851547830320730e-01 5.173864801267542557e-01 6.034126598683023923e-01 2.256789221264017820e-01 0.000000000000000000e+00 0.000000000000000000e+00 7.391561069322506450e-01 4.027893094000443708e-01 7.390189551996443340e-01 6.534670312504359257e-01
2.274000000000000000e+03 1.886202523713777779e-01 5.572374377469119233e-01 7.202252770597115106e-01 6.380714870291770424e-01 5.458005852702074723e-01 4.200501033552829222e-01 1.704732665238457290e-01 3.626986234828370459e-01 4.691873034914482710e-01 6.030972459619416970e-01
2.275000000000000000e+03 4.192015968731807596e-01 6.644712686132968615e-01 7.518004764449108812e-01 5.179744085980504398e-01 3.107874818006090001e-01 1.593921366024267927e-01 4.811571177554213041e-01 3.332098077485498577e-01 6.548601393542231586e-01 3.209157185430754344e-01
2.277000000000000000e+03 6.238399118870693316e-01 7.096842633972312298e-01 5.133837754379610985e-01 0.000000000000000000e+00 4.492482163867898559e-01 4.899514028020409695e-01 7.313937944289802262e-01 2.933727393326665545e-01 1.328727819651451814e-01 4.976689589797392288e-01
2.295000000000000000e+03 5.409890635726217756e-01 5.283764920211790894e-01 2.606969384272226908e-01 5.704499832843662466e-01 4.844694918622798885e-01 5.400052128815853170e-01 5.642349378015047989e-01 3.263202047183061949e-01 2.678512320442627548e-01 4.406105710929761887e-01
2.297000000000000000e+03 1.928184472430541918e-01 6.739983923020481660e-01 6.203237758263346890e-01 4.661392027584803643e-01 4.779360284718294216e-01 4.271772534283110323e-01 2.663358538076987525e-01 3.585987316186908802e-01 5.296268986258947375e-01 6.205485316029298870e-01
2.298000000000000000e+03 4.775836260205189032e-01 5.387364026040988296e-01 5.595706464914259604e-01 4.132280880762248532e-01 2.912732351120628782e-01 2.355588827680429320e-01 4.500047398097278828e-01 3.558028419257837083e-01 6.373902748336225388e-01 5.686895390515395166e-01
2.299000000000000000e+03 4.206274274695688264e-01 5.354145968593937432e-01 5.663091770849691953e-01 2.805382178881696831e-01 9.533192558712853815e-02 4.354795252853457810e-01 4.885393260435439977e-01 4.685183965966308595e-01 6.391237310501177715e-01 5.175946933906860892e-01
2.300000000000000000e+03 4.141153115124370787e-01 5.367320820476308985e-01 4.361100706131905147e-01 7.484966088642443227e-02 3.434627865136199443e-01 4.686244046206374247e-01 6.376626665455099596e-01 4.656735498350551561e-01 5.766005025476137469e-01 4.861044309757024395e-01
2.301000000000000000e+03 4.110119560222841861e-01 4.089127577891591425e-01 2.399391542981679504e-01 3.244678300554145189e-01 3.796116911393314086e-01 6.060241829216066467e-01 6.279442040972689210e-01 4.162425822820812193e-01 5.365248549212620066e-01 5.182279002843651616e-01
2.302000000000000000e+03 3.158078247723040133e-01 2.260304126277674630e-01 4.757668653851462315e-01 3.648478544042191296e-01 5.549315550724185364e-01 6.004173014796989616e-01 5.647022322785046899e-01 3.896676813600740696e-01 5.754587816700316161e-01 4.883201570623022514e-01
2.471000000000000000e+03 2.048272544713475862e-01 5.014987423024658275e-01 4.709400525501438728e-01 7.003580239014628450e-01 6.748295246440375594e-01 5.006258618817607253e-01 2.642710566798799898e-01 3.844016254371996344e-01 4.507928014713117881e-01 5.149652464429285148e-01
2.472000000000000000e+03 3.499919496075969971e-01 4.016742651956738408e-01 7.514776880046666330e-01 5.880581381168316080e-01 3.681379682568089451e-01 2.304724293729755735e-01 4.756571538722970116e-01 2.986173606499084032e-01 5.215635347034057734e-01 6.412177532873544195e-01
2.473000000000000000e+03 3.053141565207287411e-01 6.991632402569197824e-01 7.118194863086330093e-01 3.446290295755725652e-01 8.123387995138038609e-02 4.482112408798808456e-01 3.992492371046429955e-01 3.733073710496315201e-01 7.017041040861906609e-01 4.782926704553521757e-01
2.822000000000000000e+03 4.198273217363219789e-01 3.732386312118574079e-01 4.019128552127235743e-01 5.804958092868972575e-01 4.038195929739685774e-01 5.072155083403218079e-01 4.963531510337111929e-01 2.949239699406758231e-01 4.311769505120816581e-01 6.510656584165877003e-01
3.193000000000000000e+03 5.148444362351809467e-01 3.359319358053719506e-01 1.733874492118610555e-01 3.662811610676615093e-01 2.921383850024444340e-01 5.736249891431699499e-01 8.188553753716342198e-01 4.416282785462968263e-01 3.143207402303267450e-01 5.764381569471215272e-01
3.295000000000000000e+03 1.000000000000000000e+00 7.245426090337033775e-01 7.406449836458239844e-01 4.378573403752539228e-01 2.286139859914333994e-01 1.921341384861146862e-01 1.853771351096062114e-01 1.701598850541739261e-01 4.241838704513286595e-01 3.702751066543547021e-01
3.296000000000000000e+03 7.079410798884901990e-01 8.899220568039095669e-01 7.424533303802099971e-01 3.231292524656343423e-01 9.888406906358530868e-02 2.225669173970650505e-01 2.898619356546679460e-01 3.868127519143932380e-01 5.162509833681029336e-01 2.773472887472080428e-01
3.297000000000000000e+03 7.856398701554743180e-01 8.073015145357954614e-01 5.482532941817180872e-01 1.213029411798503959e-01 1.150066213222304540e-01 3.164777264857330796e-01 5.992146081786049461e-01 4.281288104073759926e-01 3.516680168302212528e-01 2.847461530444460043e-01
3.518000000000000000e+03 2.055930750185055167e-01 3.752086325522355770e-01 6.483523326350730809e-01 2.091693244745659319e-01 4.140755661246528496e-01 4.851289508646328685e-01 3.816780419849770123e-01 5.438602522666922123e-01 7.381297866098202043e-01 5.179064470173724288e-01
3.523000000000000000e+03 3.538954985218032978e-01 3.341396123905281956e-01 7.270001220510862172e-01 5.805973823143156798e-01 4.152221338507267046e-01 6.090259757389517858e-01 5.436375363683292328e-01 2.281945330034155228e-01 5.428784619224663599e-01 3.164655612197608825e-01
3.528000000000000000e+03 5.493686771257820789e-01 6.028623941434640976e-01 3.438950785183150227e-01 4.859256249871879429e-01 2.508112448022029040e-01 4.844874885410704879e-01 6.795836102062283723e-01 3.270179117109016653e-01 3.433049644341615303e-01 4.234659071547240972e-01
3.529000000000000000e+03 4.842166659220945024e-01 3.391799727908963447e-01 6.541585995945055076e-01 2.516347638377892104e-01 4.272818672344104729e-01 6.758561831426610489e-01 4.614518770662481284e-01 2.593376516893792783e-01 4.890946197770416615e-01 4.889163939485620114e-01
3.530000000000000000e+03 2.682400513369221362e-01 6.311756198367475257e-01 4.164732758704962623e-01 4.264708809291790637e-01 6.590465309024210461e-01 4.500039312931537472e-01 3.588370204753821846e-01 3.622874483195823170e-01 5.537120063293988759e-01 4.925925004594027268e-01
3.531000000000000000e+03 4.594926067146286597e-01 3.706519794507586729e-01 5.397676371813309171e-01 6.055926008051736309e-01 3.309959630776058703e-01 3.254974065956163787e-01 4.662749900668143876e-01 3.815083487106155080e-01 5.189157174570822040e-01 5.465337856930100324e-01
3.532000000000000000e+03 2.932320812780119801e-01 5.214877639414133847e-01 7.560303419366530830e-01 3.266599912439231979e-01 2.128361306864281766e-01 4.552819173721152080e-01 5.285446988501935062e-01 3.848626357320744651e-01 6.197472413248699130e-01 4.565510340753451413e-01
3.533000000000000000e+03 4.103367666013391091e-01 7.289623580385742319e-01 4.878645949333544896e-01 2.023077191221729354e-01 3.773976129110242494e-01 5.150763847848915944e-01 5.321523490211356178e-01 4.587501734825383815e-01 5.167017029300576825e-01 2.598448046148758572e-01
3.534000000000000000e+03 5.615016199340933101e-01 4.611358219670478875e-01 3.616026336802068974e-01 3.631625610643283153e-01 4.418578819332674712e-01 5.093235211800394291e-01 6.229792693064432063e-01 3.756376002100582645e-01 2.888237465452268560e-01 4.832656227483240197e-01
3.535000000000000000e+03 3.951076076387997627e-01 3.802917056197630541e-01 5.686914408012864186e-01 4.955974167579633161e-01 4.987346350657126948e-01 6.561928168535711148e-01 5.613966189828174524e-01 2.310834385249422862e-01 5.911622047831661675e-01 2.491482159421565257e-01
3.536000000000000000e+03 3.009229744427972530e-01 5.497095484970813128e-01 6.510100921056655165e-01 5.023227694292538015e-01 6.354147267432787016e-01 5.484099095521308698e-01 3.202938636207907641e-01 4.386461198319023813e-01 2.826547763044755524e-01 3.748965838956406782e-01
3.539000000000000000e+03 4.185126367541888159e-01 6.425227728704345775e-01 5.480641170175926113e-01 1.221536760184921827e-01 4.387004015246225297e-01 2.401107253028130217e-01 3.698486840902578954e-01 5.698531417791198317e-01 4.969018206479696165e-01 5.951116355726697726e-01
3.540000000000000000e+03 4.635198654852474287e-01 4.842811206933973489e-01 2.663662436928362354e-01 3.863633379873977480e-01 7.964453953873258663e-02 3.326489693721223495e-01 7.272170380351252739e-01 3.394705197987181178e-01 6.216131690045066938e-01 7.538352098850286120e-01
3.541000000000000000e+03 3.805902944673724697e-01 2.561871921994738344e-01 5.439206485168881500e-01 6.285841268031273910e-02 2.204144142421848307e-01 7.074723502126664121e-01 4.685871922566439696e-01 4.593453258750554991e-01 8.516940482322957751e-01 4.774513396668337295e-01
3.542000000000000000e+03 1.933936848457875890e-01 5.004752063980545396e-01 2.238934358278604764e-01 1.916367091623394081e-01 6.608061421872979402e-01 4.374312214482988792e-01 6.084119686808519001e-01 6.039138713286487103e-01 5.176164572974066846e-01 5.549437651974377106e-01
3.544000000000000000e+03 1.475654195763325682e-01 2.994897142421257263e-01 7.132632946003024665e-01 2.810857212261728133e-01 4.628979102126147827e-01 7.169599595229737554e-01 4.667670004877142453e-01 4.096020629291542980e-01 7.129445922330212015e-01 3.871168073867940485e-01
3.545000000000000000e+03 2.303062052577095620e-01 6.693019322980494623e-01 4.319809478207628506e-01 4.456974481696976964e-01 6.878372301202897443e-01 4.434256623907766870e-01 5.521054089451915559e-01 5.144553797566915332e-01 4.270929019780410063e-01 1.992976823543281817e-01
3.657000000000000000e+03 3.901357761902006227e-01 5.241011496078549214e-01 6.036757881976512197e-01 5.001869296672369902e-01 1.256659849829332987e-01 6.451829285558728921e-01 4.806960487504978730e-01 3.059314819728221058e-01 5.696216980737232038e-01 4.020930526878424005e-01
3.658000000000000000e+03 4.226489044428252129e-01 5.965241914529935130e-01 6.699169672099067885e-01 1.193092101599866200e-01 6.384149540420313018e-01 4.793006651103944860e-01 4.328156793578815664e-01 4.314147012387501423e-01 4.656124826220953694e-01 2.766173222237549023e-01
3.659000000000000000e+03 4.398009147918293671e-01 6.057453835129844588e-01 2.701702106646238222e-01 5.951853846152670435e-01 3.724436909160855347e-01 3.972297352250797053e-01 5.617883564124642737e-01 3.245883068922748582e-01 2.948327935804468392e-01 6.756719525737935328e-01
3.663000000000000000e+03 3.304932707834854488e-01 3.636239954249719242e-01 5.370630210947109351e-01 2.555930516483008730e-01 1.110271377623962413e-01 6.386402315698769261e-01 5.026987087293118828e-01 4.708698387912469974e-01 8.079276920311878607e-01 4.423738303912561065e-01
3.671000000000000000e+03 5.714516917251059036e-01 4.343531329471002622e-01 1.884351879485707815e-01 5.075650210861760714e-01 2.227767262119672298e-01 5.000506824107645576e-01 6.864627617052786457e-01 3.221751943714435407e-01 4.583253538396592774e-01 5.677539740598531726e-01
3.676000000000000000e+03 4.080285933100086249e-01 7.085325053175342003e-01 4.609569128912099911e-01 3.266013079431897559e-01 5.469102192255065331e-01 3.091371513176325303e-01 5.499747849262296429e-01 4.041621051553666577e-01 5.688073600739693703e-01 2.791823225086269566e-01
3.677000000000000000e+03 5.327793050760831761e-01 4.247892559605681018e-01 4.664233622120021461e-01 5.194492029397267396e-01 1.753790297266496212e-01 5.144630494375429519e-01 5.364226476921355458e-01 4.041552540038044206e-01 3.032907139252343787e-01 5.786784603686832007e-01
3.678000000000000000e+03 3.438273318536542722e-01 4.617487543394343530e-01 6.897215128168798781e-01 1.729031571411181190e-01 4.688769199263509990e-01 5.355689973700762385e-01 5.725281373934784090e-01 2.300065326007266764e-01 6.709742747166476118e-01 4.510078907818475535e-01
3.679000000000000000e+03 3.447638942284319552e-01 6.309888725719388081e-01 3.223662192509487712e-01 4.357883054354637631e-01 4.469504759781928738e-01 5.311633658606007558e-01 3.027700507482712355e-01 4.728348323127394282e-01 4.859323127120028785e-01 5.380425860364659307e-01
3.680000000000000000e+03 4.579987679412904633e-01 2.852544412645568461e-01 5.464135446004949603e-01 3.978936011672273843e-01 4.255099586511624787e-01 2.738793354381632850e-01 6.068673089154161815e-01 3.338800643703213611e-01 5.652250376766991824e-01 6.460367202652301799e-01
3.681000000000000000e+03 2.275420824469630288e-01 5.303491927814784068e-01 5.596938709332248685e-01 4.282508655443830192e-01 1.484275225785860464e-01 5.950844312930881896e-01 4.645340173777147696e-01 4.209969189955262703e-01 7.357037705382589721e-01 4.360918314607711843e-01
3.797000000000000000e+03 5.477913857488054816e-01 4.967065651836792828e-01 5.569658951489550036e-01 2.953969281764388111e-01 1.214092978639342707e-01 5.898476218266611726e-01 5.818476730128865348e-01 3.414873233093926874e-01 5.123872226764839555e-01 4.102125624647566249e-01
3.798000000000000000e+03 3.771654195115129449e-01 5.179378909835231637e-01 4.414901272231053220e-01 9.584954261189361502e-02 5.242345841257410877e-01 5.484408594953426030e-01 4.567052564954017235e-01 3.668516004061816993e-01 4.490452921766376337e-01 7.131017067345388760e-01
3.810000000000000000e+03 5.311387228527599813e-01 5.885460790117365004e-01 4.827674482820524804e-01 2.850190693056240399e-01 5.054171298259341194e-01 4.484626223450051685e-01 4.688265682020076874e-01 4.650741985606054452e-01 4.136562881554398663e-01 2.902951965782697985e-01
3.813000000000000000e+03 3.320224370846193152e-01 6.216264977623540133e-01 5.115163165325734562e-01 3.623420106578987276e-01 5.776885397778946940e-01 4.032451565354308598e-01 3.286473848822284438e-01 4.944488384418401217e-01 4.365501620445916275e-01 4.741574730821129235e-01
3.814000000000000000e+03 4.633925241563632280e-01 4.671800092378670666e-01 4.945494426361865536e-01 5.435755058548166208e-01 2.862575399618079719e-01 3.047951238231011439e-01 6.506332792574034407e-01 3.075244316241143583e-01 5.106907942291055713e-01 5.257163159529415486e-01
4.125000000000000000e+03 5.683889318993616824e-01 3.591872640678400175e-01 5.521187574239438955e-01 4.037400841583721478e-01 2.794288473499058068e-01 3.974602975814314765e-01 7.038589381796739319e-01 3.716133491300829816e-01 4.638404922226665450e-01 3.845592255956650218e-01
4.137000000000000000e+03 5.183454716656044070e-01 4.837270237963067765e-01 4.990442982000093952e-01 3.438921280806010450e-01 2.701448272205169698e-01 2.367773258971968275e-01 6.682807714283520717e-01 3.313618309252016059e-01 4.165923928619074124e-01 7.183715312352380034e-01
4.138000000000000000e+03 4.024735003743597495e-01 5.086591330537479916e-01 5.331773957037868605e-01 2.879770803744142182e-01 1.148116763965477544e-01 6.854194562333441043e-01 4.822187777544622023e-01 3.245516772537887507e-01 8.556730262198890546e-01 3.131000927904543651e-01
4.139000000000000000e+03 4.001784338180789380e-01 5.138422805044371433e-01 4.507249067860923941e-01 9.993701101855349822e-02 6.703460046316579435e-01 4.697739460661273792e-01 4.486102997972096218e-01 6.331751413238424497e-01 3.542329301304815159e-01 3.961614245933819389e-01
4.140000000000000000e+03 3.688838415390350844e-01 3.955115615907419113e-01 2.453628020680323485e-01 6.053543424679636020e-01 3.470760954645177865e-01 4.015477618487906519e-01 8.041397882515396445e-01 2.408373041520086022e-01 4.118118033972281156e-01 7.525949402064097127e-01
4.478000000000000000e+03 3.910394429756099965e-01 5.137076229544155215e-01 5.727843365524230013e-01 3.532148739297151785e-01 2.230977048570419730e-01 5.446227599043048651e-01 5.452172943077078227e-01 3.601460912445114682e-01 5.967877107151481342e-01 4.209393244188484040e-01
4.484000000000000000e+03 4.052298820523228540e-01 4.665211950262970197e-01 6.038480172063290796e-01 3.109906243524967473e-01 2.247829467638387813e-01 7.749491532823080675e-01 5.326279134335397680e-01 3.322342049517434392e-01 4.475764876093444866e-01 4.063792866657957581e-01
4.661000000000000000e+03 3.951459457206920600e-01 4.692079596595679636e-01 3.916071112470523308e-01 1.934040136179211999e-01 3.182788372700497970e-01 5.768513255987383070e-01 6.154193009835935424e-01 4.188796153289010005e-01 6.490836813402774963e-01 4.411953196265741006e-01
4.662000000000000000e+03 3.625884771286361774e-01 3.701878702088821083e-01 3.534656367027975699e-01 3.028877806656640193e-01 5.195653446324383085e-01 5.893439615162436862e-01 5.691512526872342104e-01 4.721403086510396752e-01 4.906705143930764623e-01 4.624369169594165774e-01
4.958000000000000000e+03 5.175607448225991725e-01 5.662384431722995437e-01 5.061880023132453443e-01 2.983178302768677015e-01 5.361086063903640619e-01 3.290720145998058399e-01 4.820539731063265276e-01 3.627757110855004408e-01 5.180229991511106080e-01 4.123624294410507818e-01
5.052000000000000000e+03 5.625843570684415651e-01 4.676381874324388455e-01 5.511706260317920103e-01 4.094387846945887199e-01 3.872755400084044730e-01 4.261549740009984433e-01 5.747650668199202340e-01 2.246014108429672529e-01 4.891164925147305498e-01 4.584403522203900905e-01
5.053000000000000000e+03 3.753271664094824933e-01 5.415021435933020655e-01 5.777543293954539028e-01 3.951090700373812714e-01 3.498347784447879971e-01 5.699695345365946020e-01 3.160234879971461353e-01 3.684224555993855788e-01 5.279655832001681759e-01 5.179704542860267269e-01
5.225000000000000000e+03 4.561021747182092412e-01 3.192949690815933272e-01 6.059568911014501236e-01 4.238338522451854939e-01 2.881005273251548426e-01 3.367657044032354441e-01 5.678777360962230514e-01 3.612827022929731569e-01 7.000991498987110262e-01 4.732389974695404566e-01
5.226000000000000000e+03 2.556139593910999874e-01 5.910928976435241289e-01 5.875911803013550427e-01 2.864244050913565265e-01 2.310778023098115364e-01 5.594593103531060319e-01 5.050125270523864174e-01 5.238964776984839089e-01 5.414463142539175378e-01 4.132112895555717924e-01
5.889000000000000000e+03 4.763377329321692444e-01 8.124913047587057902e-01 5.735596353792501434e-01 3.039183734997419339e-01 3.427905823049883782e-01 3.864189022668859663e-01 3.989384831787350927e-01 3.435947902997008585e-01 3.906755983656853837e-01 4.923553126566270199e-01
5.890000000000000000e+03 6.548606816625153204e-01 5.684939624230791466e-01 4.794249007961103315e-01 3.526710158177860377e-01 3.024526752384880113e-01 3.988819424184413820e-01 4.874425949590254770e-01 2.967045136044604847e-01 5.717087939446052758e-01 3.732229763234097830e-01
5.891000000000000000e+03 4.812570587159808455e-01 4.984283358078560600e-01 5.526864132024080778e-01 3.335326334336205512e-01 3.419269312661558091e-01 5.090358294458323662e-01 4.396344486199281199e-01 4.534932430408156190e-01 4.526424482634925917e-01 4.117597089304935731e-01
5.892000000000000000e+03 3.891642857665611466e-01 5.285220961580694432e-01 4.903875748247251698e-01 3.327169654846560132e-01 4.410293697650478073e-01 4.252218643804240861e-01 6.223474121416763261e-01 3.325439912986530855e-01 4.625163438792344039e-01 5.243415219169142993e-01
5.893000000000000000e+03 4.033766543272216398e-01 4.583629015621606961e-01 4.786347152391287607e-01 4.216471783960685227e-01 3.239973099271704626e-01 5.895884165982070435e-01 4.469990629185254249e-01 3.328241843580250214e-01 5.768879028385686114e-01 5.019614529242599765e-01
5.894000000000000000e+03 3.493552356257675351e-01 4.463336439362290409e-01 5.600191308009243585e-01 3.018622115349339219e-01 5.260972220455961690e-01 4.226012917883759101e-01 4.464560314529554819e-01 4.142725843157137877e-01 5.511297973097287750e-01 5.278515300692986356e-01
5.895000000000000000e+03 3.401999979075952529e-01 5.224118449362551431e-01 4.488859308028897432e-01 5.063071843824401563e-01 3.196103836789656594e-01 4.220356014972546088e-01 5.556425487194430746e-01 3.957261110932357440e-01 5.794840570918935452e-01 4.637057688071446471e-01
5.896000000000000000e+03 3.923199479190707661e-01 4.125285390589152890e-01 6.296924310834547400e-01 2.905975283064394232e-01 3.122404590104064237e-01 5.185316031272326764e-01 5.239798929958701112e-01 4.107645271472958326e-01 5.025538472914214960e-01 5.085670930817222102e-01
5.897000000000000000e+03 3.102609241023110975e-01 5.796589328789077955e-01 4.323625123316825469e-01 2.833506940205611779e-01 4.301270531143930875e-01 4.890938988202043203e-01 5.440144020932090596e-01 3.563125576037987075e-01 5.512975696600116438e-01 5.692150867711049944e-01
5.898000000000000000e+03 4.001425369321305880e-01 3.641670195978276015e-01 3.902883687421876968e-01 3.535738915843559260e-01 3.492931919936587692e-01 4.695938837426886781e-01 4.363975491210778657e-01 3.614670693316302530e-01 5.706226254585575752e-01 7.991358676433181207e-01
6.316000000000000000e+03 3.328401601967996837e-01 5.258112707380033779e-01 4.354129524933064155e-01 5.056047704231260154e-01 4.427145975022287461e-01 4.548082428184740955e-01 4.741347899795010923e-01 3.645904294833344217e-01 4.946961859529878658e-01 5.432730080243567405e-01
6.326000000000000000e+03 6.174905053476101857e-01 4.204352442556947844e-01 4.748399651987271208e-01 4.439406504536710929e-01 2.999412027991114615e-01 4.198485561770476382e-01 4.436246804081840356e-01 3.359333471576310126e-01 5.203165934426218220e-01 5.039194633541848045e-01
6.589000000000000000e+03 1.371530814645162966e-01 3.454310859547271018e-01 5.700148448611188634e-01 5.827698549241964177e-01 5.964543337797304501e-01 4.817905405778665218e-01 2.699675235068770274e-01 3.552044048314612068e-01 7.612860042917943826e-01 5.775664896919907587e-01
6.591000000000000000e+03 3.655039381000365073e-01 5.983144053484961145e-01 6.367093868654672972e-01 3.169470180333196496e-01 8.420493175723667290e-02 4.096709843108479188e-01 6.669252861777631436e-01 4.141434351737401931e-01 5.951748231461666538e-01 4.130753428077898470e-01
6.592000000000000000e+03 4.773505090983687360e-01 6.231273149421160396e-01 4.859447582729782278e-01 7.232679698949259772e-02 3.266169394064549203e-01 6.590627777724723524e-01 5.806869104344567489e-01 4.467530852312139311e-01 4.740691401747931244e-01 2.862363007294834172e-01
6.772000000000000000e+03 3.529999730314005157e-01 2.660037380376054084e-01 1.675313648391782151e-01 2.191010774081635637e-01 3.958267112938042565e-01 3.788805216195563208e-01 4.769352170435312011e-01 1.000000000000000000e+00 3.931043398678564782e-01 6.101555371471473199e-01
6.795000000000000000e+03 4.441556597339481605e-01 5.785983327848055469e-01 4.399764763982392801e-01 5.896660732507477687e-02 5.309593385713519131e-01 5.685611492344599949e-01 6.332235097598531981e-01 4.816150690241420840e-01 4.742686550130714718e-01 2.485598265251396932e-01
6.796000000000000000e+03 4.563808570387390406e-01 4.255529375877814546e-01 2.328400824782763667e-01 5.364837500600012632e-01 5.239233584652744913e-01 6.189473967505038088e-01 6.679397103897606325e-01 3.521226379437630838e-01 2.821574619398991013e-01 4.329357038538855784e-01
7.178000000000000000e+03 6.933516413774774012e-01 8.514291093158998791e-01 5.976855879281701700e-01 1.715311289136318973e-01 2.480119927866974161e-01 4.332949014125940801e-01 4.691364166831001881e-01 3.145493335287429804e-01 4.729480472225428556e-01 2.062567858064374426e-01
7.179000000000000000e+03 7.369059337902542639e-01 6.375030487767716636e-01 3.776181568323569437e-01 2.854510918315840695e-01 4.039172611449867167e-01 5.023418830169270599e-01 4.778931854346232244e-01 3.846673470635035286e-01 2.564951138168553024e-01 3.522313783754732475e-01
7.180000000000000000e+03 5.243884110685564925e-01 3.820189718429479186e-01 4.702907489986867806e-01 4.295983516288215398e-01 4.656348684806000948e-01 4.862879325965962507e-01 5.553765583825122087e-01 1.982509264088135326e-01 4.162481747003056731e-01 6.302954740930423183e-01
7.183000000000000000e+03 3.682269271058370985e-01 4.957377475245025034e-01 4.734138680672165811e-01 3.728570251060641660e-01 8.308263716131224219e-02 3.486028553672964048e-01 6.130329382570630647e-01 5.189534016413888118e-01 6.441524898623596229e-01 5.333138733577303947e-01
7.185000000000000000e+03 3.628224018932137973e-01 5.176161237810008586e-01 2.420395940729987705e-01 2.360894837529264045e-01 5.649268490013451549e-01 7.051763334934557648e-01 6.648629354390651613e-01 4.505545211807616690e-01 2.962273127551175445e-01 4.384572383780004912e-01
7.186000000000000000e+03 3.937701849913630148e-01 2.246726169926641925e-01 3.874951089074381017e-01 5.448652136943674673e-01 6.680493746039879444e-01 6.278984482233197495e-01 6.037336569764828464e-01 2.124967955820488141e-01 4.808901510818216485e-01 4.839333986657847197e-01
7.520000000000000000e+03 4.153752328227142132e-01 4.203539340792004642e-01 2.974884486627380475e-01 2.110275257811631833e-01 3.213158302807046507e-01 5.349784040439559130e-01 6.581476018875006551e-01 4.756425882883683065e-01 6.818918912461234827e-01 4.250271697898719281e-01
7.522000000000000000e+03 2.124693462654560772e-01 3.406512255641306330e-01 4.475889581721708699e-01 4.396544306017780568e-01 5.682489605884633033e-01 6.046267273398100439e-01 6.584077450359171468e-01 3.359045977706704433e-01 5.066736578568808991e-01 5.002577122316352876e-01
7.524000000000000000e+03 3.039145766334159227e-01 5.142180705895863513e-01 6.484702824458266068e-01 4.941692764294038920e-01 5.351633143811708182e-01 4.085109982578346011e-01 4.680433592830445244e-01 3.782438856276064687e-01 4.791352349410351041e-01 3.903632559079275866e-01
7.525000000000000000e+03 3.897336236150649724e-01 6.022962405770035943e-01 6.242134210845671216e-01 5.121847471409285424e-01 2.999653651077893723e-01 4.404883506349484001e-01 5.050794807040446255e-01 3.425127102732730133e-01 4.266549399851277125e-01 4.287670891396938577e-01
7.526000000000000000e+03 4.652788351690644864e-01 5.914170141113301860e-01 6.537315398452335780e-01 2.847446036996473251e-01 3.494966464082887581e-01 4.842723106997329774e-01 4.659582658104978181e-01 3.107258525807962135e-01 4.774320647407763185e-01 4.505353667749061874e-01
7.589000000000000000e+03 2.780723304676548935e-01 4.297832817728828858e-01 6.769018613855534161e-01 1.078945666366111500e-01 5.107311692867440023e-01 3.296239437893903612e-01 5.320861124590846591e-01 5.726174508392912754e-01 5.727527833662945378e-01 4.866329417671529933e-01
7.590000000000000000e+03 3.331359613012335186e-01 6.420600342675194527e-01 2.738422945577401180e-01 5.017619933103999452e-01 2.109005184446414716e-01 5.106472019386805172e-01 7.797269062446406940e-01 4.175205671210033831e-01 5.423766444032803724e-01 3.106913346660862829e-01
7.591000000000000000e+03 4.704150650029873537e-01 2.443404491000385481e-01 6.106958803060175134e-01 1.728584215528362333e-01 4.065845676568629052e-01 7.115561736079931698e-01 5.406115932001248625e-01 3.759582997336186616e-01 3.292724287819724927e-01 5.957075796257756961e-01
7.592000000000000000e+03 1.810985268974228957e-01 5.525042315009009997e-01 3.187088287806076892e-01 3.679707895970601994e-01 6.519442250347328160e-01 4.966198722397501819e-01 4.900252102945676924e-01 2.297534671557108221e-01 6.355246602041553228e-01 7.274219128935238698e-01
7.866000000000000000e+03 4.688823524666608233e-01 5.579507265859880993e-01 5.419081457882513053e-01 2.724608413618875846e-01 2.940793224346489043e-01 3.299432845646446677e-01 7.841030407001088331e-01 4.023695749772391861e-01 4.732202115732288550e-01 3.681541785480583195e-01
8.012000000000000000e+03 2.496646895194246374e-01 3.212052787111340235e-01 3.674347800330227121e-01 4.030887573872775631e-01 7.033490194712139765e-01 4.388536338947769955e-01 4.973790558029065334e-01 3.872539548399304699e-01 6.837410384927656848e-01 5.525117417388862862e-01
8.013000000000000000e+03 2.409934723097943987e-01 3.360048192901153863e-01 5.332430073336734688e-01 6.708711308085651970e-01 3.309406466040168970e-01 4.625814605649959388e-01 5.110181221603846691e-01 4.830189283678136825e-01 5.967635473413545055e-01 4.165790932760450871e-01
8.014000000000000000e+03 2.613569061434061203e-01 5.061927855615692140e-01 8.046556947957942407e-01 3.176330937658084497e-01 3.783541366582489074e-01 4.909465418264031822e-01 6.584172592896873066e-01 4.354834291204771612e-01 4.647888927123963732e-01 2.608120940731387671e-01
8.655000000000000000e+03 5.561770300006905199e-01 4.118738266697790640e-01 5.966531769937009066e-01 6.133247577515945625e-01 3.580611557227969532e-01 3.802299528626903458e-01 1.672126092736386238e-01 3.550788852995195866e-01 6.762083374108136535e-01 4.341422073605846199e-01
8.683000000000000000e+03 3.302598561604221383e-01 4.324799690988992973e-01 4.441375224657061471e-01 2.267280145506047340e-01 3.713971696923916710e-01 4.168004540278381076e-01 5.080289697273985272e-01 3.237979486962276887e-01 9.529716060179103110e-01 5.425915959370616326e-01
8.684000000000000000e+03 3.203815877234567622e-01 4.021560953551205908e-01 3.682450305755864406e-01 3.347368688024775496e-01 2.991174805135989878e-01 4.678202444506053270e-01 4.230625932104797871e-01 6.665665506898243997e-01 5.802614813975310870e-01 5.540424902383379591e-01
8.685000000000000000e+03 3.017438603414738796e-01 3.372625901251205538e-01 4.715880645814419792e-01 2.690921670241407382e-01 3.669305444100867675e-01 3.939941980165297952e-01 8.807786377178350445e-01 4.104680163108130331e-01 5.992216441610149769e-01 4.940714359071171624e-01
8.686000000000000000e+03 2.558777374157876205e-01 4.367688340750246478e-01 4.157106754852151753e-01 3.417711488692115607e-01 2.813200859044575064e-01 8.275833101372900291e-01 5.472252895100007120e-01 4.276672994127922456e-01 5.391342671002791187e-01 4.332603802094552314e-01
8.687000000000000000e+03 3.299102818965485295e-01 3.837927212696985446e-01 4.814392619416734687e-01 2.545083653776701871e-01 8.116050638878232748e-01 5.129603188807217995e-01 5.688052824556826259e-01 3.838715903367167503e-01 4.716576661161667183e-01 3.891851517580540709e-01
8.688000000000000000e+03 2.777294388948329806e-01 4.258931575486374355e-01 3.839618149841519945e-01 7.473151797266165408e-01 4.017015736152741434e-01 5.125943790291843660e-01 4.908356699390374889e-01 3.228547866913817899e-01 4.073105819885287637e-01 6.447514164266376913e-01
8.689000000000000000e+03 3.240738683406044762e-01 3.569687599977283132e-01 8.602300575756397505e-01 3.793110036949372543e-01 4.296856050967596263e-01 4.631401908948606372e-01 4.322388894468476850e-01 2.919254746589774463e-01 7.065267093351317307e-01 3.860561291456756083e-01
8.690000000000000000e+03 2.743362873890067832e-01 8.082966420515801387e-01 5.240486782664425247e-01 4.125399807750598224e-01 3.731109308481144748e-01 4.110191776232987593e-01 3.938675673221537776e-01 5.103140640463901256e-01 4.263319172800763002e-01 4.074387346166585822e-01
8.691000000000000000e+03 6.036424170244726328e-01 4.799902103423687172e-01 5.416748066754807356e-01 3.419028242941520856e-01 2.969313245380451605e-01 3.661946863587144940e-01 6.731896228882524591e-01 3.010774956211441644e-01 4.399289959376999071e-01 4.470508301877288981e-01
8.692000000000000000e+03 3.970931718992114501e-01 5.487329745809130799e-01 5.280814614841861099e-01 3.144419243297436606e-01 2.857304217772831945e-01 6.867478878544470700e-01 4.357960045448991959e-01 3.408923368640231488e-01 5.296393477680354511e-01 4.474893866300033718e-01
8.750000000000000000e+03 3.641660551087364528e-01 9.524826010949711819e-01 6.828688603571327898e-01 4.953860270047229508e-01 4.316478961157813599e-01 4.000282991446386105e-01 3.970283660634177925e-01 2.818918817791570275e-01 3.980040604969174445e-01 2.430637879133640822e-01
8.754000000000000000e+03 3.863984989372017953e-01 3.857387582404541160e-01 3.855530866277056545e-01 2.113816961094701630e-01 2.406766518665033883e-01 2.405162937443825200e-01 3.272159865623351371e-01 7.505072255701424888e-01 6.764152610066646032e-01 7.421208301166508647e-01
8.755000000000000000e+03 2.921820155316883771e-01 3.565416076412452062e-01 3.623007758388574473e-01 2.145330076683114040e-01 9.259917825001884317e-02 3.072867765209257307e-01 1.000000000000000000e+00 4.824937382573933342e-01 8.093593241205221389e-01 5.363762950019704823e-01
8.756000000000000000e+03 2.671577033982536764e-01 3.310790152221170790e-01 3.610293285392191520e-01 6.265474088058654856e-02 1.707493360855582565e-01 9.295368921537104923e-01 6.363557035569851195e-01 5.714557053546401866e-01 5.790265909359039176e-01 4.689834121786923271e-01
8.757000000000000000e+03 2.455817944749375814e-01 3.264041441979809166e-01 2.200507891875760624e-01 1.369346276119157158e-01 9.164417529909655302e-01 5.859723043436824153e-01 7.466204381595432649e-01 4.049931683513512404e-01 5.015281053561165825e-01 4.805726071676472144e-01
8.758000000000000000e+03 2.158984406807632761e-01 1.746931101495495520e-01 2.552008745029387127e-01 7.660455799536703969e-01 4.350308639968167856e-01 6.214805777041016999e-01 4.783149319679255718e-01 3.170962634851434703e-01 4.645633500922848325e-01 8.743989565620139404e-01
8.761000000000000000e+03 5.006348947252642345e-01 4.104531618614210009e-01 5.396556352380327271e-01 2.278436818645682427e-01 2.006406968374389310e-01 3.433009896123029314e-01 7.504247747456959106e-01 3.428737393025219626e-01 6.668156171318528891e-01 4.940730242738619049e-01
8.762000000000000000e+03 3.330156498836793211e-01 5.351481102255583044e-01 4.049807476264176143e-01 2.006767508504986031e-01 2.462412307298663117e-01 7.505722924337328017e-01 4.865903814060843491e-01 5.066002333859626061e-01 5.739046503353613105e-01 4.024424579428114157e-01
8.763000000000000000e+03 4.049366841163929420e-01 3.749539470132400854e-01 3.527795385770320924e-01 2.205111608778838050e-01 7.196722935228884177e-01 4.573406146572653319e-01 6.755859926679446126e-01 4.097198935472278203e-01 4.392783120071118153e-01 4.691848885441452510e-01
8.850000000000000000e+03 3.218236239924963105e-01 6.515640989527045068e-01 3.698918953427735024e-01 5.571701123723771243e-01 3.844861607595719821e-01 4.475436533320442667e-01 5.587197618670810551e-01 3.518628227600829050e-01 3.370576300667509351e-01 5.909200685050733926e-01
8.854000000000000000e+03 3.983432253230740905e-01 4.902462419609684430e-01 6.284849271698205175e-01 3.826879919642857120e-01 2.145499698987538006e-01 6.497546866528727261e-01 5.176906700405180528e-01 3.513919127083132143e-01 3.792095508804623760e-01 4.999105796556446157e-01
8.855000000000000000e+03 3.898699510707320792e-01 6.120581735111316757e-01 5.469312566563464539e-01 2.081873842929136409e-01 6.329765447276880508e-01 5.092409821615471177e-01 4.904396083192517630e-01 2.833373353658464322e-01 5.710914793985620852e-01 3.479548441105064782e-01
8.856000000000000000e+03 4.510662147646342657e-01 4.938638202148282752e-01 3.500482238310130834e-01 5.895799649905199002e-01 4.081775335952199102e-01 4.499715136082316214e-01 3.688444514615247249e-01 3.979937306630332849e-01 3.707501136048457768e-01 6.389052801192934838e-01
8.857000000000000000e+03 3.887862290051189440e-01 3.374193886635675210e-01 7.391852421986142563e-01 4.061063788389766005e-01 3.706470395486083924e-01 3.594581894371216002e-01 5.503239022573865880e-01 2.744445428241727436e-01 7.231002371520564020e-01 4.545311160764921032e-01
8.859000000000000000e+03 5.188466660287456289e-01 5.030213229408424525e-01 4.869082968126407507e-01 2.136304710185513711e-01 4.334748583121434962e-01 3.442896739502170900e-01 6.890266766472227244e-01 3.545037824626111056e-01 5.150815048173588151e-01 4.374420821018071837e-01
8.861000000000000000e+03 3.643218427556186856e-01 3.606464848103199117e-01 5.805193591074375714e-01 2.203190243913271396e-01 6.414137278898733863e-01 4.712944923575604905e-01 5.201373608626694844e-01 3.615620894375468630e-01 6.401526902360611393e-01 4.103514794780645514e-01
9.135000000000000000e+03 3.273298979007795984e-01 3.805308470425518563e-01 4.832318637621625945e-01 4.005546342307796936e-01 4.458067371503728893e-01 3.506400444450168963e-01 5.801888280231185524e-01 4.038694982213286155e-01 5.109716308273437591e-01 6.612248603650781043e-01
9.136000000000000000e+03 2.575104575776569482e-01 4.000054065358036315e-01 4.804922866430008654e-01 3.579509534187154118e-01 1.863459197324393579e-01 4.923691865044457217e-01 4.862973930999857641e-01 3.293728268001385184e-01 6.516765561867597922e-01 8.852962973835404314e-01
9.137000000000000000e+03 2.752598389970720150e-01 4.043071927688074996e-01 4.523623329684339778e-01 1.275236843964319133e-01 3.517807698075351430e-01 4.188590544553854600e-01 4.025247580145419057e-01 4.263539112888776184e-01 8.855587250448460068e-01 7.503343209047530493e-01
9.139000000000000000e+03 3.153969166211570418e-01 2.617967376352330344e-01 4.658211985645058228e-01 2.835425025251983033e-01 2.593830375465078775e-01 5.311414878700468911e-01 8.379721490553735386e-01 5.811499747351402956e-01 5.949101485182056726e-01 3.182692316167950453e-01
9.729000000000000000e+03 3.760660799562093870e-01 6.574604425819799980e-01 5.264617151028799791e-01 3.327053205734189500e-01 2.574668065965551866e-01 5.359105060024967893e-01 5.499373061513126437e-01 5.892910273604190508e-01 3.056518016417001937e-01 3.155378384359591726e-01
9.732000000000000000e+03 4.060883239783474319e-01 4.327923844430224265e-01 6.881105727188020493e-01 5.361848491977279085e-01 8.871814959642607690e-01 3.284173404018040365e-01 3.937366110501618333e-01 2.776484260526027592e-01 3.484066951190590289e-01 3.878716537459493963e-01
9.733000000000000000e+03 3.341697054062857108e-01 6.502742031438667469e-01 6.744600514704119920e-01 8.846003475323992449e-01 2.079476345456050257e-01 3.765547910242507124e-01 3.767534127076775929e-01 2.530912477801809946e-01 4.307932646149729150e-01 4.814869350886635258e-01
9.734000000000000000e+03 5.001192590946839100e-01 6.365270963378680813e-01 1.000000000000000000e+00 1.887132695561455353e-01 2.675699234933222037e-01 3.598755824901568312e-01 3.430141560522162458e-01 3.125594116284857726e-01 5.341185378739632394e-01 3.997450324326869420e-01
9.735000000000000000e+03 5.189609186937990115e-01 1.000000000000000000e+00 3.702446084662915915e-01 2.767994282592755595e-01 2.720875099293900701e-01 3.461275536703498634e-01 4.475009362912813482e-01 4.093819684000727377e-01 4.684506776348257850e-01 3.626585114259943121e-01
9.736000000000000000e+03 8.203593652495699828e-01 3.748506284809173250e-01 4.619678780328522194e-01 2.863170968263127336e-01 2.580784405616772803e-01 4.556424363364135477e-01 5.914217201824876202e-01 3.622969545793577328e-01 4.288336111521552918e-01 3.466689176061000244e-01
9.966000000000000000e+03 2.075153649676969581e-01 5.453116166522329333e-01 5.775514447906179294e-01 3.844653542659219880e-01 4.108159062464996625e-01 3.787198587495269053e-01 4.083425365435403021e-01 5.177326231550762881e-01 4.939006991182407491e-01 6.208140668145212260e-01
9.968000000000000000e+03 3.887177777318598371e-01 4.640628330362335796e-01 5.022234062495175566e-01 2.193847473030827444e-01 2.511259625362661230e-01 6.244292781520263125e-01 4.524695283307995641e-01 4.655142646000346440e-01 4.523695994252490693e-01 6.185821797276692680e-01
9.969000000000000000e+03 3.633610441140479597e-01 4.813095919304619108e-01 3.829935314815497982e-01 2.396822303147541633e-01 5.886075416237581681e-01 4.385479606652421536e-01 6.401754938886747848e-01 3.330361522753986225e-01 6.962803257762926190e-01 4.017962958275590468e-01
9.970000000000000000e+03 3.568303916680783949e-01 3.468682827150939008e-01 3.804201073715884340e-01 5.497266746334996679e-01 3.258923622078963023e-01 5.901653615605090275e-01 4.356190214052659271e-01 4.875639767260192547e-01 4.301708371691430610e-01 5.879275065895765984e-01
9.971000000000000000e+03 2.643953527994061248e-01 3.537245735909230193e-01 6.774858260756406736e-01 3.028222423373140293e-01 5.255042881137452770e-01 4.111051613391535353e-01 6.528539913462385602e-01 3.083589134769939011e-01 6.443607336873748981e-01 4.798978469401674052e-01
1.033900000000000000e+04 5.162587534140224976e-01 4.890070521713091867e-01 5.621440199804667026e-01 4.877479855691103650e-01 3.001105853472675333e-01 3.773655885662354215e-01 2.628389041385046365e-01 2.815587823287368785e-01 7.117753949035178218e-01 5.606772268176175578e-01
1.035700000000000000e+04 3.416536846882057277e-01 4.809983380683767740e-01 4.840021141798527271e-01 4.420171207521049750e-01 3.804820179520942980e-01 5.732179676404407509e-01 4.547211977270002037e-01 3.881799016564134730e-01 5.170475207538766105e-01 4.827929705323014686e-01
1.035800000000000000e+04 3.619265651294222841e-01 4.456621374076083497e-01 5.717315149450467038e-01 3.522429380815662592e-01 4.977156337087387250e-01 4.249599323400100603e-01 5.147247920701540913e-01 3.670316921147342426e-01 5.239902068253953216e-01 5.041104616475787781e-01
1.035900000000000000e+04 3.385450421014845612e-01 5.315838899048500599e-01 4.939232170581416281e-01 4.753949168877527609e-01 3.209011716496682487e-01 4.850644011726427118e-01 4.907586546564406960e-01 3.750753904942100148e-01 5.517091235773586844e-01 4.921771221036593258e-01
1.054600000000000000e+04 4.639412365050076814e-01 5.066898196227692663e-01 4.643555777530719020e-01 4.155071140010667685e-01 4.109294725495714617e-01 5.726210512020249999e-01 5.609300533756029772e-01 4.029322578102828012e-01 2.998961280471313384e-01 4.055279819395413154e-01
1.054700000000000000e+04 4.060484901886610709e-01 4.559603800753387892e-01 5.832293436400552977e-01 4.197765695100981187e-01 5.392398714824923056e-01 5.558725048189068207e-01 5.665511747137362830e-01 2.257407515471759052e-01 4.667120851567171935e-01 3.970824261079134443e-01
1.054800000000000000e+04 3.424489633910366981e-01 5.362958156065699145e-01 5.501731550139257187e-01 5.096094023534633033e-01 4.751855814251448873e-01 5.284289283615463129e-01 2.987440139585813559e-01 3.306491437949540813e-01 4.301187441119218580e-01 5.886585523367063866e-01
1.054900000000000000e+04 4.101385036841981857e-01 5.155117238966584470e-01 6.443472454166461194e-01 4.576339368754597792e-01 4.531231063738829223e-01 2.835768989681266006e-01 4.453232940086854219e-01 3.101176059544111241e-01 6.489198637054894858e-01 4.373391413610426270e-01
1.055000000000000000e+04 4.298711331976314831e-01 6.581090957620693294e-01 6.495342533893576631e-01 4.908899909494569558e-01 1.786364932402122185e-01 4.580264437269174760e-01 4.525664776197750871e-01 5.069625464967210116e-01 5.223878374224903975e-01 1.595388314066073787e-01
1.079200000000000000e+04 3.797298743443054958e-01 4.415012374377338400e-01 5.283884851137007344e-01 2.312961827113144964e-01 1.514465811155496777e-01 3.881445559859412198e-01 9.940704626829949264e-01 5.125779918561846893e-01 4.373820675406778768e-01 3.774505722148234210e-01
1.079300000000000000e+04 3.462308285184867995e-01 5.069700026306152019e-01 3.947658306417787810e-01 1.366359510553623591e-01 2.896694208127185699e-01 9.644592986844908733e-01 7.056169863574777157e-01 3.223311790112368125e-01 4.252957658514082140e-01 3.862407542705228458e-01
1.079400000000000000e+04 3.898390458832391992e-01 3.714891823075652244e-01 2.987449503866063116e-01 2.715114471411871899e-01 1.000000000000000000e+00 6.729775811925720053e-01 4.361905462443672055e-01 3.081022976921199419e-01 4.278107015637721000e-01 4.210208856267693145e-01
1.079500000000000000e+04 2.871844433977859823e-01 2.817172188319068682e-01 4.261605833454691350e-01 1.000000000000000000e+00 6.387377651409532620e-01 4.171214440175957661e-01 4.180431093475147075e-01 3.107474313244319997e-01 4.675726645381785840e-01 4.621590926803677557e-01
1.086500000000000000e+04 6.005045992434275837e-01 5.847659946623275928e-01 4.109033281169756080e-01 3.200751385964980544e-01 5.240351253855645153e-01 5.857195515086269788e-01 4.486222495155859358e-01 2.990416394493528585e-01 3.770378872993957464e-01 3.549277772689937716e-01
1.086900000000000000e+04 5.317251253357896390e-01 6.964110577597535379e-01 5.276252747154988043e-01 3.213135104011629606e-01 2.915804396290754275e-01 4.132956156200465747e-01 3.986276257614635998e-01 2.814300186332808762e-01 5.886753699996836176e-01 4.701358127432126999e-01
1.087000000000000000e+04 5.594379558509434691e-01 5.206883675291003044e-01 4.942353888518074001e-01 2.956647916144197197e-01 3.353475051761367065e-01 3.969175218462551169e-01 3.975972762154487139e-01 4.452231401562176671e-01 5.436435267389774229e-01 4.615114226098622208e-01
1.087100000000000000e+04 4.036252687970119934e-01 4.692833251310844500e-01 4.512834027595130637e-01 3.223586742620978551e-01 2.960436589627321591e-01 3.821157504528295279e-01 6.071092087489891043e-01 3.968580314102211348e-01 5.151009651153385382e-01 6.468332380655724689e-01
1.087200000000000000e+04 3.502070096337560057e-01 4.118727624818307453e-01 4.581555212784412245e-01 2.639368088816572144e-01 2.606127945882792396e-01 5.630154713774295772e-01 5.221907061756915214e-01 3.628418422882500605e-01 6.966375414479111239e-01 6.100278599835916582e-01
1.087300000000000000e+04 3.178730583967525058e-01 4.322531321540302729e-01 4.187324056326636179e-01 2.427711996974965536e-01 5.007549700268556503e-01 4.990123351491120296e-01 4.919713888855543615e-01 5.056626354933949630e-01 6.770051491853580350e-01 4.172289631631355133e-01
1.087400000000000000e+04 3.161701873319044953e-01 3.741331136538632030e-01 3.778056759498441552e-01 4.542689589996048993e-01 3.911862940493440188e-01 4.478175010774923526e-01 6.530728235210808696e-01 4.680853993691543868e-01 4.410572765120118199e-01 5.888571330874680099e-01
1.087700000000000000e+04 3.891410640540242105e-01 4.425801986357087436e-01 4.393048491486913898e-01 4.894241675777709077e-01 4.818748136108187974e-01 3.747395437300917176e-01 5.810384296835056084e-01 3.577170982422933077e-01 5.038103609780656411e-01 5.088995872500052808e-01
1.087800000000000000e+04 3.395540142585610210e-01 4.121809279509439650e-01 6.267660848875588053e-01 4.656868409388999486e-01 2.632143605808222597e-01 5.525288641642840393e-01 4.826482550777252412e-01 3.639057776357624840e-01 5.620087114733094413e-01 4.856663735704000451e-01
1.101600000000000000e+04 3.791869941981934611e-01 5.469716342557685573e-01 5.194796448736797023e-01 4.713376804171085510e-01 3.624021577202716782e-01 2.911973222449549814e-01 4.877842437869222558e-01 4.386121682886633399e-01 4.646722130858946254e-01 5.718198711134153678e-01
1.101700000000000000e+04 4.115196811794188392e-01 4.787220257224433784e-01 5.989105680791173558e-01 3.344220788128274835e-01 1.532689024090445606e-01 4.560736470430584166e-01 5.818717169933321776e-01 3.300077743646387951e-01 6.209067782718109552e-01 5.465226732115195940e-01
1.112700000000000000e+04 5.289104284961956282e-01 6.446787965255961206e-01 5.441790576248546341e-01 2.703621577712620461e-01 3.613744908393403121e-01 4.219947373620444586e-01 5.624240475193629241e-01 3.700517459658280162e-01 3.500727045290270567e-01 4.329426027587199854e-01
1.119000000000000000e+04 3.312154941458567703e-01 5.501779928567649414e-01 6.494093411266286253e-01 5.682051369520063622e-01 4.028424955299037546e-01 4.990757245099604611e-01 5.619062423355206670e-01 3.203309296758380942e-01 4.929905610010589245e-01 2.539898903173598566e-01
1.120700000000000000e+04 4.472667947309474368e-01 5.899040679430767042e-01 5.931555955926127721e-01 4.963325367493483520e-01 2.787526582995337177e-01 3.969487093890711193e-01 3.289398379818242457e-01 3.801416952203990895e-01 4.365313400989351278e-01 5.795444230166642008e-01
1.120900000000000000e+04 4.506706115410061830e-01 6.281353499334499935e-01 4.357350650035939910e-01 2.975399548553183671e-01 2.065881428514946272e-01 5.132992558651447990e-01 4.477266422481646635e-01 4.865229968471089239e-01 6.932344734804523068e-01 2.948866894623885515e-01
1.121000000000000000e+04 5.086104944912591685e-01 4.333433898747955926e-01 4.745105479939809578e-01 2.080236423556975356e-01 4.700609044479950871e-01 4.488192806597386397e-01 6.919892794066857533e-01 5.278478057439337512e-01 3.433012503392676162e-01 3.291441315780176402e-01
1.121100000000000000e+04 3.563567479154416962e-01 4.773956803899460088e-01 3.911755748519466502e-01 4.985685383029402895e-01 3.919157580755703307e-01 7.011815691913352300e-01 7.588930639886133367e-01 2.642298514575820989e-01 3.873312141390137797e-01 3.549040368199130047e-01
1.121300000000000000e+04 2.639816093858536328e-01 5.599550987204268138e-01 4.868918658331751748e-01 6.054645150417490296e-01 6.431845601070628193e-01 3.196090492275485695e-01 3.558663374232374776e-01 2.668911548948069146e-01 5.829963934364242872e-01 5.998099892854901194e-01
1.121400000000000000e+04 4.156695575782292096e-01 4.424974015729163934e-01 7.124544196065111246e-01 6.050221023414525945e-01 1.831872388634619986e-01 3.286322343449799566e-01 3.497003945174164685e-01 4.089391640584688625e-01 6.432732839981591955e-01 4.644196324680547883e-01
1.121500000000000000e+04 3.379723160324611397e-01 6.663252836973271309e-01 7.313844743919606373e-01 1.600240108505342762e-01 2.042110231823390243e-01 3.311813214817405648e-01 5.494972933642843227e-01 4.627370127868331018e-01 5.107846023366722221e-01 5.352434148470732733e-01
1.121600000000000000e+04 5.054450434306523299e-01 6.809426840133677716e-01 3.164877938218909059e-01 1.795665774905292889e-01 2.056068993170265535e-01 5.181600334749467685e-01 6.191165248113412733e-01 3.658537386363357458e-01 5.861519041797984553e-01 4.608345705325411212e-01
1.121700000000000000e+04 5.474119305651795608e-01 3.128199073362638583e-01 3.560242744806757509e-01 2.042611041815676487e-01 4.722325397904255095e-01 6.167858629381710589e-01 5.171440964832040299e-01 4.435526856410309526e-01 5.331742671904813324e-01 4.260126329481893626e-01
1.121800000000000000e+04 2.560867688963074373e-01 3.551666530261846644e-01 3.837720319104458433e-01 4.947258229686798403e-01 6.075344870428422972e-01 5.195803288110030227e-01 6.323036845947688223e-01 4.068947021788362761e-01 4.970781944055044366e-01 4.420644598568010397e-01
1.137200000000000000e+04 2.107466804994998499e-01 2.555498156567020951e-01 5.418980114896365663e-01 5.520749524209235259e-01 2.909138298369461362e-01 6.385016676231390909e-01 6.583301783269913665e-01 2.845464053458434672e-01 4.587251635769196145e-01 7.078543006181059472e-01
1.137300000000000000e+04 1.787501976850961460e-01 4.642871355866733385e-01 6.264487974724579633e-01 2.308822206264820875e-01 5.273242840897131023e-01 5.756828819872462644e-01 3.530460326804322202e-01 3.046921036709978603e-01 7.188610805613740995e-01 6.365032252704274640e-01
1.137400000000000000e+04 3.406672270077515385e-01 5.631214604295676773e-01 3.684621628346956834e-01 4.823494660573597326e-01 4.845484303406584203e-01 3.223513081490783638e-01 3.947278436654226841e-01 4.985559204536156863e-01 6.749285288503200642e-01 4.149468521320192060e-01
1.137500000000000000e+04 4.409807440693817027e-01 3.536068506373050147e-01 6.340044479217749052e-01 4.829542579182514728e-01 2.064102752137335905e-01 3.831666605076442522e-01 6.866582432115956314e-01 4.976421527233417796e-01 4.677791326240650083e-01 3.359950525855194825e-01
1.137600000000000000e+04 2.756206969805704565e-01 6.035151783786398827e-01 6.291682251181824892e-01 1.905500633958152057e-01 2.797269542931303254e-01 6.612352482099672635e-01 6.799441899973192038e-01 3.421597971624678602e-01 3.757601365229699675e-01 4.940181146361028452e-01
1.146100000000000000e+04 4.457880602992423946e-01 5.373020121995675247e-01 4.509727754595242444e-01 4.103533676154262899e-01 5.416752438868763786e-01 3.632011161090316631e-01 4.407948176167028609e-01 2.924204723620041912e-01 3.363463167514135765e-01 7.377199391358714164e-01
1.158200000000000000e+04 4.529690084325679322e-01 4.467244425176754574e-01 5.921685403824891170e-01 1.573095230998167726e-01 4.287318707836463294e-01 5.182971397062287044e-01 5.198821655955768728e-01 2.700191701310628023e-01 4.789584469815171830e-01 6.522285767562231440e-01
1.158300000000000000e+04 3.274891159475859514e-01 5.316085490176492012e-01 3.022522803069164765e-01 3.854093672404916293e-01 4.154629822374061865e-01 4.742390364736400743e-01 3.494837644890853579e-01 3.318642476717962309e-01 6.909598951277585721e-01 7.358604579810282820e-01
1.158700000000000000e+04 3.509336383087974798e-01 4.343740618040575763e-01 3.108109900893884503e-01 2.580521325598499338e-01 5.200842967983888565e-01 6.837182246904859317e-01 5.066555439818080098e-01 6.563741937730145359e-01 3.708905115503456917e-01 3.305031099203512568e-01
1.159500000000000000e+04 2.612432088847066458e-01 3.336670442154727190e-01 8.564469949986440733e-01 3.741888617410576989e-01 5.430176053087473198e-01 3.833612906772254636e-01 3.336684340807788418e-01 3.334209852526746620e-01 7.239777623568712794e-01 5.026281002498954598e-01
1.159600000000000000e+04 2.378711623447948842e-01 7.495109248149149916e-01 4.825281078744374508e-01 4.785051839116404304e-01 2.428999570429800914e-01 2.966397140936813392e-01 4.205772289212354464e-01 4.888900885026038479e-01 5.189435294788276032e-01 6.237167229897569998e-01
1.159700000000000000e+04 5.527637844375112852e-01 4.359475677381696723e-01 5.940497984873271964e-01 2.069767004157060664e-01 1.535507342561146238e-01 3.863278361597319299e-01 6.371772506481223619e-01 3.620764780707960706e-01 6.653608953223455469e-01 4.571584240902964447e-01
1.159800000000000000e+04 3.639900447333646039e-01 6.063595347152438420e-01 3.963069424882452729e-01 1.607266349437189434e-01 3.163755225748210997e-01 6.547918611833060121e-01 5.279421071433834101e-01 5.193661128664163185e-01 5.455979679093172496e-01 3.491212331294047400e-01
1.159900000000000000e+04 4.677587251757838183e-01 3.746166599551274956e-01 3.227513246898169319e-01 3.009042457902612600e-01 6.171067568869460507e-01 5.055434276153117912e-01 7.056428477280923817e-01 3.968408690150901363e-01 3.882479144451005393e-01 4.249162036120585073e-01
1.160000000000000000e+04 2.761173268444098161e-01 2.898073753236605765e-01 4.327713419523256388e-01 5.727993636004152789e-01 4.028425178529720374e-01 6.464558391866325193e-01 5.158352427795409589e-01 2.701673803259407314e-01 4.520825789683084461e-01 7.354773140194436065e-01
1.174200000000000000e+04 4.616127143796761589e-01 4.108019285527846343e-01 3.070292953823170468e-01 4.534172698478322050e-01 4.597641026138112874e-01 5.177006501067736854e-01 5.162011959043427689e-01 5.564171852573891464e-01 4.014712879404393475e-01 3.707122899889998546e-01
1.174300000000000000e+04 3.008763462821150703e-01 2.738350889586534942e-01 5.665033153915414177e-01 4.150006025097237594e-01 4.140719439246430822e-01 4.703630151583770846e-01 7.193733274710970571e-01 2.778674307766793028e-01 3.922927141169688103e-01 7.503287652625445503e-01
1.195900000000000000e+04 4.351885693671003197e-01 3.295258712449565808e-01 4.359691293768088727e-01 3.567026874685534366e-01 6.564976158463580180e-01 4.092043998626148649e-01 3.577113921911519445e-01 2.685792362013023071e-01 7.227138205411293148e-01 6.138208279025323399e-01
1.196000000000000000e+04 2.407543885034859055e-01 3.888361511271890558e-01 4.785223728170576174e-01 6.044344381856084913e-01 2.833719398195912453e-01 3.249885848626290485e-01 3.462153791471295206e-01 4.987383719044451436e-01 6.476438003219940898e-01 7.318952279429671304e-01
1.196300000000000000e+04 5.444608103723218573e-01 4.034568924324787864e-01 3.498265757039413781e-01 1.980232613322472079e-01 6.168194500024360982e-01 6.182425839913200383e-01 8.113951660574841851e-01 3.370476570121478527e-02 5.458976075159037711e-01 4.695313800800128279e-01
1.196400000000000000e+04 3.174287802760680233e-01 3.363464182662473934e-01 3.640002056883205883e-01 6.218413783677286810e-01 5.832885065022070936e-01 7.889543931385560871e-01 4.650563699848783705e-02 4.031853698573958367e-01 5.302090551772706828e-01 5.793831697482135779e-01
1.196500000000000000e+04 2.538415097882655846e-01 3.349300319319925556e-01 7.370933906318208884e-01 5.556726853779629938e-01 7.619930949523593400e-01 4.349633581191008486e-02 5.349872112742718455e-01 3.766318339897114509e-01 6.292524691132346248e-01 4.724693366545371087e-01
1.196800000000000000e+04 4.337167814789657516e-01 7.175373667968344416e-01 0.000000000000000000e+00 3.376054127179684006e-01 3.280419955290902467e-01 5.151504842148530994e-01 4.492021974770527559e-01 4.920005739588464988e-01 6.853383245914698163e-01 4.731847046708519966e-01
1.196900000000000000e+04 5.660623828713828853e-01 0.000000000000000000e+00 5.007929570394104024e-01 3.250031758783670788e-01 4.566603673554664455e-01 4.397431463900144388e-01 6.833774624524614483e-01 5.096037982753970352e-01 5.379565381691541193e-01 4.133445684278768129e-01
1.197000000000000000e+04 0.000000000000000000e+00 4.324600752232097833e-01 4.354767474582051379e-01 3.909323566410863315e-01 3.040518399075674005e-01 6.023231825444028686e-01 6.372969715824996495e-01 3.601529071502243551e-01 4.230972319918828717e-01 1.000000000000000000e+00
1.197100000000000000e+04 2.975528702493049904e-01 3.658118547636273199e-01 4.800685469791964866e-01 2.359151952540871899e-01 4.754111362360627924e-01 5.487554669767507054e-01 4.400104202171253864e-01 2.767226611403716396e-01 1.000000000000000000e+00 4.707064765295475017e-01
1.242400000000000000e+04 3.460561055482147541e-01 4.986469421497619625e-01 7.569942759614006755e-01 3.104577896393631020e-01 1.351373188114616541e-01 3.737201056520561560e-01 5.809524529265529535e-01 3.940081721151097449e-01 6.077030879541159836e-01 5.194657837788059229e-01
1.242600000000000000e+04 5.510850087223272409e-01 4.372662009910263659e-01 2.793059134890915618e-01 2.475298447304831173e-01 4.924782157512820335e-01 5.116437325631350008e-01 5.994117033782928594e-01 4.193834285448222454e-01 3.880361097912058965e-01 5.129031719056239558e-01
1.243100000000000000e+04 4.436864316178064649e-01 6.503786009745506913e-01 6.510982076414127961e-01 2.678446688968862399e-01 5.128995693583527915e-01 3.099113423330764894e-01 4.746630611655832666e-01 4.532077986922231627e-01 5.558459215504446549e-01 2.209167640283189460e-01
1.243200000000000000e+04 5.004220897075578600e-01 6.147185256035712086e-01 4.223874904543997166e-01 5.008409332214243115e-01 1.844986262645581243e-01 4.535875600120075068e-01 6.144860086941346111e-01 4.034604304073908798e-01 2.451686157679942579e-01 5.304381788265970510e-01
1.243300000000000000e+04 4.684182689076561434e-01 3.942858817440491603e-01 6.343530394310108456e-01 1.612017771695299917e-01 3.587229287335494399e-01 5.817150623511109231e-01 5.419260027308724359e-01 1.762917443927196903e-01 5.831686174699042269e-01 6.385159249345082610e-01
1.243400000000000000e+04 3.121363721853996354e-01 6.136956345809879698e-01 3.309134169440212103e-01 3.563614016319209821e-01 5.408577190907677412e-01 5.297971697372095834e-01 2.445391965265740208e-01 4.330476317821073673e-01 7.249391618772844659e-01 4.622512883169943021e-01
1.243500000000000000e+04 4.323072812794110931e-01 2.836007708788255699e-01 4.615452515396812894e-01 4.689386170472943927e-01 4.065849863921078278e-01 2.150940094589028073e-01 5.404488085633040173e-01 4.843433913224670651e-01 4.721898639428570577e-01 7.249329492109821693e-01
1.243600000000000000e+04 2.193432886008216398e-01 4.347944672517123910e-01 6.099628858168479884e-01 3.912322977637446297e-01 6.565939328426145805e-02 5.157439083708103000e-01 6.558015864561280717e-01 3.422689123400333711e-01 8.034108296078115163e-01 5.225584867466342986e-01
1.243700000000000000e+04 3.364813589856767151e-01 5.776240839726223264e-01 5.397345892281755209e-01 4.413683015291443995e-02 4.435600862820169854e-01 6.285096503512401789e-01 4.654240775380532047e-01 5.848580432828553999e-01 5.816154394460264498e-01 2.456105042117662229e-01
1.243800000000000000e+04 4.349269305476705649e-01 4.979899262182593822e-01 2.073969741977212400e-01 4.162800424756109563e-01 5.663866035922192621e-01 4.355894048731148160e-01 7.766360046465724531e-01 4.134616719766542325e-01 2.669526325430326974e-01 4.917588763988484102e-01
1.243900000000000000e+04 4.067581353221657592e-01 2.083362345315941944e-01 5.951216829192174096e-01 5.991335803683027761e-01 3.716760781353339316e-01 7.832540188149416105e-01 5.916479480295502302e-01 2.045012262273178671e-01 5.759714944975878881e-01 2.817561389967129237e-01
1.244000000000000000e+04 1.615593948896826837e-01 5.601512002918155320e-01 7.307944754608343141e-01 3.547964600290813286e-01 7.732934494343849385e-01 5.638566989032658405e-01 2.765319265410072780e-01 4.169448004714489953e-01 3.118459449811910034e-01 4.973898639083944029e-01
1.244200000000000000e+04 4.596508237641218075e-01 4.096924662074026835e-01 7.718859756401125205e-01 3.981900717087730190e-01 8.562408731627589586e-02 4.717862570197710048e-01 2.680226513243563202e-01 3.499083315025369179e-01 7.571974519552825411e-01 5.385464978916310042e-01
