3.590000000000000000e+02 6.841572536370745805e-01 4.581060238042336530e-01 3.021815436671401733e-01 2.439028216142485328e-01 3.334583683788700514e-01 5.219268347078260817e-01 4.744106418194504737e-01 2.166487868547621598e-01 4.680747993080731084e-01 3.099872848130146297e-01
3.610000000000000000e+02 3.455815829835893749e-01 2.024553957383380121e-01 2.115339589593334957e-01 4.498022746078257361e-01 5.527228828988098863e-01 2.381042294586633856e-01 6.556711185772486905e-01 3.579242254661142431e-01 3.377632127961076036e-01 6.425761823947032658e-01
3.620000000000000000e+02 2.226865183347152555e-01 2.000492703944498352e-01 4.117837993253058437e-01 3.999488886025116541e-01 3.083864078813706167e-01 6.235865984060975364e-01 3.625483082266215407e-01 3.982370250340748763e-01 5.949898633363358558e-01 4.181370147427154738e-01
3.630000000000000000e+02 2.329601075937571264e-01 4.271492990651239996e-01 3.765656880970427722e-01 2.337346728368582260e-01 7.005630885177441813e-01 3.677670275480138806e-01 4.258080373331699087e-01 8.112304047093167325e-01 4.034681914289550142e-01 1.752296703424376101e-01
3.640000000000000000e+02 4.520055529759377522e-01 3.718392480246738852e-01 1.825575037758989105e-01 5.082669207299039815e-01 4.324344068139009956e-01 4.099007264472880885e-01 8.321234993801781554e-01 4.966386907745379276e-01 1.627665578237008637e-01 3.157589741576155018e-01
3.650000000000000000e+02 4.400767510232920787e-01 1.970096904319798004e-01 5.267467762205393367e-01 3.448526008981435687e-01 5.180878716390824312e-01 8.737714718955584825e-01 5.658661039889485433e-01 1.680460284667545656e-01 3.221572655164287591e-01 1.808438220113004757e-01
3.660000000000000000e+02 2.351261220773347982e-01 5.610430694500813109e-01 3.222515604963616664e-01 3.975346954269149413e-01 9.619453526807476562e-01 5.769231684412406969e-01 1.851287340941734916e-01 4.042729033483314360e-01 1.784912056859708496e-01 2.982134202528644584e-01
3.670000000000000000e+02 5.571416142286240714e-01 2.961414256571798798e-01 3.371642248211921267e-01 6.649008402125446970e-01 6.005833594323861657e-01 1.693095538784264997e-01 3.867690687706775154e-01 1.517888831542843209e-01 2.632126219492447738e-01 4.825565903626805597e-01
3.680000000000000000e+02 3.567646700852301067e-01 3.714298042813423684e-01 7.094571817672187253e-01 4.775650426641535606e-01 2.702042354015628534e-01 4.186163690398722603e-01 1.788431926246318027e-01 3.291711829463687122e-01 4.911750517011632122e-01 2.701986488691223154e-01
7.340000000000000000e+02 1.083411693769664036e-01 3.597986166857068402e-01 2.427706447590891603e-01 4.422031862058202201e-01 4.371066102845865831e-01 1.519325818357711577e-01 3.191996900472568455e-01 8.497490384429036148e-01 5.314756406785524634e-01 5.009470296768258057e-01
7.350000000000000000e+02 3.661710832266651394e-01 2.207473189034428740e-01 3.873092346217085757e-01 3.052797740120167802e-01 2.180830101551345379e-01 2.937727544006281666e-01 8.353725540287509910e-01 6.554202525703483051e-01 4.476831686876684424e-01 3.507384773615563889e-01
7.360000000000000000e+02 2.643464859006700585e-01 4.148510435209018521e-01 2.817482603393791640e-01 1.713765857218268462e-01 3.880915969197253346e-01 8.537782379044693837e-01 7.234843804837434167e-01 6.063376390289292317e-01 3.485227913393314503e-01 1.957450088085777862e-01
7.370000000000000000e+02 4.426114563162963922e-01 2.759848987964195199e-01 1.171624720796575619e-01 2.840407791188985787e-01 8.984628178725416747e-01 6.944803703946500484e-01 6.250386924123859655e-01 4.190029009095403434e-01 1.830531078000119660e-01 3.201346242166024925e-01
7.380000000000000000e+02 2.966794206660493538e-01 1.024564442727364105e-01 2.348417947023762331e-01 6.484390620071622813e-01 7.387048836714101840e-01 5.940319917385122883e-01 4.247222516973859219e-01 1.710102008274486940e-01 2.959665991183620948e-01 5.001953700190784335e-01
1.011000000000000000e+03 4.915738985239110348e-01 4.268504171119942292e-01 3.520858707340595584e-01 3.697985675146615581e-01 4.606882327378873931e-01 2.303716023247219802e-01 6.062666012345623301e-01 4.414939433829787041e-01 2.781489417854785540e-01 3.924973509933183946e-01
1.012000000000000000e+03 4.881895248624259498e-01 3.771829827150377512e-01 3.560122726731455578e-01 3.587467217001979458e-01 3.250042079368874459e-01 6.264329465090637816e-01 4.901416826599706567e-01 3.422820840691526700e-01 3.906782372980024953e-01 2.952118814470697239e-01
1.014000000000000000e+03 3.983423470565530811e-01 3.309968406967054855e-01 2.000628559077491375e-01 5.179537207419592226e-01 5.586260899758590526e-01 3.606131814403876756e-01 5.203086003126288217e-01 3.292906897969475333e-01 2.868378716587803301e-01 5.080691797729286474e-01
1.018000000000000000e+03 4.325950508412019224e-01 2.914095565387964104e-01 4.098365194346348384e-01 3.151663788579789904e-01 4.293327121211444330e-01 6.544975119565240584e-01 2.964381292423673986e-01 3.497303682320151430e-01 4.821377674657094103e-01 3.411233451473277833e-01
1.019000000000000000e+03 3.405598065275715070e-01 4.395103215619019510e-01 2.928952694247796695e-01 3.337232389055573289e-01 7.514028892413476823e-01 3.150358397173426139e-01 3.879532610265328252e-01 6.600464585611253154e-01 3.389480599996954613e-01 2.534638219448620555e-01
1.023000000000000000e+03 5.490149526429168869e-01 2.242005035213246733e-01 2.777994263674541386e-01 5.107470812851692132e-01 4.636005529974486228e-01 2.511888141227225923e-01 7.368823629932359509e-01 3.285226138900881887e-01 3.500264023561334703e-01 3.462935434126909184e-01
1.024000000000000000e+03 2.700553340172816008e-01 2.966093370908021165e-01 5.183797925060562584e-01 3.622190201071653903e-01 3.472525525279179237e-01 7.600542416961661996e-01 3.675504385954246889e-01 4.567989222113266745e-01 3.461282997989842958e-01 3.330368598031969163e-01
1.025000000000000000e+03 3.272216047761946633e-01 5.303513854736017219e-01 3.275870275281736466e-01 2.579529708850978875e-01 8.199162321026004507e-01 3.641788789184833841e-01 4.777139729282360303e-01 4.225561767075174946e-01 3.156995110180866870e-01 2.779962376537778446e-01
1.128000000000000000e+03 3.425267028718485540e-01 4.063901557305604206e-01 3.897798549907047772e-01 4.398657920663323062e-01 4.142884114124136263e-01 4.297426410903245064e-01 4.033691978906190911e-01 4.998888741041022654e-01 3.208527324366883815e-01 3.739394732479927597e-01
1.373000000000000000e+03 3.984072890181101778e-01 1.980248285463626634e-01 5.096841090373449568e-01 3.974527076423130523e-01 5.975442894620880407e-01 4.409648559206956198e-01 4.496388577065226766e-01 2.075590507979831745e-01 4.673639379222784274e-01 3.192751014445955882e-01
1.374000000000000000e+03 2.287437001751012333e-01 5.279944801778228003e-01 3.708665767075358111e-01 4.473261177689282220e-01 5.177988415182185333e-01 4.489123753634235436e-01 2.196596315932786980e-01 6.121059982778521702e-01 3.062348886187710728e-01 3.448450888816936843e-01
1.375000000000000000e+03 5.365725487345932576e-01 3.527211540850512250e-01 3.969263281252034536e-01 3.650303530201569613e-01 4.943141297947916124e-01 2.064990908083887133e-01 6.054053501699784290e-01 3.400718104078024329e-01 3.107851133973641988e-01 4.129001133802218670e-01
1.376000000000000000e+03 4.035850956334067208e-01 4.219298808118631117e-01 3.467354283148254557e-01 3.811074767690440512e-01 2.979372721423319548e-01 6.190743149847250937e-01 3.740608506112890197e-01 3.888278939335418349e-01 4.070879769849509167e-01 3.653225339050545362e-01
1.377000000000000000e+03 4.855944824576018393e-01 3.735739151853798568e-01 3.710634168583235581e-01 2.345742410840807035e-01 7.210528936126053834e-01 3.963138363525620100e-01 4.349566239319628269e-01 5.475392094917139740e-01 3.656213779588102786e-01 2.019960540469767363e-01
1.382000000000000000e+03 3.052944279567802455e-01 2.995879625592619555e-01 3.930130274692428816e-01 3.596228188136026405e-01 2.536553475968027493e-01 7.844747105406452148e-01 4.091263126422023944e-01 3.192499530023203413e-01 4.048906327468294042e-01 4.741766257288322350e-01
1.383000000000000000e+03 3.032957141760529995e-01 3.660602303232131649e-01 2.984182467722296672e-01 1.753326581048876287e-01 7.885098265053329669e-01 3.705183254148458616e-01 3.028639283033542351e-01 4.699834790857079780e-01 4.194062448957878719e-01 5.369326371676159670e-01
1.384000000000000000e+03 3.534176972434581177e-01 2.605406994524646080e-01 1.038306335800536773e-01 5.274668074255557393e-01 3.996107038803166089e-01 2.625255247082060595e-01 4.330771657010183961e-01 4.710593032789422430e-01 4.596819655828611184e-01 6.414212829666877669e-01
1.385000000000000000e+03 2.608216124438938466e-01 7.767009601828155085e-02 4.627637224540274707e-01 2.724146349244900289e-01 3.113131901716873484e-01 3.855289880997028185e-01 4.451081387049824478e-01 5.384791340187766728e-01 5.604986557951350257e-01 6.164497311790591016e-01
1.386000000000000000e+03 9.575869870185524380e-02 4.575436375358897800e-01 2.219453077506393646e-01 2.251765112930778079e-01 4.463123692129442044e-01 4.246724926632102770e-01 5.463665686005105826e-01 7.224244879175619749e-01 5.691118716571887948e-01 3.602432352735939203e-01
1.387000000000000000e+03 4.492256072645299803e-01 1.927391707135132359e-01 1.577037845938008553e-01 3.040077822591797374e-01 4.559432397698183204e-01 4.855264823846495714e-01 6.892607062683385744e-01 6.896909072457770851e-01 3.136351173523046487e-01 4.234647439473226971e-01
1.388000000000000000e+03 2.197510475385216488e-01 1.503078102685377615e-01 2.642301000400739674e-01 3.379958312830051437e-01 5.548852873953598053e-01 6.721781818014095355e-01 7.224831379560731071e-01 3.738573674348310005e-01 4.012442960853051521e-01 4.252622811184871288e-01
1.474000000000000000e+03 3.615690123556983271e-01 1.905317387791707617e-01 1.733160590356035494e-02 1.000000000000000000e+00 7.047023750977075007e-01 1.856995893841904277e-01 4.006391121687156720e-01 2.890684879795409334e-01 1.168866506531629768e-01 6.546065726106744531e-01
1.475000000000000000e+03 2.112473578031637267e-01 0.000000000000000000e+00 1.000000000000000000e+00 5.106084269734376679e-01 2.594814840124136657e-01 3.856068530433168218e-01 2.925980553192013001e-01 7.479662297873350407e-02 6.074120031712935130e-01 4.237870864142725957e-01
1.476000000000000000e+03 1.317372615685583927e-02 9.723167369371238378e-01 4.557108660896584951e-01 1.805602168183745859e-01 4.299334379100202552e-01 2.681205346924188104e-01 6.300586050612559663e-02 7.597529127088934464e-01 3.769872055895562291e-01 4.442584693089575154e-01
1.477000000000000000e+03 9.295198088033895800e-01 4.141648416477477501e-01 1.101247237656686612e-01 2.888590871712319874e-01 3.115698811922963385e-01 5.458928024943542762e-02 7.148049035304709919e-01 4.162146775731677684e-01 3.820951620734528431e-01 4.055619885996075147e-01
1.478000000000000000e+03 5.031082003496999411e-01 1.220036155047341392e-01 2.819011209098205573e-01 2.574622745401514701e-01 1.570883741093789809e-01 7.781583630391853967e-01 4.928538064413178765e-01 5.373010872517015590e-01 4.251704048271529590e-01 5.058065228118270307e-01
1.686000000000000000e+03 2.288720184139104719e-01 4.792961049722895828e-01 2.916406373865541024e-01 3.637366480301260641e-01 5.746517949657288238e-01 3.309310334515029872e-01 3.253865850631558199e-01 6.461922007028936266e-01 3.764909144747863867e-01 4.115925162344252763e-01
1.859000000000000000e+03 3.886145950446218689e-01 2.507576660087672549e-01 4.382185099759463021e-01 3.174164308976878401e-01 5.823919107378702220e-01 5.789530748506944713e-01 4.230612443337916084e-01 2.496611886309718920e-01 4.363206896531244827e-01 3.605408306405568641e-01
1.860000000000000000e+03 2.648837496578579365e-01 4.239683968235125056e-01 2.641703194065291305e-01 4.132929940565923665e-01 6.184380396126203383e-01 3.959366567991545738e-01 2.439155987959152616e-01 5.305264767609565446e-01 3.272484494604021577e-01 5.161924054826322328e-01
1.861000000000000000e+03 4.276969104369744423e-01 2.411833654565962437e-01 3.563572808121058810e-01 4.306143369581101887e-01 4.399422371244258168e-01 2.245837370327042060e-01 5.158573403138854152e-01 3.643601789752307085e-01 4.600982781449431402e-01 4.814400209540478093e-01
1.862000000000000000e+03 2.726971971019558350e-01 3.632394418582909346e-01 4.057723667852269345e-01 3.289045925318909713e-01 3.056346982105562771e-01 5.109919125078604685e-01 3.845599807291361638e-01 5.988161729003772527e-01 4.597800904327446481e-01 3.803634839889661889e-01
1.863000000000000000e+03 4.011705594145624776e-01 4.170348742131598230e-01 2.952582594111902159e-01 2.298892220473571779e-01 5.857411617126592196e-01 3.856363377907636170e-01 6.348146346755130232e-01 6.001889328797443968e-01 3.644149269790578627e-01 2.427514034937451326e-01
1.864000000000000000e+03 4.535633539844023954e-01 2.965726428576603846e-01 1.844940606908333225e-01 4.350842265896667782e-01 4.600767659079079142e-01 6.224668245890410123e-01 6.309111109497265168e-01 4.518285595920428777e-01 2.311024762263051979e-01 3.741775457494240786e-01
1.865000000000000000e+03 3.395838177451163675e-01 1.871649347612235892e-01 4.213996895952482058e-01 3.517222759223964657e-01 7.080620855324950558e-01 6.378831380217467872e-01 4.904625068080261663e-01 2.615863490996028218e-01 3.657257952717133387e-01 3.257808262229618945e-01
1.866000000000000000e+03 2.025703603059592905e-01 4.085459885963581006e-01 3.012876636834686539e-01 5.039246829560353191e-01 6.753293750983552224e-01 4.598051351916771501e-01 2.572276168281713571e-01 4.306005420991336208e-01 2.966302456413551503e-01 4.666457723112121814e-01
1.867000000000000000e+03 4.135154285093556314e-01 2.788207825783493021e-01 4.504738097942415642e-01 4.710666697325611163e-01 4.991248624349008400e-01 2.372688310608995210e-01 4.176065221239037561e-01 3.218300700467330300e-01 4.165789863649037583e-01 4.269267247705113566e-01
1.868000000000000000e+03 3.131806973361211943e-01 4.649043894599130811e-01 4.517725508569291892e-01 3.740372604050128391e-01 3.190653722620014343e-01 4.178767476091247990e-01 3.410084260567637915e-01 5.351740372108985122e-01 4.091384810251018078e-01 3.576527186153414251e-01
1.869000000000000000e+03 5.206010428718998995e-01 4.786502416811843075e-01 3.544602201831649202e-01 2.457354063895757779e-01 5.066097889924326969e-01 3.538720804018107291e-01 5.828154727972166826e-01 5.379819758952075759e-01 3.508103028586189165e-01 1.955979373054186343e-01
1.870000000000000000e+03 5.216653892049357699e-01 3.623597891746859201e-01 2.038133549954102008e-01 3.793387448434004661e-01 4.324900764257053609e-01 5.772529468305354072e-01 5.701253204831775445e-01 4.352355287727518451e-01 1.878131983585387965e-01 4.488436873012971451e-01
1.871000000000000000e+03 4.158789453753348186e-01 2.121384404275862834e-01 3.646246838090900777e-01 3.352483376555763783e-01 6.718218466353311769e-01 5.867425947305314748e-01 4.801910737319792233e-01 1.990515682016253396e-01 4.441474010282030482e-01 3.388451312172171548e-01
1.937000000000000000e+03 3.909629899254447594e-01 2.121327201164771581e-01 5.392317967516756516e-01 3.722772400634715151e-01 6.894245364208503313e-01 5.480118224628067747e-01 4.442601897482899576e-01 2.526812261374587476e-01 3.531283573468620984e-01 2.629212959518490988e-01
1.939000000000000000e+03 5.603975129151490542e-01 3.200218755980507312e-01 4.618855789660811784e-01 4.334429085264960291e-01 4.837300846857717773e-01 2.461606637318149715e-01 4.253740248727324036e-01 2.585259444648431160e-01 3.631051347989491807e-01 3.983771424484096602e-01
2.004000000000000000e+03 2.106277571665555182e-01 3.949697138810844277e-01 2.381969744155850166e-01 3.139151158755494886e-01 6.256964645387971258e-01 4.885861176268143646e-01 1.423031288297134378e-01 5.825700293271541819e-01 3.525001929979548754e-01 6.408740621359400036e-01
2.005000000000000000e+03 3.766765126325241075e-01 2.001671421512029869e-01 2.382494776599604069e-01 4.147030173865012270e-01 4.988464805847288019e-01 1.205392016358196733e-01 5.350988793993785020e-01 3.755991068266259503e-01 5.444383276058301080e-01 6.002316853936532359e-01
2.006000000000000000e+03 2.232474327557191496e-01 2.306861693644852440e-01 3.785849835022446763e-01 3.645632303281496345e-01 1.994484598625997085e-01 5.162823453811657970e-01 3.854600707088249867e-01 7.087500469160670225e-01 5.609538691170606883e-01 4.115883550924975820e-01
2.007000000000000000e+03 2.687187060286145845e-01 3.964611458115567810e-01 3.415790385957095388e-01 1.538939431285255011e-01 6.013271753883743242e-01 3.950821698919317893e-01 7.663751706145425224e-01 7.679782721093781905e-01 4.012565113323647847e-01 1.391319007980156286e-01
2.008000000000000000e+03 4.376390998469451565e-01 3.502496028046879761e-01 1.035894115446189673e-01 4.514212970046825313e-01 4.744188606966823762e-01 7.577547151969248329e-01 8.175475388805195642e-01 5.137754465369508416e-01 1.344278010567918902e-01 2.271783551072920626e-01
2.009000000000000000e+03 3.895127311579559271e-01 9.630750781546935924e-02 4.319587589114511905e-01 3.569522411670691953e-01 8.296986161617238009e-01 8.079975201161710974e-01 5.472467065320044677e-01 1.089243065658284521e-01 2.190006692838350477e-01 3.653936660967857519e-01
2.010000000000000000e+03 1.088164439974418779e-01 4.115913302948001062e-01 3.009866947687170335e-01 5.815097517035900943e-01 8.212251693519323492e-01 5.030291724738072956e-01 9.878743440419061883e-02 2.134390715787226611e-01 3.275817673990302215e-01 5.561300080705782189e-01
2.011000000000000000e+03 3.952234281889511758e-01 2.621972067488175240e-01 5.046813969552572665e-01 5.481774858609217427e-01 5.148163609245761663e-01 8.427866410177932421e-02 1.870043036736426800e-01 3.448772293089608643e-01 4.751442884990125792e-01 5.035165280330494708e-01
2.088000000000000000e+03 3.387368831685312887e-01 5.753091518434837459e-01 3.168111807577521644e-01 4.492615336505432211e-01 5.900453655123664154e-01 3.671202775567536936e-01 2.062949083894811408e-01 3.763952580299730344e-01 2.602848056566594015e-01 4.890346642525509324e-01
2.090000000000000000e+03 3.576286831276259126e-01 4.391756701521916106e-01 4.180281178752046078e-01 3.332625250286555540e-01 2.948455504722076737e-01 3.983306868913972787e-01 3.149863532234195018e-01 6.116647432907301729e-01 4.255842444650954071e-01 3.905601892974992495e-01
2.278000000000000000e+03 6.253036146046073718e-01 3.680662600607043089e-01 7.704959846307861404e-02 4.371023303383032022e-01 5.454024620530225631e-01 7.284669262840502979e-01 3.301146861875809413e-01 3.721826306031646332e-03 3.799879271530097746e-01 4.904862623335601857e-01
2.279000000000000000e+03 3.964772802122978335e-01 6.360452996830033567e-02 4.043760910740917258e-01 3.998969545522914615e-01 7.817418570793029930e-01 3.240501150068257341e-01 0.000000000000000000e+00 4.675818319151256452e-01 4.600983537057781181e-01 6.014816249047537644e-01
2.280000000000000000e+03 7.042387913803470345e-02 3.667817010607791750e-01 3.302646627193516760e-01 5.282682176767107274e-01 3.626996083642128332e-01 0.000000000000000000e+00 4.364287036723494828e-01 5.329935939480707763e-01 5.205300033610813504e-01 6.791151147006778688e-01
2.281000000000000000e+03 3.716930270733728170e-01 3.068772897153351775e-01 4.744189928271618228e-01 2.525843816444512391e-01 7.882614609474437872e-02 3.986047913481037264e-01 5.181505792407218314e-01 6.377260518940361944e-01 6.055917146325678901e-01 3.314568576156633473e-01
2.282000000000000000e+03 3.577043914569073002e-01 5.111340813242679637e-01 2.221376873671895291e-01 6.437893912902181714e-02 4.941286645408655143e-01 5.372301979708922204e-01 7.047140738765718115e-01 8.540116189386954826e-01 3.297506842898875190e-01 1.976090879852834270e-01
2.283000000000000000e+03 5.273815500880957297e-01 2.068824852489702659e-01 0.000000000000000000e+00 3.529127583690775394e-01 5.831944875622451230e-01 6.596373962439231464e-01 8.603414445625831020e-01 3.799381702830274543e-01 1.802016399825518977e-01 4.721267524978980390e-01
2.285000000000000000e+03 0.000000000000000000e+00 3.028428332476077456e-01 3.851670677260470299e-01 5.144179344080372918e-01 8.596143601733822193e-01 3.733273945922976900e-01 1.683629522607937856e-01 5.483311162871274957e-01 3.354186984380940206e-01 5.005052814628095925e-01
2.286000000000000000e+03 2.880684014663725256e-01 3.368961396009811371e-01 4.316352280753443238e-01 5.662611004370893264e-01 3.955298650286564466e-01 1.412216447503217842e-01 4.983128219424331484e-01 3.492451022436195984e-01 4.215813088141507903e-01 4.675841990377270774e-01
2.287000000000000000e+03 3.628078961614227826e-01 4.317578089705029765e-01 5.412734505657520456e-01 2.893407231571743510e-01 2.190986374018207838e-01 4.813530683061281734e-01 3.579814828882195710e-01 5.268531251086305822e-01 4.369041700275179130e-01 3.406385007130534603e-01
2.288000000000000000e+03 4.970234248782195996e-01 5.898680838262913007e-01 2.665786772969487850e-01 1.738006043031466996e-01 5.821138042281954750e-01 3.807729772296947757e-01 5.883496570636097545e-01 5.953940075977527391e-01 3.415383503607203330e-01 1.620445422512323541e-01
2.289000000000000000e+03 6.339137141386549379e-01 2.667786943479243389e-01 1.235712446380004131e-01 4.330243699842709071e-01 4.560378360968049827e-01 5.787924614588174643e-01 6.268996611980154343e-01 4.182038912768702987e-01 1.547485006031568688e-01 4.483501687532309710e-01
2.290000000000000000e+03 3.163960112632822619e-01 1.261550490495570165e-01 4.297833279145115148e-01 3.564826444777253744e-01 6.793017329020542006e-01 6.497709888763273378e-01 4.666468455633718260e-01 1.499108076727177774e-01 4.475955506692272379e-01 4.051673413332230189e-01
2.291000000000000000e+03 1.461113284859017203e-01 4.266431081963322769e-01 3.135197484883419650e-01 4.926410306769213321e-01 6.993985113906960871e-01 4.480225115515130141e-01 1.493526689644307792e-01 5.612183544566373694e-01 3.762211867280560451e-01 3.847498184642560437e-01
2.294000000000000000e+03 5.366107626518656915e-01 5.282702786282185148e-01 3.667358935391357710e-01 1.830648577356534801e-01 6.640849885563407939e-01 5.012823685911373950e-01 4.918786251865469028e-01 4.629975711981895725e-01 2.819384114536084840e-01 1.602936916951301916e-01
2.351000000000000000e+03 1.942930488414696677e-01 3.996493774008494371e-01 2.934523783826828436e-01 5.062142753245009175e-01 7.003862590885143735e-01 4.168599516737402921e-01 1.851638001710984860e-01 3.711474143177688756e-01 3.689255528029268816e-01 5.114126183976915874e-01
2.352000000000000000e+03 3.978015687604334327e-01 2.656138059666337536e-01 4.452422617991488862e-01 4.814051774578890219e-01 4.529563494779567101e-01 1.677258227019638448e-01 3.514102759337643378e-01 4.165069584946907155e-01 4.499522639735198948e-01 4.699082045932658769e-01
2.353000000000000000e+03 3.025116645106784574e-01 4.638299889033214440e-01 4.675006193691356726e-01 3.425464090757058266e-01 2.535334667381626828e-01 3.576264994800253949e-01 4.461921266906387351e-01 5.913473928335056806e-01 4.539719001999114045e-01 3.161567428013234982e-01
2.355000000000000000e+03 5.651488017538629505e-01 3.424972751318997033e-01 1.590429418946955054e-01 3.492597014923525256e-01 5.567896849008566740e-01 6.668322227663384671e-01 6.754020274213771158e-01 3.946030660642755872e-01 1.802954661515892842e-01 3.136023451904415560e-01
2.356000000000000000e+03 3.998751840714179773e-01 1.661035949530691447e-01 3.351965310176913126e-01 4.355390382246135950e-01 7.705345566086301279e-01 7.005973223104378089e-01 4.420932252076404945e-01 1.909196829324225353e-01 3.146317577067285209e-01 3.367368704821805392e-01
2.357000000000000000e+03 1.834869115423588271e-01 3.239172591193665296e-01 3.925290705877207409e-01 5.521853176203093128e-01 7.389330932311429789e-01 4.188377572066050436e-01 1.878787443806065882e-01 3.601502879274315894e-01 3.089057403141751701e-01 4.908728121257537880e-01
2.358000000000000000e+03 3.255990339722493743e-01 3.641038271410794724e-01 4.932116772439955055e-01 5.090699718481472846e-01 4.558177962189329802e-01 1.708154141205760757e-01 3.416904476892829723e-01 3.336116946284684581e-01 4.328131801896665798e-01 4.539465240971841675e-01
2.452000000000000000e+03 4.382244492371215050e-01 1.769844347205110080e-01 3.237734254552480651e-01 3.535612552578719647e-01 7.782765661135806479e-01 7.181140645543658829e-01 5.049888966504161303e-01 1.972320224894150986e-01 3.286351154372813554e-01 3.073456685617008688e-01
2.453000000000000000e+03 1.914764338626478157e-01 3.079877379384706737e-01 3.019508063720858226e-01 5.519699751453569503e-01 7.475298725185119952e-01 4.713078895627721421e-01 1.908960860171816931e-01 3.753752560952482442e-01 2.788258348193273783e-01 5.556584733440473878e-01
2.795000000000000000e+03 5.041257664060995181e-01 3.737242222810673864e-01 4.484062742541888302e-01 4.438497907499709405e-01 2.324317967463074841e-01 7.879143546716857460e-02 4.994964070799596256e-01 3.970420157635632941e-01 3.707686589320924320e-01 5.438069771245062078e-01
2.796000000000000000e+03 4.312191714899142880e-01 4.839391569622030764e-01 4.408296696136290160e-01 1.830801144480663223e-01 1.721520173962202138e-01 5.201296682519268577e-01 4.418438650665942879e-01 4.880415488238025179e-01 5.410050410315401237e-01 3.023699023935532137e-01
3.043000000000000000e+03 3.257609351239910134e-01 6.051290820838628459e-01 2.928365981768342174e-01 2.063943351848543384e-01 4.812944142848806783e-01 2.596390399669598614e-01 5.293455201561958479e-01 6.454144009692082129e-01 2.316726889166052794e-01 5.118356218456908691e-01
3.044000000000000000e+03 5.469009041730350518e-01 2.377786003918271884e-01 1.236991189177151507e-01 3.052927742680399126e-01 2.861560388571496860e-01 4.323171207539301397e-01 5.659891466643948155e-01 1.985173783425470129e-01 4.163535369056092228e-01 8.134369837274828541e-01
3.045000000000000000e+03 2.775365815269642544e-01 1.216054617833804280e-01 2.766438426375360526e-01 2.202969202880698529e-01 5.200250065819702616e-01 5.748973240882323532e-01 2.170896569063588966e-01 5.479493042756437005e-01 7.943254798541157236e-01 3.997604616716061710e-01
3.046000000000000000e+03 1.269887566871451823e-01 2.454329759056964044e-01 1.523227015050841737e-01 3.535779703834150411e-01 5.890597106504408265e-01 1.929820196357811823e-01 5.182025347505776480e-01 1.000000000000000000e+00 3.475613372622694541e-01 5.679957150919119346e-01
3.047000000000000000e+03 2.390807118195294179e-01 1.199251617201207709e-01 2.794166654786285342e-01 3.928240497299639866e-01 2.430176821882856775e-01 4.487667348969754388e-01 9.374530749869632862e-01 3.719417189607038821e-01 4.852277647603107646e-01 5.178097143504141187e-01
3.048000000000000000e+03 1.472586728406930501e-01 2.830701625539006061e-01 3.660789427929684314e-01 1.835727653115630242e-01 5.257794037612770754e-01 9.216053705156557196e-01 3.946330526453361021e-01 6.396572014297802200e-01 4.964159620422334829e-01 2.101794826029221852e-01
3.049000000000000000e+03 3.126686144969595404e-01 3.692363579917638527e-01 1.328919605924175906e-01 3.889030184371185528e-01 9.745339902711035451e-01 3.894236462805278909e-01 6.688528613302222592e-01 6.466610571815025743e-01 1.991472300516274052e-01 1.821831780173731596e-01
3.050000000000000000e+03 3.688142557651152842e-01 1.078842882222714461e-01 3.264338068417001471e-01 6.704560399543906257e-01 4.286159136103068201e-01 6.006142270089155355e-01 6.223645276870020115e-01 1.793640647307030433e-01 1.593256778314134092e-01 5.578485805585265966e-01
3.186000000000000000e+03 5.647076736345154613e-01 5.870955713338945614e-01 3.363447424743612468e-01 1.767016859943790763e-01 6.169361748903650078e-01 2.921191416766249493e-01 5.873768548566744574e-01 6.653039160858446044e-01 2.517656640382107680e-01 1.261739058465551899e-01
3.187000000000000000e+03 6.546899974892529395e-01 3.554857914098539795e-01 1.340726585687683492e-01 4.745348942498598399e-01 3.834470800740610308e-01 6.008034987646063696e-01 7.282061896641094378e-01 2.969058233240128852e-01 1.256170516599142140e-01 3.910898376274801191e-01
3.188000000000000000e+03 4.235780419413587849e-01 1.432212558436049277e-01 4.892881991657644369e-01 3.073118143557742044e-01 7.172391319653484976e-01 7.701655689181787778e-01 3.430439065373094842e-01 1.093507834898867492e-01 3.995978800575499812e-01 3.476961367648684353e-01
3.190000000000000000e+03 4.517949339687996613e-01 2.146558326888834134e-01 4.293714225521400585e-01 5.275893670685871673e-01 3.537746499849760418e-01 8.570141791710998713e-02 4.352773470038227011e-01 3.254434107608225601e-01 4.180233986292200554e-01 6.084756911757225328e-01
3.191000000000000000e+03 2.421787004800591003e-01 4.361502771752466812e-01 5.070776104765271075e-01 2.625375006009040835e-01 1.687948102071409884e-01 4.286051652607160145e-01 3.392688586037860832e-01 5.297548989972482580e-01 5.758683305571936639e-01 4.298954891290979741e-01
3.192000000000000000e+03 4.792501230403851120e-01 5.269469069572457753e-01 2.233764863547291202e-01 1.286135748872986317e-01 5.072149859216876777e-01 3.433980339975230001e-01 5.638313826568231990e-01 7.788271930471541982e-01 4.131987047037316008e-01 2.050462436691746215e-01
3.194000000000000000e+03 2.706309880869657292e-01 7.355685625290205032e-02 3.713596215667457900e-01 3.322163046224075877e-01 6.627106995641754983e-01 8.546389624388375239e-01 5.933422188697793365e-01 2.179323921655887952e-01 4.566765325895585925e-01 2.906989823483243640e-01
3.195000000000000000e+03 8.541987078497707830e-02 3.483880758803408750e-01 2.734098324910139155e-01 4.619499572320759362e-01 8.592362356653305833e-01 5.413964286890715627e-01 2.058106061188220426e-01 5.482787871435729210e-01 2.588345289837858387e-01 4.821135850111784027e-01
3.196000000000000000e+03 3.362389508678685357e-01 2.361245021121159415e-01 3.869832535205202650e-01 5.741191347328902239e-01 5.489551511155514874e-01 1.775891459774349979e-01 5.071407943007141261e-01 2.517152052439217691e-01 4.119406410045998723e-01 4.830245782231964990e-01
3.197000000000000000e+03 2.737923946239074757e-01 4.045726308862662712e-01 5.743937800291777362e-01 4.173194472489017426e-01 2.651518220520702740e-01 5.134751645983068880e-01 2.724477035033197048e-01 5.375792197197141187e-01 4.697120409763351212e-01 2.413407841147385269e-01
3.293000000000000000e+03 1.000000000000000000e+00 1.000000000000000000e+00 6.444999783303535512e-01 3.548061831196869242e-01 4.563152717976304840e-01 2.736629839452628943e-01 1.236413416856753378e-01 0.000000000000000000e+00 5.546747673976946957e-02 7.996203176755113662e-02
3.524000000000000000e+03 2.493706129739341470e-01 5.356957583338465279e-01 5.078199000934631169e-01 3.993425904527559411e-01 6.674797626344379786e-01 4.868300918116058029e-01 2.106010143508263432e-01 4.506869700600358852e-01 2.213702244279722176e-01 3.200294589233952380e-01
3.525000000000000000e+03 5.463733304276618963e-01 4.926571464445287929e-01 3.485493848744626866e-01 4.720590683254236031e-01 5.312225452546899263e-01 1.993423630776646471e-01 4.453053968595077072e-01 2.198341015323240499e-01 2.894342273714359259e-01 4.169729294978712364e-01
3.526000000000000000e+03 5.714991117630000561e-01 3.822943230839778717e-01 4.828330996524563545e-01 4.211800653095127966e-01 2.998547857242653825e-01 4.761588569027043749e-01 2.537248040821297179e-01 3.691671205428844749e-01 4.230515025523624573e-01 2.753241169088583296e-01
3.527000000000000000e+03 4.615475215339976400e-01 5.467141905472363561e-01 4.348651002091982187e-01 2.453658437529210590e-01 5.976626223090859558e-01 2.895496331986627259e-01 4.329986355941367604e-01 5.976097594628628773e-01 2.868783159813712569e-01 2.191786228795464253e-01
3.537000000000000000e+03 4.072880102534843783e-01 4.227202965184015393e-01 4.043811235312157470e-01 5.057679299522414018e-01 5.442160390326923336e-01 2.002387119290162942e-01 4.924009315093413885e-01 1.389320315208141254e-01 2.440164678493291495e-01 5.711013716379855776e-01
3.538000000000000000e+03 4.642329095914501380e-01 4.164180115776320301e-01 4.905744306339420713e-01 4.080794355525541595e-01 2.833056899965540887e-01 4.909290670928931344e-01 1.470693486404857642e-01 2.744173763543278355e-01 5.476229006645934039e-01 3.484649240483184141e-01
3.656000000000000000e+03 5.171247574859475504e-01 3.544092854307421825e-01 3.612638321827655874e-01 4.227410190646027077e-01 5.990010957877613951e-01 1.661284911984147739e-01 6.149903255577761074e-01 3.704691884387202316e-01 2.609352352585322388e-01 3.804303981502571430e-01
3.672000000000000000e+03 3.839397570158556428e-01 9.392206531518872137e-02 5.022614822757989206e-01 2.912672576327386409e-01 5.917403112827462897e-01 7.211264328118717204e-01 4.081337508725693675e-01 4.024223454358293317e-01 4.649636828792061971e-01 2.323114353756209616e-01
3.673000000000000000e+03 1.151096763712863291e-01 5.064939193101776205e-01 2.465780075528970494e-01 4.329555317662392433e-01 7.733826785160464734e-01 3.971933200592645541e-01 4.143181546688144423e-01 5.925040065237107134e-01 2.176437478038213136e-01 4.110341979006109092e-01
3.674000000000000000e+03 5.060679732796951047e-01 2.223818027492954763e-01 3.747924629799555540e-01 5.363159605583641687e-01 4.392741584305722147e-01 3.768078254115309611e-01 5.746774018534376305e-01 2.079143178320878027e-01 3.646067192594716344e-01 3.788869625931783336e-01
3.675000000000000000e+03 2.583633156681829357e-01 3.902004948094759396e-01 5.307552440141447558e-01 3.336807068111417029e-01 4.609899538378545159e-01 5.780413965878281601e-01 2.243738463804342276e-01 4.634869254473599209e-01 3.678051039263908195e-01 3.927959738832074166e-01
4.136000000000000000e+03 2.292758767596154434e-01 5.925549125033945375e-01 3.923778275365543688e-01 4.061776547537363502e-01 5.365396214444232426e-01 3.652005003760875335e-01 1.684452954771990807e-01 6.795138724442016942e-01 3.330254890547635349e-01 3.137758996763717056e-01
4.463000000000000000e+03 2.962745809369373151e-01 3.362153866584481898e-01 4.561499804800364655e-01 3.301287342229738964e-01 4.601362477593569644e-01 5.911386160312597227e-01 3.233877891246844660e-01 1.950967810742565145e-01 5.923732108115599138e-01 3.551990732847719601e-01
4.464000000000000000e+03 3.643444575644407823e-01 4.600185456630325742e-01 2.894720602704822232e-01 3.380736240037036655e-01 6.511574627960344808e-01 3.181668983086428648e-01 1.997086140447495162e-01 7.838400720474067995e-01 3.336658605917674492e-01 3.297634426074588787e-01
4.465000000000000000e+03 4.872218643676228811e-01 2.829729246256088571e-01 2.952649521308385316e-01 4.740873250774285119e-01 3.867499438620271013e-01 1.983475193704808404e-01 8.068101654324110195e-01 3.956224797129144211e-01 3.074012936884938929e-01 4.105682923213684332e-01
4.466000000000000000e+03 3.358407488720522305e-01 3.178954423375552341e-01 4.791222937052801445e-01 3.043275126232546368e-01 2.952600399123526120e-01 8.346685932967717880e-01 4.442561111608858693e-01 3.922079287938727288e-01 4.119438897602732963e-01 2.629204808719621256e-01
4.467000000000000000e+03 3.661393285356427940e-01 5.116530717635358050e-01 2.781643412974841301e-01 2.289938183870889321e-01 9.267058458039677538e-01 4.589394036713627667e-01 4.308055901096891072e-01 5.458896557801607985e-01 2.598503661711064061e-01 1.950117404107595820e-01
4.479000000000000000e+03 4.330306562790691149e-01 4.184934812784604774e-01 3.489915179167860648e-01 2.731819056489349640e-01 6.093284325107095611e-01 5.057280788922976500e-01 4.390071677150031992e-01 5.279552159526179622e-01 3.149769633547342407e-01 2.578481829397984426e-01
4.481000000000000000e+03 3.640690268609281244e-01 2.127437127124828797e-01 4.024289347381518889e-01 4.063444263577331017e-01 4.810389454371976625e-01 5.131851607828373796e-01 3.699352944017595957e-01 2.531325422613410758e-01 5.647510744825610107e-01 3.747477929166086463e-01
4.482000000000000000e+03 2.445647050571377323e-01 4.144523516256389262e-01 3.812390595350772515e-01 3.610897754318823094e-01 5.890334522517305382e-01 3.724199595416353148e-01 2.685947951906807463e-01 7.606546081714855578e-01 3.597628909934685870e-01 3.117715803239055061e-01
4.483000000000000000e+03 4.432518627719106985e-01 3.804681791637459232e-01 3.218297914690113615e-01 4.310887582960376552e-01 4.405173555538660080e-01 2.651204311629915544e-01 7.870276282322532513e-01 4.367427400583135388e-01 2.920920993664127829e-01 2.969839449779655416e-01
4.554000000000000000e+03 3.013927333532231967e-01 3.814251792892130455e-01 4.146376828969816630e-01 2.549121778225685309e-01 5.148878625850105140e-01 6.229097267598761034e-01 3.851483115925866674e-01 5.803150999789027376e-01 4.283448281629536059e-01 2.224579398276321229e-01
4.555000000000000000e+03 4.198518032007653167e-01 4.261355389120816684e-01 2.137509443541336929e-01 3.853028825958547676e-01 6.944036461126179560e-01 3.858871363538226573e-01 6.147046032840267626e-01 5.522034715526394910e-01 2.133635804247109025e-01 2.688320331875043157e-01
4.556000000000000000e+03 4.685318814826762712e-01 2.136543303562333795e-01 3.585543164190729826e-01 5.206824190250525231e-01 4.652361433996500262e-01 6.103330374951222437e-01 5.874560592942027482e-01 2.284387194380743391e-01 2.586675469309094866e-01 3.542685752100482866e-01
4.557000000000000000e+03 2.143790580719951988e-01 3.243324445905076958e-01 4.533492857601493786e-01 3.155993587389421262e-01 6.193779802585157590e-01 5.194722253395384071e-01 2.070659620005959045e-01 2.575301909057146066e-01 3.071110603241805626e-01 7.193945734648057311e-01
4.558000000000000000e+03 3.337107443053717870e-01 4.337920970011010513e-01 2.587048830678487232e-01 4.348678608553617764e-01 5.572586996961100825e-01 1.938064855543911447e-01 2.478665453503301752e-01 3.396082641113110645e-01 6.469925012139229326e-01 4.143998472929308896e-01
4.559000000000000000e+03 4.849282416999117773e-01 2.671518779712385716e-01 4.205707760704677223e-01 4.248338036154021835e-01 2.820897921707584133e-01 2.602052642740855237e-01 3.685433259431651343e-01 9.012156838797407143e-01 4.043784371771708686e-01 2.288366900110320734e-01
4.658000000000000000e+03 4.928083768116550134e-01 3.913917582860401145e-01 4.439014154756463770e-01 3.919856773547767959e-01 4.786001375176517914e-01 2.959407584426174687e-01 2.515879572258481467e-01 3.358659006061113783e-01 4.072796115128796135e-01 4.340265125692970294e-01
4.659000000000000000e+03 4.342763367669917329e-01 4.615978311386569333e-01 3.677850214374968618e-01 3.612460047975368793e-01 3.789852405157326243e-01 2.597604885401309516e-01 3.591752650726133811e-01 5.253408747244824317e-01 4.187851879784199038e-01 4.005172047905248833e-01
4.660000000000000000e+03 4.924292176087313733e-01 3.671943378545525771e-01 3.226493185077224934e-01 2.784850767778145886e-01 3.334993728844963257e-01 3.516848632299152122e-01 5.433640324902877516e-01 5.252574794859919960e-01 3.758050740054941774e-01 4.456002025892269458e-01
5.033000000000000000e+03 3.344718819407819788e-01 3.492553326030516936e-01 1.732495303604829617e-01 3.579739470797382861e-01 4.507327934615874554e-01 4.613941950655790492e-01 4.315257326081838318e-01 9.381671106102510427e-01 2.552711596535119920e-01 3.974283820206056528e-01
5.035000000000000000e+03 1.945734908363739579e-01 3.270596251702261870e-01 2.993939516213554031e-01 3.962327726043803344e-01 5.000716124639605908e-01 9.605050412526567882e-01 3.013012073518153700e-01 4.718279612151430880e-01 3.081026706243886748e-01 3.563321191274753663e-01
5.036000000000000000e+03 3.507427135234549298e-01 2.923695444550166167e-01 3.566063110545909520e-01 3.636115268044352034e-01 9.952481223883163919e-01 2.932274968927740533e-01 4.823676360993152668e-01 3.568097183352638146e-01 3.313715171199988485e-01 2.813970082900203451e-01
5.037000000000000000e+03 3.347301006716547622e-01 3.732616722033924028e-01 3.410261797595137145e-01 7.564876695702347220e-01 3.808019868387033102e-01 4.910513052482531338e-01 3.872614317361016134e-01 4.155960027149413483e-01 2.751631733169979666e-01 2.422200827056015804e-01
5.038000000000000000e+03 4.205087671947825290e-01 3.561906296815586792e-01 7.799789934757618282e-01 2.912484788414162473e-01 5.767840719827134199e-01 3.972452500907770467e-01 4.505100437161803084e-01 3.288651422191007923e-01 2.369548503095798564e-01 2.303011410905124734e-01
5.039000000000000000e+03 4.132989547902913285e-01 8.517713840789801205e-01 2.677216452259899016e-01 4.496623761488026672e-01 4.951564124222851970e-01 4.722751035372095840e-01 3.678858834183299509e-01 2.790192266930485165e-01 2.309377988378046587e-01 2.226259524550725510e-01
5.064000000000000000e+03 3.463632062094970099e-01 2.860121972215736164e-01 5.644190382872069645e-01 3.806864639926149652e-01 5.138553442689283157e-01 5.919271967556066771e-01 3.430106209823409746e-01 2.517660403151262272e-01 4.226169371565328681e-01 2.969017232088492775e-01
5.065000000000000000e+03 3.081550070931865504e-01 5.654243798322973191e-01 3.390767060215975071e-01 3.727605467263963579e-01 6.441340670350201858e-01 3.315181688486517064e-01 2.541667764384182848e-01 5.240450257635494991e-01 2.754671931135102003e-01 4.113058185913935350e-01
5.066000000000000000e+03 5.949862485082527686e-01 3.346870848928621967e-01 3.326621388698091097e-01 4.692451129655116904e-01 3.996704976175378676e-01 2.499046859127466158e-01 5.381702463640042344e-01 3.099766350860932995e-01 3.836112491511870504e-01 3.632716381932171723e-01
5.560000000000000000e+03 3.402786765299701255e-01 1.783420475172574349e-01 2.174341182926397831e-01 4.032116744087237414e-01 4.762602579559234162e-01 1.080177657961848975e-01 2.447480075724343673e-01 4.833489905101998607e-01 6.067500680456884288e-01 7.562673897658801492e-01
5.561000000000000000e+03 1.816405810085413297e-01 1.882015735155697922e-01 3.368951450872469944e-01 3.242776528132563230e-01 1.728049774475569345e-01 2.179533618117992233e-01 4.562894564087383587e-01 7.415121147286575232e-01 6.603126139560875352e-01 6.108645013948509339e-01
5.562000000000000000e+03 1.950450089843817347e-01 3.103919544825164412e-01 2.621738644901635551e-01 1.193901390376240074e-01 2.752564805173354223e-01 4.126493887547749706e-01 7.189500832391099161e-01 8.285738496620506099e-01 5.405079046588358027e-01 4.432340149053831668e-01
6.310000000000000000e+03 4.580595663115999971e-01 3.851657348290007943e-01 3.417225762532972166e-01 3.589386551005766535e-01 4.148469405404211496e-01 3.821397766602011581e-01 4.103538221077645543e-01 4.932358695412125127e-01 3.034738631718610358e-01 4.705602922821557343e-01
6.314000000000000000e+03 3.031730483842057233e-01 3.079329341910627127e-01 3.253988664991315227e-01 4.333411206956687689e-01 4.524351237647254442e-01 5.975752995474624685e-01 5.243952245902262499e-01 4.178298747301008031e-01 3.376821871248086859e-01 3.687994849573941192e-01
6.315000000000000000e+03 3.331606782056923399e-01 3.211843716760570677e-01 3.984138028616306393e-01 3.306639153509828288e-01 6.538789957825282828e-01 5.059086646915373908e-01 4.290631594164824869e-01 4.026922784471735350e-01 3.445711665673296675e-01 3.534445653827670841e-01
6.320000000000000000e+03 4.031100677135375787e-01 3.065287919213771639e-01 3.002334741893528669e-01 3.488670048557173109e-01 4.576066287079716410e-01 4.925519447576495735e-01 7.747544697546229209e-01 3.337808898763929832e-01 3.024439028672789020e-01 3.915725115850882676e-01
6.321000000000000000e+03 3.488134854604889035e-01 3.112963879941197387e-01 3.236333171351100102e-01 3.487102326196981905e-01 5.772060163402182864e-01 7.768058596722556830e-01 3.612823046256719572e-01 3.699627476350653144e-01 3.814116275533833145e-01 2.943573514453018403e-01
6.332000000000000000e+03 3.432453141526686236e-01 3.191386423293425811e-01 3.652392209733151263e-01 4.241958001915990817e-01 5.221528698043561567e-01 4.991064435144196287e-01 4.084998529651012178e-01 3.552135059548132134e-01 3.529052269914683126e-01 4.233440352593491052e-01
6.333000000000000000e+03 3.509862540000107667e-01 3.694845500971502550e-01 3.955222513198645151e-01 3.871993753580267317e-01 5.686350923021303849e-01 4.039288308252779736e-01 3.714590259517967508e-01 4.332878700985509091e-01 4.015839963958212078e-01 3.343969512832947744e-01
6.567000000000000000e+03 2.909608395370271161e-01 3.139222073513634470e-01 3.444553135597457905e-01 5.579782137363074046e-01 2.736837920512099065e-01 4.562290974503477869e-01 5.166480600250432653e-01 4.593464063726113711e-01 3.442419056768456498e-01 4.312867991669205869e-01
6.588000000000000000e+03 4.357268288941353318e-01 7.910454010548874371e-02 2.349274290776519059e-01 4.254496082564102610e-01 7.158002511278979130e-01 6.474809529381927442e-01 4.546215836783339959e-01 1.613110465039771513e-01 3.293467354774095579e-01 5.547666590053231817e-01
6.590000000000000000e+03 2.291414233906032827e-01 3.576089142170773560e-01 4.580411351998833203e-01 4.790370565520890578e-01 4.706527787426428300e-01 1.461223197738611423e-01 3.671064209643720155e-01 6.206891108267982293e-01 3.929549352572126453e-01 4.293149635349542970e-01
6.767000000000000000e+03 4.274073000520024479e-01 1.098131931856390631e-01 4.112425409656410014e-01 6.088454362662376607e-01 6.761952531025249291e-01 5.445119469151230573e-01 2.788595531911299275e-01 1.195367511217430012e-01 3.150901279885998663e-01 4.599880654777690481e-01
6.768000000000000000e+03 1.372857050093935771e-01 4.248851775247676210e-01 6.055243814635710153e-01 5.075553370874517078e-01 6.208938146008655679e-01 2.849866662579988441e-01 1.270436204125573731e-01 3.832390321105767494e-01 4.422709591473726332e-01 3.574401099491226197e-01
6.769000000000000000e+03 4.254324997733439639e-01 5.768310462958063933e-01 4.499846124365665112e-01 4.295810325088099679e-01 3.364814012542284294e-01 1.173459626155938934e-01 3.664809548136754858e-01 5.231722309338497912e-01 3.161059370109469691e-01 4.039945301566234548e-01
6.770000000000000000e+03 4.984213495992049214e-01 3.629760186637467911e-01 3.184756850994264199e-01 2.037082806968485427e-01 1.590755593429846737e-01 2.809950686821010568e-01 4.320150632493297560e-01 2.915910986941015470e-01 3.145030141625366205e-01 1.000000000000000000e+00
6.771000000000000000e+03 4.231714360405517406e-01 3.437537849452352856e-01 1.690556617700002817e-01 1.275885375608822314e-01 3.794270029799872712e-01 4.565050200918739365e-01 3.290728598457935417e-01 4.035158269981674040e-01 1.000000000000000000e+00 2.719711586259744296e-01
6.793000000000000000e+03 1.843680407646489661e-01 3.855828930465954874e-01 4.187238836500363770e-01 4.423785084619590857e-01 4.233682245975319280e-01 1.321818953842751609e-01 5.656340945121944852e-01 5.117774603796941824e-01 4.291459232652992672e-01 4.630370074572310313e-01
6.794000000000000000e+03 4.055099001603637565e-01 4.110103296393871064e-01 4.013059225343620917e-01 3.049610374967955395e-01 2.070030748228604278e-01 5.357584262833884337e-01 5.174061588419081037e-01 5.287838522451586698e-01 4.263501194219215251e-01 3.075991953412326452e-01
7.181000000000000000e+03 2.867785809760827198e-01 3.081953378057165627e-01 3.848356091013085956e-01 4.255731664966182493e-01 5.124699757473446526e-01 4.880208649172229074e-01 1.562010774456777384e-01 3.024212717401474904e-01 4.649275196102347629e-01 5.624694624154535916e-01
7.182000000000000000e+03 3.177132831064242158e-01 3.649422051400523226e-01 3.725210737623956270e-01 3.598000096575899587e-01 5.282134358177300593e-01 1.473681957006074683e-01 2.926841319530404384e-01 5.645237289332412089e-01 5.054924324078278186e-01 4.718602561500162551e-01
7.184000000000000000e+03 4.220993018255420060e-01 3.370333966843760409e-01 3.699207575122241409e-01 1.752038442821047537e-01 3.782679391306518202e-01 5.947794901484962926e-01 7.124782594987035811e-01 5.905547315811887632e-01 4.136509596748652040e-01 1.868440305800600221e-01
7.518000000000000000e+03 3.558597555312256744e-01 3.859640523088216368e-01 4.122204283457596707e-01 3.397875298133666289e-01 3.022482813974744498e-01 2.949218759386503241e-01 3.855478098221427063e-01 5.045883865356939335e-01 4.720226309749286364e-01 4.820969739055998016e-01
7.519000000000000000e+03 4.010332294310176016e-01 3.993383460939260998e-01 2.888530265487476156e-01 2.157036702042654797e-01 3.561357623223835311e-01 3.630394469835894755e-01 5.037264447367483244e-01 5.843410141400653401e-01 4.393846282543530934e-01 4.787169881252211767e-01
7.521000000000000000e+03 3.335467108795596713e-01 1.711636325161715877e-01 2.324110982641511280e-01 3.361207315933254502e-01 5.847225907995025063e-01 6.234418647832312699e-01 6.143103844055655127e-01 6.086893623978281154e-01 3.112705613982422737e-01 3.588754332724513052e-01
7.523000000000000000e+03 2.404527892386895682e-01 2.798430027633593831e-01 3.810332861547868211e-01 4.839195211278476960e-01 6.328639282594938908e-01 5.873432678600595258e-01 3.616660582884954622e-01 3.876581950476799543e-01 3.529823257658281643e-01 3.356236749691816623e-01
7.536000000000000000e+03 2.917855123933746908e-01 4.403331210790506489e-01 4.954381268374027925e-01 4.451606913225798490e-01 3.355433513016032321e-01 2.763319928862898456e-01 4.753043705660925933e-01 4.114843688259839372e-01 3.890325193918457436e-01 3.926437136227672320e-01
7.537000000000000000e+03 4.714017878393258476e-01 5.013142967787850290e-01 4.138210169916263781e-01 2.471498775929826808e-01 3.498812729400028187e-01 4.626729349385752532e-01 4.255434765546690090e-01 4.819297716494041484e-01 3.689606616592054911e-01 3.247154042764611170e-01
7.538000000000000000e+03 5.622134216192330447e-01 4.397105218641583768e-01 2.133145335531044240e-01 2.703982731624083313e-01 5.536922049542767343e-01 4.397534339615682963e-01 5.278910926870289400e-01 4.784597905353871194e-01 3.201143835874752375e-01 3.143322541510294998e-01
7.539000000000000000e+03 4.990113267966958532e-01 2.224605394796376201e-01 2.411159289547815110e-01 4.280560517912937457e-01 5.334724632351535156e-01 5.444452204648357885e-01 5.272946806941060105e-01 4.052248355749343833e-01 3.115441231140630429e-01 3.745642627128823454e-01
7.540000000000000000e+03 2.546267815400360401e-01 2.423659686944245051e-01 4.049903155863723847e-01 4.000367245793866600e-01 6.193647679553830887e-01 5.246690974421398534e-01 4.301789259991505854e-01 3.767036584068180760e-01 3.594687124811862255e-01 4.249614237358208535e-01
7.586000000000000000e+03 4.471899849539526239e-01 3.275018921120485538e-01 2.087700131939634607e-01 3.295601908398760327e-01 5.236354271832929230e-01 7.056401837016332834e-01 2.267428575430044113e-01 6.306660810041692100e-01 2.624990691446227320e-01 4.419210120965745281e-01
7.587000000000000000e+03 3.341247847186745723e-01 1.865345034537553570e-01 2.708803556685568381e-01 3.652843511264698417e-01 7.236287419718514524e-01 2.096101736088282763e-01 6.165521498828955282e-01 2.733994801927542850e-01 3.943955471173262728e-01 6.173486364178601971e-01
7.588000000000000000e+03 2.054572288812067660e-01 2.599006220803888323e-01 3.202681274392111810e-01 5.212098327537014741e-01 2.803030247732399838e-01 5.843644292186187528e-01 2.740519424929833692e-01 4.790626611998913820e-01 5.694868453729081681e-01 4.217164122957925976e-01
7.599000000000000000e+03 1.862702668118519644e-01 4.403384458594636341e-01 5.705246440687783416e-01 6.382988123021070548e-01 4.462328794958550504e-01 1.342076545333490412e-01 3.958735706886933325e-01 2.682852541422024450e-01 5.181254877194296782e-01 2.597980398993682272e-01
7.600000000000000000e+03 4.803934150397564107e-01 5.907390491469388660e-01 6.336049900268796442e-01 3.336518517022463715e-01 2.177995710838079857e-01 3.953663139360574230e-01 2.829108328273843287e-01 6.865726811162062848e-01 2.485560757465054282e-01 1.798246894859545364e-01
7.601000000000000000e+03 7.062181105851859098e-01 7.301496996095109271e-01 3.368065170507771322e-01 1.823418570690280849e-01 5.199711435492826439e-01 3.257514451741653771e-01 8.078780219332570844e-01 3.192251212899255286e-01 1.914528147848325590e-01 8.839569668235169875e-02
7.602000000000000000e+03 8.171733546131869641e-01 3.607360758722859551e-01 1.428354677351876822e-01 4.047816507575345280e-01 4.217004591716819739e-01 8.291579334943740553e-01 3.561125789755095195e-01 2.067104815873357648e-01 8.977541632704515162e-02 4.766727741270222474e-01
7.603000000000000000e+03 4.543638723596826190e-01 1.659765910321614468e-01 4.316823309396755626e-01 3.547227607544641281e-01 1.000000000000000000e+00 4.128949446403977763e-01 2.599939782732494375e-01 6.107373443702774490e-02 5.105901090937720044e-01 3.258469164201420187e-01
7.604000000000000000e+03 1.867671093441762020e-01 4.290219248520474316e-01 3.119511103544124753e-01 7.250623234845685605e-01 4.753582876377153710e-01 2.541065373833086283e-01 5.785808545681874610e-02 6.544448882987473626e-01 3.028079511517176026e-01 4.932774092079576511e-01
8.005000000000000000e+03 3.117623103273562957e-01 6.218034025773654383e-01 4.154030169008291473e-01 3.740321653077812725e-01 5.286062817041680129e-01 4.563173937748920550e-01 4.275351190987952132e-01 3.246957007033217657e-01 2.762394084213870005e-01 3.104040290758039999e-01
8.006000000000000000e+03 6.369805848881057164e-01 4.029914225856827126e-01 3.251374817419906971e-01 3.768640180376219284e-01 5.068648269541751183e-01 4.022500000372697393e-01 3.216961562353734538e-01 3.017749531708195376e-01 2.829230423790090598e-01 4.409358093297836012e-01
8.007000000000000000e+03 4.274501032942157330e-01 3.186162106229284419e-01 3.354820245531807688e-01 3.681543144830781711e-01 4.651080525912044128e-01 3.119994398985695971e-01 3.062420788007503281e-01 3.192987705872167292e-01 4.096375718588035619e-01 6.415949614947957791e-01
8.008000000000000000e+03 3.542571814234178329e-01 3.419424046324860411e-01 3.381167658745612425e-01 3.482856946314869528e-01 3.914614034092991357e-01 3.096194449874314913e-01 3.377571707244153565e-01 5.239036702046571126e-01 6.136525037465175858e-01 3.733737627909649581e-01
8.009000000000000000e+03 3.676178253651830596e-01 3.341501249923223837e-01 3.068275319997040285e-01 2.861515722045490095e-01 3.792665578332132248e-01 3.292510111335263945e-01 5.387232542387114798e-01 8.102102557894760304e-01 3.486248055829797021e-01 3.969208162683603991e-01
8.010000000000000000e+03 3.593802462017550714e-01 3.013675403703484079e-01 2.399221650603596268e-01 2.771012231361739686e-01 3.976892731235916467e-01 5.186733127253395637e-01 8.350062149377762699e-01 4.182041294867693826e-01 3.703570329191918642e-01 4.099567214114254177e-01
8.011000000000000000e+03 3.136838782602164311e-01 2.218126764372294057e-01 2.208097636830557986e-01 2.813352310500401576e-01 5.602660936030724459e-01 7.718491919774461696e-01 4.121749000049657607e-01 4.333897273679913065e-01 3.707232654955404660e-01 5.060258370004031558e-01
8.585000000000000000e+03 4.276628916504907063e-01 6.106876040656494808e-01 3.088737180568312812e-01 3.428911150568644817e-01 4.591601710848662865e-01 3.250975269057308492e-01 3.553764612471594919e-01 4.473100080046270022e-01 3.381946775712036946e-01 3.889729445383109940e-01
8.586000000000000000e+03 6.860442551688935575e-01 3.289298377350945990e-01 3.247956853811546640e-01 3.570319562380731004e-01 4.200137863913383507e-01 3.744306666733136502e-01 4.956367233830399344e-01 4.355749166225509339e-01 3.866093788633260808e-01 2.455423950386716181e-01
8.587000000000000000e+03 4.120031296950109057e-01 3.757301086541446344e-01 3.684677706041686873e-01 3.493125996893217122e-01 5.019758311764122016e-01 5.554118643329694072e-01 5.226259473472147921e-01 5.523749174016554520e-01 2.622224699400345083e-01 2.449540487528139576e-01
8.676000000000000000e+03 3.045210354865020563e-01 4.160743116701534627e-01 5.226175586828910591e-01 3.445251042427119881e-01 3.831306829677310066e-01 4.307885826825057496e-01 3.451117525326157787e-01 4.754804209934536119e-01 3.810351773217268700e-01 3.852805335393492125e-01
8.677000000000000000e+03 4.476460340006439553e-01 5.310834668411665849e-01 3.060063038192193940e-01 2.825820337239053348e-01 4.989566649790748709e-01 3.399662692287576671e-01 4.936388399451465125e-01 4.713201387802071207e-01 3.628679479512170181e-01 3.274331943813440504e-01
8.678000000000000000e+03 5.695119983092832294e-01 3.064035098023576986e-01 2.407905946163010347e-01 3.695285564708248871e-01 4.142099253318243801e-01 4.846502309396432118e-01 4.927099589451339745e-01 4.473875935851770458e-01 3.102551439235376463e-01 4.252980496452354875e-01
8.679000000000000000e+03 3.538727567495801307e-01 2.512862307486752322e-01 3.517986207885926975e-01 3.199001320266685600e-01 5.764061773107194142e-01 5.071378783154116832e-01 4.910428524472428835e-01 3.879886161370131314e-01 4.192418299497581713e-01 3.934813138439126612e-01
8.680000000000000000e+03 2.699188725112490750e-01 3.419808744480483664e-01 2.712316045935031505e-01 4.143983181025429618e-01 5.590320125648289284e-01 4.657431862412041434e-01 3.902661923451367088e-01 5.138301255340479434e-01 3.619532398082236924e-01 4.458751191132057645e-01
8.681000000000000000e+03 3.628219029777314808e-01 2.606773252329334656e-01 3.729091954667527187e-01 4.034275334024050030e-01 5.220828962648459415e-01 3.735839880670640545e-01 5.212983781032634045e-01 4.322859043249009936e-01 4.117127507275266107e-01 3.663272962561618940e-01
8.682000000000000000e+03 2.496103726972638825e-01 3.261369957545285914e-01 3.241333408437535590e-01 3.440459895216990138e-01 3.965621830827974481e-01 4.452666964841629493e-01 3.899461034399880899e-01 4.528113038935774881e-01 3.083780021148593842e-01 7.286384802723213650e-01
8.748000000000000000e+03 4.790256219486677125e-01 3.060054516849955997e-01 3.015318185383116800e-01 6.757442543324212458e-01 6.106721546316163929e-01 4.925570723721214295e-01 4.251781307090539697e-01 2.848499065059372781e-01 2.365260939123988992e-01 2.358547935873504808e-01
8.749000000000000000e+03 3.610865342510166109e-01 3.249798359307855544e-01 7.106390821577976968e-01 4.783221858992223741e-01 5.947970506986325345e-01 4.496661451910011764e-01 3.216533092884872325e-01 2.804115901586248794e-01 2.377657965305229881e-01 2.547802682012367814e-01
8.751000000000000000e+03 8.562098394677840618e-01 5.137518658483252176e-01 4.576142762083650339e-01 4.220316638944220933e-01 4.341219806731664854e-01 3.298312853019646496e-01 3.085986280328534281e-01 3.022472392590112023e-01 1.670732456487242779e-01 2.369270423635080058e-01
8.752000000000000000e+03 5.444706814147797225e-01 4.597127738806421338e-01 3.871235440026933872e-01 3.179633797818509633e-01 3.995505137021118092e-01 3.027324572128711200e-01 3.099578019302686727e-01 1.509427461865751885e-01 2.218559637833501519e-01 7.959759274382159910e-01
8.753000000000000000e+03 4.960844938698155682e-01 3.921607047511851407e-01 2.795123792668627316e-01 2.965442475330121175e-01 3.785484821108205389e-01 3.091294921510965299e-01 1.562761284930605232e-01 2.364719832976100722e-01 7.539036434027682754e-01 5.025587991434120605e-01
8.764000000000000000e+03 2.766485442835069919e-01 2.067752841423265431e-01 2.277225979320417204e-01 5.938252426196166667e-01 4.742740460690725302e-01 6.164784963897540493e-01 4.843315640501166253e-01 3.228874176303324628e-01 3.339162550946073726e-01 4.760600274781791041e-01
8.765000000000000000e+03 2.418690900285933865e-01 2.318107246415868072e-01 5.947387038829063943e-01 3.600428547199033269e-01 6.974975218671194410e-01 4.896342039949572178e-01 3.479228228294618530e-01 4.165064119315612379e-01 4.618032999238049774e-01 2.001496824422479559e-01
9.150000000000000000e+03 2.809481994347934886e-01 4.807045287145014223e-01 2.387826248238180404e-01 3.283811575469063326e-01 4.347215510821324513e-01 2.491929511476279058e-01 3.179330305031259907e-01 8.154573815681691595e-01 3.544528569654055161e-01 5.167928957537469836e-01
9.151000000000000000e+03 4.938618999714479707e-01 2.220669772028352196e-01 2.758006631901716021e-01 3.088546910251508404e-01 3.125258356084130162e-01 2.993375510800251882e-01 8.161656736425010328e-01 4.128427916400449482e-01 4.696138827245130987e-01 4.296812343256735667e-01
9.153000000000000000e+03 2.557734664839478866e-01 2.217127495806918147e-01 1.521091606948044017e-01 2.416301023696216244e-01 7.457346274667224773e-01 3.585781633107161803e-01 5.420925695189535709e-01 4.355606536684503705e-01 5.709802983563642131e-01 5.089134430549386856e-01
9.154000000000000000e+03 2.386346231701640952e-01 1.360951803229541179e-01 1.870889681060214360e-01 5.332961412222394504e-01 4.174481583440435295e-01 5.104735783064173749e-01 4.363339678019331203e-01 7.311931823322515012e-01 4.660542406482166555e-01 3.834475970125610922e-01
9.965000000000000000e+03 5.333864623946918959e-01 1.603073257010100838e-01 4.016989702665426099e-01 4.254566117441515027e-01 5.229632028490801554e-01 4.577052834174699658e-01 3.179515522673521111e-01 3.137410787812888735e-01 4.892531203808150875e-01 3.423999488670443347e-01
1.025900000000000000e+04 3.934178163066497924e-01 2.238210003285740768e-01 3.006087931842472694e-01 3.782365220619615664e-01 3.986458750662818518e-01 3.993296746447820289e-01 8.363829271266572940e-01 3.028010829701402451e-01 4.040023026990561261e-01 4.218549281971125109e-01
1.026000000000000000e+04 2.516956261843001919e-01 3.006284494583718603e-01 3.447365900463177368e-01 2.956027184021136622e-01 4.713801136122137136e-01 8.124865397954016411e-01 3.155415860055204580e-01 5.088436970762667544e-01 3.994686236344419661e-01 3.815688376630244072e-01
1.026100000000000000e+04 3.159480547639727521e-01 3.308279759021064970e-01 2.425357595126655386e-01 3.359432932899434343e-01 8.382412236636228586e-01 2.984569916203024253e-01 5.081600553017431299e-01 4.796063772584198137e-01 3.476952294607963401e-01 3.955663247965981455e-01
1.026200000000000000e+04 3.564729179630766742e-01 2.349530981640594318e-01 2.937478174881739124e-01 6.110680415279099442e-01 3.688144500197252929e-01 4.904744783975580336e-01 4.930661732293054600e-01 4.174169176599980546e-01 3.695122698318512589e-01 3.643254053099619361e-01
1.026300000000000000e+04 2.808987819482486326e-01 3.133098410023069658e-01 6.313613895018858058e-01 2.882709355499535886e-01 5.882787014276489312e-01 5.136892490856903581e-01 4.642761104114017101e-01 4.860770438983033626e-01 3.631830839386094856e-01 1.753893582285686314e-01
1.026400000000000000e+04 3.495461259321354652e-01 6.580304360797781804e-01 2.510234425817060022e-01 4.407170592785559782e-01 5.891287446924178273e-01 4.634412368725360221e-01 5.159277284006917874e-01 4.547564363824503908e-01 1.687748772464819080e-01 2.450411159206775380e-01
1.026500000000000000e+04 7.128555225530573969e-01 2.540472108124184336e-01 4.204789133791561606e-01 4.429169380036533932e-01 5.420232070173213179e-01 5.156040509103363423e-01 4.847518575898162596e-01 1.612862411486700176e-01 2.363076030360702073e-01 2.897006345306095132e-01
1.026600000000000000e+04 3.149945922360971595e-01 4.720452157727659248e-01 4.575467424452150378e-01 4.367721020213910510e-01 6.353610322784853937e-01 5.264672627492900103e-01 1.934958633210756285e-01 2.910496403737525828e-01 2.998568520259685677e-01 3.652798229836613508e-01
1.026700000000000000e+04 5.047378113174360026e-01 4.624470168567954564e-01 4.054125734252733704e-01 4.669205322603965924e-01 5.902892436635182039e-01 1.953556293657803533e-01 3.005104970558527544e-01 3.500085291933504594e-01 3.437520611983871932e-01 3.389004926641894788e-01
1.026800000000000000e+04 5.328803729390896304e-01 4.414027874818227670e-01 4.720954879299721907e-01 4.633861600967276728e-01 2.929226688780518506e-01 3.246434112751145906e-01 3.948633600538620225e-01 4.508501373289004466e-01 3.412450752586008162e-01 2.702594310436004510e-01
1.026900000000000000e+04 5.097339873655751807e-01 5.154612602770807239e-01 4.678940607599141877e-01 2.319653926814319034e-01 4.246321142083285261e-01 4.199318068576640695e-01 5.066658967238532041e-01 4.467381840411013272e-01 2.725672514699437055e-01 2.955792425516277633e-01
1.035500000000000000e+04 3.593107559102303727e-01 3.964103653329246191e-01 3.155632849087836589e-01 3.769028948648356914e-01 4.775546396932640603e-01 5.030810097371584133e-01 4.302912439083251828e-01 5.320684665117267897e-01 3.060125635833668700e-01 3.751231276723914765e-01
1.035600000000000000e+04 4.296654801003898516e-01 3.159936865186549482e-01 3.428995514910304077e-01 3.533531112806884145e-01 5.709325134163391047e-01 4.234126554299505463e-01 5.557682933567578143e-01 3.616999598682990591e-01 3.549399586166338549e-01 3.567783292718321730e-01
1.078300000000000000e+04 3.947456691861101485e-01 3.058958031341590389e-01 1.777858869697465372e-01 1.689896305295779666e-01 7.574977857954240390e-01 4.394067527033729825e-01 5.582306331800698240e-01 3.518585040865037650e-01 4.315361893191830278e-01 5.014486855338942117e-01
1.078400000000000000e+04 3.298758643859060480e-01 1.668633115882523221e-01 1.138949206395894753e-01 5.508489077475781093e-01 5.016608296459693639e-01 5.360281520164659197e-01 3.591912145557559222e-01 5.395772129704693443e-01 4.670787281996988116e-01 4.375671220696803476e-01
1.078500000000000000e+04 1.815812573925523199e-01 9.551009887935384135e-02 5.087020536507161905e-01 3.563152926815075783e-01 5.789148147348591733e-01 3.373775708998226208e-01 5.372806931803253416e-01 5.751949254153789770e-01 3.975434266700754171e-01 4.680159232132513614e-01
1.078600000000000000e+04 1.118908930296103471e-01 4.994393477567909967e-01 3.075402985969517000e-01 4.137436164908147584e-01 3.971222798362932793e-01 5.052892992344406586e-01 5.777236560440672797e-01 4.787586197883973438e-01 4.280431069781042708e-01 3.285725668326867632e-01
1.078700000000000000e+04 5.218496822270948243e-01 2.980129975523515551e-01 3.721905227529936910e-01 2.869620973750786064e-01 5.593286445082550351e-01 5.488118403119353061e-01 4.852695893022901941e-01 5.289268631768262452e-01 3.033178328813708746e-01 2.398167891411075447e-01
1.078800000000000000e+04 3.449735414557828506e-01 3.950007333165070911e-01 2.587003815914687421e-01 4.308687559475975482e-01 6.408009326486867607e-01 4.998951675183931354e-01 5.801072919313396969e-01 3.773301283296336961e-01 2.372790100099944066e-01 3.520508898016145305e-01
1.078900000000000000e+04 3.636026848388613786e-01 2.103765985390978477e-01 3.407740817072503758e-01 4.123607100073963805e-01 4.936470254234572863e-01 4.815949270420012973e-01 3.269301702734688231e-01 2.098918591946333789e-01 2.888190227021137368e-01 7.900295720953103285e-01
1.079000000000000000e+04 2.233458299106972911e-01 3.233951574147779229e-01 3.615800406940684053e-01 3.488604597449456168e-01 5.256994899823885792e-01 3.055954600379071073e-01 2.022305151646835164e-01 3.161491234756079738e-01 7.148777064106975887e-01 5.110574530855285236e-01
1.079100000000000000e+04 3.482792241780673925e-01 3.581050762720928149e-01 3.070761192436876064e-01 3.833178976131810800e-01 3.750543945702450865e-01 2.009330741592999237e-01 3.228572618423437568e-01 9.588059696961344081e-01 4.766824365142632303e-01 2.942530610637139610e-01
1.088100000000000000e+04 4.772320614443495979e-01 2.591073596372227561e-01 4.302197025132962205e-01 3.715214119183493091e-01 5.079006742196686686e-01 4.997644973524770773e-01 4.752928124919256758e-01 2.643648993131845759e-01 4.685913099260212156e-01 2.644776640032922010e-01
1.088200000000000000e+04 3.048540821972443027e-01 4.607471815509652791e-01 3.559686702807751124e-01 3.932608141509442157e-01 5.942287199418425647e-01 4.924869807541448763e-01 2.933978403723935813e-01 6.372870713740718118e-01 2.626633278920353920e-01 2.992371103971566138e-01
1.101400000000000000e+04 6.880131186518834152e-01 2.996930215216588866e-01 3.356807933360002050e-01 4.063645386511385293e-01 4.860008954130397019e-01 4.990739175711738640e-01 3.849205435543177622e-01 1.814612809829610207e-01 3.133307624563006488e-01 4.064176214015117194e-01
1.101500000000000000e+04 3.678367215976253157e-01 3.772866107092627819e-01 4.164686503073972701e-01 3.937374214719136511e-01 6.205973928371297799e-01 4.251961939762403664e-01 2.178305984085553704e-01 4.179431422300082244e-01 4.209914163088120942e-01 3.293947197371613345e-01
1.112800000000000000e+04 5.636249381259861302e-01 3.963087813762767864e-01 2.872249616831011876e-01 3.747162754166111220e-01 4.643643395162453391e-01 5.297575879673783739e-01 4.588225036640782850e-01 2.511074111000237141e-01 3.269372557659463996e-01 3.823222308882265885e-01
1.112900000000000000e+04 4.597253426398911769e-01 3.091920874413395248e-01 3.653924214533878501e-01 3.647950574578373018e-01 6.328263523399363377e-01 4.837843260735276707e-01 2.843649726806993794e-01 4.233542710285851940e-01 3.839908299794793645e-01 3.271064159223234791e-01
1.113000000000000000e+04 3.531073645127830174e-01 3.833174612183943841e-01 3.428256086883236797e-01 4.827046976848449189e-01 5.704973241641694282e-01 2.966875070427822947e-01 4.598053508885913687e-01 4.972919053323708316e-01 3.199889947523792411e-01 3.302145001724183793e-01
1.113100000000000000e+04 3.952357209128426474e-01 3.259820537069151314e-01 4.354900909272648724e-01 4.035638074506649464e-01 3.552517768239255580e-01 4.280692000923755902e-01 4.922484210617886768e-01 3.614449317187653499e-01 2.986622849486715303e-01 4.987387385489432390e-01
1.113200000000000000e+04 3.660676886596755941e-01 4.533201017876827277e-01 3.812121288021704246e-01 2.692396780340298168e-01 5.093952564123757076e-01 4.948916900399317753e-01 3.872110348888116449e-01 3.605240179858147931e-01 4.817086603475061457e-01 3.143115188164335994e-01
1.113300000000000000e+04 4.977073025813927853e-01 3.929613810475248714e-01 2.310187173470167887e-01 3.831314276949805975e-01 5.725204470812015334e-01 3.903116446372323356e-01 3.839958585564823279e-01 6.364974078822136505e-01 3.026386379787219250e-01 3.052852095827938705e-01
1.113400000000000000e+04 4.310047874289081316e-01 2.302655634984810407e-01 3.538184625115228243e-01 4.273874957082245962e-01 4.669199203833117040e-01 3.839068816054640454e-01 6.729363573484055117e-01 3.612840711581939424e-01 2.919275544098378639e-01 4.374935537410372666e-01
1.113500000000000000e+04 2.450294936231489917e-01 3.391580762443348607e-01 3.799483821081712787e-01 3.320620556955835023e-01 4.381368281391380681e-01 6.271257559876158849e-01 3.575039266420541040e-01 3.232550201544093782e-01 3.979067521254520123e-01 5.444180136619243271e-01
1.118800000000000000e+04 3.332661630734740088e-01 3.292656265647385117e-01 2.883856109773843546e-01 4.131809463817266437e-01 6.152269062175630410e-01 5.942198733147052714e-01 4.295420816837076106e-01 4.216639429399772210e-01 3.701516891495930661e-01 2.901811354379982277e-01
1.118900000000000000e+04 3.616041775353692755e-01 2.885405781684367010e-01 3.836602604361933344e-01 4.559602639652047817e-01 6.607385194780438509e-01 4.242536424542046047e-01 4.415460725627011196e-01 4.593189157349122920e-01 2.755446509390605536e-01 3.251606080334641935e-01
1.119100000000000000e+04 4.422959878440907433e-01 4.580754341312414102e-01 4.869429218399569659e-01 3.825363850623509365e-01 5.271879558617972306e-01 4.953855720862009315e-01 3.491008932281506882e-01 3.852963255133081688e-01 1.669803897407634574e-01 3.688256493655188151e-01
1.119200000000000000e+04 4.905629966729704305e-01 4.934105812188962492e-01 3.469165487274597504e-01 3.878867539733135139e-01 5.606665200587165332e-01 3.435321956029396828e-01 3.991105975035206255e-01 1.523308816103625951e-01 3.472028692165930464e-01 4.416427295582217583e-01
1.119300000000000000e+04 5.033286213529675202e-01 3.293070416409635826e-01 3.358046658649861405e-01 3.958583017906133206e-01 3.978069316590576165e-01 3.714503696738172822e-01 1.441050408397419047e-01 3.995508258302042370e-01 3.989616699213829332e-01 6.130270599105366314e-01
1.119400000000000000e+04 3.403575724192642871e-01 3.175950587394155700e-01 3.435914009492580523e-01 2.807070494302303931e-01 4.230535863286516984e-01 1.374868075867126949e-01 3.921441359706938634e-01 4.730324880433978141e-01 5.534630073517901039e-01 6.269826145512666926e-01
1.119600000000000000e+04 3.413250054353056395e-01 2.083684194884269092e-01 2.460349262285449756e-01 1.484382698369836606e-01 4.216406217294468295e-01 4.382152620381188357e-01 6.973722600929721516e-01 7.216133972190275081e-01 3.982691484114185831e-01 5.122887222404226559e-01
1.120100000000000000e+04 2.987338538306537061e-01 4.336539293271686191e-01 4.629228461087542823e-01 3.545557569012244281e-01 5.841920816513715975e-01 2.069362773047629389e-01 4.771716906440519601e-01 4.586574265513615467e-01 3.471401847308813737e-01 3.892199239458011273e-01
1.120300000000000000e+04 5.471549024959148078e-01 3.483357889317815759e-01 4.357331504486486318e-01 2.281965021776682367e-01 5.758162564021067631e-01 5.097220796864234682e-01 4.809234062094523421e-01 4.944280453570257250e-01 2.527960775946089811e-01 2.724771335364722935e-01
1.120600000000000000e+04 2.459280529392472991e-01 4.773526288952082419e-01 4.703235059589399580e-01 4.633681354360291160e-01 6.644840684810944254e-01 3.557869153663450468e-01 3.688560807715765555e-01 2.450426511494813997e-01 3.718059200292267996e-01 3.172384214612896658e-01
1.120800000000000000e+04 4.827190298340999219e-01 4.143625560245241535e-01 4.373659154583101616e-01 2.995572909933868488e-01 4.125374135653161467e-01 2.350616498655058173e-01 4.473827626027891413e-01 3.272895804362326855e-01 4.276301817151768603e-01 4.628563330401072040e-01
1.121200000000000000e+04 3.708355931844052877e-01 2.388529982443281796e-01 4.310172822126122627e-01 3.715384743262066247e-01 7.528131412944241152e-01 7.101107361047388489e-01 2.568613093398444125e-01 2.675954692866251428e-01 2.444625688652555529e-01 4.253472321508151577e-01
1.127300000000000000e+04 3.145992069003524794e-01 3.700869461196755195e-01 5.437524409673212267e-01 3.629822106779760915e-01 3.814342949421090645e-01 3.014595566721413045e-01 2.842393401384923912e-01 5.402765278387311465e-01 3.078073631844737146e-01 5.429412310403025632e-01
1.137700000000000000e+04 4.499009265801855451e-01 4.018113057821749434e-01 1.870916678436584657e-01 2.751080622767951844e-01 6.607723669297091984e-01 5.750504400683278394e-01 3.459185042425664824e-01 2.304237165940338505e-01 3.297727857400984952e-01 5.722704105621121418e-01
1.137800000000000000e+04 4.386698924012001899e-01 1.827503762177249413e-01 2.344104599915828036e-01 4.913931246890219651e-01 6.446428462072666399e-01 3.457842439747053631e-01 2.416667669877044233e-01 4.006783109988916736e-01 5.448370093763420519e-01 4.083031583542601206e-01
1.138000000000000000e+04 2.417585637381230446e-01 4.483649435783393922e-01 4.256684883941381226e-01 2.949049385644154642e-01 3.035935402097268421e-01 3.865072395340544698e-01 7.105259908755304776e-01 4.531499426478680648e-01 4.181425088685571390e-01 3.655137921310044891e-01
1.138100000000000000e+04 4.620760875532785028e-01 4.118506990091330144e-01 2.410006595219783831e-01 2.161221071736321997e-01 4.403649796541481698e-01 6.614735763580549266e-01 4.502554873369740696e-01 5.050704685202603850e-01 3.321811202500274396e-01 3.962034179427563751e-01
1.138400000000000000e+04 2.072875420190445350e-01 3.156444077736102471e-01 5.576193952850350133e-01 4.082857183095685571e-01 6.284083183459696631e-01 4.507029040177720769e-01 5.305882367092027430e-01 2.418573683969740262e-01 3.298245894680458812e-01 3.604207854675232636e-01
1.138500000000000000e+04 3.278833090658194727e-01 5.425715174794101259e-01 3.576104007039094812e-01 4.441920437214110229e-01 4.974730199689512133e-01 4.926913189928096570e-01 2.346394173086575607e-01 3.752816873845012946e-01 3.258627982865007211e-01 3.859742524563666843e-01
1.138600000000000000e+04 5.829747875147498481e-01 3.618673585694828776e-01 4.177620410296951636e-01 3.693580780940066144e-01 5.629758826276548556e-01 2.376251940373689808e-01 3.930615725266538574e-01 3.932144448200876607e-01 3.665434190746211240e-01 3.184864100468829395e-01
1.158400000000000000e+04 4.212542125177825558e-01 1.654764231530331531e-01 3.489845641565967882e-01 3.881071154197656692e-01 4.946411239789893499e-01 2.530286892541881993e-01 3.635133175619914558e-01 5.936575529911021221e-01 5.442791577461463248e-01 3.917452191463041689e-01
1.158500000000000000e+04 1.706686056184445466e-01 3.186370168183456086e-01 3.237468487386273019e-01 3.386082739028740685e-01 3.040693289959884860e-01 3.254533891940914470e-01 5.671219910165538058e-01 6.588007792028806042e-01 3.428998977357816669e-01 6.560308064799494909e-01
1.158600000000000000e+04 3.446661341115413446e-01 3.200305317903964220e-01 2.971750928713130513e-01 2.231214262926937142e-01 3.951598889009486082e-01 5.471618628385979122e-01 6.801493840102362798e-01 4.111180323493420774e-01 6.136582217335426748e-01 2.412323815322418019e-01
1.158800000000000000e+04 3.151710602993588184e-01 1.612579321912318286e-01 2.421492259428795202e-01 4.404657016651325474e-01 7.040425793580737945e-01 4.072311374061410860e-01 8.331276639706775011e-01 2.353070408757692300e-01 2.157127181790262638e-01 5.535705376197656014e-01
1.158900000000000000e+04 1.860550125248749131e-01 2.378902703593055168e-01 4.107325756110015158e-01 5.186094003738827007e-01 4.772895790880570810e-01 8.062865574428661475e-01 2.433306596684759460e-01 2.257355970370839293e-01 5.222037799050983642e-01 3.294605582826916623e-01
1.159000000000000000e+04 2.480617503810039759e-01 3.903066066646758148e-01 4.682063555131099064e-01 3.346994669217662199e-01 8.196201201515208590e-01 2.263452716528135678e-01 2.155146100142669718e-01 6.452562112865252164e-01 2.952423612602991243e-01 3.974490675370903059e-01
1.159100000000000000e+04 4.268626515159216206e-01 4.805481443802117614e-01 2.996796210495860646e-01 6.091420203591185745e-01 3.065145811718153479e-01 2.204250671568994679e-01 6.800592636583496775e-01 3.488423636417306573e-01 3.787411366793880241e-01 2.407042845112395413e-01
1.159200000000000000e+04 5.523704423222544069e-01 3.235314748183794054e-01 6.352333373282598172e-01 2.424839814211915412e-01 3.183235455374593958e-01 7.081323750472412470e-01 3.933268782826517262e-01 5.059276245270154515e-01 2.429817837943090975e-01 2.044025738509657186e-01
1.159300000000000000e+04 3.818982290941004276e-01 6.985507210399599654e-01 2.146682675975592480e-01 2.522670535271203662e-01 8.172018329944251702e-01 4.194435924041367003e-01 5.691912203520159697e-01 2.921305341949546053e-01 2.072242686473171891e-01 3.053567741788794088e-01
1.159400000000000000e+04 7.173048816609809419e-01 2.002414162409612008e-01 1.985637323164426149e-01 5.848346413915331832e-01 4.748269494909264643e-01 5.361975815643721388e-01 2.906438783014406724e-01 2.035254848237656733e-01 2.797109116946693841e-01 4.807039068163313500e-01
1.166000000000000000e+04 1.209727448117481341e-01 1.778077162412993739e-01 4.101370707138495275e-01 6.113178405544713589e-01 7.793152772579048371e-01 5.041500470113389198e-01 2.028414617467939607e-01 2.313507214307851667e-01 4.555286770374308847e-01 4.302053204017819987e-01
1.166100000000000000e+04 1.761003856198071482e-01 3.674224314880059072e-01 5.351763283010815275e-01 5.210588497603314551e-01 5.167246582580736769e-01 1.752512845958410503e-01 2.046930221927321103e-01 5.199963564243303971e-01 3.676229899887524244e-01 5.067888323769752512e-01
1.166200000000000000e+04 3.695485712668829525e-01 5.071461685568263711e-01 4.637219009437615336e-01 3.574760394020961574e-01 2.369636479919724759e-01 1.871366640023938988e-01 5.014191749336912585e-01 4.180848465819377857e-01 4.487728237484536198e-01 4.343235299162707674e-01
1.166300000000000000e+04 5.859266618445383434e-01 5.101383227738047754e-01 3.490405000695291360e-01 1.898414393176424131e-01 2.865658454297886348e-01 5.318969844459250362e-01 4.742766487588963020e-01 6.216886397717354962e-01 4.394866265881399725e-01 1.293498631870829696e-01
1.166400000000000000e+04 6.167437280026178970e-01 4.016886916637686378e-01 1.653618917133209132e-01 2.389946850077356300e-01 6.674067776810858055e-01 5.296741280337287083e-01 7.356650617820399418e-01 6.367107591020300106e-01 1.394245968269947622e-01 1.713148888346682497e-01
1.166500000000000000e+04 4.607549123698699289e-01 1.712656123810650244e-01 2.070108969707863400e-01 5.178291546516957666e-01 6.269961799177822259e-01 7.557183717372470966e-01 7.044924290970101532e-01 1.247918090691856052e-01 1.716747960138568230e-01 4.040273207609231809e-01
1.166600000000000000e+04 1.885915164672103406e-01 1.927016644819981861e-01 4.793051206073649095e-01 4.494080337926505408e-01 7.903653229517932921e-01 6.625464097630201499e-01 1.203175183359969092e-01 1.521519521088737503e-01 3.706121150499733230e-01 5.403480433500148505e-01
1.171000000000000000e+04 5.089704869085051042e-01 2.056550771410444733e-01 2.221149958036624794e-01 2.322216429157176465e-01 1.734060643310951777e-01 1.727424284997753079e-01 5.600954860159600424e-01 6.370391252769264101e-01 3.821289329571614379e-01 8.489617595297755948e-01
1.171100000000000000e+04 2.621492146598367601e-01 2.473097426821801448e-01 2.107044939582828069e-01 1.437578934206112380e-01 2.785736277827587926e-01 6.070996858338895130e-01 7.374672813647835667e-01 5.296667158472485593e-01 8.753340070058924782e-01 1.706899648241939904e-01
1.176000000000000000e+04 8.234395697732469488e-01 5.439900637426539065e-01 1.599337132673357142e-01 4.791683929274606069e-01 3.645624648149343727e-01 2.536118988643755179e-01 3.416834877180667251e-01 3.683930095395668292e-01 2.626199431686164210e-01 3.834403884450524602e-01
1.176100000000000000e+04 6.217353604860631489e-01 1.680981579619288402e-01 4.859711632040891738e-01 2.876573100510156911e-01 3.521853001569150710e-01 3.661114437314394454e-01 4.150797485333717618e-01 3.223116816237860394e-01 3.856164539236301425e-01 5.478492538832451242e-01
1.176200000000000000e+04 2.005645508990398229e-01 5.091310519689923320e-01 2.537258580946282760e-01 2.677246951606674363e-01 4.497970750940889495e-01 4.211205347881564198e-01 3.466436228610357273e-01 4.948336419740493874e-01 5.304987811187243940e-01 4.944187972274474152e-01
1.176300000000000000e+04 4.812093551776439604e-01 2.137588806595782098e-01 1.918670607452516719e-01 2.966304265542734075e-01 4.383816312295883977e-01 2.955974550305360271e-01 4.497547956704167071e-01 6.135892956470140325e-01 4.178031975507190965e-01 6.047201930510012202e-01
1.176400000000000000e+04 2.413816128338061584e-01 1.862017389829394853e-01 2.560859241319107804e-01 3.249440869040453594e-01 3.714156534473002647e-01 4.426737379026675079e-01 6.422302075793115961e-01 5.296779567093066188e-01 5.725439943286138034e-01 4.526919879310175587e-01
1.176500000000000000e+04 2.178283650612284073e-01 2.596682721132044791e-01 2.928907411966494845e-01 2.803981180482772451e-01 5.219963776890241824e-01 6.387178395644415030e-01 5.650447252515654606e-01 7.754359238725008208e-01 4.358978799442167484e-01 1.975039163758508798e-01
1.176600000000000000e+04 2.813555699553094147e-01 2.847283030330758358e-01 2.319806771979183446e-01 3.785709006967639678e-01 6.883096267948096703e-01 5.399277283946868344e-01 7.939301577634978457e-01 5.434398737090228027e-01 1.831781395574499649e-01 3.084367986486729052e-01
1.176700000000000000e+04 3.055568192949775774e-01 2.207685680144524376e-01 3.354459267311421522e-01 4.971380052595891774e-01 5.928901672858695182e-01 7.522129708260195669e-01 5.526687890253718649e-01 1.712193090681979890e-01 2.851707269772663644e-01 3.704457478912001056e-01
1.176800000000000000e+04 2.443168970838337783e-01 3.318443145253252013e-01 4.671976905677855396e-01 4.329959882148010086e-01 8.016132400058089136e-01 5.329406189325631704e-01 1.733441804913908035e-01 3.252647380709896563e-01 3.462848620174278635e-01 3.536729549414411866e-01
1.189700000000000000e+04 7.340352693160200337e-01 4.415363520683954213e-01 5.086673556101841687e-01 2.170936503582704680e-01 2.590043391873955159e-01 4.707240469274819317e-01 4.825409153972001763e-01 3.463729913664162496e-01 3.791544282973038360e-01 2.104268958165129710e-01
1.190000000000000000e+04 2.487823624163855996e-01 1.875142515420273048e-01 4.643353455243601768e-01 4.909327262966655114e-01 5.292214574183402576e-01 6.109461885088108835e-01 2.855474048377352747e-01 3.658713337238760355e-01 4.397067032940887854e-01 3.587280789989454877e-01
1.190100000000000000e+04 1.952604831930953300e-01 4.379650873799593169e-01 4.338106702181739882e-01 3.667704672426292389e-01 6.330296730704781938e-01 2.604867235132160008e-01 3.501051203219388008e-01 5.205782256814422970e-01 3.177848440277336595e-01 4.845854268695656275e-01
1.190200000000000000e+04 4.416922064114784385e-01 4.103589976237052572e-01 3.087676737122818649e-01 4.410404672969424067e-01 3.166234303518378757e-01 3.209056231586661090e-01 5.063590026120750043e-01 3.512528155351980486e-01 4.321116157913094669e-01 4.253607216582931949e-01
1.195800000000000000e+04 5.715881547634732440e-01 4.251452636511245387e-01 2.139056118641539384e-01 3.176382242200517236e-01 4.915334443736449899e-01 6.875264377455582165e-01 3.507912213746224306e-01 2.523590947722991751e-01 2.345308918016749122e-01 5.121840267271822178e-01
1.196100000000000000e+04 3.227387584326599224e-01 3.475622284508440574e-01 5.592366168140442406e-01 3.253347954587637592e-01 3.545686317632495976e-01 2.811296197150761067e-01 6.893864650541001726e-01 6.041190222551756639e-01 5.883059695850866300e-01 0.000000000000000000e+00
1.196200000000000000e+04 3.718438850344683577e-01 5.618306534869678126e-01 2.809848253246751693e-01 2.584275080279993531e-01 3.508823614736266694e-01 6.588734418223667344e-01 6.194569487603358571e-01 7.698638593068591884e-01 0.000000000000000000e+00 3.828912782932269443e-01
1.196600000000000000e+04 2.227099746010736403e-01 4.931026696923170305e-01 4.437633139947855798e-01 5.899799682441863036e-01 0.000000000000000000e+00 4.297105937995975289e-01 4.032071978187980466e-01 4.926468317569492328e-01 3.180574849793380565e-01 5.103801008166345410e-01
1.196700000000000000e+04 4.905977626476125675e-01 4.157494972982047066e-01 5.330333214057060287e-01 0.000000000000000000e+00 4.667296072925314343e-01 3.647493268274364375e-01 4.733154786483680376e-01 3.474890369061705564e-01 4.511122616854214562e-01 4.765026559139941553e-01
1.197200000000000000e+04 2.750769749813116727e-01 3.201901745097642249e-01 2.451437916054012844e-01 4.363053242139547927e-01 5.898302745942562986e-01 3.622563548921881038e-01 2.839862825955092318e-01 9.421690166269944822e-01 3.418020666801678820e-01 3.030317627684672166e-01
1.197300000000000000e+04 3.564585425762468174e-01 2.463121462891362801e-01 4.135862634835940632e-01 4.415812305134255156e-01 4.410153254141758739e-01 2.886243125439050261e-01 1.000000000000000000e+00 4.220189521823973777e-01 2.907010082369576032e-01 2.425374687297003895e-01
1.197400000000000000e+04 2.856310072532559641e-01 4.347701143443429284e-01 4.280331461656711745e-01 3.368367178143438223e-01 3.760915638382800741e-01 1.000000000000000000e+00 4.574936233771970118e-01 3.528145001556137195e-01 2.372846230761184172e-01 2.483306005070028966e-01
1.241800000000000000e+04 2.719596409093943956e-01 3.050154908202840076e-01 4.657713037517636212e-01 3.284279124936479444e-01 3.697709104260257784e-01 5.199980272370778867e-01 4.242988885858282599e-01 4.557960376982470585e-01 5.229078667119937407e-01 3.319915615345223059e-01
1.241900000000000000e+04 3.451913720711461409e-01 4.874390277273346617e-01 2.990386843930660232e-01 2.809665773620483309e-01 6.014834859084891017e-01 4.301654420885336894e-01 4.899232470889029467e-01 7.048441952821067336e-01 3.220115600290525681e-01 2.010127658943393902e-01
1.242000000000000000e+04 5.326962382074776903e-01 3.046271816657409315e-01 2.435244231992967634e-01 4.513052553443575032e-01 5.084662369300289031e-01 4.892491784604233174e-01 7.498687512226437368e-01 3.932316005903573330e-01 1.936454893801438926e-01 2.925970820487365232e-01
1.242100000000000000e+04 3.406014319250887934e-01 2.449275886302355876e-01 4.305716008447806331e-01 3.813999604055806070e-01 5.654617900618889026e-01 7.402197052012658984e-01 4.174188251315265052e-01 1.980499870327362411e-01 2.810142040046186285e-01 4.529885428907506340e-01
1.242200000000000000e+04 2.670373414100563614e-01 4.279354037542404954e-01 3.405147039164905243e-01 4.107228841560718879e-01 7.858167668344951950e-01 4.022261280138184070e-01 1.993279194872284998e-01 3.166858980674109869e-01 4.210275691433921219e-01 4.011135507580701476e-01
1.242300000000000000e+04 4.398425931634146746e-01 3.239408599532584976e-01 3.607088604548390753e-01 5.559859805235800589e-01 4.532418587646223074e-01 1.891987722015560092e-01 3.105638920829103533e-01 5.069709669220031634e-01 3.632320799490241225e-01 4.286329699361169365e-01
1.242500000000000000e+04 4.113892976689980108e-01 5.705068637101976536e-01 3.103923552076872094e-01 2.067779371350738638e-01 3.972925447776847196e-01 5.387224926897639099e-01 4.863000799066314883e-01 5.310783411947296306e-01 3.909069772628774309e-01 2.619030346119830543e-01
1.252900000000000000e+04 3.452361916206390657e-01 2.265937198230529304e-01 2.702170223486306533e-01 4.947444986927507782e-01 5.329292814408258527e-01 5.644044702859849494e-01 5.777065170998632038e-01 5.617454542576538756e-01 1.871753467927688153e-01 3.799384289741902787e-01
1.253700000000000000e+04 1.484583312552194834e-01 3.168591626621654056e-01 2.455821079991803990e-01 4.155616454894837108e-01 6.348734499454443680e-01 7.507968397901011448e-01 4.287958442363902778e-01 3.260267554966683745e-01 3.381805840055506773e-01 4.669447125699884849e-01
1.253800000000000000e+04 3.046807503246081184e-01 2.079372692788356847e-01 3.390606932623311254e-01 4.218288409431712460e-01 7.290245347449498814e-01 3.692417063667565724e-01 2.927493666273952022e-01 3.573788107822135629e-01 3.968904273399356253e-01 5.462961624830194873e-01
1.253900000000000000e+04 2.124368216894784445e-01 3.101497603477507137e-01 3.591916904420102141e-01 5.007004798528543743e-01 4.097117510332311530e-01 2.635829605513242968e-01 3.375346033637137144e-01 4.551650102428398958e-01 4.803812286831978806e-01 5.570823280667305255e-01
1.254000000000000000e+04 3.336091163818981076e-01 3.543627271802902157e-01 4.684115180813830381e-01 2.982400136194343077e-01 3.340757384097259863e-01 3.273902826890706108e-01 4.652375585603950592e-01 6.105745645811818667e-01 5.181454203096748090e-01 2.952999216712484665e-01
1.254100000000000000e+04 3.936958785530822458e-01 4.858827937470419633e-01 2.628699463429390870e-01 2.520699749743660623e-01 4.083785530486906956e-01 4.658250736397830383e-01 6.501990694308038554e-01 6.915083353269211308e-01 2.842690287619637490e-01 2.797750558705029977e-01
1.254200000000000000e+04 5.351199426147056348e-01 2.685046784396082353e-01 2.136729015572322865e-01 3.094139749255886418e-01 5.470786191262664300e-01 6.496409657858116526e-01 7.413427943831519817e-01 3.390394121041956921e-01 2.710477207765661367e-01 3.094282340677610432e-01
1.254300000000000000e+04 3.072395500371901123e-01 2.167536359646379807e-01 2.784761838849846849e-01 4.149587608328641486e-01 7.303926364679657057e-01 7.413789118511089349e-01 3.653938843496048472e-01 3.203387322493832512e-01 3.007080630762469786e-01 4.162824247286083801e-01
1.254400000000000000e+04 2.385999121554467084e-01 2.707262580439360189e-01 3.766572657126374679e-01 5.303825903000389808e-01 7.873873464748963880e-01 3.535688980214442001e-01 3.258792418517297840e-01 3.459464397191621132e-01 3.871463240488875468e-01 3.721369623227008816e-01
1.254500000000000000e+04 2.928368394793063878e-01 3.716107748887022555e-01 4.991377268885358043e-01 5.706730560432606847e-01 4.186715407900701291e-01 3.156478116820256030e-01 3.515165515937952456e-01 4.722239301557398239e-01 3.454762741202224152e-01 3.227291826664476782e-01
1.254600000000000000e+04 4.041841166190774937e-01 5.092992739281233527e-01 5.536053587164807555e-01 3.101372789586959722e-01 3.903876983708562398e-01 3.482288172652107106e-01 4.931290517963062281e-01 4.208813609352770602e-01 3.055288432833366818e-01 3.012870653841972501e-01
1.254800000000000000e+04 6.510227937938439791e-01 2.935752143744581599e-01 2.700974724261555049e-01 3.343845987691130284e-01 5.905038502133159728e-01 4.683826965130805098e-01 4.104174129976945751e-01 3.611940206484073324e-01 4.479652430908386829e-01 2.317215653180088875e-01
