5.500000000000000000e+02 6.782657346556503208e-01 4.163303960057171405e-01 1.464273732974378239e-01 2.204593773130702483e-01 1.058268205220107561e-01 1.680255393084314486e-01 5.861007078560721562e-01 1.000000000000000000e+00 4.669453248476592711e-01 2.382459599055204436e-01
5.510000000000000000e+02 4.974620029583333158e-01 1.499912909070308942e-01 2.792950073597500471e-01 1.226407575815820772e-01 1.830258697262188428e-01 5.001850152908078329e-01 1.000000000000000000e+00 5.778643977091888484e-01 3.932353975116153477e-01 1.649926633466269610e-01
9.570000000000000000e+02 3.120240242228579097e-01 8.795679341463010781e-01 4.308564609315533311e-01 2.963837540571301332e-01 3.315303168420770108e-01 2.554379291329059720e-01 2.878624917344370648e-01 5.215762016235149234e-01 3.705201004560602640e-01 1.691223841812774797e-01
9.590000000000000000e+02 6.032174006093825591e-01 4.309492553563730732e-01 4.432847755013635260e-01 2.969252566775478774e-01 2.654757613753308543e-01 4.463677957551784314e-01 4.685760016193159516e-01 3.551041828362613284e-01 2.984098487324948756e-01 1.895652093560582507e-01
9.830000000000000000e+02 3.290491006668584961e-01 3.718365794771579247e-01 4.816754240578697277e-01 3.548260799373669783e-01 2.907417261673644893e-01 4.834254049986684287e-01 3.121412054882676812e-01 4.883823275309565615e-01 4.345468800715694968e-01 1.818817013979460440e-01
1.043000000000000000e+03 4.010639607403012064e-01 4.763327645885681583e-01 3.029942780276855818e-01 2.561006715790746791e-01 4.703778887071456416e-01 4.140007346713452940e-01 3.757870106432872337e-01 6.499561793910050289e-01 3.146007227659113892e-01 1.376791709476603842e-01
1.322000000000000000e+03 2.909786837234152324e-01 6.506894200957928920e-01 4.166922497813094761e-01 2.154180142197970327e-01 3.300954240032434317e-01 2.354927897982116713e-01 1.618413008550994292e-01 8.389485290212245205e-01 3.966098343831034323e-01 2.911664685752858861e-01
1.323000000000000000e+03 6.852143778189282441e-01 4.479648723493493412e-01 2.402705569202142621e-01 3.269705734031523869e-01 2.233001877940362090e-01 1.282159504766035851e-01 7.644415708272130905e-01 4.417322800183309806e-01 4.234287179649629529e-01 2.369047223087876186e-01
1.673000000000000000e+03 3.531336886878971848e-01 1.598156890745693615e-01 6.922373497402994902e-01 3.299823501794051372e-01 4.050940486586311895e-01 3.467301013383619623e-01 3.110998642283548943e-01 3.909527915639907092e-02 6.683877768220600757e-01 2.974796425153710122e-01
1.674000000000000000e+03 1.639684811912371365e-01 7.664722005393583837e-01 3.581695355406667725e-01 3.933389336986556906e-01 3.230401858256613523e-01 2.356300084367366765e-01 4.127707558919700703e-02 7.153616600113619217e-01 4.219721738000772326e-01 3.311185383848465058e-01
1.675000000000000000e+03 7.697503410399819668e-01 3.550441601656688095e-01 4.160194510403349977e-01 3.037867508488183432e-01 2.107901739581039269e-01 3.015136857174070470e-02 6.240959156640303318e-01 4.446786954867253394e-01 4.575783318320479354e-01 2.965155477336335332e-01
1.676000000000000000e+03 4.306359788751915052e-01 5.077002234671467162e-01 3.808138080918977986e-01 2.380172828915966821e-01 3.973438198882559697e-02 5.340580633470548566e-01 4.622513912087393706e-01 5.701209042811615779e-01 4.887757960061666629e-01 2.060720646929602440e-01
1.677000000000000000e+03 5.748175416313099362e-01 4.368424056798369537e-01 2.862537238479899160e-01 4.484398473853499351e-02 5.438161437407649235e-01 3.817020176887226945e-01 5.581893668922043306e-01 5.777362801882166554e-01 3.244939766771477996e-01 1.349347237811819866e-01
1.678000000000000000e+03 4.648851476766805990e-01 2.920637388306437376e-01 5.317170776489683892e-02 5.448655722213406882e-01 3.670316154460284142e-01 4.329260039585082209e-01 5.332567138278148100e-01 3.680608185015180056e-01 1.956503292151255680e-01 3.774116607421416081e-01
1.679000000000000000e+03 3.282625302852527627e-01 1.430213593772165781e-02 6.287233490759508436e-01 3.807679832153199051e-01 4.321097194732041458e-01 4.291744991244232921e-01 3.585978396742467988e-01 2.429712539863498610e-01 5.760365257147909146e-01 2.154673291121751988e-01
1.680000000000000000e+03 1.953023941837558550e-02 7.092658908483744362e-01 4.247441917331912786e-01 4.313232079252913298e-01 4.122068653730686094e-01 2.795090695494122368e-01 2.300168181349823426e-01 6.356076955672921303e-01 3.139205687112460730e-01 2.447607804557479505e-01
1.681000000000000000e+03 6.968689879117302421e-01 4.226596454195336028e-01 4.469831139738215109e-01 3.818709998166242015e-01 2.456005531071165648e-01 1.640904618169013451e-01 5.432682556497014925e-01 3.249979178303856187e-01 3.260421509112238492e-01 2.762051782897886332e-01
1.682000000000000000e+03 5.043554433527405179e-01 5.452670104541443852e-01 4.717297433738421031e-01 2.741722415501016696e-01 1.787983240384101169e-01 4.646796722652990486e-01 3.431204367828561419e-01 4.154790993741893090e-01 4.534343044837244596e-01 1.776282273658525146e-01
1.683000000000000000e+03 6.152477991180183015e-01 5.520914227991432499e-01 3.276258450564564773e-01 1.908643389241257149e-01 4.729462049889624486e-01 2.861126010890507887e-01 4.116966204375989702e-01 5.375436511999481803e-01 2.800617573508268898e-01 1.818884111030956985e-01
1.926000000000000000e+03 1.414918181807105768e-01 6.329106187095884239e-01 3.282902188042521319e-01 4.309017054812296355e-01 4.538729805231315195e-01 3.679345984545567827e-01 1.263906685445899680e-01 3.784633857443725491e-01 3.501558149755717442e-01 3.855609918671947245e-01
1.927000000000000000e+03 6.236973706038445586e-01 3.129369827255089609e-01 4.485272852357581330e-01 4.234762799046075110e-01 3.283069420854232701e-01 8.983177418209992160e-02 3.250951555093440914e-01 3.635841226097024093e-01 5.255951091630154393e-01 3.292035007760560905e-01
1.928000000000000000e+03 3.567367173366484678e-01 5.182686254710254792e-01 4.966784303637191145e-01 3.453488969975015976e-01 9.237193469932188095e-02 2.694542509819060072e-01 3.597310846459556566e-01 6.133742517923973514e-01 5.098371115889607230e-01 2.720819520883294151e-01
1.981000000000000000e+03 2.353140569237492374e-01 1.465210376400766235e-01 4.730621434200970032e-01 4.287294593447546487e-01 3.921476619489596138e-01 3.273248442743171838e-01 4.715718657313054396e-01 2.713298577660699928e-01 5.437376060835622527e-01 3.159347571651904274e-01
1.982000000000000000e+03 1.598568414644003788e-01 5.216765514964296635e-01 4.798537028142524918e-01 3.927948723081355897e-01 3.149848613341302839e-01 3.674345843318843619e-01 2.570320471946841989e-01 6.037457871286298072e-01 4.645152661925144311e-01 1.807368745343204686e-01
1.983000000000000000e+03 5.745884963809824164e-01 5.483081782047309893e-01 4.539715149376208903e-01 3.256969723614058787e-01 3.655804369641743046e-01 2.111300734564017789e-01 5.755449779536306876e-01 5.363995904761282851e-01 2.758513282813108147e-01 4.894542652967812102e-02
1.984000000000000000e+03 6.277906261680442634e-01 5.376335317539834291e-01 3.929344146320700726e-01 3.928359513222632327e-01 2.201671098015764438e-01 4.780347381077247326e-01 5.332081318571406658e-01 3.455059848769014841e-01 8.483913702304102245e-02 1.839882468979980035e-01
2.190000000000000000e+03 3.358546491454857952e-01 4.043345320326169889e-01 2.314068367090638678e-01 4.793171357212326344e-01 5.160325158122617273e-01 3.045665272472544149e-01 2.050768994404011669e-01 3.446231506071725792e-01 3.478392282824719905e-01 4.161357309737651611e-01
2.191000000000000000e+03 4.074830288231803821e-01 2.089620531162657557e-01 5.117350447894976062e-01 4.946642869161135825e-01 2.776314911305705069e-01 1.524130211793724154e-01 3.052181362721816948e-01 3.722101720690692561e-01 5.834284230703034035e-01 3.673492522706594543e-01
2.192000000000000000e+03 2.346091443149589950e-01 5.840042091596815421e-01 5.660550629654353960e-01 2.849023881750828435e-01 1.502787972172650310e-01 2.469326259774444754e-01 3.582643341874087173e-01 6.621650035040428373e-01 5.547920860065923554e-01 2.106216693490676195e-01
2.193000000000000000e+03 6.145990310048122796e-01 6.289044108701052904e-01 3.165198069910906686e-01 1.463449238224840410e-01 2.340174690898712273e-01 2.774082650499154479e-01 6.047830837042738050e-01 6.092657681963714600e-01 3.044046246645550902e-01 2.086208014991366433e-01
2.197000000000000000e+03 3.162521365823504627e-01 3.420461196896838474e-01 5.481465997025540826e-01 4.568809964962118331e-01 2.686674667660238769e-01 2.805252167704336275e-01 3.674827487798908998e-01 3.321987342313966196e-01 4.410760709327137263e-01 3.181996244211979241e-01
2.199000000000000000e+03 7.037561216000879361e-01 6.144058172635982196e-01 3.274180270024217854e-01 2.923718186893295989e-01 3.000091928390379858e-01 2.671172670112832992e-01 4.951639070925706876e-01 5.646960633435271770e-01 3.160038941768918974e-01 7.790852410176367371e-02
2.330000000000000000e+03 5.383451602668202218e-01 5.043221007396184730e-01 2.862010316111702757e-01 9.906492874829475603e-02 4.000360277932986097e-01 4.045318482103283375e-01 5.354985334231412430e-01 5.010831117417114955e-01 4.708007189100453238e-01 1.390386816979268525e-01
2.340000000000000000e+03 2.980380436662692367e-01 6.389871981531054512e-01 5.206902454183434115e-01 3.874248557485377442e-01 2.653058202773865837e-01 1.359344069337456995e-01 3.059569387723335976e-01 4.063204731833884309e-01 4.723841155104159251e-01 3.295641734736036721e-01
2.341000000000000000e+03 6.804610573370013515e-01 5.811279083656628597e-01 4.347837297148143265e-01 2.652750382074817170e-01 1.293734750697784208e-01 2.410188355242264824e-01 3.800033492813181257e-01 5.283665190456965366e-01 4.856820978373443398e-01 2.109813811770752112e-01
2.427000000000000000e+03 7.070592874336419920e-01 4.028825234838178670e-01 1.583060786716792567e-01 3.262655658881233878e-01 2.523779322417746274e-01 5.685412728130803117e-01 6.294015294309462938e-01 4.527362639580626569e-01 9.258340768575946955e-02 2.142909983018005948e-01
2.428000000000000000e+03 4.655946523805386539e-01 1.562301224647086872e-01 3.929528058387730116e-01 2.720867741835771292e-01 5.847147527531335598e-01 5.206877955486232112e-01 4.527749215662741911e-01 1.386209430906487072e-01 3.419245291046714152e-01 2.667492342990046006e-01
2.630000000000000000e+03 5.895776888786921077e-01 3.507756343558977585e-01 1.693464785833949104e-01 3.773471060901099627e-01 2.594329644159716342e-01 4.523111668863001866e-01 5.686643356762010049e-01 4.207724899168416299e-01 3.540742833983022697e-01 2.411141796907345924e-01
2.632000000000000000e+03 1.842373762349654165e-01 4.951762873040824187e-01 3.133089579277495429e-01 4.662416312258624296e-01 4.542247192708680492e-01 3.288353838758381609e-01 4.021186627548898329e-01 4.311358093995605323e-01 2.618981664742593973e-01 3.019204750958526806e-01
2.634000000000000000e+03 3.388287803224995232e-01 5.669099835280255739e-01 4.982457110594604721e-01 3.085158983743033767e-01 2.947014082067128116e-01 3.061268520624593203e-01 2.766265153476734628e-01 4.844177224084960098e-01 5.399101782091541013e-01 1.892783324694587987e-01
2.635000000000000000e+03 6.196058168809258637e-01 5.678201144562616820e-01 3.559688506505873651e-01 3.027990542985979361e-01 3.026991316345313821e-01 2.249067051784921778e-01 4.621831142945312387e-01 6.153749747932328873e-01 2.865582690211391781e-01 1.683494939100544652e-01
2.636000000000000000e+03 6.247203213999115157e-01 3.933175273886057033e-01 3.518907953538669697e-01 3.131788733035708594e-01 2.239984585085157409e-01 3.722257596199280982e-01 5.866152669959469046e-01 3.416357366804717577e-01 2.572572196926259935e-01 3.123612135829337833e-01
2.639000000000000000e+03 4.633953681315484130e-01 2.997417976826458053e-01 4.575396679708843006e-01 4.984461905101348345e-01 2.793617997031082600e-01 2.566703567788733986e-01 5.419268747853096535e-01 3.866850053737930781e-01 3.673625808545541993e-01 2.034845522148696628e-01
2.640000000000000000e+03 3.329087136681241343e-01 5.175119629351628836e-01 5.713525158585913699e-01 2.872893269332108535e-01 2.539805934629910111e-01 4.324523749928376182e-01 3.723988339439918138e-01 4.275373669318958680e-01 3.083456825158523706e-01 2.374641426266908550e-01
2.641000000000000000e+03 5.712706396146411958e-01 6.642583100364799487e-01 3.347682018889517885e-01 2.632452671750767914e-01 4.310407434415611805e-01 3.022418620563576686e-01 4.131896580283037634e-01 3.661302469825795103e-01 3.627052594037974420e-01 1.432343629810246544e-01
2.642000000000000000e+03 7.294888978515968736e-01 3.671570764359310401e-01 3.072356498998312091e-01 4.462347187341769161e-01 3.012232984830535698e-01 3.341060239954452005e-01 3.560309189460399981e-01 4.255376080111977211e-01 2.194667218024674293e-01 2.820492195404676328e-01
3.166000000000000000e+03 4.267356782870376231e-01 2.024033335178370419e-01 4.594603127118900843e-01 3.872995897258219022e-01 2.822389552035342586e-01 1.030354378927912928e-01 5.709154472567063987e-01 3.400766096622416801e-01 4.283479602216616056e-01 4.753490512644873989e-01
3.408000000000000000e+03 1.000000000000000000e+00 4.164018236227375325e-01 2.860384942088893545e-02 6.549261826983325818e-01 2.605218569042861976e-01 2.684503851577687006e-01 3.672715461947078097e-01 3.411514631658602581e-01 1.082243007912485899e-01 3.409941542553743821e-01
3.409000000000000000e+03 5.129290807640288774e-01 0.000000000000000000e+00 8.172539511569469894e-01 2.993985614552874264e-01 2.966405633363868311e-01 3.293255367583497462e-01 3.702784939219117555e-01 1.730618740607101080e-01 5.728660003121440747e-01 2.867197989074327102e-01
3.569000000000000000e+03 5.698223973324746394e-01 7.133620047143108822e-01 3.355848898082953169e-01 1.598766810415757078e-01 3.710362113397315253e-01 2.940914609219418829e-01 4.376653975735604885e-01 6.609543044821312163e-01 3.522437622116068590e-01 7.083646768723084186e-02
3.571000000000000000e+03 4.317798480692860430e-01 1.995886451304932363e-01 4.647082554100523955e-01 3.184240708827705268e-01 3.683606888988739114e-01 5.251557060905411856e-01 4.201056829318561836e-01 1.603582944491068474e-01 5.770837092729410589e-01 2.027163012519661023e-01
3.572000000000000000e+03 2.229312670299504195e-01 5.227965211498363240e-01 3.650300277825310746e-01 3.764373491969565944e-01 5.168622868072811904e-01 3.349945433006041862e-01 1.618300597456623358e-01 6.523263253395383821e-01 3.046389494130773978e-01 2.368977840004017621e-01
3.573000000000000000e+03 5.225540144954858857e-01 3.625740456229565312e-01 3.975323249854317842e-01 4.909932303024444611e-01 3.030372870683256670e-01 1.185669601287216018e-01 5.686998871276808254e-01 3.236762252550110519e-01 3.231644562445438740e-01 3.314723571009842717e-01
3.574000000000000000e+03 4.181852693411366451e-01 4.612037890174912613e-01 5.822202981078178352e-01 3.239426591265150979e-01 1.241418025774741057e-01 4.693294752937750003e-01 3.278982962232778742e-01 3.955567421306174780e-01 5.213486199358242645e-01 1.728514772065209149e-01
3.576000000000000000e+03 6.843399649586823230e-01 3.793713154332526427e-01 1.355911686414485451e-01 4.466149917589761764e-01 2.420185890714050825e-01 2.837071832069912314e-01 5.269861677904160713e-01 2.853116534592053388e-01 3.176913181961618093e-01 4.314348342297904537e-01
3.577000000000000000e+03 4.531426067415236236e-01 1.344060105449497444e-01 5.468410779856186510e-01 2.690225590765861763e-01 3.023266206887217367e-01 4.494746540871200069e-01 3.030114172935607364e-01 4.039532673847022748e-01 6.977274612170387691e-01 1.814992913392939611e-01
3.711000000000000000e+03 5.813833444791217664e-01 1.308162389257211122e-01 6.914466312400089354e-01 3.187906526973808274e-01 3.323322424388268637e-01 4.482332384728553443e-01 2.886705958162216756e-01 2.185138057185871674e-01 4.288531582245853069e-01 2.357073907500630838e-01
3.712000000000000000e+03 1.496559125718058270e-01 8.053763888951873673e-01 3.658505603660608951e-01 3.398979114199618956e-01 4.414622258265963328e-01 2.330598061179046665e-01 2.155691333575120994e-01 4.918220126395563829e-01 3.547011644435896227e-01 3.195333740540445833e-01
3.900000000000000000e+03 4.117140931685028815e-01 5.305725863590636804e-01 2.873188999239609798e-01 1.380974470687451328e-01 5.642724391166847875e-01 5.063023210404765662e-01 4.628978283243382896e-01 7.055824028227403177e-01 2.423420184752074213e-01 5.443829504265116498e-03
3.901000000000000000e+03 5.495593803747274020e-01 2.840635277040803319e-01 1.511814433019145199e-01 5.533969532377536193e-01 4.772191550690819684e-01 3.514429174300511272e-01 6.344769092082970241e-01 2.715701694656456611e-01 0.000000000000000000e+00 3.481242726416562960e-01
3.902000000000000000e+03 3.307672353117867003e-01 1.449363383990961984e-01 6.537188573773154987e-01 5.071908203535117066e-01 3.603498748830908371e-01 5.212454030255726511e-01 2.779228234956756527e-01 3.304264114330143776e-02 5.461745177069664559e-01 1.935880292220263088e-01
3.903000000000000000e+03 1.654192418225540195e-01 7.599699456377664308e-01 5.794483723935404118e-01 3.694011851530273893e-01 5.144957179416552728e-01 2.252468618499439967e-01 4.543336972624449632e-02 6.206666086831725826e-01 2.921077762413362144e-01 1.706094714910028343e-01
3.904000000000000000e+03 7.818195996778848356e-01 6.308070168614432482e-01 4.005434861753732201e-01 5.008335996818986668e-01 2.073899019176792535e-01 3.646253161153582834e-02 5.552874250844408444e-01 3.211306916999140948e-01 2.378686372618145639e-01 2.306190606298634260e-01
4.057000000000000000e+03 4.391707088223195110e-01 2.359708694417796127e-01 8.304849202060411439e-01 2.634337369855274114e-01 2.443833106942830680e-01 4.117120003895794467e-01 2.599744291228222037e-01 1.184289736288932776e-01 4.205824402266435946e-01 3.888531289211701325e-01
4.058000000000000000e+03 2.586115694077341098e-01 9.697242956160564420e-01 3.001820711958477217e-01 2.469400114758514286e-01 4.016029630231374159e-01 2.082475679561411053e-01 1.213285675997363838e-01 4.778707615536783027e-01 5.794524050824599870e-01 2.641544770516954244e-01
4.177000000000000000e+03 2.563923993517941424e-01 4.652215637810487581e-02 8.895545940837892296e-01 2.240889116033276118e-01 2.686084784056928521e-01 4.020057324392482534e-01 3.019809323210445040e-01 1.176446947334449655e-01 6.855692407135050015e-01 3.807570837427513011e-01
4.178000000000000000e+03 4.652753160424382556e-02 1.000000000000000000e+00 2.423577153510913795e-01 2.577680314797819450e-01 3.744439759573394699e-01 2.280069361156875918e-01 1.101240312303009977e-01 7.313073311311071301e-01 5.409417276639897354e-01 2.856925537419971461e-01
4.308000000000000000e+03 6.353368138439483559e-01 3.297272077335564600e-01 2.082678837666845362e-01 5.845586429355731362e-01 3.287164280721041054e-01 2.861829555256096280e-01 4.792077449490206309e-01 2.546537157183135225e-01 7.772958930560265600e-02 4.496585054191338249e-01
4.620000000000000000e+03 5.127755770897611809e-01 3.424811384091290822e-01 2.852518779335176946e-01 2.861994424447050211e-01 2.744999198853949607e-01 2.432815444509515146e-01 3.130928760295264568e-01 7.083278896765500265e-01 5.383007237607807527e-01 3.183640062993132180e-01
4.621000000000000000e+03 3.660769266690364621e-01 2.913135386569065122e-01 3.212284485440631276e-01 2.737119006046007663e-01 2.330592563628668956e-01 2.457002460511202580e-01 6.520218100074156586e-01 5.973589633230309559e-01 4.676346460375045422e-01 3.393941734586825021e-01
4.676000000000000000e+03 4.502049825117827586e-01 3.715846861142018120e-01 4.197592615356395274e-01 3.829357441824731700e-01 3.475269533130994071e-01 2.996143246864792498e-01 3.488340177155356825e-01 2.629807579053537459e-01 4.276736416694714715e-01 3.626118851114981112e-01
4.677000000000000000e+03 3.972960909046727718e-01 4.565075686187640702e-01 4.290816745423362555e-01 3.478124495706908514e-01 2.881212964461852821e-01 2.734231151812894778e-01 2.495403566497623182e-01 4.795747882718416899e-01 5.337919008222521411e-01 3.011558645302066517e-01
4.678000000000000000e+03 4.985189454097117001e-01 4.791515429620523125e-01 3.986294703901147596e-01 2.945979660474661865e-01 2.689849937230979759e-01 2.026301477215441682e-01 4.556093840349290103e-01 6.060010366899832857e-01 4.532431843727033338e-01 2.139955218779089618e-01
4.679000000000000000e+03 5.664811870128335647e-01 4.799878772856072673e-01 3.664018502871902450e-01 2.985283850020453711e-01 2.182130363478837765e-01 3.912838288163154044e-01 6.145623117583101092e-01 5.600195598348037818e-01 3.530699716263172028e-01 6.650043664080795836e-02
4.680000000000000000e+03 5.635625486801177919e-01 4.344613085157916221e-01 3.686047973864343130e-01 2.417484100114014323e-01 4.121247262839075054e-01 5.187791713702406549e-01 5.663801178366741906e-01 4.419013325233580591e-01 1.171480138715948055e-01 1.254513138815055440e-01
4.681000000000000000e+03 4.675423519869443822e-01 3.973625025935850208e-01 2.745986721679846698e-01 4.160829073321089533e-01 5.046060250302466521e-01 4.433478361223762709e-01 4.148113353640603962e-01 1.490740119447413470e-01 1.845896816850252364e-01 3.455135064427243274e-01
5.094000000000000000e+03 4.100121263929820681e-01 2.205957105045013578e-01 4.822547645221267332e-01 4.029509783841332404e-01 3.453565037215945432e-01 2.944049134246765620e-01 4.632826168005378942e-01 2.566953548291206477e-01 4.830269727505341892e-01 3.101605833364636799e-01
5.096000000000000000e+03 5.490982708095492049e-01 4.784588317762104026e-01 3.754144687259881041e-01 2.731026556902927394e-01 3.369827900729596148e-01 1.854133423895181765e-01 4.837997888022657622e-01 4.934997174058521341e-01 3.599357767345168768e-01 2.891824600278463109e-01
5.097000000000000000e+03 5.420141660908865955e-01 4.293870775257739858e-01 3.264645532943819539e-01 3.572561371973110300e-01 1.904335410567555009e-01 3.984681623300483921e-01 4.853390233985286906e-01 4.334040155810174322e-01 4.522795576580736499e-01 2.075299244824040379e-01
5.125000000000000000e+03 2.931004137702397094e-01 3.152374378942181532e-01 3.176930067940402780e-01 3.137335228030190826e-01 3.057811006508034390e-01 6.050773793113970456e-01 2.105063446055843723e-01 5.936155666521796270e-01 4.402522370765566961e-01 2.780058984012476753e-01
5.797000000000000000e+03 4.080462215050250085e-01 4.143501790191598255e-01 3.664705655511408811e-01 4.184063219277446843e-01 2.187235938349766928e-01 2.688252922270453205e-01 4.485688614856726542e-01 3.226726250604570745e-01 1.772332671775125601e-01 5.730769676098149690e-01
5.800000000000000000e+03 5.113402031776409506e-01 2.195884236979465387e-01 2.685111784140180591e-01 3.141778597209748392e-01 2.112992425805436114e-01 1.469727813023862517e-01 8.013985982605059677e-01 8.219266929182255099e-01 2.336713913619090643e-01 3.277910215501704250e-01
5.801000000000000000e+03 2.577127770047812905e-01 2.930487004484259028e-01 3.739657296885763871e-01 2.250891152303252374e-01 1.515295891496048486e-01 6.519629709402998685e-01 7.949274931307677150e-01 2.926027985371632001e-01 5.118473863181165484e-01 1.854397436150173606e-01
6.030000000000000000e+03 7.776145565185146324e-01 4.923018418601661783e-01 2.635697789778500000e-01 2.757250721968207974e-01 3.741096861318993771e-01 3.618113646384432669e-01 4.911280138202567813e-01 4.659600234164043564e-01 2.460824291972383560e-01 1.364771806406145094e-01
6.191000000000000000e+03 4.600558986183349020e-01 5.367292268205294814e-01 3.752728668687417279e-01 3.607873873567133960e-01 3.072061844628170557e-01 2.445961018241590290e-01 3.612707348071019786e-01 4.888436494958313117e-01 5.186996617463575099e-01 1.839190136751833460e-01
6.192000000000000000e+03 5.973945898652075481e-01 4.224261769836981095e-01 4.220436016881811137e-01 3.212424767869110354e-01 2.464150495761650850e-01 2.962495383224204581e-01 4.742332261741823429e-01 6.021123210943227777e-01 2.846429257747948860e-01 1.930883072989538762e-01
6.203000000000000000e+03 3.824236871101689972e-01 3.771292092898215764e-01 3.654711504335336758e-01 2.303844729035089411e-01 3.239099187014561898e-01 3.075897452069922822e-01 3.842441581018392061e-01 4.439479986593427574e-01 4.289009871714163924e-01 4.474218292333485003e-01
6.204000000000000000e+03 3.960051784507248041e-01 3.831114172347742097e-01 2.551226300647095324e-01 3.189036235421469634e-01 2.911631261698539030e-01 2.957968036326298344e-01 4.068412400489042069e-01 4.732773068021880469e-01 6.499076984880972629e-01 3.026313231150389305e-01
6.205000000000000000e+03 4.268175741684467894e-01 2.680316127780861257e-01 3.713503033186787983e-01 3.022286130464718057e-01 2.954640651353857006e-01 3.298306188014731299e-01 4.563564008981057518e-01 7.419961967495641852e-01 4.624421779581798786e-01 1.753356047990772271e-01
6.206000000000000000e+03 2.961943198488744544e-01 4.068071476999527980e-01 3.467958056058168537e-01 3.017593311496382658e-01 3.242716050754904655e-01 3.632078073817752162e-01 6.961357228518805229e-01 5.277880197418000074e-01 2.634866264458278207e-01 2.339289255607192586e-01
6.207000000000000000e+03 4.360403509521744714e-01 3.685663038736043395e-01 3.400558494465419357e-01 3.254073058299318255e-01 3.510545164094161508e-01 5.412164604474409835e-01 4.908458399690278084e-01 3.049664772440320304e-01 3.444106695109568350e-01 2.058836409512442844e-01
6.208000000000000000e+03 4.081983030737527107e-01 3.720382143191010571e-01 3.764524697298888278e-01 3.620770923730539659e-01 5.371955723263214244e-01 3.935714000560769366e-01 2.979345819468011691e-01 4.037008728774503785e-01 3.130247354961502859e-01 2.145520822122469751e-01
6.210000000000000000e+03 4.477893293061867008e-01 4.564138802421104368e-01 6.213695027259790171e-01 3.928692020349645042e-01 2.337067625997745202e-01 3.056535897582799977e-01 3.473868267627872597e-01 3.725383975290011973e-01 4.070603874696311353e-01 1.927370696287041829e-01
6.211000000000000000e+03 5.097001387912037940e-01 7.327057171831958815e-01 4.584921543242808095e-01 2.445333269238970930e-01 3.073810517808114873e-01 2.850753712383313210e-01 3.654147796250224456e-01 4.785230922467207382e-01 2.978654763472587397e-01 1.877397172627907618e-01
6.212000000000000000e+03 8.022057784169119854e-01 5.214650590912924821e-01 2.854352268578163043e-01 3.177951088597934515e-01 2.836451520452070163e-01 2.960910527321577446e-01 4.594921109917213808e-01 3.537497984557088637e-01 2.864185325362701984e-01 2.508106593601736045e-01
6.528000000000000000e+03 4.411594976538849577e-01 1.712545159001782891e-01 3.437088061596951793e-01 3.870198511624217130e-01 3.789077419680312309e-01 4.269263114651801749e-01 4.280187802584313750e-01 2.025616778813456864e-01 4.038896566524052267e-01 4.071950477554117098e-01
6.529000000000000000e+03 1.831635276365038700e-01 3.594597208847510328e-01 4.298648336178236273e-01 3.761719766787571251e-01 4.083465003246439240e-01 3.310997924390545188e-01 1.923638244060545954e-01 4.497849952466261847e-01 5.945956540641038623e-01 3.192234219224381886e-01
6.684000000000000000e+03 1.743852705100523703e-01 5.366959537703522853e-01 5.044678462637506300e-01 4.375230946655062070e-01 3.525015744668884010e-01 1.607834916002474357e-01 0.000000000000000000e+00 6.256858481353010371e-01 5.509134747408631627e-01 3.522609693214676096e-01
6.685000000000000000e+03 5.383857263160957141e-01 5.279851511235135186e-01 4.639501273678691140e-01 3.329840227817915110e-01 1.414068646746831082e-01 0.000000000000000000e+00 5.472384927143527644e-01 5.782344522927733710e-01 4.886212972668777521e-01 2.971262822627896427e-01
6.686000000000000000e+03 5.959559265033940179e-01 5.418791143992388593e-01 3.954321655957183657e-01 1.514409757214062180e-01 2.724308177470001740e-03 4.487942372007489023e-01 5.648185665165954550e-01 5.764777675639486398e-01 4.641723375240515703e-01 2.032155890395595521e-01
6.687000000000000000e+03 6.361050571688919852e-01 4.747485266531169534e-01 1.954619923298883954e-01 1.010352428444006266e-02 4.737456873913994948e-01 4.801170823325565662e-01 5.847992015493754803e-01 5.714190589785967944e-01 3.351328376766734563e-01 1.307695336953467735e-01
6.693000000000000000e+03 5.957141275119028911e-01 5.013240034109736065e-01 3.092435601760057384e-01 1.674068678773183161e-01 3.244910086561641482e-01 4.030455525307987119e-01 5.563378988603532305e-01 5.570503396298396304e-01 2.625775459066554407e-01 1.899895396051559382e-01
6.694000000000000000e+03 5.532937868231763145e-01 3.350022738587864479e-01 1.981219247015534868e-01 3.359152100857584755e-01 4.014358862785460391e-01 4.463567320196925037e-01 5.328892030175876871e-01 3.155892206856269477e-01 2.903103154110979189e-01 2.969934969752023313e-01
6.695000000000000000e+03 3.564994329401284801e-01 1.834875338188088623e-01 3.749398952707121424e-01 4.002978300463868044e-01 4.286953104028613515e-01 4.125262257630241680e-01 2.954106368522644854e-01 3.304698367361325051e-01 4.341610914216804673e-01 3.720106539851363303e-01
6.696000000000000000e+03 1.894522229479138342e-01 3.882091735184273751e-01 4.359273459775394599e-01 4.179846411423794872e-01 3.868018106331956862e-01 2.247592933754263833e-01 3.002710183261621535e-01 4.718924491494991824e-01 5.317480088024655327e-01 3.242786260087597849e-01
6.697000000000000000e+03 3.753468222806733978e-01 4.337628313091282384e-01 4.314126783532986620e-01 3.562956660346636717e-01 1.944430528928470514e-01 2.139987424189993548e-01 4.016873330460759006e-01 5.432617358839020305e-01 4.355567331566497224e-01 3.761086494821876403e-01
7.094000000000000000e+03 3.656673837955035089e-01 5.834572896816048182e-01 5.030462212237981623e-01 1.208489863143641374e-01 3.312523626129728616e-01 3.768580563317319720e-01 3.904868626735637505e-01 7.307514984812575332e-01 3.942664860832050255e-01 9.733691331642932432e-02
7.102000000000000000e+03 5.102777264531094259e-01 1.831595286042600468e-01 3.648309959175727313e-01 2.914278745797654890e-01 3.044751739410475611e-01 5.837507375506009177e-01 6.397706454710169188e-01 2.589806460032899604e-01 2.010233987906564768e-01 3.150629530161092040e-01
7.103000000000000000e+03 1.661582191444130330e-01 3.441261576400344024e-01 2.932178097298896446e-01 2.726271465539683581e-01 5.147366333224615564e-01 4.515762671722922117e-01 2.148765684647084562e-01 2.041091942445971141e-01 4.144417830582993179e-01 5.891385265146174000e-01
7.105000000000000000e+03 2.473811440243652016e-01 2.436715131392839795e-01 4.820823068952118651e-01 3.612292453304318807e-01 1.230930130682466039e-01 1.173695790353277701e-01 3.512905955224777110e-01 7.998019481366899219e-01 7.272527854150648841e-01 3.500827428821245979e-01
7.106000000000000000e+03 2.744792661994464589e-01 5.509284607465194661e-01 4.179746419412279645e-01 1.273666373519398154e-01 1.168727265149232808e-01 2.849643694971146779e-01 7.569406755361478556e-01 8.240477259910023999e-01 5.324531860104771974e-01 1.001849713707392564e-01
7.107000000000000000e+03 5.723214164938205117e-01 4.425265307861966368e-01 1.400945154907742851e-01 1.104850478265506086e-01 2.669317500573902824e-01 5.741159481500672790e-01 7.416337556450798285e-01 5.781196803128784145e-01 1.385534552752584470e-01 2.648098555629573858e-01
7.108000000000000000e+03 4.969916868155574430e-01 1.264909406099722911e-01 1.362018708306898529e-01 2.804556742204049602e-01 5.785096172251968927e-01 5.988345921121832616e-01 5.595782474100818860e-01 1.835128054659511954e-01 4.099530097272374718e-01 2.483258194042609612e-01
7.109000000000000000e+03 1.345876241089478675e-01 1.054086902273279197e-01 3.102784141728522904e-01 5.734792546561918725e-01 5.713955805591033332e-01 4.289278883945258358e-01 1.736815749631031580e-01 4.533930895600364885e-01 3.581707463503261413e-01 3.654365690787982346e-01
7.110000000000000000e+03 9.747591508455198672e-02 2.934937622543110636e-01 6.006184304791291062e-01 5.377616286899433717e-01 3.858853018128601819e-01 1.249019605830379576e-01 3.909381013110810321e-01 3.733234803424088644e-01 4.992885373384326475e-01 3.158115895075517821e-01
7.111000000000000000e+03 3.012321634673765236e-01 6.559536871467019914e-01 5.830333328186373398e-01 3.738910518385595849e-01 1.121007433603883607e-01 2.950309348392203823e-01 3.364999197146009702e-01 5.376609638235462230e-01 4.478834726683347256e-01 1.939881390321089305e-01
7.113000000000000000e+03 7.481450800115019284e-01 4.928750104892499206e-01 1.410718190192887245e-01 3.059697722091407335e-01 2.743268054430859637e-01 4.158684559527359714e-01 4.999379825210505945e-01 3.547688502675240829e-01 2.576893356569994742e-01 3.151260681154843812e-01
7.114000000000000000e+03 5.869319519623266146e-01 1.442207116231848940e-01 3.831014683094238205e-01 3.069561215895288409e-01 4.437420691054202448e-01 4.310479028987320160e-01 3.741053119845680341e-01 3.388741682246671494e-01 5.180719570232720228e-01 1.952235241624820927e-01
7.115000000000000000e+03 1.929136866964482333e-01 4.675746990614439436e-01 3.871638674735808361e-01 4.947745682605874107e-01 4.628318808472168810e-01 3.295557541885393293e-01 3.615282236527646575e-01 6.440680446197587505e-01 3.294851902926765330e-01 7.695568064270098818e-02
7.116000000000000000e+03 5.186746684078241687e-01 4.343348544688779289e-01 5.721790352259581436e-01 4.804419553107476815e-01 3.294090229427371619e-01 2.944724331975847043e-01 6.154553343902708917e-01 3.904099121080686907e-01 1.196178048687699252e-01 5.565307314435632285e-02
7.223000000000000000e+03 1.703242324312180811e-01 5.357046925243766911e-01 4.087683428384473183e-01 4.673237735885572008e-01 5.367387416939656264e-01 4.650777949470663586e-01 1.856642397666978528e-01 4.099282330576876632e-01 2.221013330535244745e-01 2.068511106157087664e-01
7.224000000000000000e+03 5.329165650430780499e-01 4.116655040815279110e-01 4.920833881005821087e-01 5.080186814176489429e-01 4.222924568040766768e-01 1.351305781875912493e-01 3.565146353542404389e-01 2.373851861377852257e-01 2.787552921435917930e-01 3.153983218565832858e-01
7.243000000000000000e+03 4.680966386653172551e-01 4.743274152308402658e-01 5.925739222096436665e-01 3.277262549468866193e-01 9.478588788952488353e-02 1.233539501105118813e-01 3.351332688693877682e-01 3.730495966226741178e-01 8.145605774799591359e-01 2.622423645095312561e-01
7.244000000000000000e+03 5.515261614774482624e-01 7.231781302026552005e-01 3.993055654012095945e-01 1.069904488183461289e-01 1.324063903791115326e-01 2.872592800047472639e-01 3.817750604528309388e-01 9.608600007571251878e-01 4.220391021072042448e-01 9.329219694112091121e-02
7.245000000000000000e+03 7.909224226426949667e-01 4.466385233291235712e-01 1.288618349056523393e-01 1.367488295862496483e-01 2.854075452883859665e-01 3.084891884922120742e-01 9.051715535720370465e-01 4.891049871245627956e-01 1.428682628420024636e-01 2.784103935087424708e-01
7.330000000000000000e+03 5.968774420779082712e-01 7.626370717207201499e-01 3.511346905249456696e-01 3.539833275466433005e-01 4.183378402402788687e-01 2.692763689285286866e-01 1.651389007467955472e-01 4.714612985110838150e-01 2.418852888625364073e-01 1.998624783392708160e-01
7.339000000000000000e+03 2.561061481178726340e-01 5.217633448024248111e-01 3.212993684566162744e-01 1.036828562383474012e-01 2.817277266957900483e-01 3.197572326021707600e-01 3.346807887977474860e-01 6.105499320308550582e-01 4.043081551732402579e-01 5.464562961953803866e-01
7.340000000000000000e+03 5.235026758709337980e-01 3.126818882954587320e-01 1.078551361432689981e-01 2.644606123810488429e-01 2.899440214464882870e-01 2.465471871112577262e-01 5.343038071216397178e-01 4.276374971713050033e-01 7.653574842086927621e-01 3.401889126863816282e-01
7.341000000000000000e+03 3.401992308960416489e-01 7.727298445018448980e-02 3.013346581268853686e-01 2.933386465514625230e-01 2.397424928487766338e-01 4.203016552828450769e-01 4.036088997206034312e-01 8.501869679905741384e-01 5.067348141434222519e-01 3.120087148314255598e-01
7.826000000000000000e+03 4.903662291528290695e-01 3.946151058878076268e-01 4.405876492785230081e-01 3.344145491556970162e-01 5.082196781743797409e-01 5.013323058802938714e-01 3.918362493299128446e-01 2.589742045241227864e-01 2.662181531743795793e-01 1.186847100456439458e-01
7.827000000000000000e+03 4.097949536190632069e-01 4.693379578015150488e-01 3.659551005073156671e-01 4.987709901510224419e-01 4.733659516697805714e-01 2.986189714691723784e-01 2.382828570317024053e-01 2.974242701195830563e-01 1.652793156795258622e-01 3.864322026757623374e-01
7.828000000000000000e+03 4.771672814463767121e-01 3.709723693681633017e-01 5.358987208426996274e-01 4.559497115553377555e-01 2.740393344829700761e-01 1.785177507278067621e-01 2.661819213473452517e-01 1.855101941824234546e-01 5.446483289929000549e-01 3.905385713782238422e-01
7.829000000000000000e+03 4.165852363814818160e-01 6.245076180349315997e-01 5.304396413316398995e-01 2.863450954792609027e-01 1.799343046749876662e-01 2.207931489583572771e-01 1.907875697557807892e-01 6.300392390099873730e-01 5.996239565744233557e-01 2.061768320512977759e-01
7.932000000000000000e+03 8.643857582311037513e-01 5.266750827958339709e-01 3.737129944177676188e-01 4.444809983972597967e-01 1.878731861631215139e-01 1.708866235566797731e-01 6.373387273749953064e-01 3.187196102849124135e-01 2.602581431918536414e-01 1.485846109906357460e-01
7.946000000000000000e+03 5.974558414129961248e-01 4.627300420398204328e-01 1.919699014124773284e-01 1.152053748064246069e-01 2.802222272520432100e-01 3.819730435133292801e-01 7.790960368585976292e-01 7.903307408308468673e-01 2.376291402498511840e-01 1.273403143380144875e-01
7.947000000000000000e+03 5.204851295426199398e-01 1.930072209060288424e-01 1.421906953341612601e-01 2.951602512239437370e-01 3.864667914620518729e-01 6.299680792615462988e-01 7.599643455393185754e-01 2.941724878943333676e-01 2.001764942958977334e-01 2.560141747934355783e-01
7.948000000000000000e+03 2.176749654629962505e-01 1.234195137327809000e-01 3.406724299713151383e-01 3.970116588387899714e-01 6.230567153551738180e-01 6.020953722052360124e-01 2.865414662289069159e-01 2.445542097428051731e-01 3.870859367336808021e-01 2.738806291100875367e-01
8.077000000000000000e+03 2.930771820594463839e-01 4.722251153566456860e-01 5.853871558559813337e-01 3.894752510971960513e-01 4.223374458222718952e-01 1.204966247660122919e-01 3.466214349166283903e-01 5.594439715179034822e-01 4.378996063007246087e-01 1.614531268416205256e-01
8.078000000000000000e+03 4.801940558577816320e-01 6.316634740285780314e-01 4.182347999955043916e-01 4.060341463841927179e-01 1.062005971429869355e-01 2.590886138128470906e-01 4.962721494819323231e-01 4.686781421198473740e-01 2.213945211677931513e-01 3.264604984986419489e-01
8.082000000000000000e+03 1.847252405979064038e-01 4.120252039645256326e-01 5.550121064597949294e-01 4.400522631553633879e-01 2.638291223838230004e-01 5.123177752567650289e-01 3.575246181767482989e-01 1.012211663575255998e-03 5.958157098790830553e-01 2.713378931451881360e-01
8.167000000000000000e+03 1.940311697888349451e-01 5.257684657925428828e-01 3.184906910333606955e-01 3.536283915623615881e-01 4.254454145945695820e-01 3.160362354298761889e-01 4.633227258277746730e-01 5.298764517213047087e-01 3.585889801096726615e-01 2.400905735778742500e-01
8.168000000000000000e+03 5.346393777353458665e-01 3.144304618286370423e-01 3.794035799989572966e-01 4.088543370312543446e-01 2.903223475831823719e-01 3.456471204180299739e-01 4.700451933364768742e-01 3.860635686363930730e-01 3.341806407908610166e-01 2.738680491996164923e-01
8.170000000000000000e+03 4.706346050598489428e-01 5.421494104741938491e-01 3.509462275086119853e-01 3.577524081891793051e-01 3.785110640282847161e-01 3.047211762389702705e-01 3.833706675172861567e-01 4.874686714967428336e-01 2.274065504724457898e-01 2.616204280221792744e-01
8.171000000000000000e+03 5.669628513935727199e-01 3.645912820697222445e-01 3.942647348175211119e-01 3.726825990892150275e-01 2.877636784200656717e-01 2.944815508687524397e-01 4.448681617804544630e-01 2.590708602969725161e-01 3.765883143417399492e-01 3.571202921327407132e-01
8.172000000000000000e+03 4.121313879721142381e-01 4.483981605398715820e-01 4.373597935808496429e-01 3.022762105782476616e-01 2.976491491679971735e-01 3.637568582557990093e-01 2.610706295561245338e-01 4.471300321976016678e-01 5.514926815889682477e-01 2.446028621436667772e-01
8.175000000000000000e+03 4.345343308040062746e-01 3.997928326749578543e-01 4.373833959469514143e-01 2.234705984410818302e-01 3.491702901907047241e-01 4.860366657322747197e-01 4.246948962232151570e-01 4.216439661966922547e-01 4.556323186644155032e-01 1.486198896197364339e-01
8.181000000000000000e+03 4.706258350527450229e-01 4.058283658186259690e-01 4.511062664331598748e-01 2.120848628258392154e-01 2.480494021637779656e-01 4.196947345005764829e-01 3.732346494859684061e-01 4.855850070149433928e-01 5.399486917555093024e-01 2.080373889014444366e-01
8.184000000000000000e+03 2.861135069536059894e-01 3.171344516094997124e-01 4.927823906125410325e-01 3.072791035650072056e-01 3.689913852364676283e-01 4.670347887349847738e-01 3.591368922622911741e-01 3.767970919149906672e-01 4.892831554623557899e-01 2.182632637229633410e-01
8.185000000000000000e+03 3.404241145476237240e-01 5.466824741788497422e-01 3.455115010197852277e-01 3.699671915756033713e-01 4.513820162292548899e-01 2.817145266888338440e-01 3.530891141113456366e-01 5.462686312790689946e-01 3.203858144509142414e-01 2.053108517097133601e-01
8.186000000000000000e+03 5.682241592472327962e-01 3.554732814678786545e-01 4.053095439648941034e-01 4.429203608577925722e-01 2.639762473347282423e-01 2.698225985513568737e-01 4.945770684777492376e-01 3.549968630157135929e-01 2.919567529589830457e-01 2.999667489333525117e-01
8.187000000000000000e+03 3.256252521190411420e-01 3.799144197924937960e-01 4.399718309311436704e-01 2.284467638109658472e-01 2.249289109819181953e-01 3.401546950992023755e-01 2.878440841554032459e-01 2.862848267093108801e-01 3.835681499430372843e-01 6.730473006998903829e-01
8.188000000000000000e+03 4.094412620106231970e-01 4.849555252848277154e-01 2.595812682704908836e-01 2.258715491891330196e-01 3.298865031160431727e-01 2.285359325874038450e-01 2.729861414323211943e-01 4.356657474536805852e-01 1.000000000000000000e+00 2.122899335967808609e-01
8.343000000000000000e+03 1.872594605628560283e-01 1.961027930355103144e-01 3.106299435306743573e-01 2.243826815759941140e-01 2.183136662821006380e-01 2.953336521533834191e-01 4.359432937981652656e-01 2.661488478602067609e-01 2.683197141818571274e-01 1.000000000000000000e+00
8.444000000000000000e+03 5.099564361862357620e-01 6.179647843694748843e-01 5.643569673986498225e-01 2.234723612678935212e-01 2.670996078302955712e-01 4.100140304144762049e-01 3.646777732706693032e-01 5.768753209677012217e-01 3.617158703070902925e-01 2.076203418297435654e-02
8.445000000000000000e+03 6.359821636233626840e-01 6.131717477287675910e-01 2.424375923250512155e-01 2.570328802690638459e-01 3.830093792159060540e-01 2.756577862656232059e-01 5.169116491076043429e-01 3.942285965890552912e-01 2.112300694080610289e-02 4.183434040268512177e-01
8.446000000000000000e+03 6.519897183305529698e-01 2.392706676260904219e-01 2.891775699037928415e-01 3.835817234665820918e-01 2.647891080144016973e-01 4.022001311141895075e-01 3.682947581179223384e-01 4.416299742467188344e-02 6.162809179800995407e-01 4.061723950477168499e-01
8.448000000000000000e+03 3.374586927810983572e-01 4.927652191049674557e-01 3.124433633082530082e-01 4.062816737406935164e-01 2.911132005807841039e-01 5.178166623977082522e-02 6.558010252699334464e-01 6.918837739547228916e-01 3.200714921339686270e-01 2.802536429151931130e-01
8.449000000000000000e+03 5.300254843694245377e-01 3.286917877790215825e-01 4.588569757426687046e-01 2.935823725290441777e-01 4.845640199895629580e-02 5.128096722021748821e-01 6.430438249067341738e-01 3.680539500001375197e-01 4.157762122124232795e-01 2.144268538156322013e-01
8.450000000000000000e+03 3.891727786530828626e-01 5.501408706994409537e-01 3.594301205904301133e-01 5.754194030261413489e-02 5.338144839925107465e-01 5.377300268858578036e-01 3.773209095209255626e-01 5.088380896143790411e-01 3.473072472865310623e-01 1.279750236419721632e-01
8.557000000000000000e+03 5.047888739664767588e-01 2.710262699814965925e-01 3.374745275771663944e-01 3.436640603695144125e-01 2.849541731306998726e-01 3.169995562369533615e-01 2.221501251716962999e-01 4.441330311341210590e-01 6.105761822678000827e-01 3.801080813602602526e-01
8.558000000000000000e+03 3.089918516462596410e-01 3.752633206778827613e-01 4.029396649485393889e-01 2.984748731639737529e-01 3.193758535327543280e-01 1.865994832341680565e-01 4.330662505133002771e-01 7.043861768596609840e-01 5.851224597618236434e-01 2.156938322608551450e-01
8.561000000000000000e+03 4.376095390527461326e-01 4.408987138821721108e-01 2.340108125827457530e-01 3.697423960077438343e-01 5.452190195505695058e-01 5.215196169009843619e-01 3.873393457597409384e-01 3.795662462774717638e-01 2.246997416516559321e-01 1.539188122374222090e-01
8.563000000000000000e+03 2.963985732160910880e-01 5.182162913587822217e-01 6.866023350334078401e-01 5.688928197051226210e-01 3.335042045638809682e-01 3.192018838326042829e-01 2.920500219818266130e-01 3.097217943492359682e-01 3.168526383288626791e-01 7.868325108327776929e-02
8.565000000000000000e+03 8.425280945099608010e-01 7.306790286211338747e-01 3.797043683873988495e-01 3.116099778607980819e-01 2.240158938972068026e-01 2.335040677134564147e-01 3.435511882049118171e-01 1.463569714884038753e-01 2.357478075695417785e-01 3.783108830014876856e-01
8.566000000000000000e+03 8.663023662081478227e-01 4.650254416976972172e-01 3.942779239761852739e-01 2.554009326142144265e-01 2.558625384615902387e-01 3.053996454149135453e-01 1.736588616800119611e-01 3.179111287908960581e-01 6.258655401113398797e-01 2.227049436357355916e-01
8.567000000000000000e+03 5.278143799476707754e-01 4.539387855298326335e-01 3.063177845840376334e-01 2.722482063042492295e-01 3.121745029859519516e-01 1.511243731173325666e-01 3.201777717183442729e-01 7.306086850617549144e-01 3.501081186425886171e-01 3.909735586506539184e-01
8.568000000000000000e+03 4.639968366865698801e-01 3.021215777003871117e-01 2.935255409725837650e-01 2.996885963320372603e-01 1.360338091355914603e-01 2.407603726617585094e-01 6.494627181983565478e-01 3.796052028247968169e-01 5.539697493606772216e-01 4.424765131455796752e-01
8.569000000000000000e+03 3.259944493513188268e-01 3.037603248104484566e-01 3.382742422513926317e-01 1.351720092936520567e-01 2.321741366425156827e-01 5.060388362749704827e-01 3.569667519599798999e-01 6.176442683426033309e-01 6.551058048000982792e-01 2.967203957590563435e-01
8.570000000000000000e+03 3.294840286792523054e-01 3.605707557707713562e-01 1.558654290634642336e-01 2.337181164407508560e-01 4.927319069091961601e-01 2.823392139133162337e-01 5.754714161605650746e-01 7.291476741893520019e-01 4.403808863025835962e-01 2.076553863909070541e-01
8.720000000000000000e+03 3.894882484073036166e-01 3.533521015316958835e-01 3.231436790583745444e-01 3.860060640576960522e-01 3.278856090979526683e-01 2.481014061294332662e-01 3.230767600323669608e-01 5.036496640903777022e-01 1.786980936940753550e-01 5.757557767906492652e-01
9.259000000000000000e+03 3.563450155345051495e-01 3.157910974750940958e-01 3.168976250648306570e-01 2.748279751894774914e-01 5.491123158773396629e-01 3.358665474694879083e-01 3.863113400025648958e-01 4.671378515077763693e-01 3.657742719762637207e-01 3.041181602782849769e-01
9.260000000000000000e+03 3.448170544219790745e-01 3.367183681128524397e-01 3.139707414371682992e-01 5.587836205815154278e-01 3.282935835042400941e-01 3.068792436069393559e-01 4.410431743026717033e-01 4.200896662034431239e-01 4.543168192552491935e-01 2.090262662860044585e-01
9.261000000000000000e+03 3.180223850816691344e-01 2.873098079637199653e-01 5.709810428434060059e-01 2.959257745116875560e-01 2.652842181841549851e-01 3.108182754819535099e-01 3.516929535193330514e-01 4.578591872256528861e-01 2.693172742996893798e-01 4.952806865953858773e-01
9.262000000000000000e+03 3.068787688698676464e-01 6.393204945433971220e-01 3.311117705869298100e-01 2.636494929774095830e-01 2.978245212291329436e-01 2.744886693257124755e-01 4.243026439239094838e-01 3.085427488208020708e-01 7.278200504582215125e-01 2.367460050290755291e-01
9.263000000000000000e+03 6.713161820567326021e-01 3.425836239046562981e-01 2.925174407892563999e-01 2.936589352984410595e-01 2.600835873561144762e-01 3.270492663092284813e-01 2.864576391563414259e-01 7.918631431262515008e-01 3.420949801658091927e-01 2.536943174096674691e-01
9.264000000000000000e+03 4.122639817692458353e-01 3.408393333052380236e-01 3.654098728677352970e-01 2.889982804037501407e-01 3.479306388552576568e-01 2.524047879658459781e-01 7.951444197171559924e-01 4.326043781188636528e-01 4.162807289571821001e-01 1.698552020876857582e-01
9.272000000000000000e+03 3.962869109274305690e-01 2.090904428006305493e-01 3.725332296196590676e-01 3.436521486114709756e-01 2.102131461555243053e-01 4.055721334560990488e-01 4.080680254449182698e-01 4.058261694961395327e-01 5.007795897448006350e-01 4.146838178293015820e-01
9.354000000000000000e+03 5.463989500975647839e-01 3.520164314087986246e-01 4.224506890846376761e-01 4.737330689158948949e-01 3.032865019447832378e-01 3.777592342051721563e-01 4.733103499901982203e-01 4.835956403641460399e-01 3.481575151067401452e-01 4.606204191092121147e-02
9.551000000000000000e+03 3.564473310154894770e-01 3.240239344946887479e-01 1.612162398504292660e-01 2.248213376821049936e-01 2.442794721981972339e-01 1.000000000000000000e+00 5.635893490807287742e-01 4.326646128135002711e-01 2.721489296421427673e-01 1.195472569994922019e-01
9.552000000000000000e+03 3.642885658034918372e-01 1.509630922750359872e-01 2.651051520816221085e-01 2.545583411232840154e-01 1.000000000000000000e+00 4.544086330198072732e-01 4.200121307730700360e-01 3.282867369461821005e-01 1.850750736955064368e-01 1.440132157353193887e-01
9.553000000000000000e+03 1.620967135544517934e-01 2.640383230902212941e-01 2.838647862161168267e-01 1.000000000000000000e+00 4.351593392850488518e-01 3.252213239928431476e-01 3.057062042296077031e-01 2.171394316535589231e-01 2.072336009587602002e-01 2.744886270279126572e-01
9.631000000000000000e+03 3.336538260551304425e-01 2.736410052309468099e-01 3.307941643799988118e-01 3.830355311514248018e-01 3.005213263582017791e-01 2.698291083477848407e-01 2.476428019176473150e-01 2.765608423444446684e-01 3.275174687637857907e-01 7.487924425527923145e-01
9.635000000000000000e+03 4.237987030591950921e-01 3.360889795892689214e-01 2.353714882033227651e-01 2.199388922490687626e-01 2.898304815165796966e-01 9.188909551321261526e-01 4.569165304583383547e-01 3.846181913660331464e-01 2.953531307039062859e-01 1.370420436928546648e-01
9.636000000000000000e+03 3.686566906162808133e-01 2.375353290971834175e-01 2.538074012465551532e-01 2.957263392828763937e-01 9.045440956638656216e-01 3.633457769888123190e-01 3.675174479638568248e-01 3.458905438663915644e-01 2.056468671814594695e-01 2.343898829172193499e-01
9.637000000000000000e+03 2.518521385319928974e-01 2.492831277092879272e-01 3.283576979652164662e-01 9.020861250303990886e-01 3.462035346039437633e-01 2.843653135799004139e-01 3.205260652590208870e-01 2.381136276526832074e-01 3.392505480362833503e-01 2.842168663786304172e-01
9.638000000000000000e+03 2.656802330891074315e-01 3.416069626549817495e-01 1.000000000000000000e+00 3.440372724285565287e-01 2.712445008802753521e-01 2.497673463498485957e-01 2.249353725049557939e-01 3.818499536067043176e-01 4.143977986058501317e-01 2.080926360830791522e-01
9.641000000000000000e+03 6.236563248554469752e-01 4.611440295041648318e-01 3.791111595408244161e-01 2.501144148032865000e-01 3.743869141871160044e-01 4.610943481392446586e-01 4.603274292477045337e-01 4.311919054674786533e-01 1.833385010455498842e-01 1.757172256040268610e-01
9.642000000000000000e+03 5.333890807118183419e-01 4.432062143033900781e-01 3.059720789091145976e-01 4.037884803355408780e-01 4.775124265582242900e-01 3.866640370989807285e-01 4.348424557464521389e-01 2.426587854755119511e-01 2.839672874741288600e-01 2.021602533559020420e-01
1.017900000000000000e+04 6.362418548108600413e-01 5.623682990852183483e-01 3.611870586918018433e-01 3.775427417391521989e-01 3.299839453881214246e-01 1.972657100524621565e-01 4.655349987552906965e-01 4.250440991458112605e-01 3.754361132253323796e-01 1.497560958284768207e-01
1.018000000000000000e+04 6.967608108050432625e-01 4.577282668579751301e-01 4.896975335948569041e-01 3.846658240940506457e-01 2.266193195098349933e-01 4.207770467592879537e-01 4.639104280801088498e-01 4.981959768181287718e-01 2.701164382206464043e-01 0.000000000000000000e+00
1.018200000000000000e+04 5.174036451787794588e-01 4.186762166145728825e-01 2.248327306421883387e-01 3.672421954498240049e-01 3.133677101750259042e-01 3.245781604991506142e-01 2.579870117744227920e-01 0.000000000000000000e+00 8.268357863461878177e-01 4.211695001864060317e-01
1.018300000000000000e+04 4.585050190866827302e-01 2.254573770045591730e-01 4.209528818293633567e-01 3.208173129701590853e-01 3.197957239691673892e-01 2.094535283083980570e-01 1.486110933005899137e-02 9.254915133347856315e-01 6.344603349965096672e-01 2.800816603020144790e-01
1.018400000000000000e+04 2.394741536473031784e-01 4.527705741695018937e-01 3.562799077140988424e-01 3.163911754025237610e-01 1.979813431274212998e-01 1.621888963489018232e-02 8.417099753894418113e-01 6.942380702756674182e-01 4.067699867517309831e-01 3.325181553318023453e-01
1.018500000000000000e+04 4.227837856437324238e-01 3.276857689751127012e-01 3.135535961790105186e-01 1.689335026290596786e-01 0.000000000000000000e+00 5.871677477325114580e-01 5.725861440484777409e-01 4.018015364063559081e-01 4.308526650417702775e-01 4.872966864924433983e-01
1.018600000000000000e+04 3.642429474567104308e-01 3.389640392734843966e-01 1.989820113744418528e-01 0.000000000000000000e+00 5.829030504674986846e-01 4.576475000751483724e-01 3.875504398601485323e-01 4.983439780162722821e-01 7.390976129556204866e-01 2.064376920402303528e-01
1.018700000000000000e+04 3.488259089877020491e-01 1.761925817447095310e-01 0.000000000000000000e+00 5.690610985231030483e-01 4.285744064201335024e-01 2.930441668468006799e-01 4.478215816140649341e-01 7.896908673850582261e-01 2.902793725462614605e-01 3.360793790518335489e-01
1.030200000000000000e+04 2.420917988441672608e-01 3.162793267575144118e-01 4.207188820016434239e-01 3.495780004876211655e-01 5.507277100534905268e-01 4.350729292033234663e-01 1.983454146221344805e-01 3.196794536352743910e-01 4.398616969044650271e-01 3.066271717735198354e-01
1.030300000000000000e+04 3.152864150483405958e-01 4.296949799346408416e-01 3.703006137252107810e-01 5.254953022662958162e-01 3.976401760433385668e-01 1.461406496531273413e-01 2.813031553281550856e-01 4.642397490797205983e-01 4.238878958963318566e-01 3.325051442380981270e-01
1.030400000000000000e+04 4.336575523932185150e-01 3.734595087513618017e-01 5.616110946985669594e-01 3.795482371366621366e-01 1.291785604300525747e-01 2.089886616333774261e-01 4.100434389622559239e-01 4.511600722189136881e-01 4.641803828834428769e-01 3.543068849330576198e-01
1.072700000000000000e+04 6.848831875269140168e-01 7.272363685848793891e-01 5.512324668530379501e-01 3.096088779061812457e-01 2.786606973855133562e-01 3.013128136894572817e-01 4.414050892510205659e-01 3.463632497015649014e-01 1.726559700445619294e-01 9.009525700971211803e-02
1.081800000000000000e+04 3.731194567046903221e-01 2.960008048995059760e-01 2.997916390002702824e-01 5.066676163791964393e-01 4.044868480742300210e-01 5.054835571145736006e-01 3.852112089927764438e-01 3.926259317748324040e-01 2.199537912508462978e-01 2.457494725798092805e-01
1.081900000000000000e+04 3.082422303303176681e-01 3.005076737489693062e-01 5.548471898989308926e-01 3.964490925732833682e-01 4.780613657019990304e-01 2.941435074995474297e-01 3.578578178971135171e-01 2.492934180468845129e-01 3.510418589546938084e-01 3.172729520361746158e-01
1.082000000000000000e+04 3.034122515258966812e-01 5.936792742028311753e-01 4.245658971713436314e-01 4.593831410596920239e-01 2.690295970890344557e-01 2.666112409748160328e-01 2.231224182869005479e-01 3.772474671022110204e-01 4.439634869024113861e-01 3.420477433838063352e-01
1.082100000000000000e+04 6.396330808449197658e-01 4.688825943444246414e-01 5.201014292134866768e-01 2.723124502962167570e-01 2.596663074515137004e-01 1.799735761397553147e-01 3.579660493816083089e-01 5.035968649846944700e-01 5.099936574763672681e-01 1.846258923971124677e-01
1.082200000000000000e+04 5.427002507493440264e-01 6.261430796191980175e-01 3.324136082341723752e-01 2.819388422459306320e-01 1.895699499441914626e-01 3.042744788780582521e-01 5.046056159671076236e-01 6.124370709642616983e-01 2.983592424913432684e-01 2.083835472292147883e-01
1.124300000000000000e+04 3.502287735750844178e-01 3.308471608658438146e-01 3.107695627924926818e-01 2.798448197062038956e-01 5.306007348153083392e-01 1.976525169502365287e-01 2.043494138464314602e-01 7.838652221251770635e-01 5.688668766234914465e-01 2.259781666751852491e-01
1.124800000000000000e+04 3.267725956272142795e-01 2.475955495817905028e-01 7.772707406566612409e-01 5.688959746748216695e-01 3.566261325832861262e-01 3.157414156630801716e-01 3.395066637390904418e-01 4.536052086802888628e-01 1.667550363270840774e-01 1.205373053169660480e-01
1.124900000000000000e+04 2.734262474559882583e-01 9.093079585391903308e-01 6.459974204876046677e-01 3.635764988276205534e-01 3.096200575505837493e-01 2.716252226650296975e-01 4.301719310198263146e-01 2.057631984476649689e-01 1.803922409466389709e-01 1.830998721511239435e-01
1.125300000000000000e+04 5.494405439059666385e-01 4.331088585772039923e-01 4.871250486530555035e-01 2.189686879150415655e-01 2.274475006123843346e-01 3.174708911106916553e-01 3.333636355957087516e-01 6.273864721431124947e-01 4.475033178035391912e-01 2.203907346330626071e-01
1.125400000000000000e+04 4.775713436368318465e-01 5.558404080572082462e-01 2.556124929798306300e-01 2.345025281056280220e-01 3.150046608980163199e-01 2.701869870080398917e-01 5.958983338983905309e-01 5.163056515134921698e-01 3.348642092633896117e-01 2.805208925840027567e-01
1.162300000000000000e+04 4.978641834889517281e-01 1.098648359156385729e-01 2.931072485653411497e-01 5.166590396811536756e-01 4.615118971607677922e-01 4.795489558756528270e-01 2.400645377025447669e-01 2.015996004224213933e-01 3.097244178230180167e-01 4.115690380720263830e-01
1.162500000000000000e+04 2.855025409569030836e-01 5.917087095585650269e-01 4.742891522968522011e-01 4.250372111059807501e-01 1.606700377918594824e-01 1.354058695927355116e-01 2.972904008140202503e-01 6.130118137117899213e-01 5.714609226031087674e-01 2.735133532081914232e-01
1.162600000000000000e+04 6.135128735341727202e-01 5.093901529726448940e-01 4.644670463740007693e-01 1.536002136265942897e-01 1.236509224216863490e-01 2.271350759246859030e-01 5.527986174813420694e-01 6.181303274128208125e-01 3.903696548699394642e-01 2.755707328452497995e-01
1.162700000000000000e+04 6.145325957297600450e-01 5.795933934892794070e-01 2.043277351935687824e-01 1.458817262796457959e-01 2.499669959716810663e-01 4.810197353371216678e-01 6.395411712010017347e-01 4.993827096171951085e-01 4.618844648787160945e-01 7.440520035815723077e-02
1.162800000000000000e+04 6.432583275244384557e-01 2.061968135730343488e-01 1.756636439074753253e-01 2.613100803129558281e-01 4.827888722076456030e-01 5.156245541741578675e-01 4.835105503078058753e-01 5.387525408820070805e-01 1.170330499684842096e-01 2.857721336122044375e-01
1.162900000000000000e+04 2.177826733227494760e-01 1.532397523102475012e-01 2.892356195588944856e-01 4.778200916207631099e-01 4.913700722953258104e-01 3.712259810116620429e-01 4.919505729472867239e-01 1.429665620671539406e-01 4.130911538974495478e-01 4.469043102286739400e-01
1.163000000000000000e+04 1.361814899583548844e-01 2.572054087722822624e-01 4.848025989775548994e-01 4.472714485491162684e-01 3.218817035198363596e-01 3.454092831669491326e-01 1.166877619235475450e-01 4.143603821491951278e-01 5.948981346518307234e-01 4.414442001635061064e-01
1.163100000000000000e+04 2.513294634390909610e-01 4.991254637502113289e-01 4.695624235037361704e-01 2.998762739496602103e-01 3.103051797211716090e-01 8.417137611156917665e-02 3.592479168711024684e-01 6.170470677789607894e-01 6.091609377687017268e-01 3.042726884285785749e-01
1.163200000000000000e+04 5.284348052904938031e-01 5.142223818659937828e-01 3.347039346923176284e-01 3.082723149660057116e-01 7.778756306682439725e-02 2.795931339780356462e-01 5.668288402667164272e-01 6.700907157014507343e-01 4.444354270401660312e-01 2.052445222155961091e-01
1.163300000000000000e+04 6.046168404771913307e-01 3.949436880840498376e-01 3.817370496524749579e-01 9.116087353551971528e-02 2.976127419690856590e-01 4.815722568294495409e-01 6.752340373170434562e-01 5.485562918951514266e-01 3.381730820116891079e-01 9.128748219651906803e-02
1.170100000000000000e+04 2.873793162099461118e-01 2.118856731839918184e-01 2.043562067443869812e-01 5.395737508420090922e-01 3.624517410147843344e-01 4.793121860763047137e-01 2.951387210752171031e-01 1.604811082683895995e-01 2.429119135453151890e-01 6.366913337855065746e-01
1.170200000000000000e+04 2.210549187395899895e-01 1.855923800705319149e-01 5.909835414480272275e-01 3.547913552946394544e-01 4.531681045038929434e-01 2.262858995918436700e-01 1.511326487366670968e-01 2.736000893946398671e-01 9.213899065089492524e-01 2.689401183202889123e-01
1.170300000000000000e+04 1.892851558605323503e-01 6.427943689975413877e-01 3.835961739281200655e-01 4.391642461333757907e-01 2.076660810074102970e-01 1.150656017750235072e-01 2.475354960361335899e-01 9.768261869667663744e-01 3.789401926585272418e-01 2.686641489507111680e-01
1.170400000000000000e+04 6.692213797251882479e-01 4.022579469564311894e-01 4.818017482673392360e-01 2.012628842329475254e-01 1.049814135418796063e-01 1.906793239319510280e-01 8.795177543227753469e-01 4.175698271303963094e-01 3.851668893658139470e-01 2.111401302714567552e-01
1.188600000000000000e+04 4.016883073438134444e-01 2.300613954135036221e-01 1.497697560549819396e-01 7.297557471387230987e-02 2.779735530229259233e-01 4.034612237134804769e-01 6.477966153861961507e-01 4.143336901583662413e-01 8.271113866706840678e-01 3.583673861375769043e-01
1.188900000000000000e+04 0.000000000000000000e+00 2.261057844102367653e-01 3.351411583070557643e-01 3.791903821808876307e-01 2.169312342053322795e-01 5.105733206630787002e-01 4.169062140970395958e-01 6.299289623761017420e-01 6.823023586786650663e-01 2.681154784886236042e-01
1.189000000000000000e+04 2.122188560741559427e-01 3.150009144185770826e-01 3.884267814040800459e-01 1.932073066102440451e-01 4.535014422645208820e-01 2.962972294338875323e-01 5.332813512734146943e-01 6.911261715428128616e-01 3.545846588075013961e-01 2.916461090199552464e-01
1.189100000000000000e+04 3.567881583769384468e-01 4.395870350185858699e-01 2.304481681696619044e-01 4.740535864337088179e-01 2.985694286864432057e-01 4.326484678893845470e-01 6.637187378962244866e-01 4.214363969636443219e-01 4.497765777617415139e-01 4.613170294799458920e-02
1.189200000000000000e+04 5.111865577352204815e-01 2.522902006704950129e-01 5.700734399927593898e-01 3.241004516588990580e-01 4.497130657979215851e-01 5.527526857247099246e-01 4.269617317409152291e-01 5.454589019586113530e-01 8.210386021243371024e-02 3.461405568508163499e-02
1.229400000000000000e+04 3.819001445429206498e-01 2.722178934921143934e-01 3.085709905525858554e-01 3.096055622062569013e-01 4.609783977571670910e-01 2.988206264740991824e-01 2.741897171923518006e-01 3.755085797634566958e-01 5.762167704497744847e-01 3.925932405035398309e-01
1.229500000000000000e+04 2.853096357797916816e-01 3.128982730518674593e-01 3.410593116097995203e-01 4.545062515763713673e-01 2.817814719697291359e-01 2.115367950880280845e-01 3.443340722892230810e-01 6.274427577540895307e-01 5.677311773415170126e-01 3.104941722930509296e-01
1.229600000000000000e+04 3.290215619074707276e-01 3.535710882330003191e-01 5.014569401703945495e-01 2.768399149410922799e-01 1.988299797365418176e-01 2.655560283836465030e-01 5.712410392868679798e-01 6.204196909570792728e-01 4.491967901896457560e-01 2.483028626749478607e-01
1.230200000000000000e+04 5.472900953307141547e-01 5.156998172667225377e-01 3.809314571472332545e-01 2.790912466279544257e-01 2.988113293519321645e-01 3.807808063432853163e-01 5.115866345056209186e-01 3.745238843453637667e-01 4.153918791920879761e-01 1.409890740264921338e-01
1.230300000000000000e+04 5.839828119165728637e-01 4.372971778130941845e-01 3.340165988246316386e-01 3.177057924797039301e-01 3.888115769514847164e-01 4.213623196683053962e-01 3.739047703659659772e-01 4.961594920061114244e-01 2.241850837998896340e-01 2.017164577246393642e-01
1.230400000000000000e+04 4.823206946606956591e-01 3.645532113969449095e-01 3.677745747398579734e-01 4.010834385135286229e-01 4.182883469785506625e-01 3.020644497760494596e-01 4.747981500579369074e-01 2.722580756421871806e-01 3.067781666165837473e-01 2.992056248961187936e-01
